sample_id	sample_id2	phensim
zero	zero	-11.1533
1	1	-2.14982
2	2	19.3573
3	3	-20.6734
4	4	-15.7177
5	5	-8.4955
6	6	-8.5499
7	7	19.3033
8	8	17.45
9	9	7.94339
10	10	5.34021
11	11	7.23067
12	12	12.247
13	13	23.1156
14	14	-33.5753
15	15	-12.2793
16	16	1.13024
17	17	13.7034
18	18	-9.42041
19	19	-22.1424
20	20	-5.684
21	21	-16.7847
22	22	7.41959
23	23	-0.506532
24	24	7.81749
25	25	-21.3048
26	26	-0.39368
27	27	15.0057
28	28	-22.0472
29	29	-1.15468
30	30	-17.4563
31	31	-14.1758
32	32	-10.3095
33	33	-11.954
34	34	10.3971
35	35	-8.74638
36	36	-7.93541
37	37	30.1894
38	38	-14.532
39	39	14.9458
40	40	-9.54435
41	41	-11.764
42	42	-33.7772
43	43	-17.187
44	44	-6.59466
45	45	21.452
46	46	15.9143
47	47	34.7419
48	48	32.7985
49	49	20.936
50	50	8.70156
51	51	12.996
52	52	24.572
53	53	7.28539
54	54	-26.0987
55	55	-19.2818
56	56	10.4135
57	57	-15.2745
58	58	12.075
59	59	11.7544
60	60	9.96107
61	61	14.721
62	62	-3.98101
63	63	-35.2287
64	64	18.3579
65	65	-31.2637
66	66	31.5165
67	67	9.77625
68	68	-7.2562
69	69	6.7173
70	70	7.62116
71	71	-14.8199
72	72	3.56548
73	73	-13.9578
74	74	-31.0847
75	75	0.456703
76	76	19.3015
77	77	29.6115
78	78	12.2689
79	79	17.5595
80	80	-15.1984
81	81	-12.3257
82	82	0.993266
83	83	-12.922
84	84	40.8215
85	85	0.249244
86	86	-10.8371
87	87	19.581
88	88	9.2003
89	89	11.7107
90	90	17.2264
91	91	18.1047
92	92	-25.4016
93	93	6.1793
94	94	4.63199
95	95	22.053
96	96	0.00190434
97	97	-20.0006
98	98	-18.5645
99	99	20.4247
100	100	3.0242
101	101	-27.4875
102	102	0.576721
103	103	-20.9486
104	104	-25.586
105	105	19.5598
106	106	5.05459
107	107	22.6837
108	108	15.6325
109	109	18.0537
110	110	-12.9116
111	111	4.91705
112	112	-2.45166
113	113	-1.33123
114	114	17.2009
115	115	14.6258
116	116	-8.22611
117	117	-6.53087
118	118	-0.617822
119	119	-6.46218
120	120	52.2688
121	121	-22.4705
122	122	7.86412
123	123	-29.4543
124	124	-1.50829
125	125	-4.12531
126	126	-16.114
127	127	26.1872
128	128	11.4375
129	129	13.4122
130	130	-7.06919
131	131	-5.03729
132	132	-9.46808
133	133	-9.09523
134	134	-20.6588
135	135	-48.7405
136	136	12.1657
137	137	-9.85474
138	138	-7.83716
139	139	31.2881
140	140	23.6412
141	141	5.97442
142	142	9.4944
143	143	-48.1371
144	144	23.0357
145	145	-6.42694
146	146	-9.93526
147	147	7.12047
148	148	-4.14582
149	149	-10.3247
150	150	-2.34921
151	151	-33.746
152	152	-1.53866
153	153	31.2838
154	154	0.422535
155	155	-26.6949
156	156	15.3155
157	157	-19.782
158	158	17.1723
159	159	-12.9277
160	160	9.42182
161	161	22.4674
162	162	-16.3399
163	163	12.2426
164	164	-4.04127
165	165	-6.85561
166	166	11.7116
167	167	-10.0985
168	168	-21.7657
169	169	10.5844
170	170	0.472626
171	171	10.1231
172	172	5.07527
173	173	8.44795
174	174	0.319934
175	175	0.308919
176	176	-1.12183
177	177	1.82072
178	178	20.8831
179	179	5.07431
180	180	-7.68025
181	181	-0.671
182	182	0.0137132
183	183	-25.4426
184	184	2.26193
185	185	24.1576
186	186	-23.3804
187	187	-42.6578
188	188	-2.30944
189	189	17.4576
190	190	-11.7333
191	191	18.3581
192	192	7.59469
193	193	-5.60773
194	194	0.819085
195	195	0.721478
196	196	35.5045
197	197	2.12935
198	198	-7.10472
199	199	-16.347
200	200	0.907053
201	201	18.8439
202	202	-3.80479
203	203	38.173
204	204	-1.30605
205	205	2.57396
206	206	18.4421
207	207	-7.19886
208	208	-6.58119
209	209	-8.85109
210	210	14.866
211	211	-9.41943
212	212	30.0299
213	213	-6.87319
214	214	5.48004
215	215	-16.5716
216	216	-9.1693
217	217	-20.3103
218	218	-6.93884
219	219	13.0437
220	220	2.21331
221	221	-4.35322
222	222	23.0265
223	223	14.8272
224	224	-24.5989
225	225	-5.05074
226	226	6.59545
227	227	-14.5717
228	228	-14.6904
229	229	-2.92068
230	230	1.46601
231	231	23.5656
232	232	23.2365
233	233	-37.7045
234	234	-11.0364
235	235	7.55602
236	236	23.6185
237	237	-13.6367
238	238	-5.39415
239	239	21.7975
240	240	-7.56438
241	241	-12.119
242	242	1.06482
243	243	-3.35243
244	244	-17.0409
245	245	-30.6498
246	246	2.88768
247	247	-22.5227
248	248	-8.09555
249	249	3.77226
250	250	-8.28507
251	251	2.9187
252	252	18.5828
253	253	-13.485
254	254	-4.60662
255	255	30.0888
256	256	0.823153
257	257	8.29726
258	258	-29.2695
259	259	8.52168
260	260	-14.4983
261	261	26.6348
262	262	-3.90069
263	263	-5.40245
264	264	-18.8146
265	265	6.16511
266	266	-2.07429
267	267	21.5059
268	268	-5.06028
269	269	-5.05206
270	270	3.79261
271	271	-1.61694
272	272	-14.8298
273	273	1.13473
274	274	2.77808
275	275	-20.9689
276	276	15.9277
277	277	19.1071
278	278	-12.9881
279	279	35.1704
280	280	4.42734
281	281	11.9098
282	282	0.57033
283	283	-23.473
284	284	11.1827
285	285	-34.6516
286	286	-48.274
287	287	10.5367
288	288	-11.1487
289	289	-16.7953
290	290	11.6654
291	291	-4.79967
292	292	-28.1407
293	293	4.61247
294	294	-14.9821
295	295	-11.4302
296	296	-36.1704
297	297	1.67018
298	298	12.6789
299	299	-2.58003
300	300	0.0997097
301	301	-4.77977
302	302	-23.0423
303	303	-1.51609
304	304	22.3318
305	305	-20.7596
306	306	-10.3253
307	307	1.21941
308	308	-10.6533
309	309	-10.8994
310	310	25.5093
311	311	20.3683
312	312	-12.0101
313	313	6.81923
314	314	-26.852
315	315	-13.3559
316	316	24.0965
317	317	-16.0456
318	318	6.52093
319	319	-26.7784
320	320	27.0434
321	321	0.935386
322	322	-10.737
323	323	-5.84029
324	324	-29.8979
325	325	-10.3095
326	326	18.9227
327	327	7.84306
328	328	-0.172019
329	329	-3.05638
330	330	13.6478
331	331	9.41546
332	332	-7.20838
333	333	4.09427
334	334	2.841
335	335	30.2519
336	336	31.0304
337	337	-3.54484
338	338	-15.0917
339	339	26.9268
340	340	-4.29553
341	341	-0.785913
342	342	-26.4093
343	343	-12.8531
344	344	-10.4868
345	345	20.2652
346	346	11.9688
347	347	-9.96316
348	348	16.087
349	349	-0.263057
350	350	3.26305
351	351	17.8196
352	352	-1.07814
353	353	-2.20765
354	354	1.07548
355	355	8.35616
356	356	-22.7804
357	357	32.3125
358	358	6.15239
359	359	11.0574
360	360	-46.9443
361	361	32.8881
362	362	-22.7176
363	363	1.92151
364	364	12.8772
365	365	24.4742
366	366	-1.12787
367	367	-16.6775
368	368	10.7916
369	369	-13.2615
370	370	-36.1563
371	371	8.19302
372	372	18.2251
373	373	-19.014
374	374	-8.1442
375	375	2.1027
376	376	-15.6779
377	377	-7.48265
378	378	-10.5778
379	379	15.786
380	380	-19.6265
381	381	-13.345
382	382	-8.09073
383	383	29.3838
384	384	2.86073
385	385	-13.9559
386	386	-15.3061
387	387	10.3483
388	388	12.1598
389	389	-2.54512
390	390	-2.70109
391	391	5.55042
392	392	17.9258
393	393	5.57303
394	394	-3.74041
395	395	-6.36916
396	396	-12.5148
397	397	-3.57713
398	398	-7.38725
399	399	4.66856
400	400	-22.3929
401	401	-17.363
402	402	0.369167
403	403	22.348
404	404	-8.85717
405	405	15.7199
406	406	-6.20701
407	407	-13.918
408	408	21.8686
409	409	-6.96971
410	410	-2.57142
411	411	-22.8117
412	412	-17.9539
413	413	23.0079
414	414	-0.358831
415	415	-5.17601
416	416	-8.09236
417	417	21.8364
418	418	27.815
419	419	-23.3256
420	420	6.62081
421	421	-14.9363
422	422	21.0582
423	423	36.4577
424	424	-3.31576
425	425	0.849315
426	426	17.9105
427	427	-25.3395
428	428	25.1324
429	429	-7.16084
430	430	26.3037
431	431	4.26829
432	432	2.04503
433	433	19.1841
434	434	-13.638
435	435	36.9623
436	436	-25.9876
437	437	-25.2435
438	438	21.712
439	439	1.51529
440	440	22.7406
441	441	-17.2578
442	442	23.6746
443	443	4.81947
444	444	30.8625
445	445	2.37085
446	446	-8.00395
447	447	-0.370605
448	448	8.98763
449	449	-2.16833
450	450	21.9225
451	451	4.45645
452	452	5.87639
453	453	0.31435
454	454	6.93683
455	455	-48.446
456	456	25.0229
457	457	34.9431
458	458	0.520954
459	459	-19.6262
460	460	-7.90575
461	461	-13.1881
462	462	1.74069
463	463	3.93796
464	464	-3.78548
465	465	-26.5203
466	466	14.3135
467	467	5.5738
468	468	-1.10944
469	469	-13.7369
470	470	20.9323
471	471	-10.2276
472	472	33.5372
473	473	25.6367
474	474	-4.18149
475	475	-25.321
476	476	-4.94671
477	477	-5.69267
478	478	-24.4619
479	479	3.59412
480	480	0.232541
481	481	-15.9638
482	482	-42.6683
483	483	23.3996
484	484	8.78806
485	485	-35.8003
486	486	3.47452
487	487	3.15098
488	488	0.20807
489	489	-2.57336
490	490	-14.1856
491	491	20.2465
492	492	-6.31369
493	493	20.221
494	494	-14.2665
495	495	2.0704
496	496	-15.7733
497	497	13.9141
498	498	16.457
499	499	-13.4475
500	500	8.72892
501	501	25.0558
502	502	21.2369
503	503	29.0928
504	504	-4.95607
505	505	-10.5859
506	506	-10.9272
507	507	33.6922
508	508	-36.1202
509	509	-5.16833
510	510	4.53789
511	511	-21.1045
512	512	1.82822
513	513	-50.3692
514	514	-8.60518
515	515	9.5669
516	516	0.423823
517	517	7.3503
518	518	25.2137
519	519	30.9941
520	520	8.97194
521	521	-5.60794
522	522	6.29557
523	523	-4.28532
524	524	-23.5607
525	525	23.8755
526	526	4.59943
527	527	4.58186
528	528	18.4032
529	529	8.47686
530	530	-11.0742
531	531	-24.889
532	532	-19.1522
533	533	2.43817
534	534	7.37764
535	535	-4.78941
536	536	-13.534
537	537	-0.0549753
538	538	-4.45234
539	539	-25.5945
540	540	-10.1441
541	541	14.0586
542	542	5.55385
543	543	-8.07304
544	544	6.42932
545	545	-6.30438
546	546	20.2724
547	547	-8.8326
548	548	-1.55918
549	549	-20.7786
550	550	11.3997
551	551	32.0564
552	552	-7.91316
553	553	5.37096
554	554	-0.171825
555	555	-4.385
556	556	29.2897
557	557	4.63772
558	558	5.90638
559	559	3.34298
560	560	-6.07885
561	561	-13.8505
562	562	-1.44077
563	563	-5.36876
564	564	-0.813162
565	565	-12.7929
566	566	-33.7082
567	567	-2.57688
568	568	15.3829
569	569	9.20125
570	570	-23.276
571	571	25.7182
572	572	-8.65289
573	573	26.0412
574	574	1.54391
575	575	-23.6621
576	576	5.1006
577	577	-36.5303
578	578	18.237
579	579	-5.42013
580	580	42.6758
581	581	21.1296
582	582	2.25314
583	583	-7.55294
584	584	-3.16652
585	585	-25.7185
586	586	9.01575
587	587	-11.1834
588	588	25.0114
589	589	-10.8392
590	590	12.1183
591	591	17.081
592	592	10.9008
593	593	4.48701
594	594	9.39076
595	595	12.59
596	596	19.9631
597	597	-20.4812
598	598	-4.78511
599	599	1.81318
600	600	9.72684
601	601	40.2735
602	602	-24.9142
603	603	15.3307
604	604	-23.8432
605	605	-14.7101
606	606	20.554
607	607	14.5389
608	608	37.8655
609	609	1.36238
610	610	-43.6632
611	611	7.96859
612	612	15.0971
613	613	-29.0944
614	614	8.52127
615	615	0.533186
616	616	-44.0809
617	617	-11.2489
618	618	-5.80473
619	619	-19.8561
620	620	-6.62763
621	621	-1.3916
622	622	-21.0673
623	623	13.4509
624	624	4.59398
625	625	-7.77
626	626	-10.4497
627	627	18.7382
628	628	-2.01562
629	629	-19.2379
630	630	24.0138
631	631	3.8441
632	632	8.98885
633	633	32.9861
634	634	40.2815
635	635	-15.19
636	636	-1.01688
637	637	2.42755
638	638	0.801554
639	639	-1.10545
640	640	12.2442
641	641	-26.6413
642	642	-5.97138
643	643	-9.46565
644	644	11.3439
645	645	-3.07413
646	646	-7.45194
647	647	-7.87188
648	648	20.8758
649	649	-18.2668
650	650	10.7797
651	651	31.0402
652	652	8.92112
653	653	7.28759
654	654	-7.61964
655	655	34.0017
656	656	-12.6855
657	657	10.1281
658	658	3.03648
659	659	17.7627
660	660	-8.61701
661	661	22.5793
662	662	10.4631
663	663	24.8336
664	664	-22.3803
665	665	-1.05815
666	666	-13.4334
667	667	-24.2821
668	668	-15.8038
669	669	-39.5007
670	670	2.35328
671	671	-19.0587
672	672	12.278
673	673	-7.8374
674	674	8.96138
675	675	-9.42153
676	676	-29.7273
677	677	-26.0329
678	678	-32.8434
679	679	-13.5441
680	680	6.2762
681	681	-20.4451
682	682	-3.7574
683	683	45.144
684	684	-10.5575
685	685	13.9356
686	686	-6.8149
687	687	14.4886
688	688	18.9515
689	689	15.0284
690	690	-9.86997
691	691	-0.615393
692	692	-5.19038
693	693	-0.338037
694	694	-17.2685
695	695	27.356
696	696	-25.7372
697	697	36.3599
698	698	-5.73487
699	699	9.69016
700	700	20.5891
701	701	7.16434
702	702	-11.2958
703	703	0.345176
704	704	30.1969
705	705	-33.1027
706	706	-2.6398
707	707	2.65726
708	708	2.85807
709	709	-7.11395
710	710	22.0492
711	711	-0.476782
712	712	5.29573
713	713	22.5906
714	714	28.0627
715	715	27.3468
716	716	-0.780005
717	717	-8.77993
718	718	17.0969
719	719	-3.67081
720	720	-13.1935
721	721	4.94001
722	722	-12.9078
723	723	-7.00335
724	724	5.89525
725	725	18.4704
726	726	-2.6749
727	727	-4.49681
728	728	-1.54785
729	729	-24.5815
730	730	3.84463
731	731	-9.84079
732	732	31.4987
733	733	0.333027
734	734	-14.527
735	735	9.71128
736	736	-10.0015
737	737	2.29357
738	738	-34.0811
739	739	2.92348
740	740	-3.10831
741	741	6.28049
742	742	9.29302
743	743	21.2089
744	744	31.2639
745	745	-23.6379
746	746	-4.9122
747	747	2.78396
748	748	-3.41711
749	749	-4.76574
750	750	30.61
751	751	-28.5112
752	752	14.7902
753	753	5.84117
754	754	-3.27885
755	755	-3.17001
756	756	1.98664
757	757	-0.845463
758	758	2.87553
759	759	16.8423
760	760	-36.6867
761	761	-16.2591
762	762	24.9748
763	763	-7.70856
764	764	1.45713
765	765	-14.4065
766	766	5.69942
767	767	7.48655
768	768	-31.9374
769	769	8.63556
770	770	-7.28741
771	771	7.10077
772	772	15.15
773	773	23.8593
774	774	33.8435
775	775	-23.6529
776	776	2.19365
777	777	17.7165
778	778	-2.31488
779	779	22.6691
780	780	6.26652
781	781	30.0855
782	782	13.1861
783	783	17.8473
784	784	-21.0985
785	785	-27.3877
786	786	4.21635
787	787	7.68029
788	788	-9.66631
789	789	-8.9813
790	790	-4.3528
791	791	44.8447
792	792	-7.52181
793	793	-30.8742
794	794	65.0123
795	795	12.2541
796	796	-6.96668
797	797	0.0887258
798	798	4.65589
799	799	-27.2511
800	800	-10.8016
801	801	-22.5387
802	802	23.1158
803	803	25.9227
804	804	-10.7375
805	805	6.54806
806	806	-23.7157
807	807	7.28573
808	808	4.72339
809	809	-20.219
810	810	-7.23645
811	811	-16.4009
812	812	-10.0614
813	813	-2.63153
814	814	-1.27555
815	815	2.78781
816	816	2.32076
817	817	-4.2664
818	818	35.2044
819	819	-16.0509
820	820	-8.33606
821	821	-31.2981
822	822	7.81
823	823	7.44714
824	824	-7.03461
825	825	9.38299
826	826	14.0135
827	827	-5.17199
828	828	17.9864
829	829	26.0908
830	830	10.8584
831	831	-28.3029
832	832	-4.17724
833	833	-0.480665
834	834	5.79905
835	835	19.7843
836	836	-2.29549
837	837	11.2381
838	838	1.20452
839	839	9.91651
840	840	-24.6876
841	841	25.1646
842	842	-6.39982
843	843	14.0879
844	844	42.2448
845	845	-16.7111
846	846	-2.50712
847	847	-18.984
848	848	15.4132
849	849	-11.8301
850	850	-17.5692
851	851	18.8673
852	852	-25.9274
853	853	-8.65152
854	854	-19.7002
855	855	12.2068
856	856	8.81491
857	857	-12.5258
858	858	-1.07306
859	859	-1.08259
860	860	0.791877
861	861	6.51966
862	862	8.93154
863	863	-13.4026
864	864	18.2512
865	865	-12.6801
866	866	20.0977
867	867	-21.5469
868	868	-21.0065
869	869	-3.38443
870	870	13.2187
871	871	53.7249
872	872	-15.3476
873	873	-31.2913
874	874	-15.5131
875	875	-19.6483
876	876	-18.5137
877	877	12.0219
878	878	-14.3854
879	879	7.69428
880	880	3.0118
881	881	20.151
882	882	-2.42838
883	883	-31.1021
884	884	-4.17624
885	885	-26.8929
886	886	-11.4387
887	887	12.552
888	888	-15.1076
889	889	-7.45282
890	890	-12.1048
891	891	22.9663
892	892	-21.4642
893	893	4.43135
894	894	-0.978289
895	895	20.2006
896	896	-28.2154
897	897	17.4027
898	898	-20.4915
899	899	-0.845248
900	900	27.1229
901	901	-0.712738
902	902	17.324
903	903	3.79203
904	904	1.09123
905	905	-8.73586
906	906	9.45535
907	907	2.30159
908	908	34.6398
909	909	-44.669
910	910	-34.3967
911	911	20.9532
912	912	-20.4136
913	913	11.3578
914	914	16.9082
915	915	12.6294
916	916	12.3265
917	917	-12.5986
918	918	-18.6
919	919	-6.59917
920	920	7.67595
921	921	-11.4982
922	922	28.8592
923	923	-23.1302
924	924	1.70121
925	925	-3.23174
926	926	-15.0065
927	927	-6.18358
928	928	-4.83823
929	929	5.07988
930	930	-24.9162
931	931	1.35768
932	932	3.51216
933	933	-17.8416
934	934	-12.2739
935	935	30.3293
936	936	23.6164
937	937	17.4159
938	938	-34.9088
939	939	17.3052
940	940	4.80087
941	941	9.26162
942	942	-8.66889
943	943	-16.6977
944	944	-3.79444
945	945	26.2871
946	946	-6.35068
947	947	-26.7847
948	948	17.7455
949	949	24.4479
950	950	-9.68803
951	951	-14.8897
952	952	47.2333
953	953	30.6556
954	954	14.7408
955	955	-46.4947
956	956	28.386
957	957	-7.18743
958	958	18.419
959	959	-28.6866
960	960	-6.77239
961	961	24.9065
962	962	-25.6325
963	963	20.0444
964	964	0.663755
965	965	-11.1221
966	966	12.7831
967	967	16.3333
968	968	-12.8008
969	969	29.222
970	970	-17.6279
971	971	-4.08949
972	972	9.50871
973	973	-12.6706
974	974	9.28504
975	975	2.72904
976	976	-11.8076
977	977	14.4878
978	978	5.572
979	979	-2.32255
980	980	24.1865
981	981	-3.01498
982	982	-18.8895
983	983	11.8211
984	984	17.7762
985	985	-0.137354
986	986	13.0456
987	987	-7.362
988	988	-3.57031
989	989	6.89494
990	990	17.4544
991	991	-31.6113
992	992	24.2437
993	993	-6.82709
994	994	19.6416
995	995	-3.15853
996	996	-6.73833
997	997	-12.0486
998	998	-11.6324
999	999	12.4307
1000	1000	-17.9156
1001	1001	-33.5188
1002	1002	-15.0302
1003	1003	10.9282
1004	1004	9.84261
1005	1005	-18.5828
1006	1006	-6.37137
1007	1007	15.5534
1008	1008	-14.4873
1009	1009	-8.22267
1010	1010	10.9999
1011	1011	21.0171
1012	1012	-21.3324
1013	1013	18.4329
1014	1014	-2.49438
1015	1015	1.95335
1016	1016	2.33402
1017	1017	19.5135
1018	1018	3.55397
1019	1019	5.83014
1020	1020	5.9373
1021	1021	-0.200981
1022	1022	-1.2593
1023	1023	11.6066
1024	1024	-24.1844
1025	1025	12.2035
1026	1026	10.3516
1027	1027	-10.0926
1028	1028	-25.106
1029	1029	4.4662
1030	1030	8.17023
1031	1031	19.3047
1032	1032	-17.8409
1033	1033	18.2331
1034	1034	11.4888
1035	1035	-26.357
1036	1036	-0.627298
1037	1037	-5.98236
1038	1038	-15.0893
1039	1039	-8.56625
1040	1040	-18.9386
1041	1041	17.6309
1042	1042	10.2856
1043	1043	9.08268
1044	1044	7.54115
1045	1045	0.223154
1046	1046	-5.57592
1047	1047	-26.9537
1048	1048	-8.23377
1049	1049	10.783
1050	1050	48.5816
1051	1051	-1.14198
1052	1052	-8.78536
1053	1053	5.7072
1054	1054	23.0884
1055	1055	-20.3241
1056	1056	17.453
1057	1057	-7.17972
1058	1058	-11.7785
1059	1059	18.8491
1060	1060	-5.57959
1061	1061	-2.00895
1062	1062	31.7213
1063	1063	-6.9676
1064	1064	38.0563
1065	1065	-28.4121
1066	1066	2.83488
1067	1067	-3.45981
1068	1068	-7.0699
1069	1069	27.8449
1070	1070	8.177
1071	1071	-7.12371
1072	1072	-13.9308
1073	1073	19.6715
1074	1074	-22.0529
1075	1075	4.4648
1076	1076	-13.8276
1077	1077	12.7955
1078	1078	-49.1612
1079	1079	-28.5905
1080	1080	22.0603
1081	1081	-21.8061
1082	1082	12.3992
1083	1083	13.1343
1084	1084	15.212
1085	1085	11.7572
1086	1086	-1.77943
1087	1087	11.2248
1088	1088	8.60798
1089	1089	-24.1175
1090	1090	31.847
1091	1091	-29.9661
1092	1092	-21.7809
1093	1093	-10.1016
1094	1094	20.2204
1095	1095	13.5399
1096	1096	27.076
1097	1097	17.2972
1098	1098	-11.2554
1099	1099	14.4529
1100	1100	16.085
1101	1101	0.1456
1102	1102	15.4883
1103	1103	11.4953
1104	1104	-12.3633
1105	1105	-0.978887
1106	1106	-21.0254
1107	1107	7.75499
1108	1108	19.4371
1109	1109	-15.1863
1110	1110	-2.27783
1111	1111	1.77085
1112	1112	-7.84942
1113	1113	-6.03696
1114	1114	23.7272
1115	1115	-14.0086
1116	1116	-11.8001
1117	1117	-0.942996
1118	1118	0.778477
1119	1119	-6.11285
1120	1120	-14.1335
1121	1121	-4.14138
1122	1122	33.068
1123	1123	10.7117
1124	1124	-5.05182
1125	1125	34.9046
1126	1126	39.2301
1127	1127	5.01383
1128	1128	-7.2843
1129	1129	31.3294
1130	1130	-28.6794
1131	1131	30.9823
1132	1132	15.5173
1133	1133	31.3763
1134	1134	6.18422
1135	1135	16.7937
1136	1136	-32.0969
1137	1137	-6.69377
1138	1138	2.77367
1139	1139	-11.611
1140	1140	-26.469
1141	1141	32.8117
1142	1142	12.4505
1143	1143	-21.6097
1144	1144	18.6815
1145	1145	1.64466
1146	1146	0.0853082
1147	1147	1.12346
1148	1148	-11.318
1149	1149	-24.518
1150	1150	-3.39848
1151	1151	-13.7668
1152	1152	3.51211
1153	1153	4.92838
1154	1154	-2.01943
1155	1155	-10.1902
1156	1156	-15.974
1157	1157	6.27582
1158	1158	-24.7452
1159	1159	-18.6382
1160	1160	17.2982
1161	1161	30.5483
1162	1162	37.2286
1163	1163	-11.8936
1164	1164	1.53377
1165	1165	-5.44809
1166	1166	-5.12484
1167	1167	-31.3846
1168	1168	-22.9031
1169	1169	-3.8351
1170	1170	-5.02405
1171	1171	-0.604487
1172	1172	-14.1909
1173	1173	-34.264
1174	1174	-5.31129
1175	1175	-2.07953
1176	1176	2.81838
1177	1177	10.827
1178	1178	-20.6001
1179	1179	-6.48563
1180	1180	7.91555
1181	1181	-21.2872
1182	1182	6.7966
1183	1183	12.6034
1184	1184	-1.52471
1185	1185	-24.7464
1186	1186	35.3138
1187	1187	-4.85221
1188	1188	-30.6314
1189	1189	-2.51101
1190	1190	15.4087
1191	1191	-9.65085
1192	1192	-19.8975
1193	1193	-8.80977
1194	1194	1.46594
1195	1195	-8.06249
1196	1196	-42.5963
1197	1197	-2.43307
1198	1198	-31.6981
1199	1199	-38.1222
1200	1200	-10.0295
1201	1201	-18.3386
1202	1202	-26.3219
1203	1203	-14.0488
1204	1204	-28.8311
1205	1205	-0.978349
1206	1206	15.7903
1207	1207	15.8887
1208	1208	8.13391
1209	1209	2.73585
1210	1210	5.44564
1211	1211	-9.93068
1212	1212	-2.87729
1213	1213	-10.9927
1214	1214	-26.7406
1215	1215	4.00252
1216	1216	11.1742
1217	1217	-9.4234
1218	1218	-17.3656
1219	1219	-0.969803
1220	1220	-22.9667
1221	1221	-7.18744
1222	1222	-25.9179
1223	1223	-8.39285
1224	1224	5.3521
1225	1225	7.25822
1226	1226	14.0676
1227	1227	-9.40635
1228	1228	4.09454
1229	1229	16.9986
1230	1230	-2.71712
1231	1231	-0.102063
1232	1232	-30.6247
1233	1233	27.5489
1234	1234	-3.49314
1235	1235	-24.4554
1236	1236	-1.49555
1237	1237	26.3199
1238	1238	7.93382
1239	1239	-5.82825
1240	1240	-16.2778
1241	1241	-5.70549
1242	1242	4.36573
1243	1243	-11.0453
1244	1244	-18.8614
1245	1245	9.76886
1246	1246	29.3875
1247	1247	21.0909
1248	1248	-5.34112
1249	1249	-9.32617
1250	1250	8.64585
1251	1251	-9.15471
1252	1252	-15.8323
1253	1253	-20.6367
1254	1254	-4.84473
1255	1255	2.44683
1256	1256	-3.63988
1257	1257	9.60556
1258	1258	34.8917
1259	1259	9.5211
1260	1260	3.72733
1261	1261	-32.5885
1262	1262	1.40036
1263	1263	1.12223
1264	1264	-12.6231
1265	1265	-18.0209
1266	1266	-20.6339
1267	1267	30.2194
1268	1268	6.82661
1269	1269	-7.09981
1270	1270	-41.6626
1271	1271	-3.32502
1272	1272	14.7138
1273	1273	-37.7822
1274	1274	-8.39721
1275	1275	-16.3187
1276	1276	22.8649
1277	1277	-12.8429
1278	1278	0.361094
1279	1279	21.1125
1280	1280	5.00184
1281	1281	-13.6476
1282	1282	-14.671
1283	1283	16.5954
1284	1284	-21.8808
1285	1285	13.7901
1286	1286	0.687653
1287	1287	18.6774
1288	1288	21.5021
1289	1289	-9.22833
1290	1290	-7.13823
1291	1291	21.2511
1292	1292	16.4194
1293	1293	-8.05013
1294	1294	-7.52917
1295	1295	0.806251
1296	1296	22.742
1297	1297	-2.67096
1298	1298	-6.35406
1299	1299	-26.3998
1300	1300	-6.80497
1301	1301	-13.8377
1302	1302	7.154
1303	1303	2.8861
1304	1304	38.8267
1305	1305	-5.30647
1306	1306	-7.4888
1307	1307	45.3534
1308	1308	42.793
1309	1309	5.69973
1310	1310	-16.4898
1311	1311	31.8374
1312	1312	35.6488
1313	1313	-39.583
1314	1314	-1.51224
1315	1315	-8.72334
1316	1316	-8.57146
1317	1317	6.65094
1318	1318	-17.8261
1319	1319	9.26057
1320	1320	4.8899
1321	1321	30.9605
1322	1322	9.88833
1323	1323	21.7097
1324	1324	-43.6947
1325	1325	27.1508
1326	1326	-15.5722
1327	1327	-7.92867
1328	1328	-2.93453
1329	1329	9.89712
1330	1330	-11.4122
1331	1331	4.65034
1332	1332	-4.6305
1333	1333	8.60561
1334	1334	25.0149
1335	1335	-11.3527
1336	1336	-5.39807
1337	1337	-14.3468
1338	1338	37.6436
1339	1339	-11.6016
1340	1340	15.5812
1341	1341	6.46418
1342	1342	-1.24758
1343	1343	-17.1574
1344	1344	-6.34588
1345	1345	19.3103
1346	1346	0.286623
1347	1347	19.0627
1348	1348	2.91692
1349	1349	-3.66354
1350	1350	16.4449
1351	1351	12.4032
1352	1352	-10.8377
1353	1353	-23.8468
1354	1354	-13.0051
1355	1355	25.3757
1356	1356	-16.157
1357	1357	44.0284
1358	1358	24.2715
1359	1359	-21.5639
1360	1360	19.9613
1361	1361	13.302
1362	1362	14.1216
1363	1363	-4.5873
1364	1364	-22.7388
1365	1365	22.738
1366	1366	23.0531
1367	1367	8.86917
1368	1368	-18.6287
1369	1369	-19.7519
1370	1370	-47.1997
1371	1371	15.3824
1372	1372	10.0267
1373	1373	-13.8201
1374	1374	36.832
1375	1375	-0.1177
1376	1376	0.882864
1377	1377	-16.6628
1378	1378	0.478166
1379	1379	-9.4406
1380	1380	-10.8048
1381	1381	26.7288
1382	1382	-26.6076
1383	1383	-4.88481
1384	1384	-7.93712
1385	1385	8.47189
1386	1386	0.524829
1387	1387	1.28791
1388	1388	-23.6424
1389	1389	-18.1165
1390	1390	6.79395
1391	1391	21.1277
1392	1392	28.2869
1393	1393	11.6383
1394	1394	3.5163
1395	1395	11.9617
1396	1396	-18.4861
1397	1397	-15.7313
1398	1398	21.3451
1399	1399	22.8189
1400	1400	0.7009
1401	1401	11.9666
1402	1402	1.14719
1403	1403	-8.08721
1404	1404	0.803931
1405	1405	15.3678
1406	1406	3.44474
1407	1407	14.2226
1408	1408	-10.7738
1409	1409	-4.26387
1410	1410	-14.9392
1411	1411	48.5949
1412	1412	18.731
1413	1413	-3.62751
1414	1414	7.04535
1415	1415	-23.9588
1416	1416	-29.8142
1417	1417	-13.056
1418	1418	-25.5288
1419	1419	19.49
1420	1420	4.3467
1421	1421	-6.993
1422	1422	-4.54183
1423	1423	7.60616
1424	1424	16.1298
1425	1425	45.297
1426	1426	-12.0202
1427	1427	-35.7614
1428	1428	-5.32188
1429	1429	-22.5011
1430	1430	19.2834
1431	1431	-9.7555
1432	1432	-5.82525
1433	1433	-32.5427
1434	1434	3.72056
1435	1435	5.87407
1436	1436	5.44869
1437	1437	0.545861
1438	1438	-41.383
1439	1439	-2.64187
1440	1440	-8.12567
1441	1441	-1.21033
1442	1442	-11.1892
1443	1443	-1.52818
1444	1444	-10.7598
1445	1445	33.8677
1446	1446	-5.9644
1447	1447	36.6466
1448	1448	-2.80381
1449	1449	-0.944546
1450	1450	-14.6791
1451	1451	-3.44478
1452	1452	5.83472
1453	1453	-7.67417
1454	1454	16.0518
1455	1455	2.95748
1456	1456	-6.19135
1457	1457	27.7623
1458	1458	-18.5459
1459	1459	-17.4811
1460	1460	28.7283
1461	1461	-0.0352094
1462	1462	-15.4734
1463	1463	36.5221
1464	1464	25.1422
1465	1465	5.25778
1466	1466	3.47076
1467	1467	-13.6447
1468	1468	11.5223
1469	1469	-6.42803
1470	1470	24.7262
1471	1471	-10.0051
1472	1472	35.7121
1473	1473	10.6003
1474	1474	15.416
1475	1475	2.03164
1476	1476	-42.934
1477	1477	-9.50055
1478	1478	-0.916461
1479	1479	-4.31117
1480	1480	-14.1991
1481	1481	10.5558
1482	1482	-9.58225
1483	1483	-15.3636
1484	1484	-15.2553
1485	1485	-1.34736
1486	1486	-24.6291
1487	1487	-14.4764
1488	1488	30.3551
1489	1489	-5.71371
1490	1490	1.92472
1491	1491	-3.66149
1492	1492	-22.158
1493	1493	27.1975
1494	1494	38.5392
1495	1495	14.0092
1496	1496	42.9752
1497	1497	19.7312
1498	1498	-8.87144
1499	1499	-12.2313
1500	1500	40.5772
1501	1501	3.89322
1502	1502	-36.9998
1503	1503	4.19447
1504	1504	-20.0953
1505	1505	8.68208
1506	1506	7.54044
1507	1507	-3.84532
1508	1508	5.41173
1509	1509	32.8309
1510	1510	11.9455
1511	1511	-12.3243
1512	1512	-5.13174
1513	1513	19.1214
1514	1514	-15.4547
1515	1515	7.17306
1516	1516	19.2257
1517	1517	-5.94297
1518	1518	-38.6437
1519	1519	-14.422
1520	1520	-46.1405
1521	1521	17.1654
1522	1522	18.3795
1523	1523	-8.51378
1524	1524	28.5522
1525	1525	-7.97201
1526	1526	-10.0269
1527	1527	8.7908
1528	1528	15.1364
1529	1529	-11.9303
1530	1530	-24.1261
1531	1531	0.654781
1532	1532	31.708
1533	1533	-39.1444
1534	1534	-15.2995
1535	1535	15.8064
1536	1536	-7.92639
1537	1537	20.0105
1538	1538	21.2459
1539	1539	27.2988
1540	1540	-28.1805
1541	1541	-22.3794
1542	1542	-20.0692
1543	1543	-45.1713
1544	1544	15.7529
1545	1545	-19.7452
1546	1546	2.64399
1547	1547	17.7337
1548	1548	-13.1977
1549	1549	-10.8512
1550	1550	4.79436
1551	1551	20.8056
1552	1552	2.28882
1553	1553	-7.4667
1554	1554	-5.61663
1555	1555	14.7728
1556	1556	14.4756
1557	1557	-7.62986
1558	1558	0.348433
1559	1559	5.75126
1560	1560	-1.69846
1561	1561	-19.5573
1562	1562	-33.6655
1563	1563	-15.6107
1564	1564	31.5427
1565	1565	0.824695
1566	1566	-21.3279
1567	1567	-1.61194
1568	1568	19.3987
1569	1569	-15.1137
1570	1570	-28.4462
1571	1571	10.81
1572	1572	-24.9056
1573	1573	9.47282
1574	1574	12.9692
1575	1575	5.25268
1576	1576	16.2591
1577	1577	-25.1123
1578	1578	1.21454
1579	1579	8.86567
1580	1580	4.85952
1581	1581	-1.08718
1582	1582	-28.1077
1583	1583	-18.7291
1584	1584	7.00129
1585	1585	-13.7708
1586	1586	-15.9022
1587	1587	-0.370916
1588	1588	34.6374
1589	1589	-1.5472
1590	1590	7.18448
1591	1591	-8.3433
1592	1592	18.7459
1593	1593	25.9286
1594	1594	-21.0812
1595	1595	-2.00024
1596	1596	-7.76084
1597	1597	4.84272
1598	1598	23.9691
1599	1599	19.5225
1600	1600	12.9697
1601	1601	10.4644
1602	1602	7.95515
1603	1603	28.9031
1604	1604	-21.3565
1605	1605	-4.42323
1606	1606	-13.3284
1607	1607	-25.5185
1608	1608	34.5053
1609	1609	-1.27014
1610	1610	35.2129
1611	1611	-3.91606
1612	1612	-22.8235
1613	1613	-18.0773
1614	1614	-4.4707
1615	1615	-19.3441
1616	1616	-25.1318
1617	1617	-27.3108
1618	1618	17.1171
1619	1619	24.86
1620	1620	-21.4996
1621	1621	-3.79557
1622	1622	30.5681
1623	1623	-11.8578
1624	1624	-8.72846
1625	1625	-20.4168
1626	1626	5.34365
1627	1627	-12.8995
1628	1628	12.327
1629	1629	-3.56235
1630	1630	4.31345
1631	1631	8.21594
1632	1632	25.5803
1633	1633	2.87079
1634	1634	-10.9595
1635	1635	-15.1225
1636	1636	-2.59103
1637	1637	5.38977
1638	1638	-9.93498
1639	1639	-23.4222
1640	1640	-15.3073
1641	1641	20.4644
1642	1642	36.1782
1643	1643	7.99214
1644	1644	7.65796
1645	1645	4.28731
1646	1646	29.508
1647	1647	-9.66194
1648	1648	0.509599
1649	1649	2.95482
1650	1650	5.62935
1651	1651	3.97495
1652	1652	8.38563
1653	1653	3.34381
1654	1654	-32.6947
1655	1655	-24.383
1656	1656	-7.66566
1657	1657	-34.5122
1658	1658	-1.36982
1659	1659	-16.7232
1660	1660	-9.55912
1661	1661	16.6513
1662	1662	-16.8118
1663	1663	17.9394
1664	1664	-23.2463
1665	1665	28.889
1666	1666	-21.7088
1667	1667	17.9469
1668	1668	4.85722
1669	1669	11.2886
1670	1670	13.4695
1671	1671	-12.2975
1672	1672	3.23308
1673	1673	25.0413
1674	1674	-27.5733
1675	1675	-17.2202
1676	1676	3.44423
1677	1677	-15.5748
1678	1678	19.9899
1679	1679	-24.0082
1680	1680	-7.04796
1681	1681	19.1291
1682	1682	-11.0341
1683	1683	-10.2495
1684	1684	17.3441
1685	1685	24.7754
1686	1686	15.359
1687	1687	-6.4014
1688	1688	8.28238
1689	1689	35.2421
1690	1690	-6.53726
1691	1691	-3.96958
1692	1692	21.5795
1693	1693	27.0672
1694	1694	-2.66147
1695	1695	-9.38427
1696	1696	0.996182
1697	1697	10.3567
1698	1698	-17.2539
1699	1699	28.7643
1700	1700	12.7906
1701	1701	21.6719
1702	1702	2.38262
1703	1703	6.61111
1704	1704	20.4132
1705	1705	3.12867
1706	1706	15.2632
1707	1707	-17.5586
1708	1708	-13.7238
1709	1709	24.3212
1710	1710	15.0108
1711	1711	0.0441752
1712	1712	-9.87229
1713	1713	31.4473
1714	1714	-12.5171
1715	1715	-13.6129
1716	1716	-9.57941
1717	1717	8.83889
1718	1718	12.983
1719	1719	-6.11846
1720	1720	20.7871
1721	1721	-20.1329
1722	1722	-10.4397
1723	1723	24.6118
1724	1724	23.0596
1725	1725	-29.1474
1726	1726	-11.4681
1727	1727	-14.9636
1728	1728	39.2046
1729	1729	17.5145
1730	1730	-6.74949
1731	1731	-12.9959
1732	1732	11.8547
1733	1733	24.5868
1734	1734	24.6283
1735	1735	-21.1354
1736	1736	-15.3903
1737	1737	0.85118
1738	1738	0.682698
1739	1739	-12.7692
1740	1740	13.846
1741	1741	-18.8157
1742	1742	6.89662
1743	1743	-11.4199
1744	1744	31.2045
1745	1745	32.3533
1746	1746	-9.10186
1747	1747	-32.9976
1748	1748	-1.33612
1749	1749	-5.76872
1750	1750	-10.6455
1751	1751	27.6597
1752	1752	-19.9399
1753	1753	-3.44295
1754	1754	-6.01833
1755	1755	14.3971
1756	1756	0.395176
1757	1757	0.940791
1758	1758	8.84311
1759	1759	0.265957
1760	1760	1.26866
1761	1761	-3.88387
1762	1762	6.64864
1763	1763	-14.4703
1764	1764	16.1434
1765	1765	2.34459
1766	1766	19.144
1767	1767	-10.4353
1768	1768	29.4642
1769	1769	11.3158
1770	1770	-27.5489
1771	1771	-28.7955
1772	1772	12.9663
1773	1773	-26.0996
1774	1774	-10.7498
1775	1775	-4.23343
1776	1776	-7.92279
1777	1777	1.9756
1778	1778	-3.35587
1779	1779	-14.2096
1780	1780	-4.26544
1781	1781	-19.3633
1782	1782	10.9487
1783	1783	9.63676
1784	1784	3.88896
1785	1785	-17.3277
1786	1786	-3.82323
1787	1787	-13.8097
1788	1788	4.37933
1789	1789	5.81934
1790	1790	2.97021
1791	1791	11.3982
1792	1792	-33.2208
1793	1793	23.237
1794	1794	2.95004
1795	1795	-8.60193
1796	1796	20.0723
1797	1797	7.76611
1798	1798	10.9027
1799	1799	-31.9796
1800	1800	-8.23883
1801	1801	5.87415
1802	1802	-7.05621
1803	1803	10.1685
1804	1804	-1.81414
1805	1805	1.66987
1806	1806	2.26978
1807	1807	6.34799
1808	1808	-7.06888
1809	1809	-26.1688
1810	1810	-21.1137
1811	1811	-2.38161
1812	1812	-14.3727
1813	1813	-0.215716
1814	1814	-5.50457
1815	1815	3.16228
1816	1816	-4.46731
1817	1817	-0.860301
1818	1818	2.70194
1819	1819	-20.4261
1820	1820	-2.61246
1821	1821	8.76304
1822	1822	-20.5244
1823	1823	8.74533
1824	1824	2.92571
1825	1825	-26.7283
1826	1826	-59.1751
1827	1827	-17.9593
1828	1828	-15.7512
1829	1829	-1.27521
1830	1830	44.33
1831	1831	19.2084
1832	1832	28.4364
1833	1833	-12.4733
1834	1834	11.1342
1835	1835	12.17
1836	1836	14.5655
1837	1837	-3.07835
1838	1838	44.7851
1839	1839	-2.7683
1840	1840	-5.63943
1841	1841	-40.9905
1842	1842	4.50915
1843	1843	-4.20636
1844	1844	-9.14103
1845	1845	-29.4782
1846	1846	4.14886
1847	1847	-25.3674
1848	1848	-13.6805
1849	1849	-5.86056
1850	1850	-10.8171
1851	1851	-0.216365
1852	1852	-13.4978
1853	1853	-4.58959
1854	1854	6.33897
1855	1855	-22.1792
1856	1856	-7.76943
1857	1857	13.7683
1858	1858	-6.19321
1859	1859	31.962
1860	1860	5.75753
1861	1861	-2.63821
1862	1862	0.938668
1863	1863	-15.1469
1864	1864	7.63892
1865	1865	-15.9201
1866	1866	9.15807
1867	1867	2.82548
1868	1868	10.5878
1869	1869	1.0033
1870	1870	15.4063
1871	1871	-8.49784
1872	1872	-41.508
1873	1873	4.0668
1874	1874	-15.5007
1875	1875	-3.57762
1876	1876	-2.13559
1877	1877	-8.48036
1878	1878	-17.8224
1879	1879	-4.92467
1880	1880	-1.39981
1881	1881	5.35517
1882	1882	9.17866
1883	1883	-27.5207
1884	1884	-28.6055
1885	1885	-22.475
1886	1886	-11.1766
1887	1887	-14.5585
1888	1888	-1.28579
1889	1889	20.9804
1890	1890	-7.96915
1891	1891	37.0379
1892	1892	9.55082
1893	1893	-6.13571
1894	1894	-2.04465
1895	1895	12.7033
1896	1896	1.20628
1897	1897	-13.1116
1898	1898	-27.211
1899	1899	-27.4486
1900	1900	-14.5171
1901	1901	-23.7756
1902	1902	1.85088
1903	1903	9.45068
1904	1904	-17.587
1905	1905	23.8589
1906	1906	10.0438
1907	1907	-11.0064
1908	1908	11.7762
1909	1909	27.1131
1910	1910	5.59492
1911	1911	10.9995
1912	1912	-6.09122
1913	1913	-18.6509
1914	1914	-14.9337
1915	1915	-9.0692
1916	1916	-12.8563
1917	1917	-2.16953
1918	1918	-3.22473
1919	1919	-2.8826
1920	1920	9.68774
1921	1921	0.393944
1922	1922	23.0219
1923	1923	-22.3311
1924	1924	6.34147
1925	1925	0.637558
1926	1926	-34.6175
1927	1927	20.6058
1928	1928	23.0283
1929	1929	32.7665
1930	1930	13.052
1931	1931	1.86809
1932	1932	21.7916
1933	1933	-10.9567
1934	1934	-11.6961
1935	1935	5.21596
1936	1936	-0.534702
1937	1937	2.33233
1938	1938	28.404
1939	1939	-0.824263
1940	1940	-32.0705
1941	1941	22.7392
1942	1942	17.7704
1943	1943	-4.96776
1944	1944	-10.1031
1945	1945	7.46977
1946	1946	-7.37127
1947	1947	-21.4646
1948	1948	24.3348
1949	1949	-5.92863
1950	1950	21.7884
1951	1951	9.36477
1952	1952	-0.77272
1953	1953	39.2015
1954	1954	-7.76852
1955	1955	-10.2576
1956	1956	-23.4707
1957	1957	-4.42753
1958	1958	-12.0635
1959	1959	25.0372
1960	1960	-31.2602
1961	1961	7.79148
1962	1962	1.78968
1963	1963	2.81321
1964	1964	2.62733
1965	1965	-3.20591
1966	1966	12.7718
1967	1967	4.39347
1968	1968	7.39005
1969	1969	11.9665
1970	1970	-17.4639
1971	1971	25.1866
1972	1972	-36.7828
1973	1973	26.0628
1974	1974	-12.2409
1975	1975	-3.38808
1976	1976	-0.103847
1977	1977	-15.9287
1978	1978	-0.958266
1979	1979	-0.407993
1980	1980	-22.8317
1981	1981	-6.0151
1982	1982	24.8222
1983	1983	-7.7843
1984	1984	4.06666
1985	1985	-12.8752
1986	1986	-22.1008
1987	1987	-27.1893
1988	1988	0.739142
1989	1989	9.58922
1990	1990	4.40704
1991	1991	-13.843
1992	1992	19.7231
1993	1993	25.1192
1994	1994	-41.3269
1995	1995	-8.21694
1996	1996	0.420296
1997	1997	-20.6706
1998	1998	26.2799
1999	1999	0.306551
2000	2000	26.1458
2001	2001	-3.10402
2002	2002	-10.5844
2003	2003	2.33622
2004	2004	10.6957
2005	2005	0.325582
2006	2006	-18.1443
2007	2007	-7.36094
2008	2008	12.904
2009	2009	7.99024
2010	2010	-5.71921
2011	2011	3.61954
2012	2012	-7.88252
2013	2013	-12.5343
2014	2014	20.9801
2015	2015	2.25594
2016	2016	6.63246
2017	2017	11.0425
2018	2018	-11.5842
2019	2019	16.1235
2020	2020	-7.88586
2021	2021	11.1472
2022	2022	-16.1703
2023	2023	-15.9802
2024	2024	6.55822
2025	2025	-6.13401
2026	2026	1.52109
2027	2027	-8.11343
2028	2028	-8.06977
2029	2029	17.4055
2030	2030	1.5243
2031	2031	-28.1297
2032	2032	3.28552
2033	2033	-6.15758
2034	2034	-6.35247
2035	2035	6.35196
2036	2036	-19.0045
2037	2037	1.23883
2038	2038	-3.99671
2039	2039	2.0319
2040	2040	-5.4871
2041	2041	-21.0675
2042	2042	6.86239
2043	2043	14.6796
2044	2044	-0.738273
2045	2045	15.3066
2046	2046	-4.35542
2047	2047	24.701
2048	2048	33.2937
2049	2049	-18.473
2050	2050	42.6871
2051	2051	16.9593
2052	2052	-11.3543
2053	2053	-7.32414
2054	2054	-9.2025
2055	2055	-9.48466
2056	2056	-35.3286
2057	2057	7.28346
2058	2058	-18.6716
2059	2059	20.3379
2060	2060	-4.46247
2061	2061	2.25334
2062	2062	3.51563
2063	2063	-12.481
2064	2064	12.6295
2065	2065	-7.73511
2066	2066	15.4288
2067	2067	-15.1677
2068	2068	-23.8755
2069	2069	25.6223
2070	2070	12.56
2071	2071	6.08381
2072	2072	-7.54551
2073	2073	24.4234
2074	2074	-9.66976
2075	2075	-18.0916
2076	2076	21.9961
2077	2077	-3.33864
2078	2078	-3.00669
2079	2079	19.2924
2080	2080	14.9024
2081	2081	5.71542
2082	2082	46.2689
2083	2083	1.39084
2084	2084	-6.74975
2085	2085	-20.4707
2086	2086	10.6053
2087	2087	41.0296
2088	2088	-2.86861
2089	2089	43.7192
2090	2090	-15.4049
2091	2091	36.3343
2092	2092	0.484489
2093	2093	-0.935715
2094	2094	-6.855
2095	2095	0.585951
2096	2096	-4.18775
2097	2097	20.9937
2098	2098	11.1436
2099	2099	-8.63228
2100	2100	44.2757
2101	2101	-20.8272
2102	2102	-1.09204
2103	2103	7.90653
2104	2104	16.1037
2105	2105	26.3688
2106	2106	3.98694
2107	2107	-15.907
2108	2108	4.01977
2109	2109	6.46136
2110	2110	-9.35626
2111	2111	-4.3896
2112	2112	2.12997
2113	2113	-4.03219
2114	2114	-21.4171
2115	2115	-1.23236
2116	2116	-20.9614
2117	2117	6.79504
2118	2118	-5.92081
2119	2119	27.3825
2120	2120	31.0281
2121	2121	-11.1823
2122	2122	-17.2909
2123	2123	6.33303
2124	2124	-27.2192
2125	2125	14.0203
2126	2126	4.77436
2127	2127	-20.5657
2128	2128	-27.7924
2129	2129	31.5745
2130	2130	32.9645
2131	2131	-21.04
2132	2132	-6.37919
2133	2133	26.2299
2134	2134	-14.4367
2135	2135	-17.2087
2136	2136	4.9495
2137	2137	-27.3452
2138	2138	10.9671
2139	2139	-10.0853
2140	2140	16.308
2141	2141	29.9564
2142	2142	4.53468
2143	2143	-43.3647
2144	2144	8.98174
2145	2145	35.932
2146	2146	-20.166
2147	2147	0.79555
2148	2148	-11.3956
2149	2149	14.6901
2150	2150	-27.2077
2151	2151	12.1553
2152	2152	10.7396
2153	2153	-34.5262
2154	2154	14.5504
2155	2155	5.31222
2156	2156	-3.05623
2157	2157	-17.4304
2158	2158	-12.2824
2159	2159	-27.5968
2160	2160	6.85952
2161	2161	31.2504
2162	2162	13.9168
2163	2163	13.7684
2164	2164	-10.5823
2165	2165	2.92517
2166	2166	-15.8802
2167	2167	19.6796
2168	2168	-28.5307
2169	2169	11.1337
2170	2170	44.5536
2171	2171	-20.5122
2172	2172	-16.3606
2173	2173	0.0218149
2174	2174	18.9892
2175	2175	-2.6567
2176	2176	10.0638
2177	2177	6.5747
2178	2178	10.7026
2179	2179	-3.6825
2180	2180	-20.8552
2181	2181	-25.4944
2182	2182	0.550312
2183	2183	1.02707
2184	2184	-1.02119
2185	2185	3.46656
2186	2186	-3.25748
2187	2187	-19.4721
2188	2188	13.0565
2189	2189	-16.1004
2190	2190	-19.1158
2191	2191	16.4087
2192	2192	-0.515591
2193	2193	3.10423
2194	2194	-0.531898
2195	2195	-6.90241
2196	2196	30.692
2197	2197	9.33697
2198	2198	7.71124
2199	2199	-27.242
2200	2200	31.8882
2201	2201	11.9015
2202	2202	-2.88707
2203	2203	0.461521
2204	2204	-15.3137
2205	2205	38.2389
2206	2206	-6.9019
2207	2207	-11.8796
2208	2208	-23.4653
2209	2209	-4.57753
2210	2210	3.77212
2211	2211	-9.30873
2212	2212	23.1564
2213	2213	24.5418
2214	2214	26.2122
2215	2215	5.62539
2216	2216	2.2906
2217	2217	-18.1086
2218	2218	-13.8789
2219	2219	-13.0799
2220	2220	39.0544
2221	2221	-7.0854
2222	2222	-10.1996
2223	2223	6.17241
2224	2224	10.8387
2225	2225	-1.24347
2226	2226	3.91249
2227	2227	41.2087
2228	2228	-7.44322
2229	2229	2.34008
2230	2230	-4.55909
2231	2231	-21.5298
2232	2232	-14.3436
2233	2233	-2.38689
2234	2234	-6.05486
2235	2235	-1.1571
2236	2236	21.955
2237	2237	-24.5621
2238	2238	0.168844
2239	2239	-3.88756
2240	2240	28.969
2241	2241	3.12404
2242	2242	18.522
2243	2243	-11.3267
2244	2244	-5.33152
2245	2245	-1.55294
2246	2246	-11.3582
2247	2247	6.5985
2248	2248	11.2364
2249	2249	-18.0237
2250	2250	-15.8687
2251	2251	2.67054
2252	2252	3.85135
2253	2253	-24.3093
2254	2254	14.417
2255	2255	-3.52797
2256	2256	8.04518
2257	2257	1.49589
2258	2258	35.6474
2259	2259	-10.5573
2260	2260	-21.5105
2261	2261	-6.81564
2262	2262	4.40339
2263	2263	-36.9837
2264	2264	18.0783
2265	2265	-22.1258
2266	2266	25.1611
2267	2267	13.6565
2268	2268	11.2682
2269	2269	12.4715
2270	2270	-11.878
2271	2271	-47.0291
2272	2272	-3.28005
2273	2273	0.87587
2274	2274	-7.93828
2275	2275	7.86849
2276	2276	-2.62091
2277	2277	38.5433
2278	2278	-3.4333
2279	2279	-9.97188
2280	2280	9.85814
2281	2281	3.51581
2282	2282	-32.0489
2283	2283	-47.63
2284	2284	18.7487
2285	2285	-1.58663
2286	2286	27.7004
2287	2287	8.63662
2288	2288	17.3335
2289	2289	29.5892
2290	2290	-8.51721
2291	2291	29.3812
2292	2292	18.9403
2293	2293	28.2709
2294	2294	21.8387
2295	2295	3.01463
2296	2296	13.2165
2297	2297	-7.98828
2298	2298	14.7976
2299	2299	1.19559
2300	2300	-5.41307
2301	2301	-3.55465
2302	2302	20.627
2303	2303	-17.102
2304	2304	3.72024
2305	2305	1.43384
2306	2306	-41.5458
2307	2307	-29.5042
2308	2308	20.7189
2309	2309	25.2984
2310	2310	29.515
2311	2311	-3.32933
2312	2312	18.3349
2313	2313	-2.46989
2314	2314	25.665
2315	2315	-0.217241
2316	2316	17.0317
2317	2317	8.85116
2318	2318	6.23057
2319	2319	-16.0992
2320	2320	-24.5605
2321	2321	-16.5477
2322	2322	16.3579
2323	2323	-8.03914
2324	2324	-23.874
2325	2325	9.73092
2326	2326	-4.30322
2327	2327	35.7652
2328	2328	-8.58005
2329	2329	35.6558
2330	2330	-26.3776
2331	2331	2.33474
2332	2332	-24.4757
2333	2333	13.1913
2334	2334	-4.81174
2335	2335	19.491
2336	2336	-12.8182
2337	2337	-1.86455
2338	2338	-9.11217
2339	2339	-16.4769
2340	2340	-26.0268
2341	2341	11.4424
2342	2342	-19.1748
2343	2343	16.2235
2344	2344	-30.7748
2345	2345	25.7086
2346	2346	27.6597
2347	2347	-11.7917
2348	2348	12.4599
2349	2349	26.8996
2350	2350	-1.06326
2351	2351	7.17023
2352	2352	-15.7656
2353	2353	-7.05788
2354	2354	-3.27896
2355	2355	-14.0578
2356	2356	10.589
2357	2357	-1.81879
2358	2358	-17.3525
2359	2359	-18.0892
2360	2360	40.3643
2361	2361	-21.2245
2362	2362	-8.15275
2363	2363	6.05499
2364	2364	22.2528
2365	2365	-4.40032
2366	2366	-8.85459
2367	2367	3.44353
2368	2368	1.96277
2369	2369	32.8858
2370	2370	26.7463
2371	2371	2.9826
2372	2372	11.1403
2373	2373	-10.8467
2374	2374	10.8683
2375	2375	-16.3472
2376	2376	25.4849
2377	2377	11.8687
2378	2378	1.08778
2379	2379	29.287
2380	2380	-23.4661
2381	2381	-9.46982
2382	2382	0.40534
2383	2383	2.28623
2384	2384	34.2121
2385	2385	-6.03987
2386	2386	2.00216
2387	2387	11.4557
2388	2388	-20.3432
2389	2389	-8.92271
2390	2390	6.96754
2391	2391	19.4467
2392	2392	-10.5334
2393	2393	-17.7794
2394	2394	-22.3092
2395	2395	18.3965
2396	2396	3.69931
2397	2397	3.23054
2398	2398	40.2839
2399	2399	-28.06
2400	2400	4.52208
2401	2401	19.2834
2402	2402	32.1693
2403	2403	8.68412
2404	2404	-5.67775
2405	2405	6.20925
2406	2406	39.2398
2407	2407	6.2001
2408	2408	3.84128
2409	2409	-16.378
2410	2410	15.9854
2411	2411	17.0585
2412	2412	6.54799
2413	2413	48.1912
2414	2414	-15.5913
2415	2415	-8.0018
2416	2416	33.5471
2417	2417	4.55654
2418	2418	-16.353
2419	2419	-0.85989
2420	2420	29.4993
2421	2421	19.1482
2422	2422	7.75859
2423	2423	2.40231
2424	2424	21.3397
2425	2425	-12.9141
2426	2426	17.8434
2427	2427	2.30997
2428	2428	8.21956
2429	2429	20.9918
2430	2430	-17.6
2431	2431	-11.7791
2432	2432	-5.94322
2433	2433	1.77098
2434	2434	36.0775
2435	2435	-15.2162
2436	2436	-7.2759
2437	2437	4.58019
2438	2438	10.202
2439	2439	11.2145
2440	2440	-8.97219
2441	2441	-6.87123
2442	2442	5.37564
2443	2443	12.5687
2444	2444	4.68384
2445	2445	20.0786
2446	2446	11.1142
2447	2447	25.415
2448	2448	5.8601
2449	2449	-16.923
2450	2450	9.10875
2451	2451	5.84877
2452	2452	-0.840562
2453	2453	-6.75257
2454	2454	-13.9468
2455	2455	10.6401
2456	2456	-11.8644
2457	2457	-12.9261
2458	2458	-26.0709
2459	2459	-28.7622
2460	2460	16.9471
2461	2461	2.96379
2462	2462	21.8032
2463	2463	58.9839
2464	2464	-7.18401
2465	2465	-1.29316
2466	2466	3.06095
2467	2467	22.8253
2468	2468	7.55971
2469	2469	34.2306
2470	2470	39.7518
2471	2471	-12.0089
2472	2472	-21.606
2473	2473	-1.33104
2474	2474	-23.222
2475	2475	1.12312
2476	2476	28.0159
2477	2477	-26.5186
2478	2478	-38.0911
2479	2479	-18.3749
2480	2480	-10.6211
2481	2481	-1.73792
2482	2482	2.83152
2483	2483	-35.1825
2484	2484	-9.53844
2485	2485	-20.177
2486	2486	9.44318
2487	2487	3.04785
2488	2488	-3.0063
2489	2489	-10.3367
2490	2490	-22.4057
2491	2491	2.04837
2492	2492	30.6924
2493	2493	-17.2148
2494	2494	3.19725
2495	2495	4.32586
2496	2496	-37.9893
2497	2497	-6.08595
2498	2498	7.54087
2499	2499	2.50068
2500	2500	12.5476
2501	2501	-32.9083
2502	2502	-3.45019
2503	2503	-27.9551
2504	2504	-6.09668
2505	2505	10.9278
2506	2506	-36.7316
2507	2507	-34.7096
2508	2508	-2.13658
2509	2509	2.98589
2510	2510	29.1469
2511	2511	32.1489
2512	2512	3.23232
2513	2513	17.2041
2514	2514	-33.2925
2515	2515	-1.61721
2516	2516	-21.4895
2517	2517	4.38334
2518	2518	-8.04633
2519	2519	-1.38706
2520	2520	-12.5056
2521	2521	22.119
2522	2522	18.4789
2523	2523	-25.1153
2524	2524	-8.13364
2525	2525	9.36403
2526	2526	7.57813
2527	2527	-0.868621
2528	2528	-11.8795
2529	2529	-12.6589
2530	2530	13.9381
2531	2531	-20.0594
2532	2532	-14.4391
2533	2533	-1.37085
2534	2534	32.3261
2535	2535	-13.9768
2536	2536	5.00746
2537	2537	24.0378
2538	2538	-26.7129
2539	2539	43.8981
2540	2540	-21.9924
2541	2541	-6.16139
2542	2542	-0.696494
2543	2543	-40.7379
2544	2544	-3.68782
2545	2545	7.74301
2546	2546	-5.67791
2547	2547	-7.2401
2548	2548	-16.4248
2549	2549	-1.58875
2550	2550	6.98512
2551	2551	9.84843
2552	2552	-11.8959
2553	2553	4.32943
2554	2554	-1.49346
2555	2555	15.4849
2556	2556	13.8941
2557	2557	-34.6257
2558	2558	-27.0141
2559	2559	-2.13826
2560	2560	-4.86806
2561	2561	-5.41526
2562	2562	24.0499
2563	2563	16.6205
2564	2564	-24.729
2565	2565	-4.33445
2566	2566	27.2988
2567	2567	30.5117
2568	2568	-9.27355
2569	2569	-0.555337
2570	2570	8.9654
2571	2571	-0.186741
2572	2572	0.624204
2573	2573	41.6806
2574	2574	-19.0877
2575	2575	14.5131
2576	2576	-17.0278
2577	2577	14.2784
2578	2578	20.3069
2579	2579	33.5004
2580	2580	19.3726
2581	2581	-9.54877
2582	2582	2.17511
2583	2583	-18.4338
2584	2584	3.94767
2585	2585	-7.85153
2586	2586	31.1106
2587	2587	29.6134
2588	2588	26.467
2589	2589	17.1454
2590	2590	42.41
2591	2591	28.7471
2592	2592	-21.4844
2593	2593	16.3066
2594	2594	18.9008
2595	2595	32.9283
2596	2596	-12.9156
2597	2597	-18.8776
2598	2598	2.52266
2599	2599	18.874
2600	2600	0.480036
2601	2601	26.4435
2602	2602	-6.24745
2603	2603	15.2609
2604	2604	-2.70221
2605	2605	28.1141
2606	2606	-13.2488
2607	2607	3.19641
2608	2608	5.1356
2609	2609	14.5473
2610	2610	-6.54288
2611	2611	20.2947
2612	2612	-19.3996
2613	2613	21.61
2614	2614	-14.2047
2615	2615	16.6931
2616	2616	16.2145
2617	2617	12.5709
2618	2618	-26.2741
2619	2619	14.7042
2620	2620	-0.433557
2621	2621	-13.8286
2622	2622	10.6292
2623	2623	8.78229
2624	2624	-10.6659
2625	2625	17.7911
2626	2626	5.84318
2627	2627	23.0635
2628	2628	5.27347
2629	2629	-7.1007
2630	2630	-22.4495
2631	2631	29.0395
2632	2632	3.44468
2633	2633	-8.86893
2634	2634	-26.2027
2635	2635	-19.5947
2636	2636	-16.2274
2637	2637	-17.2168
2638	2638	-3.79668
2639	2639	-16.2809
2640	2640	10.5731
2641	2641	37.1335
2642	2642	3.70286
2643	2643	-15.5767
2644	2644	-27.9734
2645	2645	0.137929
2646	2646	35.7141
2647	2647	-7.74518
2648	2648	-0.0459271
2649	2649	-8.79726
2650	2650	14.0943
2651	2651	24.1628
2652	2652	-27.9319
2653	2653	-12.6612
2654	2654	-10.9492
2655	2655	-12.1818
2656	2656	-0.146833
2657	2657	2.84819
2658	2658	-5.31818
2659	2659	16.2678
2660	2660	15.4353
2661	2661	-15.6429
2662	2662	-15.6962
2663	2663	11.3268
2664	2664	-0.915184
2665	2665	-25.9747
2666	2666	20.2718
2667	2667	-18.3973
2668	2668	4.34787
2669	2669	-20.8802
2670	2670	20.9636
2671	2671	-4.57604
2672	2672	-14.0933
2673	2673	6.60471
2674	2674	-10.6021
2675	2675	-5.8456
2676	2676	8.71996
2677	2677	-4.97928
2678	2678	-4.36262
2679	2679	-13.2396
2680	2680	-4.7887
2681	2681	13.2547
2682	2682	8.29117
2683	2683	16.6422
2684	2684	-13.6467
2685	2685	12.5067
2686	2686	-10.0835
2687	2687	-31.5593
2688	2688	6.7637
2689	2689	-24.0082
2690	2690	13.2358
2691	2691	24.5724
2692	2692	-31.4863
2693	2693	-8.02783
2694	2694	-7.24279
2695	2695	-16.3634
2696	2696	-19.0456
2697	2697	19.3892
2698	2698	8.85383
2699	2699	-45.6716
2700	2700	12.5451
2701	2701	-17.752
2702	2702	-4.30795
2703	2703	-7.68963
2704	2704	29.7732
2705	2705	16.16
2706	2706	-5.5468
2707	2707	-3.61775
2708	2708	-1.85088
2709	2709	-1.17274
2710	2710	15.9411
2711	2711	-15.2896
2712	2712	-33.5542
2713	2713	-32.3458
2714	2714	-20.9095
2715	2715	-23.2655
2716	2716	-23.8203
2717	2717	-6.23394
2718	2718	15.7662
2719	2719	5.92671
2720	2720	-14.7997
2721	2721	17.1723
2722	2722	-11.8221
2723	2723	14.7243
2724	2724	27.3339
2725	2725	12.5517
2726	2726	-5.32355
2727	2727	-4.20857
2728	2728	-3.94073
2729	2729	24.8241
2730	2730	6.14675
2731	2731	-11.3375
2732	2732	18.0344
2733	2733	4.9763
2734	2734	6.78406
2735	2735	8.29422
2736	2736	10.6068
2737	2737	6.4842
2738	2738	11.532
2739	2739	-7.67097
2740	2740	6.0048
2741	2741	36.1281
2742	2742	19.3197
2743	2743	1.21884
2744	2744	-17.514
2745	2745	-16.6733
2746	2746	-27.4721
2747	2747	9.08999
2748	2748	0.622859
2749	2749	7.90744
2750	2750	16.7227
2751	2751	20.2063
2752	2752	3.03832
2753	2753	-27.381
2754	2754	-27.6866
2755	2755	-12.9881
2756	2756	-41.2397
2757	2757	0.0237686
2758	2758	20.1603
2759	2759	11.3344
2760	2760	-11.072
2761	2761	4.37466
2762	2762	-0.769357
2763	2763	2.03694
2764	2764	-13.8228
2765	2765	31.8804
2766	2766	-9.82499
2767	2767	0.551409
2768	2768	21.3985
2769	2769	29.3982
2770	2770	27.1785
2771	2771	-5.20864
2772	2772	48.9498
2773	2773	-10.0393
2774	2774	-7.72802
2775	2775	-6.01138
2776	2776	-0.0433387
2777	2777	41.0754
2778	2778	27.4894
2779	2779	-15.5522
2780	2780	-23.3671
2781	2781	13.4657
2782	2782	0.392862
2783	2783	-21.9989
2784	2784	-9.86097
2785	2785	-5.67596
2786	2786	-9.09496
2787	2787	21.7647
2788	2788	-2.37688
2789	2789	9.97838
2790	2790	6.34644
2791	2791	-0.142811
2792	2792	29.208
2793	2793	13.8527
2794	2794	5.63427
2795	2795	-20.4478
2796	2796	-18.7604
2797	2797	22.3854
2798	2798	-12.0804
2799	2799	-0.936081
2800	2800	28.8195
2801	2801	-2.89102
2802	2802	-12.1984
2803	2803	5.96703
2804	2804	19.0057
2805	2805	-3.31997
2806	2806	-21.5182
2807	2807	0.387282
2808	2808	-10.0094
2809	2809	21.2014
2810	2810	-22.2266
2811	2811	-6.33719
2812	2812	3.46211
2813	2813	11.4909
2814	2814	-4.70843
2815	2815	3.32027
2816	2816	34.3862
2817	2817	19.2888
2818	2818	-10.1744
2819	2819	-11.2594
2820	2820	-1.92546
2821	2821	-15.4576
2822	2822	-20.3052
2823	2823	-3.27465
2824	2824	-3.39316
2825	2825	-5.96494
2826	2826	-0.515948
2827	2827	-1.91906
2828	2828	-7.5806
2829	2829	-8.80087
2830	2830	1.958
2831	2831	-4.13079
2832	2832	-5.27774
2833	2833	-48.4553
2834	2834	10.2053
2835	2835	18.1265
2836	2836	5.7439
2837	2837	11.4578
2838	2838	-31.9317
2839	2839	18.263
2840	2840	-15.2303
2841	2841	2.86512
2842	2842	-4.74815
2843	2843	44.9937
2844	2844	-24.2786
2845	2845	-31.0975
2846	2846	-5.61297
2847	2847	3.93765
2848	2848	2.46727
2849	2849	-4.60825
2850	2850	-18.7007
2851	2851	8.20693
2852	2852	-11.4433
2853	2853	-20.8143
2854	2854	-19.846
2855	2855	2.19003
2856	2856	-38.8829
2857	2857	3.95222
2858	2858	0.567773
2859	2859	2.61081
2860	2860	-2.74025
2861	2861	13.4253
2862	2862	13.6867
2863	2863	-0.998656
2864	2864	5.93366
2865	2865	-14.9515
2866	2866	18.787
2867	2867	-7.96707
2868	2868	0.549179
2869	2869	7.00793
2870	2870	-14.4281
2871	2871	19.478
2872	2872	1.24593
2873	2873	6.21981
2874	2874	-5.89041
2875	2875	-1.61789
2876	2876	3.5448
2877	2877	4.168
2878	2878	-8.91531
2879	2879	29.6895
2880	2880	-17.8841
2881	2881	9.15944
2882	2882	-16.4248
2883	2883	-21.6456
2884	2884	20.6391
2885	2885	28.179
2886	2886	-3.9876
2887	2887	5.66633
2888	2888	-16.3221
2889	2889	-0.368653
2890	2890	-6.3452
2891	2891	28.8445
2892	2892	7.942
2893	2893	-23.5716
2894	2894	1.67322
2895	2895	-15.4972
2896	2896	-4.99026
2897	2897	40.3269
2898	2898	-4.97199
2899	2899	-26.0533
2900	2900	25.2532
2901	2901	-10.5382
2902	2902	27.4064
2903	2903	-6.04164
2904	2904	24.5437
2905	2905	12.745
2906	2906	15.2085
2907	2907	-3.07974
2908	2908	-17.0796
2909	2909	6.62017
2910	2910	36.5384
2911	2911	7.73595
2912	2912	-12.0833
2913	2913	-6.5027
2914	2914	-11.0697
2915	2915	0.386464
2916	2916	12.2286
2917	2917	0.425873
2918	2918	10.0334
2919	2919	31.2325
2920	2920	6.33342
2921	2921	-21.7708
2922	2922	-19.1932
2923	2923	-0.514427
2924	2924	-17.9231
2925	2925	1.85221
2926	2926	-14.7296
2927	2927	-23.0484
2928	2928	1.23541
2929	2929	15.0671
2930	2930	6.62906
2931	2931	-2.75822
2932	2932	-30.1176
2933	2933	-13.1375
2934	2934	22.9585
2935	2935	-23.7031
2936	2936	15.309
2937	2937	40.1818
2938	2938	9.22789
2939	2939	-15.0898
2940	2940	-0.629979
2941	2941	-1.7717
2942	2942	22.317
2943	2943	37.8877
2944	2944	13.333
2945	2945	2.17971
2946	2946	-33.198
2947	2947	2.69673
2948	2948	-12.6136
2949	2949	-5.06669
2950	2950	30.167
2951	2951	-18.1252
2952	2952	-17.424
2953	2953	0.796016
2954	2954	-20.0109
2955	2955	8.57552
2956	2956	15.3913
2957	2957	-8.75095
2958	2958	4.02451
2959	2959	9.1687
2960	2960	-4.5744
2961	2961	22.983
2962	2962	-6.60947
2963	2963	-7.2465
2964	2964	0.836111
2965	2965	0.639748
2966	2966	-9.41382
2967	2967	-22.5595
2968	2968	4.49776
2969	2969	2.47548
2970	2970	-15.7277
2971	2971	34.1736
2972	2972	32.8788
2973	2973	-8.6941
2974	2974	-0.921257
2975	2975	19.1221
2976	2976	4.23192
2977	2977	-6.91609
2978	2978	13.3278
2979	2979	-1.56853
2980	2980	-2.62099
2981	2981	6.30631
2982	2982	34.3481
2983	2983	-11.4542
2984	2984	1.27642
2985	2985	-10.9439
2986	2986	29.8516
2987	2987	-1.29666
2988	2988	19.0543
2989	2989	-19.887
2990	2990	17.4348
2991	2991	1.86205
2992	2992	-21.0473
2993	2993	12.2934
2994	2994	-1.46149
2995	2995	1.01748
2996	2996	29.0423
2997	2997	27.4704
2998	2998	27.2992
2999	2999	29.5869
3000	3000	-40.1276
3001	3001	-7.78392
3002	3002	13.7012
3003	3003	12.0389
3004	3004	-33.7714
3005	3005	5.1738
3006	3006	7.80644
3007	3007	-10.8396
3008	3008	-15.7251
3009	3009	-2.80042
3010	3010	-8.32016
3011	3011	-19.2382
3012	3012	-2.21691
3013	3013	-23.5953
3014	3014	4.30432
3015	3015	8.04737
3016	3016	-13.9637
3017	3017	-19.5203
3018	3018	-22.9559
3019	3019	-21.4308
3020	3020	-9.73081
3021	3021	-7.88581
3022	3022	-20.6642
3023	3023	9.83123
3024	3024	-14.2162
3025	3025	19.3174
3026	3026	2.29062
3027	3027	-11.9403
3028	3028	-3.97211
3029	3029	-10.728
3030	3030	-12.1829
3031	3031	-0.308292
3032	3032	-16.8348
3033	3033	-3.08329
3034	3034	19.0593
3035	3035	0.270052
3036	3036	22.5892
3037	3037	10.0757
3038	3038	19.5337
3039	3039	21.4932
3040	3040	-18.4335
3041	3041	-9.0235
3042	3042	17.2114
3043	3043	12.0619
3044	3044	-21.8413
3045	3045	-2.54421
3046	3046	17.5314
3047	3047	-23.3764
3048	3048	-12.1895
3049	3049	55.6201
3050	3050	-6.4647
3051	3051	8.34188
3052	3052	-2.07763
3053	3053	-6.73859
3054	3054	30.4088
3055	3055	15.44
3056	3056	-3.67587
3057	3057	-2.59033
3058	3058	-10.9503
3059	3059	14.7945
3060	3060	-7.59252
3061	3061	-6.97664
3062	3062	11.5863
3063	3063	-0.3844
3064	3064	8.04298
3065	3065	8.76192
3066	3066	-11.5381
3067	3067	7.79377
3068	3068	-5.69059
3069	3069	18.7125
3070	3070	28.1283
3071	3071	-3.95296
3072	3072	-29.7103
3073	3073	-6.28646
3074	3074	-19.8703
3075	3075	-0.993842
3076	3076	-8.50511
3077	3077	18.6363
3078	3078	9.17208
3079	3079	1.62929
3080	3080	48.4671
3081	3081	-3.01907
3082	3082	-13.885
3083	3083	-23.8113
3084	3084	-16.8345
3085	3085	3.69049
3086	3086	-5.64972
3087	3087	-30.6904
3088	3088	9.1421
3089	3089	8.17984
3090	3090	14.2437
3091	3091	-11.0349
3092	3092	15.3029
3093	3093	9.35451
3094	3094	1.01642
3095	3095	-0.775504
3096	3096	11.2835
3097	3097	-10.8807
3098	3098	33.7761
3099	3099	0.321697
3100	3100	-37.4235
3101	3101	-14.0734
3102	3102	-17.6257
3103	3103	-25.2217
3104	3104	-13.2596
3105	3105	12.3337
3106	3106	14.3311
3107	3107	-9.33613
3108	3108	9.5911
3109	3109	-26.6103
3110	3110	-10.9801
3111	3111	24.2214
3112	3112	-19.6139
3113	3113	3.37952
3114	3114	11.8914
3115	3115	-26.928
3116	3116	11.4986
3117	3117	-4.13126
3118	3118	-2.03678
3119	3119	-26.7336
3120	3120	7.65846
3121	3121	-16.9817
3122	3122	-36.1069
3123	3123	-13.2636
3124	3124	10.5112
3125	3125	10.5304
3126	3126	27.7136
3127	3127	21.528
3128	3128	4.98313
3129	3129	-6.27637
3130	3130	-13
3131	3131	-0.488624
3132	3132	-1.41085
3133	3133	30.0831
3134	3134	-25.1122
3135	3135	21.9806
3136	3136	-1.40269
3137	3137	15.9295
3138	3138	-17.7927
3139	3139	-10.662
3140	3140	-7.4671
3141	3141	12.2691
3142	3142	8.29578
3143	3143	13.1851
3144	3144	13.9761
3145	3145	-8.87599
3146	3146	22.7826
3147	3147	3.43125
3148	3148	2.91518
3149	3149	22.088
3150	3150	18.1026
3151	3151	-2.6619
3152	3152	7.20706
3153	3153	-17.0482
3154	3154	3.45424
3155	3155	3.34049
3156	3156	-11.6252
3157	3157	9.27459
3158	3158	-18.0816
3159	3159	-22.6932
3160	3160	0.806299
3161	3161	23.3384
3162	3162	5.25428
3163	3163	-17.4118
3164	3164	3.07661
3165	3165	-26.7749
3166	3166	-12.9781
3167	3167	2.75413
3168	3168	-19.1158
3169	3169	7.75587
3170	3170	8.21466
3171	3171	1.78385
3172	3172	10.0969
3173	3173	-32.6018
3174	3174	-15.3693
3175	3175	-1.10911
3176	3176	28.1176
3177	3177	2.79978
3178	3178	-2.06275
3179	3179	-25.3846
3180	3180	5.74714
3181	3181	-22.965
3182	3182	5.04923
3183	3183	9.69267
3184	3184	0.810978
3185	3185	6.41822
3186	3186	-11.2641
3187	3187	1.73569
3188	3188	-11.9391
3189	3189	14.3816
3190	3190	12.2249
3191	3191	18.3205
3192	3192	-29.0152
3193	3193	-13.8377
3194	3194	-4.84694
3195	3195	14.4073
3196	3196	39.6791
3197	3197	-14.86
3198	3198	-17.8944
3199	3199	6.84865
3200	3200	-2.83632
3201	3201	-5.42309
3202	3202	13.3398
3203	3203	-12.5241
3204	3204	-27.2817
3205	3205	-17.8961
3206	3206	-19.8846
3207	3207	17.246
3208	3208	-13.6954
3209	3209	-10.4055
3210	3210	-38.6089
3211	3211	14.8588
3212	3212	17.715
3213	3213	-1.41315
3214	3214	7.4776
3215	3215	-4.11462
3216	3216	20.4313
3217	3217	-7.01376
3218	3218	-6.00837
3219	3219	26.0707
3220	3220	-22.3813
3221	3221	13.6909
3222	3222	-14.9191
3223	3223	22.4033
3224	3224	-8.66028
3225	3225	43.5581
3226	3226	19.3142
3227	3227	17.461
3228	3228	1.57439
3229	3229	-12.9218
3230	3230	-22.2209
3231	3231	-42.1066
3232	3232	-11.1647
3233	3233	0.643633
3234	3234	14.307
3235	3235	14.2598
3236	3236	12.3036
3237	3237	7.0422
3238	3238	3.79334
3239	3239	3.92773
3240	3240	-36.0445
3241	3241	-13.8789
3242	3242	-16.4893
3243	3243	-20.1392
3244	3244	24.1914
3245	3245	-3.27011
3246	3246	-11.611
3247	3247	-1.41331
3248	3248	-1.80655
3249	3249	-21.9352
3250	3250	-18.5594
3251	3251	0.898623
3252	3252	7.23817
3253	3253	13.9944
3254	3254	19.0276
3255	3255	-12.0702
3256	3256	-12.0774
3257	3257	-15.1238
3258	3258	-19.4559
3259	3259	0.23765
3260	3260	31.6645
3261	3261	3.80214
3262	3262	-29.4692
3263	3263	8.30511
3264	3264	-6.72705
3265	3265	42.8608
3266	3266	18.3942
3267	3267	4.21706
3268	3268	8.32317
3269	3269	23.5258
3270	3270	2.68288
3271	3271	6.8278
3272	3272	-23.3977
3273	3273	3.56259
3274	3274	9.87739
3275	3275	-1.80119
3276	3276	-2.83216
3277	3277	-11.4413
3278	3278	-22.5203
3279	3279	36.4188
3280	3280	3.2385
3281	3281	11.5348
3282	3282	-11.6539
3283	3283	-0.673982
3284	3284	29.5698
3285	3285	2.24019
3286	3286	-28.3216
3287	3287	3.92868
3288	3288	-12.237
3289	3289	-17.2512
3290	3290	14.4921
3291	3291	-23.8519
3292	3292	15.1859
3293	3293	-20.3422
3294	3294	6.66019
3295	3295	15.3913
3296	3296	-8.3146
3297	3297	-6.5048
3298	3298	-1.35431
3299	3299	51.4813
3300	3300	10.0953
3301	3301	5.47457
3302	3302	-20.1923
3303	3303	13.3984
3304	3304	17.8906
3305	3305	1.52488
3306	3306	5.38788
3307	3307	-5.57258
3308	3308	2.20637
3309	3309	43.3572
3310	3310	6.16471
3311	3311	1.76776
3312	3312	3.2765
3313	3313	21.4662
3314	3314	-28.8608
3315	3315	6.21188
3316	3316	-9.38258
3317	3317	-36.504
3318	3318	-0.966653
3319	3319	-3.04197
3320	3320	7.23893
3321	3321	20.5296
3322	3322	-2.11759
3323	3323	-19.7623
3324	3324	0.943198
3325	3325	-12.3467
3326	3326	-6.71912
3327	3327	15.5688
3328	3328	27.1655
3329	3329	-38.2479
3330	3330	-4.30578
3331	3331	-16.2177
3332	3332	-18.6816
3333	3333	2.68071
3334	3334	9.25197
3335	3335	7.11962
3336	3336	19.8811
3337	3337	-19.1626
3338	3338	21.0794
3339	3339	-2.95052
3340	3340	26.5356
3341	3341	-23.4786
3342	3342	2.40566
3343	3343	-3.00358
3344	3344	-0.0604408
3345	3345	-10.3972
3346	3346	-6.80921
3347	3347	-33.5227
3348	3348	-20.6066
3349	3349	-12.6406
3350	3350	22.9537
3351	3351	22.1346
3352	3352	-15.8355
3353	3353	-14.6211
3354	3354	-3.17019
3355	3355	14.7812
3356	3356	20.8783
3357	3357	-8.30214
3358	3358	20.9526
3359	3359	9.0677
3360	3360	-10.0062
3361	3361	-32.052
3362	3362	-24.5325
3363	3363	-6.73621
3364	3364	14.5155
3365	3365	18.0142
3366	3366	14.567
3367	3367	25.437
3368	3368	-15.5221
3369	3369	-1.65617
3370	3370	6.29319
3371	3371	-31.2836
3372	3372	-15.8595
3373	3373	3.38074
3374	3374	-11.6425
3375	3375	-6.90423
3376	3376	20.3169
3377	3377	-15.0247
3378	3378	-16.7186
3379	3379	-15.9955
3380	3380	2.35214
3381	3381	22.6337
3382	3382	8.24041
3383	3383	-5.91522
3384	3384	-14.0171
3385	3385	27.8816
3386	3386	3.48267
3387	3387	-23.9368
3388	3388	23.4903
3389	3389	5.15194
3390	3390	40.6721
3391	3391	-13.7549
3392	3392	22.3
3393	3393	-39.4923
3394	3394	-34.3782
3395	3395	11.7325
3396	3396	19.0832
3397	3397	-42.5998
3398	3398	-24.0094
3399	3399	7.77677
3400	3400	3.53731
3401	3401	-19.8262
3402	3402	18.5946
3403	3403	24.8663
3404	3404	28.5821
3405	3405	-27.0149
3406	3406	17.4645
3407	3407	39.2606
3408	3408	-17.0552
3409	3409	16.8183
3410	3410	35.9386
3411	3411	-17.4781
3412	3412	1.25462
3413	3413	-23.0349
3414	3414	-7.71684
3415	3415	-9.08285
3416	3416	-10.572
3417	3417	-9.69601
3418	3418	-8.60363
3419	3419	33.9975
3420	3420	-38.0883
3421	3421	-18.4085
3422	3422	-17.5333
3423	3423	-12.9958
3424	3424	-37.2581
3425	3425	9.17868
3426	3426	-4.38832
3427	3427	-4.90346
3428	3428	8.3929
3429	3429	-24.9011
3430	3430	-31.6046
3431	3431	-11.5468
3432	3432	-7.65432
3433	3433	37.8641
3434	3434	5.72588
3435	3435	-33.7388
3436	3436	1.58742
3437	3437	-25.8084
3438	3438	2.55504
3439	3439	0.805459
3440	3440	-13.43
3441	3441	-30.2983
3442	3442	-27.2573
3443	3443	-27.8036
3444	3444	-10.5285
3445	3445	-21.5223
3446	3446	28.5855
3447	3447	23.2206
3448	3448	-29.2654
3449	3449	-1.72099
3450	3450	6.68839
3451	3451	-30.8078
3452	3452	0.998192
3453	3453	10.9888
3454	3454	19.3431
3455	3455	37.8233
3456	3456	-20.2068
3457	3457	-38.8934
3458	3458	-17.9676
3459	3459	-1.73415
3460	3460	-9.5912
3461	3461	44.3422
3462	3462	14.0053
3463	3463	-19.4444
3464	3464	-1.84014
3465	3465	-1.85065
3466	3466	9.94515
3467	3467	-22.274
3468	3468	2.51899
3469	3469	-35.8228
3470	3470	-3.19281
3471	3471	4.17016
3472	3472	-6.00164
3473	3473	4.41656
3474	3474	-7.05048
3475	3475	10.6968
3476	3476	1.73059
3477	3477	15.1495
3478	3478	25.4862
3479	3479	-19.4693
3480	3480	-16.0028
3481	3481	-12.6531
3482	3482	-29.1686
3483	3483	19.4629
3484	3484	0.523043
3485	3485	13.1868
3486	3486	-1.17831
3487	3487	29.6906
3488	3488	-17.6102
3489	3489	-11.5515
3490	3490	8.65494
3491	3491	8.13219
3492	3492	-4.83515
3493	3493	-8.13912
3494	3494	29.1045
3495	3495	0.82892
3496	3496	-15.5908
3497	3497	-27.2292
3498	3498	4.51456
3499	3499	20.4976
3500	3500	10.6639
3501	3501	16.355
3502	3502	5.94074
3503	3503	-27.4891
3504	3504	22.3892
3505	3505	-14.6232
3506	3506	-21.9658
3507	3507	-20.7306
3508	3508	26.6737
3509	3509	-5.34023
3510	3510	-16.6808
3511	3511	-18.1525
3512	3512	-30.8521
3513	3513	13.7594
3514	3514	0.745676
3515	3515	-8.05012
3516	3516	16.5077
3517	3517	3.56704
3518	3518	-36.1717
3519	3519	-8.1486
3520	3520	2.10744
3521	3521	-5.55384
3522	3522	11.206
3523	3523	4.64797
3524	3524	4.8798
3525	3525	-0.290874
3526	3526	-14.349
3527	3527	5.07512
3528	3528	24.3725
3529	3529	-6.82315
3530	3530	22.5636
3531	3531	-31.7994
3532	3532	0.199106
3533	3533	21.1236
3534	3534	6.80207
3535	3535	11.809
3536	3536	36.6891
3537	3537	-23.7573
3538	3538	6.42662
3539	3539	-7.161
3540	3540	3.14599
3541	3541	25.2466
3542	3542	-29.0819
3543	3543	-14.6437
3544	3544	-28.3739
3545	3545	15.0617
3546	3546	-7.88444
3547	3547	4.42972
3548	3548	-15.3365
3549	3549	-2.42332
3550	3550	-18.6894
3551	3551	10.253
3552	3552	4.70555
3553	3553	3.74792
3554	3554	21.7118
3555	3555	-6.20691
3556	3556	7.71573
3557	3557	12.7536
3558	3558	-3.35998
3559	3559	-16.6809
3560	3560	-2.8994
3561	3561	-3.80141
3562	3562	-22.3288
3563	3563	11.8755
3564	3564	-6.53339
3565	3565	7.97739
3566	3566	-28.1419
3567	3567	16.6885
3568	3568	20.7018
3569	3569	23.6897
3570	3570	4.62424
3571	3571	3.54872
3572	3572	-0.87641
3573	3573	-16.458
3574	3574	11.4648
3575	3575	-27.785
3576	3576	-6.32594
3577	3577	-10.7041
3578	3578	-31.2211
3579	3579	-18.5454
3580	3580	4.9347
3581	3581	-7.24932
3582	3582	36.3302
3583	3583	15.7783
3584	3584	3.05047
3585	3585	49.5027
3586	3586	-11.6255
3587	3587	-38.3658
3588	3588	-31.1551
3589	3589	-12.7736
3590	3590	-4.52685
3591	3591	3.9963
3592	3592	-14.927
3593	3593	-7.76272
3594	3594	-17.2141
3595	3595	-22.1797
3596	3596	6.45304
3597	3597	-26.5671
3598	3598	-9.69843
3599	3599	8.69646
3600	3600	-25.6194
3601	3601	28.9672
3602	3602	19.1979
3603	3603	11.8174
3604	3604	-9.97494
3605	3605	-14.8026
3606	3606	6.75687
3607	3607	-3.4493
3608	3608	-25.2032
3609	3609	-8.24084
3610	3610	0.760658
3611	3611	-2.38967
3612	3612	-1.47257
3613	3613	-3.21453
3614	3614	18.8652
3615	3615	-1.35669
3616	3616	4.11643
3617	3617	-1.67275
3618	3618	0.411635
3619	3619	-3.37191
3620	3620	-14.953
3621	3621	-5.05213
3622	3622	-37.697
3623	3623	-7.18283
3624	3624	14.8652
3625	3625	13.0696
3626	3626	-21.0258
3627	3627	-18.5914
3628	3628	25.0027
3629	3629	8.20639
3630	3630	-8.10081
3631	3631	43.218
3632	3632	5.40206
3633	3633	14.9623
3634	3634	-18.1509
3635	3635	-0.974084
3636	3636	-14.9535
3637	3637	4.35099
3638	3638	31.5434
3639	3639	-28.8602
3640	3640	-8.54514
3641	3641	-29.6221
3642	3642	-1.91887
3643	3643	-16.0194
3644	3644	-3.87016
3645	3645	29.6299
3646	3646	12.4395
3647	3647	3.06484
3648	3648	-15.1269
3649	3649	-15.4782
3650	3650	25.7138
3651	3651	-1.27958
3652	3652	16.885
3653	3653	-6.96877
3654	3654	-12.1006
3655	3655	-6.0629
3656	3656	-2.239
3657	3657	-25.5064
3658	3658	-16.877
3659	3659	27.2809
3660	3660	1.50773
3661	3661	-1.26965
3662	3662	-9.62548
3663	3663	36.8463
3664	3664	4.03604
3665	3665	-30.365
3666	3666	-38.84
3667	3667	22.9772
3668	3668	16.7375
3669	3669	4.39931
3670	3670	28.3658
3671	3671	-15.5778
3672	3672	-1.99998
3673	3673	-3.40212
3674	3674	1.4547
3675	3675	-8.20387
3676	3676	-1.1734
3677	3677	-0.255141
3678	3678	11.0907
3679	3679	23.5497
3680	3680	2.87984
3681	3681	-9.52636
3682	3682	7.80732
3683	3683	2.90239
3684	3684	-1.83534
3685	3685	-4.36628
3686	3686	37.8156
3687	3687	14.9314
3688	3688	-8.7472
3689	3689	-6.84938
3690	3690	-6.02186
3691	3691	20.7592
3692	3692	-10.1853
3693	3693	26.3961
3694	3694	-2.50399
3695	3695	-2.5278
3696	3696	13.4804
3697	3697	20.4134
3698	3698	4.68114
3699	3699	8.24621
3700	3700	-15.24
3701	3701	-3.61077
3702	3702	-5.93733
3703	3703	-5.56948
3704	3704	10.0722
3705	3705	-1.547
3706	3706	-12.4727
3707	3707	-29.9152
3708	3708	3.6506
3709	3709	-21.5414
3710	3710	1.84298
3711	3711	2.60539
3712	3712	-10.0831
3713	3713	17.8626
3714	3714	-10.3635
3715	3715	-23.4772
3716	3716	-4.15494
3717	3717	-10.3067
3718	3718	15.2826
3719	3719	37.1976
3720	3720	20.19
3721	3721	-29.2128
3722	3722	7.55329
3723	3723	-17.3475
3724	3724	30.7016
3725	3725	43.6425
3726	3726	37.2397
3727	3727	-15.6656
3728	3728	5.7609
3729	3729	-7.09458
3730	3730	-21.391
3731	3731	24.4508
3732	3732	11.9279
3733	3733	7.00408
3734	3734	28.6865
3735	3735	-4.75712
3736	3736	13.9719
3737	3737	-26.4154
3738	3738	12.9359
3739	3739	6.00183
3740	3740	-27.37
3741	3741	3.39947
3742	3742	23.6974
3743	3743	-0.109377
3744	3744	17.6477
3745	3745	-20.5966
3746	3746	-13.824
3747	3747	31.746
3748	3748	-13.7392
3749	3749	-36.0833
3750	3750	9.20625
3751	3751	19.2512
3752	3752	4.81984
3753	3753	-1.30888
3754	3754	15.3767
3755	3755	14.8958
3756	3756	-17.7921
3757	3757	-0.425251
3758	3758	-16.5896
3759	3759	3.5975
3760	3760	7.90373
3761	3761	13.1634
3762	3762	-18.6581
3763	3763	-8.88296
3764	3764	12.3063
3765	3765	18.9689
3766	3766	6.45484
3767	3767	-12.5228
3768	3768	-29.5783
3769	3769	4.01295
3770	3770	36.616
3771	3771	24.2798
3772	3772	-15.6819
3773	3773	-18.0831
3774	3774	1.05856
3775	3775	-18.898
3776	3776	17.7071
3777	3777	13.529
3778	3778	-10.6906
3779	3779	25.9034
3780	3780	12.7861
3781	3781	-25.7809
3782	3782	-20.1601
3783	3783	-17.6417
3784	3784	25.8154
3785	3785	-10.221
3786	3786	-23.2862
3787	3787	1.56534
3788	3788	18.731
3789	3789	4.66865
3790	3790	24.8015
3791	3791	-7.92033
3792	3792	22.0693
3793	3793	5.64298
3794	3794	-39.9588
3795	3795	-4.28065
3796	3796	-1.3871
3797	3797	-36.1149
3798	3798	-5.0277
3799	3799	8.25774
3800	3800	-3.20191
3801	3801	-19.7699
3802	3802	-27.7033
3803	3803	-3.83904
3804	3804	20.5557
3805	3805	12.7629
3806	3806	8.94912
3807	3807	-16.4756
3808	3808	7.13677
3809	3809	7.15017
3810	3810	18.4443
3811	3811	19.7557
3812	3812	-5.59889
3813	3813	-10.6545
3814	3814	-14.0172
3815	3815	-1.30473
3816	3816	-5.95064
3817	3817	0.978365
3818	3818	-38.4586
3819	3819	-6.88439
3820	3820	32.3151
3821	3821	-3.76634
3822	3822	-18.0028
3823	3823	-15.1691
3824	3824	-8.6269
3825	3825	1.61192
3826	3826	-2.70462
3827	3827	28.7344
3828	3828	-21.8775
3829	3829	-9.85564
3830	3830	-28.7241
3831	3831	16.315
3832	3832	-9.82157
3833	3833	18.4617
3834	3834	25.6267
3835	3835	0.500744
3836	3836	36.3318
3837	3837	-3.72146
3838	3838	21.1372
3839	3839	-0.288887
3840	3840	-11.053
3841	3841	12.2165
3842	3842	-10.7708
3843	3843	1.23947
3844	3844	36.1852
3845	3845	21.9939
3846	3846	17.8442
3847	3847	-18.854
3848	3848	24.2028
3849	3849	1.39284
3850	3850	-18.4349
3851	3851	-33.2586
3852	3852	28.1988
3853	3853	-17.838
3854	3854	-13.9181
3855	3855	0.601457
3856	3856	-17.4755
3857	3857	-22.3968
3858	3858	23.8794
3859	3859	-2.58564
3860	3860	-6.23914
3861	3861	16.1287
3862	3862	-1.75654
3863	3863	14.5725
3864	3864	19.3543
3865	3865	2.6212
3866	3866	-39.2688
3867	3867	-23.5194
3868	3868	-6.82367
3869	3869	-6.54762
3870	3870	18.8223
3871	3871	22.7623
3872	3872	-6.03392
3873	3873	27.1573
3874	3874	-9.84182
3875	3875	-9.35982
3876	3876	8.20884
3877	3877	3.68611
3878	3878	-1.0767
3879	3879	11.0074
3880	3880	-6.40254
3881	3881	14.9487
3882	3882	2.19616
3883	3883	29.5037
3884	3884	-10.0528
3885	3885	8.91327
3886	3886	22.5355
3887	3887	9.9312
3888	3888	10.059
3889	3889	-7.87346
3890	3890	-13.8466
3891	3891	28.5809
3892	3892	-14.4422
3893	3893	-8.89805
3894	3894	28.8745
3895	3895	11.9724
3896	3896	-7.39504
3897	3897	-19.5057
3898	3898	8.44497
3899	3899	33.4874
3900	3900	-17.8647
3901	3901	-12.251
3902	3902	-11.4539
3903	3903	4.03399
3904	3904	11.7613
3905	3905	2.85639
3906	3906	-3.26923
3907	3907	11.663
3908	3908	-7.66333
3909	3909	3.7066
3910	3910	14.2529
3911	3911	-1.99615
3912	3912	4.76607
3913	3913	32.5306
3914	3914	-13.846
3915	3915	14.459
3916	3916	26.7621
3917	3917	16.8346
3918	3918	-10.1668
3919	3919	-17.8332
3920	3920	5.98797
3921	3921	-1.27154
3922	3922	-10.2259
3923	3923	-6.89928
3924	3924	7.24544
3925	3925	-6.73233
3926	3926	-14.9278
3927	3927	26.9564
3928	3928	3.25885
3929	3929	-25.5412
3930	3930	7.63777
3931	3931	4.41434
3932	3932	12.6348
3933	3933	2.41076
3934	3934	12.8638
3935	3935	15.123
3936	3936	-7.46529
3937	3937	-20.8921
3938	3938	30.7448
3939	3939	-0.387924
3940	3940	36.4858
3941	3941	-4.39557
3942	3942	3.36254
3943	3943	-1.85647
3944	3944	3.57155
3945	3945	-4.52832
3946	3946	-22.65
3947	3947	0.397973
3948	3948	25.2483
3949	3949	-3.2565
3950	3950	44.8529
3951	3951	18.9345
3952	3952	40.6904
3953	3953	10.8416
3954	3954	6.39013
3955	3955	12.0292
3956	3956	7.77349
3957	3957	-23.2264
3958	3958	-22.2183
3959	3959	0.70789
3960	3960	27.9944
3961	3961	-25.1802
3962	3962	4.6445
3963	3963	-9.85347
3964	3964	24.7446
3965	3965	30.9864
3966	3966	-6.22284
3967	3967	28.9282
3968	3968	2.87234
3969	3969	44.8689
3970	3970	3.47415
3971	3971	-15.4233
3972	3972	11.9725
3973	3973	-4.63937
3974	3974	18.8339
3975	3975	-2.78989
3976	3976	8.44219
3977	3977	-13.4745
3978	3978	-12.64
3979	3979	17.1597
3980	3980	-8.61683
3981	3981	-15.4516
3982	3982	4.68411
3983	3983	11.0079
3984	3984	-0.302255
3985	3985	14.9533
3986	3986	10.4908
3987	3987	-19.9444
3988	3988	14.2331
3989	3989	3.76952
3990	3990	22.8219
3991	3991	12.5098
3992	3992	14.8649
3993	3993	-9.88608
3994	3994	-8.80931
3995	3995	-9.32483
3996	3996	-14.2699
3997	3997	21.1874
3998	3998	-3.63642
3999	3999	9.07243
4000	4000	-22.729
4001	4001	-1.58216
4002	4002	-20.4819
4003	4003	2.82803
4004	4004	1.36698
4005	4005	-34.7404
4006	4006	8.29356
4007	4007	28.2661
4008	4008	4.30605
4009	4009	-15.389
4010	4010	-12.0536
4011	4011	-17.595
4012	4012	3.36539
4013	4013	0.0298649
4014	4014	22.1457
4015	4015	2.87739
4016	4016	14.7102
4017	4017	33.5618
4018	4018	-11.3141
4019	4019	-4.37522
4020	4020	-10.2784
4021	4021	-16.0192
4022	4022	-9.98368
4023	4023	11.2675
4024	4024	-43.6688
4025	4025	20.5662
4026	4026	-2.81923
4027	4027	4.53611
4028	4028	9.63372
4029	4029	-8.67892
4030	4030	-24.5263
4031	4031	-2.40822
4032	4032	16.952
4033	4033	-55.1842
4034	4034	-33.441
4035	4035	-1.50782
4036	4036	-14.4869
4037	4037	35.0276
4038	4038	-7.48281
4039	4039	-3.97663
4040	4040	-6.79083
4041	4041	19.0054
4042	4042	-39.5033
4043	4043	-4.43576
4044	4044	-22.356
4045	4045	25.2622
4046	4046	9.51695
4047	4047	14.8169
4048	4048	-20.7439
4049	4049	13.3206
4050	4050	-37.2124
4051	4051	10.4741
4052	4052	-15.5662
4053	4053	-18.9942
4054	4054	7.68314
4055	4055	23.5207
4056	4056	12.2478
4057	4057	-2.81677
4058	4058	-29.4433
4059	4059	0.303201
4060	4060	19.0905
4061	4061	-3.74697
4062	4062	-7.32923
4063	4063	-9.19766
4064	4064	9.78809
4065	4065	-10.0121
4066	4066	-3.53782
4067	4067	-18.4499
4068	4068	-2.78923
4069	4069	5.56959
4070	4070	-16.9731
4071	4071	13.7529
4072	4072	-3.50092
4073	4073	-3.46728
4074	4074	13.2348
4075	4075	29.7997
4076	4076	7.74179
4077	4077	21.6866
4078	4078	26.2228
4079	4079	-24.4841
4080	4080	-19.1093
4081	4081	20.3408
4082	4082	14.1424
4083	4083	12.62
4084	4084	13.4831
4085	4085	23.2597
4086	4086	-3.45811
4087	4087	-10.1063
4088	4088	-7.78332
4089	4089	-3.88962
4090	4090	39.6077
4091	4091	-12.3584
4092	4092	-12.8218
4093	4093	-22.0769
4094	4094	9.45246
4095	4095	-13.2724
4096	4096	44.9456
4097	4097	-0.683061
4098	4098	-2.74737
4099	4099	11.6879
4100	4100	-15.0565
4101	4101	13.1441
4102	4102	4.11579
4103	4103	5.44509
4104	4104	-16.3038
4105	4105	15.6072
4106	4106	0.149929
4107	4107	8.25261
4108	4108	21.4927
4109	4109	-27.6775
4110	4110	-9.67267
4111	4111	16.3796
4112	4112	-9.87616
4113	4113	17.9346
4114	4114	-35.8495
4115	4115	-8.1513
4116	4116	6.6018
4117	4117	-3.36142
4118	4118	-16.7495
4119	4119	-13.7442
4120	4120	-4.7934
4121	4121	-8.47603
4122	4122	-19.7558
4123	4123	10.4259
4124	4124	15.8829
4125	4125	-1.1283
4126	4126	37.3818
4127	4127	-35.0629
4128	4128	-11.4788
4129	4129	3.08698
4130	4130	6.56943
4131	4131	-3.73727
4132	4132	-14.033
4133	4133	29.229
4134	4134	5.34583
4135	4135	-18.6985
4136	4136	1.68783
4137	4137	7.94353
4138	4138	-14.5439
4139	4139	1.89916
4140	4140	-23.4347
4141	4141	15.8168
4142	4142	15.2503
4143	4143	-7.56066
4144	4144	2.78342
4145	4145	-13.106
4146	4146	24.3068
4147	4147	6.03144
4148	4148	-12.4182
4149	4149	-28.2327
4150	4150	10.1154
4151	4151	-11.6657
4152	4152	37.2365
4153	4153	-0.567708
4154	4154	4.58981
4155	4155	14.144
4156	4156	-24.6698
4157	4157	-9.50117
4158	4158	44.6377
4159	4159	-12.0663
4160	4160	7.2956
4161	4161	-0.58263
4162	4162	-27.2967
4163	4163	-39.0524
4164	4164	9.84484
4165	4165	13.4264
4166	4166	32.7428
4167	4167	0.201392
4168	4168	1.82745
4169	4169	-20.5408
4170	4170	9.30392
4171	4171	3.49456
4172	4172	17.8253
4173	4173	23.1963
4174	4174	18.5315
4175	4175	-1.48257
4176	4176	-2.90057
4177	4177	31.5836
4178	4178	-12.9157
4179	4179	-28.4194
4180	4180	-30.6039
4181	4181	38.2265
4182	4182	40.2027
4183	4183	4.22694
4184	4184	-10.7732
4185	4185	-12.5894
4186	4186	-27.0136
4187	4187	-13.1115
4188	4188	14.6357
4189	4189	10.6865
4190	4190	-1.72036
4191	4191	-9.30143
4192	4192	-7.50532
4193	4193	19.3497
4194	4194	3.01738
4195	4195	2.9125
4196	4196	-1.70819
4197	4197	-13.1718
4198	4198	-7.42622
4199	4199	-10.6016
4200	4200	-5.24208
4201	4201	33.9311
4202	4202	14.9611
4203	4203	-18.8655
4204	4204	7.13403
4205	4205	-22.8497
4206	4206	-29.0055
4207	4207	21.373
4208	4208	-2.06305
4209	4209	17.264
4210	4210	-9.11926
4211	4211	-9.50907
4212	4212	-0.501391
4213	4213	1.04603
4214	4214	31.5458
4215	4215	-14.7229
4216	4216	-19.5213
4217	4217	28.1003
4218	4218	-6.56869
4219	4219	10.7735
4220	4220	7.05841
4221	4221	22.57
4222	4222	-9.70446
4223	4223	1.81444
4224	4224	32.459
4225	4225	-2.90464
4226	4226	-10.2453
4227	4227	-6.46608
4228	4228	-12.9997
4229	4229	20.3193
4230	4230	-7.2444
4231	4231	6.66999
4232	4232	17.8694
4233	4233	-13.1024
4234	4234	14.0004
4235	4235	-18.1965
4236	4236	-29.7441
4237	4237	23.3494
4238	4238	-20.1484
4239	4239	30.734
4240	4240	22.7549
4241	4241	-39.1655
4242	4242	-4.29567
4243	4243	6.55869
4244	4244	4.02943
4245	4245	-8.15507
4246	4246	14.7311
4247	4247	-14.6139
4248	4248	2.93255
4249	4249	-3.48409
4250	4250	-33.6924
4251	4251	-9.92442
4252	4252	-0.674081
4253	4253	-7.56803
4254	4254	-5.65783
4255	4255	-15.7694
4256	4256	24.7105
4257	4257	17.5506
4258	4258	7.29707
4259	4259	-2.73637
4260	4260	4.11008
4261	4261	-6.60682
4262	4262	34.5319
4263	4263	-7.1113
4264	4264	13.1565
4265	4265	-16.9624
4266	4266	-20.6328
4267	4267	-14.5785
4268	4268	0.69075
4269	4269	18.728
4270	4270	-29.48
4271	4271	10.2745
4272	4272	10.3742
4273	4273	5.63279
4274	4274	5.81693
4275	4275	19.0871
4276	4276	10.9417
4277	4277	-3.80705
4278	4278	3.11967
4279	4279	-9.13626
4280	4280	-22.7308
4281	4281	-12.6921
4282	4282	20.1218
4283	4283	20.473
4284	4284	-32.7415
4285	4285	26.2061
4286	4286	-17.9474
4287	4287	13.422
4288	4288	3.0198
4289	4289	5.89919
4290	4290	-14.0907
4291	4291	3.08122
4292	4292	12.791
4293	4293	-7.92615
4294	4294	-8.76447
4295	4295	-6.38266
4296	4296	-7.27276
4297	4297	15.6436
4298	4298	16.2536
4299	4299	-10.1483
4300	4300	-24.5317
4301	4301	0.497684
4302	4302	15.7157
4303	4303	-1.57799
4304	4304	-23.1933
4305	4305	8.89137
4306	4306	-19.5017
4307	4307	-18.0427
4308	4308	-0.594885
4309	4309	-45.1376
4310	4310	-7.73356
4311	4311	-15.3016
4312	4312	10.3555
4313	4313	-4.55797
4314	4314	-28.8921
4315	4315	-24.1481
4316	4316	-11.0842
4317	4317	-20.9142
4318	4318	13.3753
4319	4319	12.3746
4320	4320	26.7284
4321	4321	-14.1266
4322	4322	17.167
4323	4323	-1.40974
4324	4324	13.2615
4325	4325	-15.6003
4326	4326	22.8765
4327	4327	-23.3579
4328	4328	-8.03699
4329	4329	-7.69768
4330	4330	6.22526
4331	4331	1.80126
4332	4332	-9.18847
4333	4333	-8.00009
4334	4334	-21.2291
4335	4335	2.7857
4336	4336	51.4227
4337	4337	11.8929
4338	4338	-10.697
4339	4339	15.5748
4340	4340	-2.77606
4341	4341	-6.40229
4342	4342	29.9616
4343	4343	21.2529
4344	4344	17.6918
4345	4345	16.1025
4346	4346	21.7619
4347	4347	40.8069
4348	4348	23.5678
4349	4349	-33.4924
4350	4350	-6.76247
4351	4351	-0.483009
4352	4352	12.1104
4353	4353	-14.8629
4354	4354	-1.14776
4355	4355	2.00226
4356	4356	-10.3076
4357	4357	-34.1474
4358	4358	-19.3505
4359	4359	-2.50335
4360	4360	-0.897993
4361	4361	29.6358
4362	4362	5.91765
4363	4363	33.5763
4364	4364	13.661
4365	4365	-5.80196
4366	4366	5.27565
4367	4367	32.4716
4368	4368	-8.18121
4369	4369	13.5638
4370	4370	9.99401
4371	4371	5.9477
4372	4372	-8.83664
4373	4373	-34.4613
4374	4374	16.1904
4375	4375	15.1259
4376	4376	2.27289
4377	4377	36.1742
4378	4378	-2.39256
4379	4379	-9.62354
4380	4380	11.517
4381	4381	3.19797
4382	4382	3.74579
4383	4383	-3.22565
4384	4384	-7.64943
4385	4385	9.76069
4386	4386	-18.0691
4387	4387	-14.5385
4388	4388	-4.49215
4389	4389	-9.14274
4390	4390	-6.36115
4391	4391	2.59489
4392	4392	-2.50274
4393	4393	32.4579
4394	4394	-15.5077
4395	4395	0.29312
4396	4396	-2.98127
4397	4397	-1.89136
4398	4398	-6.37426
4399	4399	-2.29399
4400	4400	13.3714
4401	4401	-14.4402
4402	4402	3.01639
4403	4403	-1.259
4404	4404	20.8749
4405	4405	10.1476
4406	4406	-25.9436
4407	4407	-10.4228
4408	4408	-17.4238
4409	4409	-10.1297
4410	4410	18.4142
4411	4411	-2.15578
4412	4412	-23.9409
4413	4413	-32.106
4414	4414	2.25665
4415	4415	11.6504
4416	4416	36.7915
4417	4417	1.27951
4418	4418	-17.4484
4419	4419	2.24564
4420	4420	-5.39523
4421	4421	-2.77239
4422	4422	-19.2136
4423	4423	39.958
4424	4424	16.4406
4425	4425	28.0152
4426	4426	-1.4737
4427	4427	-9.56499
4428	4428	-11.8361
4429	4429	-10.4424
4430	4430	-0.267326
4431	4431	-28.9616
4432	4432	-12.7459
4433	4433	-7.62036
4434	4434	25.3236
4435	4435	-14.0232
4436	4436	-27.6978
4437	4437	-3.1559
4438	4438	1.89673
4439	4439	-20.8564
4440	4440	8.48382
4441	4441	34.7935
4442	4442	-13.5549
4443	4443	13.4309
4444	4444	-0.910635
4445	4445	-2.60774
4446	4446	4.43904
4447	4447	-2.08918
4448	4448	-2.60561
4449	4449	-32.1705
4450	4450	30.5961
4451	4451	41.1144
4452	4452	20.0399
4453	4453	12.0007
4454	4454	22.0525
4455	4455	10.799
4456	4456	8.12213
4457	4457	25.7192
4458	4458	17.9826
4459	4459	-15.0716
4460	4460	-31.3002
4461	4461	-45.5612
4462	4462	-5.54087
4463	4463	-20.4224
4464	4464	14.32
4465	4465	29.0342
4466	4466	-9.67992
4467	4467	40.5456
4468	4468	-20.485
4469	4469	-18.6273
4470	4470	33.9174
4471	4471	8.95391
4472	4472	3.25082
4473	4473	20.2263
4474	4474	-10.0375
4475	4475	26.1363
4476	4476	15.7418
4477	4477	-21.2976
4478	4478	-27.2363
4479	4479	34.485
4480	4480	-4.31094
4481	4481	-9.59653
4482	4482	-1.06451
4483	4483	20.0708
4484	4484	-8.58767
4485	4485	-11.6731
4486	4486	31.7914
4487	4487	10.3509
4488	4488	-15.8423
4489	4489	48.3716
4490	4490	21.4075
4491	4491	-13.892
4492	4492	34.9704
4493	4493	7.7694
4494	4494	27.408
4495	4495	37.24
4496	4496	26.0132
4497	4497	-13.7197
4498	4498	0.605891
4499	4499	21.1965
4500	4500	28.1485
4501	4501	-21.8284
4502	4502	-37.7751
4503	4503	33.5187
4504	4504	-2.43418
4505	4505	12.9509
4506	4506	9.99259
4507	4507	18.1187
4508	4508	-5.67579
4509	4509	19.9747
4510	4510	-14.4077
4511	4511	-16.9285
4512	4512	1.26235
4513	4513	1.21955
4514	4514	17.9339
4515	4515	-9.27708
4516	4516	-9.99743
4517	4517	-26.0725
4518	4518	19.8208
4519	4519	-23.5461
4520	4520	-12.5973
4521	4521	10.9084
4522	4522	2.9236
4523	4523	-8.56167
4524	4524	-10.8118
4525	4525	-21.3718
4526	4526	3.8518
4527	4527	-15.975
4528	4528	-1.70763
4529	4529	-27.5178
4530	4530	28.4214
4531	4531	-3.63692
4532	4532	12.8711
4533	4533	-10.4434
4534	4534	-18.4174
4535	4535	27.0788
4536	4536	-25.0315
4537	4537	16.0401
4538	4538	32.1701
4539	4539	7.10401
4540	4540	-2.33588
4541	4541	33.5679
4542	4542	6.97801
4543	4543	17.4782
4544	4544	4.3113
4545	4545	6.30331
4546	4546	15.2424
4547	4547	3.84629
4548	4548	-3.19369
4549	4549	3.22154
4550	4550	9.68247
4551	4551	22.2984
4552	4552	1.25381
4553	4553	4.68153
4554	4554	9.64445
4555	4555	6.8977
4556	4556	-7.03098
4557	4557	8.06344
4558	4558	0.46686
4559	4559	37.8063
4560	4560	5.7258
4561	4561	13.5814
4562	4562	-26.3978
4563	4563	-21.6668
4564	4564	-35.1888
4565	4565	-6.30902
4566	4566	-7.11273
4567	4567	-5.098
4568	4568	10.8929
4569	4569	-17.7456
4570	4570	3.08155
4571	4571	7.06009
4572	4572	-11.7354
4573	4573	21.771
4574	4574	-4.04794
4575	4575	-0.589376
4576	4576	3.20452
4577	4577	-23.6755
4578	4578	-14.884
4579	4579	1.94015
4580	4580	-15.83
4581	4581	25.7221
4582	4582	-13.9076
4583	4583	2.92623
4584	4584	-31.6243
4585	4585	-9.00908
4586	4586	18.741
4587	4587	-4.17862
4588	4588	7.83873
4589	4589	-2.06818
4590	4590	-16.0966
4591	4591	7.34885
4592	4592	-19.5468
4593	4593	5.13303
4594	4594	6.74891
4595	4595	22.0875
4596	4596	22.0586
4597	4597	1.35809
4598	4598	-8.13988
4599	4599	-10.5631
4600	4600	34.4283
4601	4601	-16.5174
4602	4602	-25.409
4603	4603	20.874
4604	4604	-7.23839
4605	4605	6.41163
4606	4606	-8.77959
4607	4607	29.5594
4608	4608	18.3193
4609	4609	9.30685
4610	4610	16.8757
4611	4611	4.35582
4612	4612	13.7293
4613	4613	-13.5204
4614	4614	4.60784
4615	4615	-7.58945
4616	4616	-9.33192
4617	4617	7.55991
4618	4618	11.3413
4619	4619	1.89878
4620	4620	14.2983
4621	4621	-9.46989
4622	4622	10.2837
4623	4623	-2.27393
4624	4624	4.41064
4625	4625	18.3085
4626	4626	12.376
4627	4627	-14.8925
4628	4628	8.62242
4629	4629	-31.4787
4630	4630	25.5121
4631	4631	3.7983
4632	4632	-13.5071
4633	4633	-29.787
4634	4634	-3.91203
4635	4635	-15.8843
4636	4636	19.049
4637	4637	7.13835
4638	4638	-6.6124
4639	4639	-17.3259
4640	4640	-2.45597
4641	4641	-14.7835
4642	4642	40.4778
4643	4643	-10.0929
4644	4644	-23.2837
4645	4645	-25.3674
4646	4646	-29.5473
4647	4647	-7.67078
4648	4648	-12.1995
4649	4649	28.5959
4650	4650	14.0311
4651	4651	2.02546
4652	4652	-2.05832
4653	4653	-14.1931
4654	4654	-7.00213
4655	4655	-6.8522
4656	4656	-6.12201
4657	4657	-25.4043
4658	4658	-6.72592
4659	4659	15.528
4660	4660	14.1405
4661	4661	17.5202
4662	4662	20.2659
4663	4663	-20.8904
4664	4664	8.77706
4665	4665	10.1844
4666	4666	16.9158
4667	4667	2.29051
4668	4668	27.0311
4669	4669	22.4437
4670	4670	5.91371
4671	4671	-6.30774
4672	4672	-12.0065
4673	4673	10.8899
4674	4674	-32.5128
4675	4675	-23.3436
4676	4676	3.69024
4677	4677	20.7064
4678	4678	-1.6459
4679	4679	20.6687
4680	4680	9.04195
4681	4681	-20.2366
4682	4682	35.9032
4683	4683	-4.59491
4684	4684	1.67325
4685	4685	-3.31301
4686	4686	22.242
4687	4687	-40.14
4688	4688	12.5075
4689	4689	-19.2093
4690	4690	-3.85877
4691	4691	41.7252
4692	4692	-18.6964
4693	4693	14.5554
4694	4694	14.2694
4695	4695	10.0193
4696	4696	-16.6738
4697	4697	-6.73724
4698	4698	-9.23651
4699	4699	-22.8504
4700	4700	14.9559
4701	4701	6.83453
4702	4702	13.2581
4703	4703	-20.3709
4704	4704	-25.627
4705	4705	-24.5187
4706	4706	1.91502
4707	4707	2.04035
4708	4708	19.7465
4709	4709	26.4436
4710	4710	-11.0041
4711	4711	-10.5105
4712	4712	1.31713
4713	4713	1.32374
4714	4714	7.7472
4715	4715	6.13602
4716	4716	-8.72105
4717	4717	8.80269
4718	4718	-5.89985
4719	4719	7.53343
4720	4720	5.52489
4721	4721	-26.8772
4722	4722	-21.4057
4723	4723	-11.8135
4724	4724	-6.83573
4725	4725	-9.81875
4726	4726	7.33133
4727	4727	0.992428
4728	4728	7.25804
4729	4729	-27.1574
4730	4730	-26.745
4731	4731	-11.5349
4732	4732	23.4428
4733	4733	-49.8824
4734	4734	55.8584
4735	4735	-8.30014
4736	4736	-33.9769
4737	4737	1.23851
4738	4738	-1.8256
4739	4739	10.5778
4740	4740	3.52599
4741	4741	-12.9416
4742	4742	-19.3902
4743	4743	15.5475
4744	4744	13.0139
4745	4745	7.82512
4746	4746	-5.25145
4747	4747	13.0434
4748	4748	-7.02297
4749	4749	29.7268
4750	4750	13.3253
4751	4751	-1.19683
4752	4752	-9.12213
4753	4753	-1.60752
4754	4754	-14.2131
4755	4755	-22.193
4756	4756	12.9701
4757	4757	5.38688
4758	4758	-17.0048
4759	4759	-22.8957
4760	4760	6.92132
4761	4761	20.9528
4762	4762	-4.9572
4763	4763	9.90023
4764	4764	2.41626
4765	4765	-6.04287
4766	4766	-20.3181
4767	4767	0.707279
4768	4768	-11.07
4769	4769	-0.850255
4770	4770	37.568
4771	4771	-26.9953
4772	4772	5.08085
4773	4773	-9.40173
4774	4774	-5.79265
4775	4775	5.15288
4776	4776	-10.3381
4777	4777	7.50085
4778	4778	-18.8139
4779	4779	3.99964
4780	4780	-22.9649
4781	4781	0.917044
4782	4782	-2.75052
4783	4783	-15.6621
4784	4784	24.6295
4785	4785	21.7504
4786	4786	14.6041
4787	4787	-8.84153
4788	4788	-23.4416
4789	4789	34.7861
4790	4790	-6.70278
4791	4791	8.32355
4792	4792	3.81856
4793	4793	17.0776
4794	4794	-12.9278
4795	4795	24.7241
4796	4796	9.83229
4797	4797	28.1642
4798	4798	10.0017
4799	4799	-15.8059
