sample_id	sample_id2	phensim
zero	zero	-4.44675
1	1	55.6501
2	2	-7.50167
3	3	-28.7049
4	4	-43.7484
5	5	-43.2276
6	6	-0.965886
7	7	-7.62156
8	8	12.9975
9	9	39.4572
10	10	12.4169
11	11	-9.07228
12	12	-1.50386
13	13	58.5102
14	14	-5.23846
15	15	51.178
16	16	10.0532
17	17	12.5912
18	18	2.41639
19	19	-0.358933
20	20	-2.19806
21	21	-33.5748
22	22	-30.9403
23	23	-39.04
24	24	18.8205
25	25	22.6573
26	26	45.6741
27	27	-34.8736
28	28	-28.7367
29	29	-32.8316
30	30	-33.0246
31	31	-31.7833
32	32	-26.1855
33	33	-12.1875
34	34	-30.8996
35	35	15.7168
36	36	5.88803
37	37	26.4937
38	38	-9.40697
39	39	-19.495
40	40	-12.2268
41	41	-5.59981
42	42	-31.4977
43	43	-21.9537
44	44	12.3297
45	45	-21.6613
46	46	14.132
47	47	24.7795
48	48	15.9322
49	49	30.0233
50	50	19.8006
51	51	-22.032
52	52	34.1573
53	53	1.93755
54	54	28.4245
55	55	4.14429
56	56	-34.8439
57	57	7.8879
58	58	2.30705
59	59	-31.236
60	60	26.3192
61	61	-1.98651
62	62	43.0242
63	63	-8.15819
64	64	10.0456
65	65	-39.1371
66	66	0.693102
67	67	6.89298
68	68	13.8679
69	69	8.68548
70	70	0.30256
71	71	-26.2508
72	72	16.0378
73	73	-44.518
74	74	29.0139
75	75	-36.0896
76	76	17.3152
77	77	25.084
78	78	-25.0459
79	79	11.0369
80	80	-15.2443
81	81	54.8611
82	82	-28.3635
83	83	21.8249
84	84	6.08715
85	85	-8.37673
86	86	-28.8258
87	87	37.3058
88	88	26.5616
89	89	37.6591
90	90	-4.88189
91	91	-23.0225
92	92	12.4453
93	93	45.8901
94	94	16.192
95	95	-20.8017
96	96	-7.20414
97	97	-14.6828
98	98	-10.8569
99	99	-15.8563
100	100	-13.4545
101	101	-19.1059
102	102	29.8206
103	103	28.4753
104	104	-42.2891
105	105	28.7852
106	106	-20.0019
107	107	41.0116
108	108	-2.65256
109	109	8.11516
110	110	-22.7923
111	111	20.2742
112	112	13.1506
113	113	30.0374
114	114	41.0876
115	115	-21.1209
116	116	36.1315
117	117	-23.5199
118	118	9.4032
119	119	35.3473
120	120	39.6863
121	121	-39.0307
122	122	-18.6771
123	123	-22.4503
124	124	-37.3953
125	125	44.659
126	126	-9.21904
127	127	25.4148
128	128	-10.7658
129	129	7.42857
130	130	44.7936
131	131	14.6792
132	132	15.6877
133	133	-11.5238
134	134	-10.3596
135	135	-49.0068
136	136	-18.3254
137	137	30.9869
138	138	3.37929
139	139	14.2939
140	140	12.9453
141	141	13.487
142	142	-2.15729
143	143	-12.3122
144	144	-3.29454
145	145	-28.8828
146	146	-12.3337
147	147	14.1712
148	148	38.973
149	149	28.561
150	150	-7.49798
151	151	-14.0881
152	152	5.14596
153	153	20.056
154	154	66.1983
155	155	-19.1816
156	156	28.6686
157	157	-1.86978
158	158	-23.7475
159	159	-5.92362
160	160	17.6688
161	161	33.672
162	162	-26.0772
163	163	-8.35595
164	164	-29.5457
165	165	5.60391
166	166	-27.4522
167	167	14.8534
168	168	40.3905
169	169	24.3068
170	170	13.1826
171	171	38.7867
172	172	-2.16329
173	173	-24.978
174	174	3.35915
175	175	-19.6819
176	176	18.5201
177	177	-17.4377
178	178	19.8783
179	179	-21.0467
180	180	22.7891
181	181	10.341
182	182	-35.0443
183	183	16.8429
184	184	23.6571
185	185	19.6624
186	186	-7.97637
187	187	-22.5194
188	188	34.4103
189	189	8.47629
190	190	-9.89029
191	191	-17.5184
192	192	-9.06077
193	193	-10.341
194	194	36.9499
195	195	27.2643
196	196	43.6696
197	197	4.30493
198	198	-23.3315
199	199	-33.7942
200	200	21.1289
201	201	-12.1787
202	202	-52.8568
203	203	-26.1494
204	204	17.7241
205	205	39.2987
206	206	6.53592
207	207	-0.907411
208	208	-16.9744
209	209	49.0228
210	210	2.31962
211	211	0.948814
212	212	30.4567
213	213	18.1168
214	214	-13.2424
215	215	-31.9218
216	216	-53.9297
217	217	-7.61269
218	218	-8.6494
219	219	-14.1829
220	220	0.716613
221	221	-33.6251
222	222	28.462
223	223	31.6954
224	224	-6.64677
225	225	32.5552
226	226	-12.3803
227	227	3.15407
228	228	-5.90229
229	229	-2.58898
230	230	2.55554
231	231	-12.7099
232	232	-5.0746
233	233	-31.4963
234	234	-6.97814
235	235	-35.3102
236	236	1.68395
237	237	-21.5759
238	238	-2.73335
239	239	13.0021
240	240	-38.001
241	241	59.92
242	242	-48.5472
243	243	30.9047
244	244	-17.5243
245	245	-33.5383
246	246	2.01698
247	247	-1.567
248	248	36.6151
249	249	35.5666
250	250	18.8617
251	251	-27.1045
252	252	-0.239102
253	253	-8.14255
254	254	-6.3277
255	255	-9.40399
256	256	-34.5101
257	257	-7.25647
258	258	-12.7927
259	259	29.2299
260	260	-49.6891
261	261	10.0661
262	262	-7.3325
263	263	-2.81671
264	264	35.0827
265	265	-17.1347
266	266	19.5766
267	267	1.35309
268	268	-9.38131
269	269	-42.5138
270	270	-11.6403
271	271	-11.138
272	272	32.7276
273	273	-2.75952
274	274	18.5357
275	275	-6.41489
276	276	32.1794
277	277	46.0226
278	278	3.29706
279	279	-4.74896
280	280	-10.8114
281	281	3.24983
282	282	18.7425
283	283	-30.963
284	284	-4.98507
285	285	1.30453
286	286	19.4694
287	287	16.3963
288	288	-23.4441
289	289	41.1947
290	290	-3.28256
291	291	47.4315
292	292	-14.9826
293	293	-12.091
294	294	-23.7369
295	295	-24.1848
296	296	17.087
297	297	16.5125
298	298	-1.74635
299	299	47.0556
300	300	-7.78404
301	301	9.13787
302	302	-2.07726
303	303	14.6702
304	304	-21.8689
305	305	-54.1471
306	306	37.6166
307	307	-22.1719
308	308	19.7139
309	309	-23.9562
310	310	30.0081
311	311	59.3759
312	312	14.8296
313	313	0.530995
314	314	-1.98177
315	315	-17.8471
316	316	25.613
317	317	10.3757
318	318	22.967
319	319	-36.1154
320	320	33.5612
321	321	-3.72587
322	322	-7.03032
323	323	12.8934
324	324	-20.8869
325	325	10.7801
326	326	-37.8784
327	327	24.552
328	328	-43.2704
329	329	2.85255
330	330	-1.29858
331	331	-50.35
332	332	35.9118
333	333	-5.67197
334	334	-26.9075
335	335	10.7609
336	336	-7.0572
337	337	-15.0381
338	338	3.67987
339	339	13.5632
340	340	19.7536
341	341	-10.5403
342	342	-37.5614
343	343	-24.1847
344	344	30.1301
345	345	1.02056
346	346	8.1668
347	347	0.292892
348	348	4.04462
349	349	-20.6021
350	350	-30.5035
351	351	36.4479
352	352	12.6732
353	353	33.6461
354	354	-14.6355
355	355	-1.93377
356	356	44.5773
357	357	46.1208
358	358	-6.68196
359	359	-45.6944
360	360	2.90451
361	361	28.5899
362	362	-55.9581
363	363	-25.2095
364	364	26.4118
365	365	17.6407
366	366	-9.36431
367	367	13.2793
368	368	9.29346
369	369	26.3501
370	370	-15.0897
371	371	-19.1162
372	372	0.333672
373	373	7.27248
374	374	-21.2239
375	375	-7.91072
376	376	-56.0827
377	377	19.9126
378	378	-27.5883
379	379	-20.6636
380	380	47.7651
381	381	1.75042
382	382	11.5747
383	383	-17.4524
384	384	-2.28876
385	385	21.2634
386	386	44.8786
387	387	3.33768
388	388	17.951
389	389	-7.24506
390	390	10.4704
391	391	-18.3121
392	392	44.4009
393	393	21.8701
394	394	-31.1569
395	395	14.1724
396	396	2.23761
397	397	-9.04258
398	398	26.6908
399	399	-21.0111
400	400	-17.3617
401	401	-18.1729
402	402	9.36067
403	403	25.4868
404	404	-0.946758
405	405	33.2152
406	406	25.1616
407	407	-21.231
408	408	24.9743
409	409	4.15269
410	410	17.915
411	411	4.23738
412	412	-22.9401
413	413	-7.97136
414	414	-22.9603
415	415	-8.99301
416	416	-15.7164
417	417	-15.2918
418	418	-2.86635
419	419	1.53914
420	420	40.4021
421	421	-3.20925
422	422	-0.570924
423	423	21.8258
424	424	-15.7376
425	425	-19.4022
426	426	22.1692
427	427	30.924
428	428	4.34684
429	429	38.7448
430	430	2.30701
431	431	-3.43107
432	432	31.8158
433	433	47.881
434	434	40.0595
435	435	14.9436
436	436	-13.132
437	437	-2.00254
438	438	2.51584
439	439	6.25451
440	440	-4.06698
441	441	51.4791
442	442	9.07227
443	443	0.604803
444	444	13.4243
445	445	46.1958
446	446	-49.7337
447	447	-8.25184
448	448	-2.63824
449	449	-13.9127
450	450	-14.2599
451	451	-1.4134
452	452	32.1896
453	453	18.7045
454	454	10.2421
455	455	-22.4679
456	456	14.1442
457	457	20.1526
458	458	6.91488
459	459	49.8901
460	460	-52.5702
461	461	-16.8707
462	462	-17.2048
463	463	12.3025
464	464	-27.1936
465	465	-24.4041
466	466	-18.4542
467	467	-13.946
468	468	3.28721
469	469	-6.20888
470	470	22.9412
471	471	-5.70375
472	472	8.9544
473	473	-4.89325
474	474	6.98832
475	475	-44.6469
476	476	-28.2583
477	477	-31.4122
478	478	-13.1871
479	479	-13.4861
480	480	14.6244
481	481	-3.66872
482	482	-17.5657
483	483	45.7063
484	484	5.52713
485	485	-62.1645
486	486	17.426
487	487	-4.01242
488	488	-3.82553
489	489	-22.038
490	490	13.4346
491	491	-0.584323
492	492	-14.5288
493	493	12.272
494	494	-3.20204
495	495	41.7793
496	496	-41.8963
497	497	27.0098
498	498	38.4404
499	499	-19.2024
500	500	-27.5235
501	501	17.4575
502	502	22.3658
503	503	3.80419
504	504	-12.5585
505	505	9.52953
506	506	-8.92278
507	507	26.9753
508	508	25.5966
509	509	7.6935
510	510	-44.063
511	511	-22.3759
512	512	49.9723
513	513	-20.1587
514	514	-14.2584
515	515	-21.2375
516	516	-17.7874
517	517	74.9536
518	518	1.30265
519	519	15.0933
520	520	57.8218
521	521	9.8996
522	522	29.345
523	523	-18.8806
524	524	-22.5722
525	525	5.34477
526	526	18.3326
527	527	-18.0927
528	528	39.7385
529	529	-10.2615
530	530	6.26779
531	531	-15.3801
532	532	-30.9104
533	533	1.67944
534	534	-8.09461
535	535	26.9476
536	536	9.41771
537	537	19.1732
538	538	-16.9932
539	539	-21.384
540	540	20.3281
541	541	17.8302
542	542	-16.6295
543	543	40.4299
544	544	32.3309
545	545	11.6628
546	546	-0.457095
547	547	19.9326
548	548	-6.95601
549	549	-19.4977
550	550	16.7808
551	551	8.50795
552	552	-2.86382
553	553	13.1499
554	554	52.8731
555	555	26.8759
556	556	-6.1676
557	557	-45.925
558	558	1.63633
559	559	-2.7149
560	560	-1.10731
561	561	-5.47392
562	562	-4.56195
563	563	-12.4935
564	564	9.64039
565	565	-8.51466
566	566	-21.0702
567	567	-14.7501
568	568	24.7281
569	569	-6.13665
570	570	-5.70918
571	571	-18.8573
572	572	1.51477
573	573	10.1014
574	574	9.66171
575	575	48.3206
576	576	11.469
577	577	-25.9325
578	578	-28.9827
579	579	11.3398
580	580	15.1467
581	581	3.41487
582	582	-10.5216
583	583	3.81964
584	584	22.3197
585	585	-12.1953
586	586	8.45531
587	587	-39.9896
588	588	-54.1683
589	589	-14.7777
590	590	25.505
591	591	31.8982
592	592	33.4554
593	593	28.7416
594	594	-2.98084
595	595	26.7381
596	596	14.8429
597	597	13.3116
598	598	-4.57297
599	599	22.2422
600	600	-3.89022
601	601	30.5418
602	602	-2.3792
603	603	-10.6168
604	604	13.231
605	605	-17.6897
606	606	27.2132
607	607	4.36719
608	608	-8.49199
609	609	33.9546
610	610	-6.0966
611	611	10.6112
612	612	3.83043
613	613	-14.2106
614	614	26.0654
615	615	-17.5949
616	616	15.1803
617	617	-22.5661
618	618	-4.15871
619	619	38.2337
620	620	2.84629
621	621	-19.5221
622	622	12.6621
623	623	-4.87322
624	624	1.17947
625	625	-14.5445
626	626	6.85993
627	627	27.3177
628	628	-20.5712
629	629	-5.17357
630	630	-5.80133
631	631	18.1922
632	632	31.2635
633	633	41.9959
634	634	18.2447
635	635	14.4712
636	636	-16.7071
637	637	-3.70725
638	638	6.81397
639	639	12.4979
640	640	-36.8161
641	641	-6.76063
642	642	-10.1763
643	643	-45.0135
644	644	3.20144
645	645	10.4731
646	646	20.0428
647	647	44.1814
648	648	43.3275
649	649	36.6562
650	650	-23.7462
651	651	29.1488
652	652	2.55128
653	653	-12.4572
654	654	9.49645
655	655	10.5778
656	656	-5.62534
657	657	-7.73984
658	658	-8.66438
659	659	21.5405
660	660	34.2375
661	661	8.81281
662	662	1.86103
663	663	21.02
664	664	3.3388
665	665	22.3098
666	666	19.4014
667	667	-38.803
668	668	-15.6115
669	669	-10.5924
670	670	-19.0465
671	671	25.7892
672	672	-22.6345
673	673	-19.0644
674	674	-61.3489
675	675	24.5979
676	676	-13.7024
677	677	33.7595
678	678	-17.5866
679	679	19.2686
680	680	-14.0938
681	681	-9.54677
682	682	18.2757
683	683	-5.51415
684	684	-21.2882
685	685	18.6615
686	686	14.4311
687	687	43.8806
688	688	19.8779
689	689	-11.1118
690	690	13.3566
691	691	-23.4462
692	692	-22.1115
693	693	16.8775
694	694	-22.678
695	695	-4.26264
696	696	-40.1359
697	697	-0.731528
698	698	12.004
699	699	17.9029
700	700	4.84293
701	701	25.593
702	702	-14.52
703	703	-16.769
704	704	-6.74461
705	705	20.925
706	706	23.2511
707	707	19.6602
708	708	-3.56721
709	709	-54.8078
710	710	-20.012
711	711	-7.24318
712	712	4.00016
713	713	37.0574
714	714	47.2155
715	715	3.8237
716	716	24.1184
717	717	13.6566
718	718	28.482
719	719	-17.4702
720	720	-2.84944
721	721	-9.65409
722	722	-19.6462
723	723	-59.1989
724	724	27.8099
725	725	9.58852
726	726	12.0934
727	727	23.4353
728	728	-20.6249
729	729	0.00147196
730	730	-31.1472
731	731	0.0782568
732	732	12.5984
733	733	-8.55896
734	734	14.4949
735	735	-6.55347
736	736	-25.4766
737	737	5.23165
738	738	-2.36135
739	739	-7.07775
740	740	13.7475
741	741	-31.9154
742	742	31.7249
743	743	-10.8501
744	744	-28.0204
745	745	-16.7959
746	746	-5.21257
747	747	-24.4875
748	748	-10.0201
749	749	-27.3538
750	750	0.300965
751	751	-29.2047
752	752	30.8314
753	753	19.8218
754	754	10.3299
755	755	-12.2844
756	756	-27.6857
757	757	-22.573
758	758	-13.0618
759	759	47.5162
760	760	30.1896
761	761	14.0072
762	762	0.0534954
763	763	-26.5789
764	764	-36.3441
765	765	-55.8819
766	766	-5.52935
767	767	-34.8751
768	768	-24.6166
769	769	-11.4744
770	770	6.34209
771	771	-28.0215
772	772	55.6035
773	773	17.5917
774	774	47.746
775	775	-23.9302
776	776	12.0789
777	777	-13.2696
778	778	-9.91518
779	779	-15.3021
780	780	37.5868
781	781	10.363
782	782	1.21572
783	783	42.8233
784	784	16.0377
785	785	-13.4807
786	786	9.0571
787	787	-24.4048
788	788	-5.9687
789	789	22.9021
790	790	-53.4795
791	791	22.8681
792	792	4.27034
793	793	6.07925
794	794	-4.12928
795	795	-24.6587
796	796	-16.3434
797	797	-10.3638
798	798	-4.38046
799	799	34.9486
800	800	-30.1835
801	801	-10.6835
802	802	-17.2632
803	803	8.78929
804	804	11.0026
805	805	-6.23824
806	806	10.5292
807	807	10.1316
808	808	16.0623
809	809	-25.1313
810	810	-19.3864
811	811	17.1432
812	812	-6.62562
813	813	38.1039
814	814	-32.7974
815	815	-6.33931
816	816	-36.2445
817	817	-35.6113
818	818	35.391
819	819	-24.096
820	820	-36.2185
821	821	-24.3426
822	822	-6.49193
823	823	17.3263
824	824	-33.3288
825	825	-2.14505
826	826	12.3326
827	827	-37.7584
828	828	14.4634
829	829	36.9523
830	830	-22.4382
831	831	-11.5736
832	832	7.89609
833	833	-31.209
834	834	-3.63897
835	835	2.87519
836	836	24.7475
837	837	-26.5093
838	838	9.65484
839	839	27.418
840	840	25.1244
841	841	19.8552
842	842	12.3321
843	843	-23.4143
844	844	22.7673
845	845	43.8298
846	846	21.5457
847	847	-58.8776
848	848	8.26876
849	849	-3.16175
850	850	-26.8744
851	851	-20.2054
852	852	-31.7992
853	853	-1.90479
854	854	-10.8692
855	855	-4.89417
856	856	3.13555
857	857	36.0987
858	858	25.3908
859	859	32.251
860	860	-7.01844
861	861	-13.8311
862	862	-24.0884
863	863	-4.52901
864	864	18.136
865	865	-29.3968
866	866	-14.42
867	867	-18.4043
868	868	-10.9808
869	869	-12.9127
870	870	-1.7605
871	871	-0.109775
872	872	-20.4459
873	873	-7.9457
874	874	6.89171
875	875	31.6693
876	876	-31.6936
877	877	99.9468
878	878	37.9401
879	879	-9.5007
880	880	-18.8383
881	881	-38.251
882	882	0.477815
883	883	-4.24861
884	884	-27.3274
885	885	11.8869
886	886	-0.231622
887	887	9.20725
888	888	-15.2552
889	889	-3.9014
890	890	-5.85947
891	891	9.91236
892	892	31.993
893	893	1.6294
894	894	-7.27763
895	895	2.90562
896	896	-5.67237
897	897	25.2557
898	898	-10.08
899	899	21.7279
900	900	64.9443
901	901	-56.471
902	902	-16.538
903	903	-7.94844
904	904	-13.4777
905	905	10.4329
906	906	-22.5397
907	907	-0.389579
908	908	0.506859
909	909	-15.8882
910	910	-8.38438
911	911	30.2425
912	912	-22.3543
913	913	-9.06456
914	914	2.57172
915	915	7.93689
916	916	-31.0133
917	917	-7.10536
918	918	-24.1658
919	919	10.7473
920	920	-6.02836
921	921	16.9661
922	922	-1.21653
923	923	-19.1974
924	924	60.2269
925	925	-55.9972
926	926	-46.8733
927	927	22.7191
928	928	16.4798
929	929	78.7327
930	930	-23.867
931	931	-26.3171
932	932	-21.7141
933	933	-25.1833
934	934	63.0459
935	935	16.7008
936	936	1.76162
937	937	10.795
938	938	-32.8156
939	939	-13.6911
940	940	-5.15983
941	941	21.0797
942	942	19.0707
943	943	-56.7374
944	944	-9.80855
945	945	-10.0581
946	946	24.5955
947	947	-38.7606
948	948	15.1005
949	949	-11.1707
950	950	-9.72932
951	951	-25.7681
952	952	18.7975
953	953	-3.72751
954	954	30.7141
955	955	19.143
956	956	14.1041
957	957	-33.5697
958	958	43.8711
959	959	14.3915
960	960	20.0771
961	961	26.7957
962	962	-9.33675
963	963	7.8254
964	964	19.8171
965	965	1.43742
966	966	10.3373
967	967	9.13814
968	968	3.87817
969	969	6.56031
970	970	30.3058
971	971	31.572
972	972	5.2724
973	973	8.79311
974	974	-14.33
975	975	-9.03773
976	976	-2.98957
977	977	-35.6334
978	978	-8.36133
979	979	-16.9357
980	980	36.2307
981	981	-23.7069
982	982	27.0688
983	983	-8.95319
984	984	1.07366
985	985	-20.1837
986	986	37.1094
987	987	11.9506
988	988	3.41864
989	989	-0.223613
990	990	-17.7795
991	991	-39.6156
992	992	5.28581
993	993	35.6592
994	994	-30.4113
995	995	4.52191
996	996	-22.8318
997	997	-39.6312
998	998	-21.6216
999	999	-3.58251
1000	1000	-23.9478
1001	1001	22.5912
1002	1002	-30.7599
1003	1003	28.7353
1004	1004	-23.1514
1005	1005	-40.5776
1006	1006	-22.7375
1007	1007	-7.66933
1008	1008	-18.6246
1009	1009	-12.4734
1010	1010	9.13168
1011	1011	9.12208
1012	1012	16.7381
1013	1013	-13.7597
1014	1014	-4.65177
1015	1015	-9.28788
1016	1016	-0.333029
1017	1017	-9.61019
1018	1018	51.077
1019	1019	-16.2643
1020	1020	35.6141
1021	1021	0.194138
1022	1022	16.1825
1023	1023	43.5752
1024	1024	-18.8234
1025	1025	20.2858
1026	1026	-6.38714
1027	1027	15.5725
1028	1028	7.43455
1029	1029	21.975
1030	1030	-3.23785
1031	1031	23.5178
1032	1032	21.3139
1033	1033	-8.0579
1034	1034	39.5439
1035	1035	23.9478
1036	1036	38.5056
1037	1037	14.4146
1038	1038	-10.3463
1039	1039	29.1275
1040	1040	-13.6732
1041	1041	12.2882
1042	1042	-2.55936
1043	1043	-12.9509
1044	1044	-4.5317
1045	1045	-19.3864
1046	1046	13.4834
1047	1047	54.099
1048	1048	-46.0254
1049	1049	-6.78106
1050	1050	10.534
1051	1051	25.0469
1052	1052	15.3705
1053	1053	45.7721
1054	1054	-29.1491
1055	1055	-58.8142
1056	1056	4.96767
1057	1057	30.7046
1058	1058	-28.4507
1059	1059	-7.92851
1060	1060	16.7374
1061	1061	-32.7595
1062	1062	4.01892
1063	1063	-21.6189
1064	1064	13.2063
1065	1065	-84.3591
1066	1066	35.8601
1067	1067	5.50128
1068	1068	18.2646
1069	1069	9.61066
1070	1070	28.327
1071	1071	20.2225
1072	1072	-10.2526
1073	1073	33.8262
1074	1074	-24.4807
1075	1075	6.13184
1076	1076	-11.7931
1077	1077	23.5726
1078	1078	22.8224
1079	1079	-23.9701
1080	1080	25.9089
1081	1081	-35.9248
1082	1082	-13.3889
1083	1083	-0.17338
1084	1084	54.4848
1085	1085	0.674768
1086	1086	-20.8086
1087	1087	-11.1861
1088	1088	-0.248971
1089	1089	12.356
1090	1090	13.1946
1091	1091	-17.4868
1092	1092	-11.2471
1093	1093	18.3708
1094	1094	-3.25101
1095	1095	2.81489
1096	1096	26.2622
1097	1097	6.50099
1098	1098	-13.4773
1099	1099	41.7789
1100	1100	-1.58022
1101	1101	13.0464
1102	1102	-31.1442
1103	1103	7.43718
1104	1104	1.97339
1105	1105	11.9384
1106	1106	-19.8046
1107	1107	8.3254
1108	1108	-2.12733
1109	1109	-1.8927
1110	1110	-33.148
1111	1111	-9.51185
1112	1112	-23.914
1113	1113	-45.5811
1114	1114	14.2905
1115	1115	-14.9565
1116	1116	6.97789
1117	1117	6.29513
1118	1118	-42.3123
1119	1119	-38.8289
1120	1120	18.9646
1121	1121	23.018
1122	1122	44.1488
1123	1123	18.7591
1124	1124	30.2648
1125	1125	6.11728
1126	1126	-7.78778
1127	1127	-8.28475
1128	1128	42.9168
1129	1129	-6.10645
1130	1130	-34.1736
1131	1131	25.2789
1132	1132	35.491
1133	1133	19.9813
1134	1134	-9.20432
1135	1135	-12.625
1136	1136	-10.239
1137	1137	-6.03931
1138	1138	-38.0724
1139	1139	13.5889
1140	1140	-33.0273
1141	1141	23.2985
1142	1142	18.4979
1143	1143	-14.2481
1144	1144	21.621
1145	1145	26.385
1146	1146	17.6353
1147	1147	-19.236
1148	1148	-12.7757
1149	1149	-9.87702
1150	1150	12.5795
1151	1151	-38.1114
1152	1152	-14.2408
1153	1153	8.27105
1154	1154	-6.77294
1155	1155	-41.0209
1156	1156	-4.33546
1157	1157	1.69628
1158	1158	-35.9768
1159	1159	-4.45531
1160	1160	23.655
1161	1161	31.2277
1162	1162	30.2369
1163	1163	-53.0652
1164	1164	-19.7096
1165	1165	-18.9778
1166	1166	-21.4486
1167	1167	-32.726
1168	1168	-22.4089
1169	1169	19.728
1170	1170	-51.48
1171	1171	-13.547
1172	1172	11.8883
1173	1173	-31.82
1174	1174	3.47835
1175	1175	-14.896
1176	1176	-0.466034
1177	1177	53.5822
1178	1178	-20.5975
1179	1179	-25.3872
1180	1180	20.7481
1181	1181	15.9473
1182	1182	-33.8848
1183	1183	-10.6178
1184	1184	7.56975
1185	1185	-22.3453
1186	1186	25.7434
1187	1187	-14.3934
1188	1188	-31.5305
1189	1189	-26.2962
1190	1190	-3.62693
1191	1191	-18.9903
1192	1192	-22.1292
1193	1193	-47.6797
1194	1194	-0.241747
1195	1195	-14.9607
1196	1196	-48.7312
1197	1197	7.04199
1198	1198	-35.323
1199	1199	-4.63596
1200	1200	-40.3265
1201	1201	6.62354
1202	1202	3.4758
1203	1203	36.9533
1204	1204	-21.1497
1205	1205	21.7366
1206	1206	-30.6212
1207	1207	-15.8166
1208	1208	40.875
1209	1209	7.31946
1210	1210	7.46908
1211	1211	4.69504
1212	1212	1.94526
1213	1213	-37.8637
1214	1214	14.8939
1215	1215	-39.6335
1216	1216	-31.4472
1217	1217	-4.86817
1218	1218	-30.3453
1219	1219	13.8414
1220	1220	-10.4307
1221	1221	-12.5733
1222	1222	-16.64
1223	1223	-43.6375
1224	1224	26.6756
1225	1225	12.1676
1226	1226	12.8569
1227	1227	35.1407
1228	1228	-22.867
1229	1229	19.2572
1230	1230	49.7906
1231	1231	1.53407
1232	1232	-43.8181
1233	1233	15.884
1234	1234	-11.2832
1235	1235	-32.5255
1236	1236	-17.5133
1237	1237	13.3123
1238	1238	6.34188
1239	1239	24.7417
1240	1240	-10.031
1241	1241	-14.8433
1242	1242	-58.2832
1243	1243	38.1525
1244	1244	-55.4675
1245	1245	28.3018
1246	1246	-28.6753
1247	1247	12.5998
1248	1248	-9.92448
1249	1249	27.6144
1250	1250	-26.3513
1251	1251	2.54673
1252	1252	9.22819
1253	1253	-6.36788
1254	1254	7.50973
1255	1255	2.07682
1256	1256	-0.845884
1257	1257	-2.42054
1258	1258	0.473033
1259	1259	-16.4925
1260	1260	22.7653
1261	1261	-18.7125
1262	1262	-25.3839
1263	1263	0.597638
1264	1264	-26.7637
1265	1265	2.28444
1266	1266	-5.28011
1267	1267	13.7025
1268	1268	12.1897
1269	1269	33.3639
1270	1270	0.0385631
1271	1271	-14.4247
1272	1272	43.248
1273	1273	-33.9348
1274	1274	21.6875
1275	1275	-24.2016
1276	1276	11.1702
1277	1277	37.794
1278	1278	-3.36393
1279	1279	8.99222
1280	1280	-2.18388
1281	1281	63.4254
1282	1282	-7.15377
1283	1283	40.1799
1284	1284	-11.1882
1285	1285	2.18159
1286	1286	-23.2906
1287	1287	30.947
1288	1288	15.7894
1289	1289	28.2387
1290	1290	-33.4958
1291	1291	-16.3483
1292	1292	26.9086
1293	1293	22.4085
1294	1294	-17.3661
1295	1295	-8.49907
1296	1296	17.2327
1297	1297	23.0175
1298	1298	-11.5052
1299	1299	-14.1486
1300	1300	-14.26
1301	1301	-30.0575
1302	1302	-1.45051
1303	1303	52.3197
1304	1304	11.2964
1305	1305	27.6756
1306	1306	25.4562
1307	1307	27.4424
1308	1308	8.08368
1309	1309	-10.6186
1310	1310	-52.126
1311	1311	-21.9649
1312	1312	21.3029
1313	1313	13.4112
1314	1314	21.8782
1315	1315	-0.985355
1316	1316	-2.38185
1317	1317	7.70111
1318	1318	-47.361
1319	1319	7.29069
1320	1320	16.5153
1321	1321	-15.5313
1322	1322	21.7584
1323	1323	27.2239
1324	1324	10.7214
1325	1325	-12.7063
1326	1326	-28.9011
1327	1327	24.6677
1328	1328	-1.99406
1329	1329	-6.3727
1330	1330	36.7798
1331	1331	-21.1938
1332	1332	1.38986
1333	1333	16.3524
1334	1334	-0.421948
1335	1335	2.63937
1336	1336	18.0584
1337	1337	-3.51599
1338	1338	2.78968
1339	1339	-4.63458
1340	1340	29.3507
1341	1341	13.0961
1342	1342	-12.7957
1343	1343	2.38542
1344	1344	4.74397
1345	1345	14.3421
1346	1346	-14.5933
1347	1347	-15.4255
1348	1348	13.4368
1349	1349	8.23478
1350	1350	-8.17477
1351	1351	-5.42822
1352	1352	1.62918
1353	1353	-6.25374
1354	1354	7.43656
1355	1355	34.1807
1356	1356	30.6652
1357	1357	32.5947
1358	1358	18.6131
1359	1359	-8.29689
1360	1360	-7.27855
1361	1361	11.9285
1362	1362	39.669
1363	1363	39.6519
1364	1364	51.6295
1365	1365	-14.2063
1366	1366	-2.19404
1367	1367	-0.814774
1368	1368	-13.0118
1369	1369	14.9743
1370	1370	-17.3326
1371	1371	5.4261
1372	1372	20.5176
1373	1373	-22.257
1374	1374	0.727175
1375	1375	-29.1419
1376	1376	27.0622
1377	1377	-35.865
1378	1378	15.0487
1379	1379	-8.16841
1380	1380	1.71138
1381	1381	64.3782
1382	1382	40.4025
1383	1383	11.8885
1384	1384	1.2833
1385	1385	0.600224
1386	1386	57.3494
1387	1387	38.6183
1388	1388	-30.0444
1389	1389	5.65106
1390	1390	13.8458
1391	1391	0.106268
1392	1392	-22.5517
1393	1393	23.4159
1394	1394	47.1391
1395	1395	31.553
1396	1396	-38.7514
1397	1397	42.6382
1398	1398	-2.58507
1399	1399	26.2066
1400	1400	-5.56591
1401	1401	-24.7086
1402	1402	4.55845
1403	1403	11.615
1404	1404	-18.5344
1405	1405	18.2966
1406	1406	8.43899
1407	1407	16.4599
1408	1408	58.384
1409	1409	-22.778
1410	1410	-19.5565
1411	1411	19.4639
1412	1412	0.102054
1413	1413	-33.2152
1414	1414	-19.3387
1415	1415	31.4975
1416	1416	7.16715
1417	1417	-1.2249
1418	1418	-28.1502
1419	1419	-1.85247
1420	1420	-16.9904
1421	1421	3.73804
1422	1422	-35.507
1423	1423	-7.71411
1424	1424	28.055
1425	1425	18.7431
1426	1426	-40.8322
1427	1427	-5.48506
1428	1428	-4.67507
1429	1429	-44.6279
1430	1430	21.631
1431	1431	33.4981
1432	1432	3.59367
1433	1433	-25.7779
1434	1434	-11.2978
1435	1435	-18.5158
1436	1436	-16.011
1437	1437	-12.3223
1438	1438	82.1636
1439	1439	-2.21947
1440	1440	36.1391
1441	1441	13.3012
1442	1442	2.28894
1443	1443	-12.6112
1444	1444	-45.4763
1445	1445	10.6561
1446	1446	-7.30549
1447	1447	-5.80616
1448	1448	21.9703
1449	1449	-28.1698
1450	1450	-20.511
1451	1451	-4.01274
1452	1452	-15.9617
1453	1453	-8.05173
1454	1454	45.6829
1455	1455	-23.1973
1456	1456	-2.04167
1457	1457	12.7561
1458	1458	8.84066
1459	1459	4.42444
1460	1460	6.44947
1461	1461	-13.5119
1462	1462	-52.0008
1463	1463	4.11786
1464	1464	5.37755
1465	1465	19.0554
1466	1466	15.0451
1467	1467	20.2482
1468	1468	7.69964
1469	1469	29.6118
1470	1470	-27.698
1471	1471	17.7465
1472	1472	-1.78211
1473	1473	26.0239
1474	1474	4.81609
1475	1475	-5.84023
1476	1476	-21.3456
1477	1477	1.13094
1478	1478	27.9009
1479	1479	3.93896
1480	1480	-58.6429
1481	1481	-5.34058
1482	1482	-4.54346
1483	1483	21.9191
1484	1484	-7.02867
1485	1485	-34.6604
1486	1486	-5.53525
1487	1487	-15.5333
1488	1488	1.99131
1489	1489	58.1992
1490	1490	2.62426
1491	1491	-0.404564
1492	1492	17.3964
1493	1493	14.4088
1494	1494	28.3523
1495	1495	-3.95662
1496	1496	21.139
1497	1497	30.6067
1498	1498	23.5543
1499	1499	-13.3075
1500	1500	-1.15034
1501	1501	-0.697244
1502	1502	-14.712
1503	1503	16.1692
1504	1504	17.1817
1505	1505	-17.7299
1506	1506	-44.0261
1507	1507	-7.15035
1508	1508	22.2109
1509	1509	21.4767
1510	1510	-41.2259
1511	1511	-13.6076
1512	1512	1.41013
1513	1513	13.2571
1514	1514	-5.85029
1515	1515	-34.5956
1516	1516	3.9063
1517	1517	-12.6346
1518	1518	-25.0289
1519	1519	-25.4599
1520	1520	-14.24
1521	1521	-7.25141
1522	1522	-4.75195
1523	1523	-17.4143
1524	1524	32.5994
1525	1525	30.7168
1526	1526	-10.5432
1527	1527	-29.0412
1528	1528	59.7906
1529	1529	24.132
1530	1530	4.87611
1531	1531	25.609
1532	1532	7.95291
1533	1533	-13.1627
1534	1534	27.3473
1535	1535	21.4675
1536	1536	15.3972
1537	1537	5.40346
1538	1538	-3.51244
1539	1539	-16.6062
1540	1540	23.2318
1541	1541	-0.494567
1542	1542	-46.3415
1543	1543	-43.3227
1544	1544	-8.99183
1545	1545	-6.9808
1546	1546	25.3456
1547	1547	13.6316
1548	1548	10.9595
1549	1549	-8.963
1550	1550	18.6656
1551	1551	-1.97301
1552	1552	17.0497
1553	1553	16.4944
1554	1554	-22.0693
1555	1555	-0.116695
1556	1556	-11.9593
1557	1557	34.0152
1558	1558	28.1066
1559	1559	25.8915
1560	1560	-30.7227
1561	1561	-11.4296
1562	1562	38.463
1563	1563	24.1328
1564	1564	5.13887
1565	1565	-10.7194
1566	1566	-9.04619
1567	1567	-17.3231
1568	1568	7.74947
1569	1569	33.0718
1570	1570	-9.28662
1571	1571	40.0585
1572	1572	-30.9433
1573	1573	11.1352
1574	1574	16.1045
1575	1575	4.24485
1576	1576	19.2661
1577	1577	-7.44997
1578	1578	-1.27416
1579	1579	20.0598
1580	1580	1.92474
1581	1581	53.951
1582	1582	-39.9932
1583	1583	17.9822
1584	1584	-2.08783
1585	1585	-23.9066
1586	1586	33.8419
1587	1587	-27.1353
1588	1588	-31.1118
1589	1589	-20.1975
1590	1590	-13.5778
1591	1591	-49.2896
1592	1592	15.0088
1593	1593	-7.79731
1594	1594	-27.5433
1595	1595	5.4058
1596	1596	-7.53296
1597	1597	47.4487
1598	1598	3.23698
1599	1599	-23.3987
1600	1600	-1.47335
1601	1601	-13.2108
1602	1602	-11.6366
1603	1603	-7.57828
1604	1604	3.66232
1605	1605	-14.2584
1606	1606	-14.9056
1607	1607	-25.5152
1608	1608	-18.7249
1609	1609	-1.85102
1610	1610	-7.9287
1611	1611	7.12761
1612	1612	33.2285
1613	1613	-26.3371
1614	1614	-16.5553
1615	1615	7.28148
1616	1616	-1.83428
1617	1617	-56.9957
1618	1618	17.5976
1619	1619	42.1352
1620	1620	-24.8755
1621	1621	-11.9079
1622	1622	-14.5274
1623	1623	-39.5037
1624	1624	-19.1262
1625	1625	-46.4097
1626	1626	32.253
1627	1627	1.86642
1628	1628	-6.30491
1629	1629	-19.0622
1630	1630	6.13115
1631	1631	-23.4005
1632	1632	27.9836
1633	1633	21.2058
1634	1634	11.2823
1635	1635	-1.94932
1636	1636	10.5847
1637	1637	49.9913
1638	1638	30.5926
1639	1639	-14.9048
1640	1640	32.124
1641	1641	29.4348
1642	1642	18.0789
1643	1643	-23.727
1644	1644	-8.35995
1645	1645	-9.58517
1646	1646	25.6108
1647	1647	37.6503
1648	1648	-11.9212
1649	1649	-46.8859
1650	1650	-48.1256
1651	1651	3.75243
1652	1652	6.61601
1653	1653	23.7533
1654	1654	-22.3382
1655	1655	-1.90097
1656	1656	15.8218
1657	1657	-1.62247
1658	1658	28.74
1659	1659	19.5231
1660	1660	15.4167
1661	1661	8.81413
1662	1662	-3.25246
1663	1663	36.7395
1664	1664	-9.44073
1665	1665	10.464
1666	1666	-4.55474
1667	1667	-8.53449
1668	1668	6.42442
1669	1669	12.5277
1670	1670	-19.2349
1671	1671	34.7054
1672	1672	5.15329
1673	1673	6.43292
1674	1674	-58.0556
1675	1675	-16.5491
1676	1676	1.05428
1677	1677	-9.05857
1678	1678	2.99336
1679	1679	11.9163
1680	1680	12.7228
1681	1681	-6.79392
1682	1682	7.73648
1683	1683	1.44772
1684	1684	14.7963
1685	1685	12.9424
1686	1686	10.5264
1687	1687	26.1752
1688	1688	-6.47276
1689	1689	-54.2734
1690	1690	-35.2383
1691	1691	-17.9453
1692	1692	-18.1444
1693	1693	8.18546
1694	1694	6.70566
1695	1695	4.58174
1696	1696	10.5386
1697	1697	-24.2166
1698	1698	-13.4483
1699	1699	-22.7029
1700	1700	4.41851
1701	1701	7.39947
1702	1702	-22.9676
1703	1703	-0.982996
1704	1704	46.1609
1705	1705	-25.7941
1706	1706	-13.2268
1707	1707	-6.38857
1708	1708	-34.9752
1709	1709	-5.75617
1710	1710	-1.1082
1711	1711	-5.67187
1712	1712	-11.6064
1713	1713	25.7923
1714	1714	34.6897
1715	1715	2.64857
1716	1716	-31.0866
1717	1717	9.351
1718	1718	37.0183
1719	1719	39.4204
1720	1720	21.6165
1721	1721	-4.324
1722	1722	2.85366
1723	1723	19.411
1724	1724	-9.17329
1725	1725	-23.0607
1726	1726	-17.0871
1727	1727	-5.91064
1728	1728	8.55811
1729	1729	6.03147
1730	1730	-35.3887
1731	1731	-16.2381
1732	1732	-32.4275
1733	1733	35.2087
1734	1734	1.42334
1735	1735	-35.317
1736	1736	-1.54065
1737	1737	11.2358
1738	1738	-15.6236
1739	1739	25.2923
1740	1740	-7.62489
1741	1741	-9.59066
1742	1742	-37.1063
1743	1743	9.80391
1744	1744	18.3199
1745	1745	-11.1058
1746	1746	14.8542
1747	1747	-47.1908
1748	1748	21.7397
1749	1749	8.3935
1750	1750	-20.4676
1751	1751	-12.237
1752	1752	8.96391
1753	1753	-4.08093
1754	1754	2.12541
1755	1755	-0.416915
1756	1756	-9.48808
1757	1757	-3.10769
1758	1758	10.1757
1759	1759	48.8649
1760	1760	-21.3404
1761	1761	-5.22935
1762	1762	-31.7058
1763	1763	-60.0669
1764	1764	6.87226
1765	1765	4.80455
1766	1766	-6.20012
1767	1767	-40.9954
1768	1768	6.93794
1769	1769	-1.70731
1770	1770	-17.9938
1771	1771	-11.9944
1772	1772	-9.74635
1773	1773	-6.55002
1774	1774	12.1969
1775	1775	12.4892
1776	1776	-7.43697
1777	1777	15.6525
1778	1778	-17.0263
1779	1779	9.0386
1780	1780	12.6912
1781	1781	-8.41776
1782	1782	7.02003
1783	1783	0.192268
1784	1784	23.9439
1785	1785	4.37475
1786	1786	-46.6957
1787	1787	-24.0977
1788	1788	41.8588
1789	1789	-20.0068
1790	1790	29.989
1791	1791	-9.26337
1792	1792	-19.6892
1793	1793	16.7143
1794	1794	-16.5552
1795	1795	39.8449
1796	1796	-28.6383
1797	1797	-35.6516
1798	1798	-4.70268
1799	1799	-25.9549
1800	1800	24.5455
1801	1801	-15.3448
1802	1802	-15.8229
1803	1803	-10.7947
1804	1804	-11.9261
1805	1805	2.78471
1806	1806	14.1329
1807	1807	13.9527
1808	1808	16.1423
1809	1809	-8.36792
1810	1810	31.4314
1811	1811	27.1155
1812	1812	4.76736
1813	1813	-11.7331
1814	1814	24.7759
1815	1815	-6.83741
1816	1816	14.121
1817	1817	49.4127
1818	1818	12.452
1819	1819	-1.56731
1820	1820	-4.99584
1821	1821	29.8025
1822	1822	-5.84432
1823	1823	15.7041
1824	1824	46.7645
1825	1825	-6.65512
1826	1826	-14.5858
1827	1827	38.7122
1828	1828	38.3125
1829	1829	-10.2598
1830	1830	9.60998
1831	1831	-14.7724
1832	1832	-6.45269
1833	1833	-11.2619
1834	1834	25.9381
1835	1835	28.968
1836	1836	-4.91658
1837	1837	-14.3101
1838	1838	14.0882
1839	1839	10.1473
1840	1840	3.75718
1841	1841	-13.6878
1842	1842	15.7956
1843	1843	-18.8611
1844	1844	-19.2207
1845	1845	-17.1221
1846	1846	36.0283
1847	1847	27.7757
1848	1848	3.28903
1849	1849	22.5947
1850	1850	12.8045
1851	1851	-18.4017
1852	1852	-25.8392
1853	1853	-27.4593
1854	1854	-10.2636
1855	1855	12.1635
1856	1856	0.0459202
1857	1857	16.1619
1858	1858	-9.5946
1859	1859	-1.26063
1860	1860	-8.72474
1861	1861	-13.0575
1862	1862	33.0311
1863	1863	8.74498
1864	1864	3.59092
1865	1865	21.2337
1866	1866	11.7524
1867	1867	-5.59086
1868	1868	-44.4357
1869	1869	-10.9362
1870	1870	20.9424
1871	1871	-16.3243
1872	1872	17.7198
1873	1873	1.44566
1874	1874	14.8916
1875	1875	26.1709
1876	1876	-3.44758
1877	1877	-24.4098
1878	1878	-13.7104
1879	1879	-36.934
1880	1880	-28.5832
1881	1881	-6.36225
1882	1882	25.2658
1883	1883	-31.7052
1884	1884	-30.7381
1885	1885	9.49027
1886	1886	-5.42603
1887	1887	12.3925
1888	1888	-40.8705
1889	1889	-1.4933
1890	1890	-1.01508
1891	1891	-5.02213
1892	1892	28.0307
1893	1893	-11.961
1894	1894	-2.33752
1895	1895	31.7219
1896	1896	6.93663
1897	1897	-33.5739
1898	1898	-34.452
1899	1899	40.4422
1900	1900	52.4124
1901	1901	-43.8003
1902	1902	-8.92307
1903	1903	15.7763
1904	1904	1.48416
1905	1905	13.3745
1906	1906	-4.33544
1907	1907	28.1332
1908	1908	28.8818
1909	1909	35.0762
1910	1910	6.01667
1911	1911	-28.2177
1912	1912	-6.31524
1913	1913	-13.1092
1914	1914	-20.0583
1915	1915	-35.0227
1916	1916	9.02757
1917	1917	-31.5176
1918	1918	-32.0485
1919	1919	21.4326
1920	1920	-14.8112
1921	1921	31.9839
1922	1922	14.3854
1923	1923	-12.2832
1924	1924	-12.5818
1925	1925	-24.258
1926	1926	-15.5044
1927	1927	8.05967
1928	1928	5.49332
1929	1929	-5.79473
1930	1930	7.96768
1931	1931	23.5301
1932	1932	1.02353
1933	1933	-43.0399
1934	1934	15.5558
1935	1935	-7.58781
1936	1936	0.144682
1937	1937	3.52406
1938	1938	14.046
1939	1939	-11.7748
1940	1940	-4.13248
1941	1941	21.3277
1942	1942	28.2502
1943	1943	-10.0941
1944	1944	-53.5829
1945	1945	43.9304
1946	1946	-2.32318
1947	1947	9.39441
1948	1948	14.8887
1949	1949	-10.1163
1950	1950	14.0408
1951	1951	9.70245
1952	1952	-20.2084
1953	1953	-6.87016
1954	1954	19.4242
1955	1955	30.9429
1956	1956	0.775974
1957	1957	-6.19671
1958	1958	25.0942
1959	1959	-4.67057
1960	1960	-11.8146
1961	1961	9.29638
1962	1962	-2.39665
1963	1963	29.2541
1964	1964	2.92335
1965	1965	-27.006
1966	1966	6.82637
1967	1967	-11.3316
1968	1968	-33.8398
1969	1969	11.3322
1970	1970	-16.9019
1971	1971	20.5135
1972	1972	3.44469
1973	1973	30.5185
1974	1974	4.6064
1975	1975	7.95921
1976	1976	27.3769
1977	1977	20.3688
1978	1978	-36.3448
1979	1979	15.9108
1980	1980	7.30117
1981	1981	-8.37118
1982	1982	15.2564
1983	1983	-15.6518
1984	1984	32.7352
1985	1985	-8.26216
1986	1986	-23.8771
1987	1987	-38.1083
1988	1988	-0.22386
1989	1989	17.4158
1990	1990	-20.8492
1991	1991	-14.9264
1992	1992	34.2944
1993	1993	2.87376
1994	1994	-3.68196
1995	1995	-2.31948
1996	1996	-32.9559
1997	1997	-30.0386
1998	1998	15.3047
1999	1999	-13.591
2000	2000	0.348352
2001	2001	-0.732016
2002	2002	-9.47212
2003	2003	-6.95348
2004	2004	14.0541
2005	2005	30.7852
2006	2006	-23.5325
2007	2007	-4.14445
2008	2008	0.88635
2009	2009	36.7283
2010	2010	46.5168
2011	2011	-10.4652
2012	2012	-34.9723
2013	2013	-2.71038
2014	2014	-28.067
2015	2015	30.8607
2016	2016	34.0609
2017	2017	25.7058
2018	2018	-23.6176
2019	2019	-36.083
2020	2020	9.62474
2021	2021	-14.8098
2022	2022	3.4702
2023	2023	17.0308
2024	2024	10.4579
2025	2025	13.4551
2026	2026	1.22476
2027	2027	15.903
2028	2028	-34.0522
2029	2029	42.8245
2030	2030	-30.4179
2031	2031	-15.6862
2032	2032	54.1339
2033	2033	-15.2976
2034	2034	9.38462
2035	2035	20.5546
2036	2036	43.9993
2037	2037	-25.8924
2038	2038	13.691
2039	2039	-29.7573
2040	2040	55.7342
2041	2041	-19.5562
2042	2042	9.09376
2043	2043	-15.9611
2044	2044	6.89639
2045	2045	27.1836
2046	2046	-37.701
2047	2047	-0.460292
2048	2048	10.6104
2049	2049	-5.59893
2050	2050	18.6096
2051	2051	17.8128
2052	2052	-10.066
2053	2053	100.653
2054	2054	-27.9971
2055	2055	13.7602
2056	2056	-9.88114
2057	2057	15.7339
2058	2058	10.5995
2059	2059	-26.7501
2060	2060	-1.06017
2061	2061	-8.75486
2062	2062	-22.1497
2063	2063	32.7144
2064	2064	26.7513
2065	2065	21.4637
2066	2066	-12.473
2067	2067	-14.0301
2068	2068	-28.5503
2069	2069	17.1673
2070	2070	7.59755
2071	2071	10.8171
2072	2072	-41.7233
2073	2073	26.0371
2074	2074	-12.9025
2075	2075	-19.6534
2076	2076	-11.6359
2077	2077	-20.3536
2078	2078	-22.9373
2079	2079	22.5256
2080	2080	13.9839
2081	2081	3.71406
2082	2082	17.9796
2083	2083	-7.23538
2084	2084	2.81285
2085	2085	-37.7367
2086	2086	-24.7468
2087	2087	-5.83439
2088	2088	-28.5962
2089	2089	34.1129
2090	2090	16.3282
2091	2091	26.4675
2092	2092	-50.7444
2093	2093	40.7147
2094	2094	-44.608
2095	2095	16.8837
2096	2096	-1.35359
2097	2097	13.7274
2098	2098	-26.1114
2099	2099	-27.7006
2100	2100	14.4348
2101	2101	22.7194
2102	2102	8.47899
2103	2103	-31.1584
2104	2104	4.28853
2105	2105	-31.3172
2106	2106	-27.8605
2107	2107	-2.93314
2108	2108	-31.9475
2109	2109	8.86251
2110	2110	44.7366
2111	2111	-17.7396
2112	2112	-18.7989
2113	2113	-10.1831
2114	2114	1.81001
2115	2115	-26.5808
2116	2116	-33.7948
2117	2117	-24.1999
2118	2118	-47.1876
2119	2119	-2.69075
2120	2120	7.84389
2121	2121	21.605
2122	2122	-23.0632
2123	2123	1.8369
2124	2124	13.341
2125	2125	13.9231
2126	2126	-26.0246
2127	2127	-22.1186
2128	2128	-38.0661
2129	2129	3.20299
2130	2130	39.1613
2131	2131	4.00206
2132	2132	-19.0703
2133	2133	-8.33691
2134	2134	20.3919
2135	2135	-15.2527
2136	2136	19.8209
2137	2137	-23.5826
2138	2138	35.8475
2139	2139	-29.3541
2140	2140	2.86759
2141	2141	6.96361
2142	2142	-24.4699
2143	2143	-20.9342
2144	2144	-7.02108
2145	2145	32.0882
2146	2146	-18.7319
2147	2147	-5.7687
2148	2148	14.4144
2149	2149	48.1777
2150	2150	10.4661
2151	2151	34.3941
2152	2152	51.3581
2153	2153	-16.1816
2154	2154	17.8584
2155	2155	21.4392
2156	2156	-5.98037
2157	2157	-14.2195
2158	2158	17.063
2159	2159	-39.2604
2160	2160	1.46602
2161	2161	14.3588
2162	2162	11.9514
2163	2163	12.1789
2164	2164	-40.0435
2165	2165	-7.76173
2166	2166	4.24533
2167	2167	6.75044
2168	2168	-28.8663
2169	2169	-2.16243
2170	2170	0.968444
2171	2171	-41.6408
2172	2172	-0.826548
2173	2173	54.0221
2174	2174	34.9075
2175	2175	-47.7332
2176	2176	3.30673
2177	2177	-11.9685
2178	2178	-27.0487
2179	2179	31.1165
2180	2180	-3.49183
2181	2181	-19.3085
2182	2182	-33.1269
2183	2183	-15.7058
2184	2184	63.8085
2185	2185	15.9788
2186	2186	-9.96284
2187	2187	36.0367
2188	2188	25.7467
2189	2189	-23.9497
2190	2190	-25.2331
2191	2191	-12.4439
2192	2192	-44.1243
2193	2193	-22.5612
2194	2194	-31.996
2195	2195	46.6151
2196	2196	32.181
2197	2197	-22.9522
2198	2198	-10.5219
2199	2199	-42.3781
2200	2200	5.01643
2201	2201	36.7055
2202	2202	-8.45622
2203	2203	28.5541
2204	2204	35.7066
2205	2205	22.1801
2206	2206	-29.1474
2207	2207	-37.2602
2208	2208	-37.7315
2209	2209	-1.19866
2210	2210	-36.9246
2211	2211	12.2189
2212	2212	1.35032
2213	2213	41.5832
2214	2214	-1.63957
2215	2215	1.94717
2216	2216	10.1004
2217	2217	55.2846
2218	2218	-1.78809
2219	2219	-20.4747
2220	2220	23.3154
2221	2221	-4.28297
2222	2222	58.0996
2223	2223	-1.40637
2224	2224	17.5109
2225	2225	51.1333
2226	2226	11.5578
2227	2227	24.6479
2228	2228	-19.1691
2229	2229	9.63872
2230	2230	14.9363
2231	2231	30.2826
2232	2232	-0.604017
2233	2233	23.7366
2234	2234	-26.2183
2235	2235	1.57259
2236	2236	14.4423
2237	2237	-30.9625
2238	2238	38.0722
2239	2239	1.06757
2240	2240	-28.6875
2241	2241	-1.53926
2242	2242	-10.2423
2243	2243	8.24027
2244	2244	16.3592
2245	2245	-9.70275
2246	2246	-15.0735
2247	2247	20.0512
2248	2248	1.65728
2249	2249	38.8972
2250	2250	-34.5884
2251	2251	-19.2278
2252	2252	15.1143
2253	2253	13.0051
2254	2254	3.92375
2255	2255	-4.44351
2256	2256	-25.9246
2257	2257	-8.77111
2258	2258	12.2772
2259	2259	-1.24385
2260	2260	25.2902
2261	2261	-30.8168
2262	2262	-0.91857
2263	2263	-23.9205
2264	2264	-16.1997
2265	2265	-35.5111
2266	2266	-26.398
2267	2267	5.43794
2268	2268	38.9625
2269	2269	6.70137
2270	2270	1.45545
2271	2271	-20.6462
2272	2272	40.9827
2273	2273	10.9694
2274	2274	0.00246994
2275	2275	28.0615
2276	2276	68.9877
2277	2277	28.7716
2278	2278	-31.2141
2279	2279	-3.07796
2280	2280	17.2589
2281	2281	-5.14662
2282	2282	-26.3946
2283	2283	-25.9882
2284	2284	-18.0544
2285	2285	-26.9825
2286	2286	7.5922
2287	2287	37.7305
2288	2288	-35.2477
2289	2289	16.3557
2290	2290	-0.523999
2291	2291	26.5294
2292	2292	-9.98291
2293	2293	-0.88189
2294	2294	23.7558
2295	2295	17.8425
2296	2296	33.6124
2297	2297	3.04288
2298	2298	2.11901
2299	2299	31.2745
2300	2300	-21.8116
2301	2301	-24.2257
2302	2302	-44.7065
2303	2303	-21.5983
2304	2304	-5.54524
2305	2305	37.0979
2306	2306	-32.4314
2307	2307	-24.4569
2308	2308	-22.667
2309	2309	30.8261
2310	2310	13.3395
2311	2311	-23.8256
2312	2312	5.24452
2313	2313	-24.4999
2314	2314	7.05959
2315	2315	-17.4872
2316	2316	-52.5849
2317	2317	-1.49147
2318	2318	-2.20246
2319	2319	-8.92709
2320	2320	-29.5574
2321	2321	-6.59511
2322	2322	-17.5789
2323	2323	-13.6152
2324	2324	13.8263
2325	2325	-6.89457
2326	2326	23.3225
2327	2327	18.2279
2328	2328	-15.2747
2329	2329	-4.06519
2330	2330	-3.66364
2331	2331	1.4013
2332	2332	-0.46902
2333	2333	-23.697
2334	2334	-25.6249
2335	2335	30.1024
2336	2336	-21.4712
2337	2337	-18.6877
2338	2338	-10.8017
2339	2339	-3.74695
2340	2340	-23.1171
2341	2341	-49.2835
2342	2342	-28.6784
2343	2343	29.0678
2344	2344	-14.9783
2345	2345	45.9197
2346	2346	17.8445
2347	2347	4.66255
2348	2348	14.1597
2349	2349	-25.0769
2350	2350	27.2849
2351	2351	0.425988
2352	2352	-7.3426
2353	2353	25.4546
2354	2354	-2.54302
2355	2355	-6.8615
2356	2356	-0.23183
2357	2357	62.727
2358	2358	39.8181
2359	2359	-31.4446
2360	2360	19.3212
2361	2361	16.9341
2362	2362	62.2121
2363	2363	23.6855
2364	2364	-25.2109
2365	2365	-1.19518
2366	2366	18.3283
2367	2367	22.8204
2368	2368	-15.1623
2369	2369	-7.35345
2370	2370	13.6774
2371	2371	35.4216
2372	2372	22.4134
2373	2373	7.74535
2374	2374	-15.5736
2375	2375	-13.8678
2376	2376	-4.41178
2377	2377	25.5654
2378	2378	47.1441
2379	2379	6.16736
2380	2380	-4.88924
2381	2381	-9.41027
2382	2382	-1.87843
2383	2383	4.95609
2384	2384	38.8825
2385	2385	-1.92348
2386	2386	40.0083
2387	2387	-35.7361
2388	2388	12.1853
2389	2389	16.7654
2390	2390	34.5451
2391	2391	7.72482
2392	2392	-25.5372
2393	2393	-35.0224
2394	2394	30.8361
2395	2395	28.5694
2396	2396	48.8625
2397	2397	-45.8993
2398	2398	-13.6351
2399	2399	-3.3449
2400	2400	24.2719
2401	2401	0.272322
2402	2402	7.8145
2403	2403	19.7895
2404	2404	-3.51042
2405	2405	-1.06859
2406	2406	-16.1557
2407	2407	-15.1472
2408	2408	-22.5793
2409	2409	20.4417
2410	2410	-12.4688
2411	2411	-8.79476
2412	2412	11.7104
2413	2413	-1.47597
2414	2414	-2.64582
2415	2415	14.0991
2416	2416	8.35227
2417	2417	30.2956
2418	2418	-8.0428
2419	2419	-11.2378
2420	2420	12.829
2421	2421	-26.7614
2422	2422	1.63659
2423	2423	-8.20491
2424	2424	16.1396
2425	2425	13.7507
2426	2426	11.1498
2427	2427	-14.5977
2428	2428	-4.25247
2429	2429	7.81512
2430	2430	-40.38
2431	2431	7.13488
2432	2432	26.4837
2433	2433	-23.948
2434	2434	20.0085
2435	2435	-14.3701
2436	2436	-24.7399
2437	2437	-20.4814
2438	2438	7.50219
2439	2439	-5.8976
2440	2440	-30.6419
2441	2441	-9.64851
2442	2442	15.39
2443	2443	-3.90386
2444	2444	-15.9869
2445	2445	-16.3321
2446	2446	-31.2243
2447	2447	-35.8853
2448	2448	13.2601
2449	2449	-30.6387
2450	2450	33.2263
2451	2451	-33.0328
2452	2452	-16.7625
2453	2453	-22.9016
2454	2454	46.5638
2455	2455	14.558
2456	2456	46.0797
2457	2457	-37.8748
2458	2458	4.9869
2459	2459	-15.8507
2460	2460	44.9443
2461	2461	-34.6182
2462	2462	6.76225
2463	2463	14.8005
2464	2464	23.5442
2465	2465	4.06915
2466	2466	-9.15136
2467	2467	-4.15017
2468	2468	-17.8931
2469	2469	20.895
2470	2470	26.5904
2471	2471	56.4637
2472	2472	46.184
2473	2473	-36.1221
2474	2474	20.0277
2475	2475	23.5759
2476	2476	-11.3174
2477	2477	-3.80988
2478	2478	-16.8549
2479	2479	-22.7952
2480	2480	29.6428
2481	2481	-11.4555
2482	2482	-2.5637
2483	2483	12.9355
2484	2484	-17.0188
2485	2485	45.795
2486	2486	-12.2304
2487	2487	2.90283
2488	2488	-18.4448
2489	2489	-31.2333
2490	2490	0.2309
2491	2491	-22.8108
2492	2492	7.03085
2493	2493	-8.91535
2494	2494	-14.1144
2495	2495	-5.85934
2496	2496	-14.7958
2497	2497	8.50075
2498	2498	7.56539
2499	2499	10.7276
2500	2500	0.572077
2501	2501	-29.5975
2502	2502	-18.2471
2503	2503	-28.5846
2504	2504	59.5246
2505	2505	5.56562
2506	2506	-1.7338
2507	2507	-1.31568
2508	2508	19.7021
2509	2509	12.7336
2510	2510	21.7453
2511	2511	24.647
2512	2512	27.0052
2513	2513	-7.49936
2514	2514	-11.8632
2515	2515	0.981432
2516	2516	1.47939
2517	2517	-3.20678
2518	2518	-3.20177
2519	2519	12.4524
2520	2520	11.0881
2521	2521	11.0855
2522	2522	13.8132
2523	2523	-21.7611
2524	2524	9.53497
2525	2525	-13.1504
2526	2526	18.158
2527	2527	36.2322
2528	2528	3.61721
2529	2529	-28.5677
2530	2530	-9.28848
2531	2531	-36.701
2532	2532	-13.6965
2533	2533	-30.8469
2534	2534	-4.67936
2535	2535	2.86418
2536	2536	-15.1065
2537	2537	-37.2645
2538	2538	-6.77565
2539	2539	16.0166
2540	2540	30.4657
2541	2541	29.6653
2542	2542	31.9553
2543	2543	-37.0302
2544	2544	35.1003
2545	2545	-8.82929
2546	2546	8.97132
2547	2547	21.3963
2548	2548	1.40702
2549	2549	29.6312
2550	2550	-10.8926
2551	2551	-23.1344
2552	2552	8.02612
2553	2553	15.6549
2554	2554	37.4877
2555	2555	-16.8519
2556	2556	39.1571
2557	2557	5.18217
2558	2558	16.0807
2559	2559	-10.1044
2560	2560	53.882
2561	2561	-3.42134
2562	2562	17.6609
2563	2563	23.669
2564	2564	12.6001
2565	2565	-37.3566
2566	2566	23.857
2567	2567	8.02134
2568	2568	-8.10481
2569	2569	-24.7923
2570	2570	-13.6256
2571	2571	-38.3948
2572	2572	-12.0142
2573	2573	23.0864
2574	2574	-40.5794
2575	2575	24.2096
2576	2576	-11.0412
2577	2577	1.979
2578	2578	24.3445
2579	2579	17.9921
2580	2580	13.3894
2581	2581	-34.6823
2582	2582	11.4425
2583	2583	-30.5292
2584	2584	-31.1486
2585	2585	-2.69221
2586	2586	-10.8475
2587	2587	-0.214296
2588	2588	28.4385
2589	2589	-15.3648
2590	2590	21.7893
2591	2591	39.5813
2592	2592	-24.8685
2593	2593	24.1875
2594	2594	22.1861
2595	2595	-0.751522
2596	2596	-16.873
2597	2597	-0.265544
2598	2598	17.3113
2599	2599	6.56299
2600	2600	-19.5842
2601	2601	6.1102
2602	2602	-36.7181
2603	2603	1.7404
2604	2604	6.05311
2605	2605	8.76844
2606	2606	-8.49851
2607	2607	-24.0735
2608	2608	-11.7668
2609	2609	-5.31816
2610	2610	29.8446
2611	2611	7.48609
2612	2612	42.7493
2613	2613	25.5451
2614	2614	-5.65326
2615	2615	10.3711
2616	2616	14.5347
2617	2617	16.8032
2618	2618	7.61036
2619	2619	-31.0504
2620	2620	4.34697
2621	2621	46.8677
2622	2622	-16.8977
2623	2623	15.4894
2624	2624	-14.6071
2625	2625	11.1069
2626	2626	-4.23306
2627	2627	13.6295
2628	2628	0.459645
2629	2629	-12.3496
2630	2630	0.204412
2631	2631	20.2744
2632	2632	-52.6463
2633	2633	-64.847
2634	2634	-12.3429
2635	2635	-10.1396
2636	2636	9.33635
2637	2637	34.4165
2638	2638	2.10292
2639	2639	-27.9672
2640	2640	13.4344
2641	2641	34.5955
2642	2642	31.2212
2643	2643	-30.8333
2644	2644	-32.3613
2645	2645	6.64983
2646	2646	-1.82907
2647	2647	-32.0729
2648	2648	-1.29669
2649	2649	6.46765
2650	2650	-5.78648
2651	2651	19.7015
2652	2652	7.32885
2653	2653	33.624
2654	2654	6.63966
2655	2655	37.7747
2656	2656	-8.86098
2657	2657	-20.4074
2658	2658	3.62567
2659	2659	-15.2977
2660	2660	48.867
2661	2661	-14.4139
2662	2662	-27.3518
2663	2663	10.7035
2664	2664	36.9997
2665	2665	-35.3853
2666	2666	-14.4204
2667	2667	-37.2227
2668	2668	-4.16923
2669	2669	-43.2928
2670	2670	13.7088
2671	2671	5.51198
2672	2672	-23.0351
2673	2673	-8.06699
2674	2674	72.0366
2675	2675	-12.4169
2676	2676	12.4227
2677	2677	-5.19242
2678	2678	19.186
2679	2679	6.81879
2680	2680	-21.9594
2681	2681	15.484
2682	2682	-4.7354
2683	2683	16.214
2684	2684	-44.6892
2685	2685	-3.65799
2686	2686	-41.188
2687	2687	9.09403
2688	2688	3.19826
2689	2689	2.44159
2690	2690	-16.3621
2691	2691	-11.7653
2692	2692	-10.4084
2693	2693	16.151
2694	2694	29.7881
2695	2695	-34.5916
2696	2696	9.80607
2697	2697	0.0537592
2698	2698	52.538
2699	2699	-24.5362
2700	2700	14.311
2701	2701	29.317
2702	2702	27.8473
2703	2703	-17.3898
2704	2704	23.6151
2705	2705	-15.5332
2706	2706	19.5137
2707	2707	-15.5696
2708	2708	-20.9646
2709	2709	-0.686985
2710	2710	-8.31593
2711	2711	2.74981
2712	2712	-5.95247
2713	2713	3.2026
2714	2714	10.5961
2715	2715	-31.359
2716	2716	8.39684
2717	2717	11.9912
2718	2718	-23.0223
2719	2719	-8.39364
2720	2720	23.3976
2721	2721	-9.52448
2722	2722	-11.8787
2723	2723	-8.11443
2724	2724	8.56489
2725	2725	-13.2166
2726	2726	-21.9869
2727	2727	-34.0533
2728	2728	-18.3074
2729	2729	45.4627
2730	2730	-1.31378
2731	2731	-10.5839
2732	2732	2.49462
2733	2733	-8.91229
2734	2734	14.0555
2735	2735	2.67332
2736	2736	21.1006
2737	2737	-15.4058
2738	2738	2.12687
2739	2739	4.0559
2740	2740	-13.2279
2741	2741	25.5773
2742	2742	36.3454
2743	2743	15.5811
2744	2744	-0.696419
2745	2745	46.1977
2746	2746	-32.9405
2747	2747	-13.011
2748	2748	-11.7592
2749	2749	28.7055
2750	2750	-3.67746
2751	2751	3.2475
2752	2752	-10.2144
2753	2753	-0.301279
2754	2754	-13.4142
2755	2755	12.2961
2756	2756	-23.3568
2757	2757	-1.86311
2758	2758	4.49688
2759	2759	-30.4621
2760	2760	3.53799
2761	2761	-1.60502
2762	2762	6.2306
2763	2763	-5.23847
2764	2764	-34.7933
2765	2765	42.6257
2766	2766	-13.1623
2767	2767	-22.3982
2768	2768	6.94825
2769	2769	40.768
2770	2770	-11.1108
2771	2771	15.232
2772	2772	-7.89567
2773	2773	-17.9451
2774	2774	2.10154
2775	2775	-35.5498
2776	2776	74.0516
2777	2777	9.93233
2778	2778	53.6698
2779	2779	-10.1563
2780	2780	-8.86982
2781	2781	9.49826
2782	2782	6.91455
2783	2783	6.40966
2784	2784	-4.80327
2785	2785	16.5617
2786	2786	-41.0901
2787	2787	-3.69939
2788	2788	14.8206
2789	2789	20.4958
2790	2790	61.3585
2791	2791	-21.9642
2792	2792	-15.4461
2793	2793	19.0012
2794	2794	19.8254
2795	2795	17.7563
2796	2796	-1.93273
2797	2797	0.897695
2798	2798	-9.25296
2799	2799	19.0987
2800	2800	15.5542
2801	2801	9.46992
2802	2802	11.4219
2803	2803	-7.53497
2804	2804	18.0797
2805	2805	1.03875
2806	2806	-18.2841
2807	2807	-0.826281
2808	2808	-7.06643
2809	2809	-9.33885
2810	2810	-19.5122
2811	2811	37.4149
2812	2812	6.5461
2813	2813	-9.90822
2814	2814	-3.45351
2815	2815	-52.4354
2816	2816	6.72316
2817	2817	29.7323
2818	2818	-5.85662
2819	2819	35.0502
2820	2820	19.7526
2821	2821	-2.80372
2822	2822	-23.5001
2823	2823	-45.2905
2824	2824	-14.5148
2825	2825	-34.4388
2826	2826	12.0669
2827	2827	-20.8051
2828	2828	-14.9973
2829	2829	-14.8572
2830	2830	-4.27908
2831	2831	-11.1629
2832	2832	7.0085
2833	2833	-37.7772
2834	2834	-3.54568
2835	2835	20.2127
2836	2836	-4.57515
2837	2837	4.09449
2838	2838	9.51086
2839	2839	-34.712
2840	2840	-43.3867
2841	2841	-20.9143
2842	2842	24.9732
2843	2843	15.2017
2844	2844	-2.10089
2845	2845	5.22725
2846	2846	-21.6971
2847	2847	-43.0096
2848	2848	-34.9408
2849	2849	41.5396
2850	2850	-60.8781
2851	2851	14.0954
2852	2852	18.3844
2853	2853	38.0792
2854	2854	-10.072
2855	2855	8.02026
2856	2856	-18.0284
2857	2857	13.8041
2858	2858	-11.61
2859	2859	-3.88882
2860	2860	5.10177
2861	2861	24.6265
2862	2862	16.1355
2863	2863	-0.117773
2864	2864	27.1686
2865	2865	48.9911
2866	2866	-0.72005
2867	2867	-23.3589
2868	2868	-19.8865
2869	2869	-28.5073
2870	2870	11.367
2871	2871	-11.2489
2872	2872	-46.2233
2873	2873	8.93174
2874	2874	13.2418
2875	2875	-24.353
2876	2876	-8.18086
2877	2877	-59.4264
2878	2878	-16.8399
2879	2879	25.4201
2880	2880	-13.5926
2881	2881	2.85558
2882	2882	-32.2137
2883	2883	-12.9861
2884	2884	-3.94993
2885	2885	17.7478
2886	2886	15.4803
2887	2887	31.4989
2888	2888	49.2479
2889	2889	21.2654
2890	2890	-35.8051
2891	2891	-21.4851
2892	2892	4.45863
2893	2893	10.78
2894	2894	51.5298
2895	2895	-29.0047
2896	2896	-1.11645
2897	2897	7.74669
2898	2898	-40.9168
2899	2899	-26.2075
2900	2900	21.8658
2901	2901	11.5342
2902	2902	64.7848
2903	2903	-29.3735
2904	2904	-9.11829
2905	2905	-32.9356
2906	2906	22.0288
2907	2907	21.1546
2908	2908	-22.4781
2909	2909	10.0351
2910	2910	23.8031
2911	2911	32.1098
2912	2912	-15.1396
2913	2913	-12.6657
2914	2914	-11.6775
2915	2915	14.084
2916	2916	26.2299
2917	2917	-3.34991
2918	2918	16.5571
2919	2919	8.6256
2920	2920	-33.5054
2921	2921	-14.0138
2922	2922	20.6792
2923	2923	2.963
2924	2924	-48.9449
2925	2925	-21.5716
2926	2926	-22.0241
2927	2927	-50.3098
2928	2928	-58.0192
2929	2929	35.8499
2930	2930	8.69504
2931	2931	45.6264
2932	2932	32.7248
2933	2933	-45.8245
2934	2934	61.8497
2935	2935	-16.1197
2936	2936	2.25728
2937	2937	8.50047
2938	2938	25.849
2939	2939	23.6365
2940	2940	-14.1715
2941	2941	-36.9442
2942	2942	-3.49564
2943	2943	2.93324
2944	2944	0.350861
2945	2945	0.613418
2946	2946	-17.587
2947	2947	-18.2534
2948	2948	5.33488
2949	2949	1.19922
2950	2950	-32.8796
2951	2951	-16.3908
2952	2952	25.7992
2953	2953	-55.2809
2954	2954	-16.4958
2955	2955	15.4979
2956	2956	1.74304
2957	2957	15.2431
2958	2958	22.3785
2959	2959	-13.5944
2960	2960	-21.6579
2961	2961	21.831
2962	2962	-35.8485
2963	2963	-15.7699
2964	2964	-2.04971
2965	2965	-29.6065
2966	2966	7.45617
2967	2967	-34.1936
2968	2968	-2.96205
2969	2969	-6.51115
2970	2970	-8.95428
2971	2971	1.14688
2972	2972	24.3367
2973	2973	6.44477
2974	2974	-4.53267
2975	2975	26.5024
2976	2976	-4.27778
2977	2977	36.0403
2978	2978	20.6151
2979	2979	-38.8748
2980	2980	-12.3086
2981	2981	13.5198
2982	2982	34.6871
2983	2983	11.9086
2984	2984	-32.306
2985	2985	-2.52502
2986	2986	-0.321977
2987	2987	-15.4534
2988	2988	-14.0056
2989	2989	42.2827
2990	2990	-3.44517
2991	2991	14.1326
2992	2992	9.81282
2993	2993	8.23169
2994	2994	2.93655
2995	2995	-11.9926
2996	2996	-5.10217
2997	2997	3.71197
2998	2998	3.04822
2999	2999	5.59309
3000	3000	-16.3053
3001	3001	55
3002	3002	-23.4159
3003	3003	6.19118
3004	3004	-14.5286
3005	3005	10.187
3006	3006	16.4088
3007	3007	14.9625
3008	3008	-35.8691
3009	3009	7.44684
3010	3010	23.7685
3011	3011	-26.3496
3012	3012	14.152
3013	3013	-2.78036
3014	3014	-11.9712
3015	3015	23.7531
3016	3016	-23.6548
3017	3017	54.6222
3018	3018	27.1483
3019	3019	-1.65036
3020	3020	1.44867
3021	3021	13.1718
3022	3022	-1.59521
3023	3023	20.1468
3024	3024	4.99041
3025	3025	26.9101
3026	3026	-43.6847
3027	3027	3.72933
3028	3028	20.9482
3029	3029	-16.5035
3030	3030	-0.374769
3031	3031	1.22666
3032	3032	13.2099
3033	3033	36.8466
3034	3034	30.4596
3035	3035	-16.6734
3036	3036	18.7185
3037	3037	-13.7986
3038	3038	-35.6762
3039	3039	11.378
3040	3040	-21.1515
3041	3041	-21.2049
3042	3042	42.7683
3043	3043	18.3114
3044	3044	-3.15811
3045	3045	-0.95666
3046	3046	-6.61508
3047	3047	-2.2832
3048	3048	-11.735
3049	3049	27.9259
3050	3050	45.6657
3051	3051	10.8943
3052	3052	23.6101
3053	3053	7.98028
3054	3054	25.4596
3055	3055	21.6191
3056	3056	4.35762
3057	3057	-6.73479
3058	3058	-14.792
3059	3059	27.6175
3060	3060	30.5759
3061	3061	16.336
3062	3062	28.3104
3063	3063	-2.51939
3064	3064	23.5259
3065	3065	0.848812
3066	3066	-6.85384
3067	3067	29.9584
3068	3068	-11.1092
3069	3069	14.1033
3070	3070	-27.084
3071	3071	-10.5548
3072	3072	-3.92467
3073	3073	11.5939
3074	3074	21.045
3075	3075	-8.99945
3076	3076	23.2555
3077	3077	-6.60155
3078	3078	-5.70021
3079	3079	36.9711
3080	3080	14.8528
3081	3081	10.4377
3082	3082	3.18386
3083	3083	25.4347
3084	3084	-15.4414
3085	3085	5.98346
3086	3086	-35.228
3087	3087	-25.942
3088	3088	-2.61015
3089	3089	-38.9624
3090	3090	5.69737
3091	3091	36.1533
3092	3092	21.1064
3093	3093	-39.5206
3094	3094	44.1756
3095	3095	11.8736
3096	3096	30.4657
3097	3097	10.3814
3098	3098	19.3143
3099	3099	21.2107
3100	3100	3.91645
3101	3101	38.7504
3102	3102	-26.2506
3103	3103	31.731
3104	3104	-30.9975
3105	3105	13.7618
3106	3106	40.0793
3107	3107	-1.03367
3108	3108	10.3724
3109	3109	-54.933
3110	3110	15.7735
3111	3111	4.42841
3112	3112	-5.05204
3113	3113	-9.97093
3114	3114	-13.1913
3115	3115	-38.9136
3116	3116	6.74481
3117	3117	-38.6511
3118	3118	-19.5932
3119	3119	-19.0981
3120	3120	14.8023
3121	3121	-9.72692
3122	3122	-37.8346
3123	3123	-8.47195
3124	3124	1.33331
3125	3125	28.058
3126	3126	-0.262344
3127	3127	-11.6358
3128	3128	0.175291
3129	3129	-24.3051
3130	3130	26.5536
3131	3131	6.41394
3132	3132	-20.4697
3133	3133	13.1493
3134	3134	4.8262
3135	3135	25.345
3136	3136	28.0489
3137	3137	-13.7338
3138	3138	-29.1552
3139	3139	39.2423
3140	3140	-1.8175
3141	3141	26.0308
3142	3142	-16.9299
3143	3143	-28.1527
3144	3144	27.8872
3145	3145	27.7004
3146	3146	30.7856
3147	3147	41.5514
3148	3148	-28.6683
3149	3149	21.9624
3150	3150	52.2579
3151	3151	-16.2456
3152	3152	-28.6544
3153	3153	-41.3463
3154	3154	35.7747
3155	3155	-20.0712
3156	3156	-15.0333
3157	3157	-6.42189
3158	3158	-28.1694
3159	3159	-32.908
3160	3160	37.6947
3161	3161	29.3533
3162	3162	-24.4207
3163	3163	-18.4756
3164	3164	27.421
3165	3165	-52.9918
3166	3166	-6.35812
3167	3167	3.86661
3168	3168	0.460083
3169	3169	20.6163
3170	3170	13.0786
3171	3171	-20.8479
3172	3172	40.2464
3173	3173	-45.9602
3174	3174	-2.75295
3175	3175	-19.364
3176	3176	28.9464
3177	3177	-11.5523
3178	3178	4.49359
3179	3179	-27.982
3180	3180	-24.1523
3181	3181	-49.2658
3182	3182	73.8358
3183	3183	48.4495
3184	3184	-54.1935
3185	3185	23.1715
3186	3186	-12.7202
3187	3187	-28.819
3188	3188	-44.0373
3189	3189	6.05548
3190	3190	-13.0703
3191	3191	22.2004
3192	3192	31.7944
3193	3193	-67.0385
3194	3194	-4.96837
3195	3195	-9.05984
3196	3196	-20.7068
3197	3197	29.0457
3198	3198	-53.0327
3199	3199	-15.0475
3200	3200	-10.8913
3201	3201	-21.1893
3202	3202	22.7246
3203	3203	25.3348
3204	3204	1.95321
3205	3205	-2.94197
3206	3206	10.8717
3207	3207	40.6597
3208	3208	-48.5069
3209	3209	-18.2631
3210	3210	-14.9266
3211	3211	-34.4478
3212	3212	31.7304
3213	3213	-32.366
3214	3214	-18.7836
3215	3215	9.98757
3216	3216	23.0434
3217	3217	-39.7043
3218	3218	-17.3185
3219	3219	33.1731
3220	3220	-44.6609
3221	3221	28.1167
3222	3222	46.0867
3223	3223	21.0061
3224	3224	-27.0208
3225	3225	18.2127
3226	3226	-21.5152
3227	3227	12.9688
3228	3228	-22.0363
3229	3229	-6.53316
3230	3230	-23.1203
3231	3231	-43.6486
3232	3232	-10.53
3233	3233	-15.3794
3234	3234	27.239
3235	3235	3.31953
3236	3236	31.9417
3237	3237	22.7261
3238	3238	-18.9416
3239	3239	8.37328
3240	3240	-6.20569
3241	3241	25.9897
3242	3242	-2.35232
3243	3243	-25.7271
3244	3244	-2.68797
3245	3245	12.1229
3246	3246	24.2363
3247	3247	-11.3863
3248	3248	0.499043
3249	3249	-2.46832
3250	3250	-10.8958
3251	3251	-19.4391
3252	3252	-2.00363
3253	3253	9.09341
3254	3254	13.7612
3255	3255	-12.7197
3256	3256	-55.4903
3257	3257	-35.3329
3258	3258	-22.4516
3259	3259	-39.1166
3260	3260	-7.54984
3261	3261	-4.74933
3262	3262	-29.7191
3263	3263	9.60852
3264	3264	-22.1773
3265	3265	23.3097
3266	3266	-19.7092
3267	3267	-42.0415
3268	3268	-13.397
3269	3269	22.2117
3270	3270	22.6023
3271	3271	4.32768
3272	3272	33.2013
3273	3273	-40.0561
3274	3274	37.7963
3275	3275	-1.99956
3276	3276	-4.46077
3277	3277	-7.33848
3278	3278	14.9693
3279	3279	-17.3308
3280	3280	19.8156
3281	3281	26.191
3282	3282	-26.5957
3283	3283	-0.121912
3284	3284	16.1186
3285	3285	-30.6974
3286	3286	-34.2102
3287	3287	-24.3937
3288	3288	-2.65912
3289	3289	16.2023
3290	3290	-28.9302
3291	3291	-14.1242
3292	3292	-10.9173
3293	3293	-19.9809
3294	3294	15.1211
3295	3295	12.245
3296	3296	-38.7108
3297	3297	-19.4917
3298	3298	23.3927
3299	3299	1.69818
3300	3300	-8.67315
3301	3301	5.81879
3302	3302	-12.4446
3303	3303	39.8119
3304	3304	-27.2222
3305	3305	-15.7419
3306	3306	-19.3097
3307	3307	-6.66179
3308	3308	10.8913
3309	3309	-33.0094
3310	3310	9.68895
3311	3311	-10.2381
3312	3312	10.7196
3313	3313	-3.5813
3314	3314	-15.7289
3315	3315	27.4802
3316	3316	-26.2452
3317	3317	-20.8596
3318	3318	-5.23899
3319	3319	19.9754
3320	3320	31.9442
3321	3321	-3.89009
3322	3322	7.4406
3323	3323	-22.7222
3324	3324	14.4422
3325	3325	51.3451
3326	3326	-29.878
3327	3327	3.23088
3328	3328	-7.0418
3329	3329	-36.2329
3330	3330	27.8135
3331	3331	5.15371
3332	3332	-35.4744
3333	3333	-11.0663
3334	3334	9.08655
3335	3335	-2.82918
3336	3336	-62.735
3337	3337	-45.3293
3338	3338	7.21576
3339	3339	-0.783909
3340	3340	-12.5721
3341	3341	-20.9197
3342	3342	14.7408
3343	3343	-2.01192
3344	3344	28.9666
3345	3345	-5.69446
3346	3346	5.81961
3347	3347	-40.4213
3348	3348	-64.59
3349	3349	1.12945
3350	3350	5.22661
3351	3351	7.43229
3352	3352	1.44862
3353	3353	28.2839
3354	3354	-38.4511
3355	3355	-5.48182
3356	3356	10.7439
3357	3357	1.269
3358	3358	42.6032
3359	3359	36.3649
3360	3360	2.68078
3361	3361	14.4229
3362	3362	-9.55566
3363	3363	-0.346638
3364	3364	-15.9573
3365	3365	26.988
3366	3366	1.51252
3367	3367	22.7808
3368	3368	-27.4628
3369	3369	1.2131
3370	3370	3.02652
3371	3371	5.22606
3372	3372	5.78754
3373	3373	-20.8297
3374	3374	19.9858
3375	3375	1.77323
3376	3376	-5.30755
3377	3377	26.8612
3378	3378	-33.7899
3379	3379	-22.1272
3380	3380	12.5244
3381	3381	19.573
3382	3382	13.3306
3383	3383	-8.69295
3384	3384	17.3462
3385	3385	16.3772
3386	3386	-20.6274
3387	3387	-44.0971
3388	3388	22.8844
3389	3389	-21.3079
3390	3390	-5.25324
3391	3391	27.9445
3392	3392	10.1749
3393	3393	-24.921
3394	3394	-7.40557
3395	3395	-17.8754
3396	3396	-29.4748
3397	3397	-0.577441
3398	3398	-42.3663
3399	3399	47.5289
3400	3400	-1.9393
3401	3401	-27.9984
3402	3402	-14.4922
3403	3403	39.5576
3404	3404	36.772
3405	3405	-3.3258
3406	3406	53.5239
3407	3407	-24.8881
3408	3408	-35.2859
3409	3409	-11.9453
3410	3410	1.73717
3411	3411	-24.3122
3412	3412	-45.7959
3413	3413	37.52
3414	3414	-17.5859
3415	3415	29.8948
3416	3416	-19.6129
3417	3417	1.51483
3418	3418	1.17638
3419	3419	11.3525
3420	3420	-38.3471
3421	3421	1.48613
3422	3422	-3.60466
3423	3423	22.0849
3424	3424	-6.07888
3425	3425	28.2183
3426	3426	56.2222
3427	3427	8.03836
3428	3428	15.2621
3429	3429	8.03521
3430	3430	32.0094
3431	3431	43.0328
3432	3432	-31.8837
3433	3433	29.3237
3434	3434	10.5342
3435	3435	-11.5674
3436	3436	1.3376
3437	3437	-17.0966
3438	3438	-28.589
3439	3439	36.9118
3440	3440	13.3798
3441	3441	-8.15588
3442	3442	-20.9516
3443	3443	14.3341
3444	3444	-20.897
3445	3445	16.8912
3446	3446	-8.37873
3447	3447	-9.77969
3448	3448	-1.88637
3449	3449	-19.427
3450	3450	1.73145
3451	3451	-39.0926
3452	3452	-8.04302
3453	3453	8.62384
3454	3454	22.007
3455	3455	30.8747
3456	3456	-23.7558
3457	3457	26.7964
3458	3458	-42.1395
3459	3459	-47.5695
3460	3460	-17.6066
3461	3461	22.2484
3462	3462	-25.4899
3463	3463	-32.2492
3464	3464	0.787504
3465	3465	26.7696
3466	3466	2.00606
3467	3467	57.8255
3468	3468	-14.2677
3469	3469	-29.1263
3470	3470	46.7309
3471	3471	-15.877
3472	3472	54.9106
3473	3473	-30.6309
3474	3474	-5.0045
3475	3475	-14.4991
3476	3476	-19.9772
3477	3477	11.0538
3478	3478	31.2526
3479	3479	-52.2588
3480	3480	-16.9285
3481	3481	-7.27501
3482	3482	-31.6232
3483	3483	10.8234
3484	3484	56.0705
3485	3485	9.67406
3486	3486	20.9086
3487	3487	26.383
3488	3488	-17.3425
3489	3489	-26.9665
3490	3490	-1.60921
3491	3491	7.84238
3492	3492	-1.4932
3493	3493	6.85539
3494	3494	27.0781
3495	3495	22.8702
3496	3496	23.3024
3497	3497	16.0343
3498	3498	-2.33449
3499	3499	13.0528
3500	3500	18.8082
3501	3501	26.8791
3502	3502	38.3244
3503	3503	8.38142
3504	3504	28.3379
3505	3505	-37.6316
3506	3506	23.4574
3507	3507	12.1075
3508	3508	-10.1331
3509	3509	17.6519
3510	3510	-8.59856
3511	3511	23.4941
3512	3512	-41.6333
3513	3513	-10.5012
3514	3514	-27.4302
3515	3515	31.4904
3516	3516	46.0737
3517	3517	46.1235
3518	3518	-30.0684
3519	3519	22.5375
3520	3520	12.356
3521	3521	-17.2912
3522	3522	19.7939
3523	3523	8.83226
3524	3524	-41.2435
3525	3525	7.92582
3526	3526	-20.3035
3527	3527	-44.6907
3528	3528	-24.0445
3529	3529	-40.0318
3530	3530	-8.44427
3531	3531	20.9651
3532	3532	17.688
3533	3533	14.4317
3534	3534	-1.17313
3535	3535	-32.0689
3536	3536	12.3923
3537	3537	-14.3092
3538	3538	17.872
3539	3539	24.514
3540	3540	-8.94493
3541	3541	-3.27766
3542	3542	-56.8974
3543	3543	-5.12195
3544	3544	-7.54489
3545	3545	-0.156331
3546	3546	-3.08643
3547	3547	-22.7036
3548	3548	-8.57984
3549	3549	-11.1801
3550	3550	-45.3881
3551	3551	-11.3329
3552	3552	-2.0171
3553	3553	-42.599
3554	3554	62.7263
3555	3555	10.6645
3556	3556	-5.87846
3557	3557	-0.652752
3558	3558	-33.745
3559	3559	-16.3827
3560	3560	-1.4413
3561	3561	-14.8544
3562	3562	4.43997
3563	3563	26.388
3564	3564	27.3374
3565	3565	26.9486
3566	3566	-21.8765
3567	3567	10.9302
3568	3568	11.837
3569	3569	42.8062
3570	3570	26.8316
3571	3571	-9.52054
3572	3572	-4.7412
3573	3573	-10.9061
3574	3574	-2.93307
3575	3575	-55.2036
3576	3576	-9.25903
3577	3577	-1.12665
3578	3578	3.68146
3579	3579	-9.27119
3580	3580	3.66155
3581	3581	1.48163
3582	3582	-21.9296
3583	3583	27.7496
3584	3584	-25.226
3585	3585	30.419
3586	3586	27.1545
3587	3587	-12.0721
3588	3588	-31.2943
3589	3589	5.85453
3590	3590	-22.6014
3591	3591	20.3759
3592	3592	39.9243
3593	3593	20.1594
3594	3594	-16.6248
3595	3595	32.8119
3596	3596	17.2983
3597	3597	-16.9214
3598	3598	-12.8726
3599	3599	2.13611
3600	3600	-19.1253
3601	3601	32.8186
3602	3602	17.3104
3603	3603	12.2307
3604	3604	5.12417
3605	3605	-36.9926
3606	3606	-28.7869
3607	3607	34.2021
3608	3608	-16.6527
3609	3609	5.27695
3610	3610	-6.33516
3611	3611	-48.2613
3612	3612	54.3367
3613	3613	-40.1386
3614	3614	1.91452
3615	3615	-3.50231
3616	3616	28.9708
3617	3617	-6.40876
3618	3618	15.3019
3619	3619	-10.8282
3620	3620	5.62252
3621	3621	13.3057
3622	3622	-8.0032
3623	3623	0.0898556
3624	3624	-16.558
3625	3625	-10.6829
3626	3626	-8.23402
3627	3627	11.0541
3628	3628	13.1353
3629	3629	-9.97272
3630	3630	-25.1172
3631	3631	45.1694
3632	3632	-15.7073
3633	3633	19.2087
3634	3634	14.6601
3635	3635	-35.636
3636	3636	15.8214
3637	3637	31.1383
3638	3638	47.2596
3639	3639	-22.0776
3640	3640	-51.6617
3641	3641	-49.4635
3642	3642	-11.1166
3643	3643	-36.0946
3644	3644	51.7767
3645	3645	23.3846
3646	3646	-8.08704
3647	3647	-34.3285
3648	3648	-12.3342
3649	3649	18.9284
3650	3650	15.6629
3651	3651	8.10548
3652	3652	-11.7929
3653	3653	-22.1375
3654	3654	-25.7077
3655	3655	-32.4964
3656	3656	19.0837
3657	3657	-31.5131
3658	3658	12.1532
3659	3659	2.5478
3660	3660	-1.69502
3661	3661	21.4837
3662	3662	12.5553
3663	3663	4.78478
3664	3664	8.36614
3665	3665	-26.4884
3666	3666	17.2187
3667	3667	26.3541
3668	3668	6.48757
3669	3669	6.99088
3670	3670	16.5606
3671	3671	5.56061
3672	3672	3.70416
3673	3673	27.9752
3674	3674	6.14567
3675	3675	-44.027
3676	3676	-10.9463
3677	3677	-18.2474
3678	3678	1.30766
3679	3679	-9.91902
3680	3680	9.11628
3681	3681	22.5193
3682	3682	10.4728
3683	3683	47.9805
3684	3684	16.7784
3685	3685	-16.7371
3686	3686	0.204376
3687	3687	-19.52
3688	3688	-3.50636
3689	3689	-26.5284
3690	3690	28.5495
3691	3691	-27.851
3692	3692	7.02119
3693	3693	0.265554
3694	3694	-20.4117
3695	3695	-15.8313
3696	3696	1.8181
3697	3697	-12.4142
3698	3698	-18.7587
3699	3699	-7.88483
3700	3700	-23.7336
3701	3701	-3.92045
3702	3702	-7.44574
3703	3703	-0.200723
3704	3704	-10.8771
3705	3705	-4.17566
3706	3706	2.63487
3707	3707	-43.704
3708	3708	24.7456
3709	3709	-15.6319
3710	3710	2.56789
3711	3711	3.6639
3712	3712	-4.17098
3713	3713	21.0312
3714	3714	21.3137
3715	3715	-20.7773
3716	3716	-18.3004
3717	3717	14.7318
3718	3718	5.84272
3719	3719	14.4627
3720	3720	49.6293
3721	3721	-35.5654
3722	3722	-10.9337
3723	3723	-22.3165
3724	3724	15.872
3725	3725	28.0415
3726	3726	12.4255
3727	3727	-10.8878
3728	3728	-17.0661
3729	3729	1.06317
3730	3730	59.5839
3731	3731	22.1214
3732	3732	20.9137
3733	3733	31.3409
3734	3734	12.8572
3735	3735	57.4431
3736	3736	-26.836
3737	3737	-1.9887
3738	3738	53.1222
3739	3739	-16.1502
3740	3740	-3.81704
3741	3741	-10.557
3742	3742	22.0717
3743	3743	-5.43254
3744	3744	7.97917
3745	3745	-12.6941
3746	3746	-2.43888
3747	3747	73.2424
3748	3748	-6.06036
3749	3749	6.67473
3750	3750	26.2258
3751	3751	-15.2196
3752	3752	21.9325
3753	3753	7.57485
3754	3754	-27.5206
3755	3755	21.2539
3756	3756	8.84544
3757	3757	7.63227
3758	3758	-14.5519
3759	3759	-47.3006
3760	3760	2.30843
3761	3761	11.0777
3762	3762	30.9103
3763	3763	21.616
3764	3764	34.0167
3765	3765	-14.5709
3766	3766	-25.4066
3767	3767	10.0314
3768	3768	-4.35808
3769	3769	-0.153176
3770	3770	-28.913
3771	3771	47.6464
3772	3772	12.6527
3773	3773	-42.1102
3774	3774	32.435
3775	3775	-12.2138
3776	3776	18.0693
3777	3777	14.1636
3778	3778	-37.1628
3779	3779	-9.66761
3780	3780	-32.05
3781	3781	-19.078
3782	3782	-0.607313
3783	3783	-20.119
3784	3784	19.8015
3785	3785	22.7078
3786	3786	22.2066
3787	3787	3.85303
3788	3788	-17.0734
3789	3789	-46.1487
3790	3790	-2.08626
3791	3791	-22.287
3792	3792	-17.1846
3793	3793	-2.88789
3794	3794	-14.36
3795	3795	12.8127
3796	3796	-14.1302
3797	3797	-15.5502
3798	3798	-11.2693
3799	3799	43.7369
3800	3800	13.3508
3801	3801	-26.0639
3802	3802	12.6962
3803	3803	15.476
3804	3804	-0.796739
3805	3805	4.50986
3806	3806	60.7854
3807	3807	-25.1423
3808	3808	-2.12599
3809	3809	-12.0092
3810	3810	-16.184
3811	3811	-3.37157
3812	3812	-0.0474816
3813	3813	-7.83925
3814	3814	1.10109
3815	3815	-8.21297
3816	3816	4.27367
3817	3817	17.6025
3818	3818	-15.9077
3819	3819	-37.6425
3820	3820	-39.7228
3821	3821	-7.95379
3822	3822	21.748
3823	3823	26.1523
3824	3824	-15.9995
3825	3825	-4.59628
3826	3826	-21.8794
3827	3827	0.383374
3828	3828	17.2807
3829	3829	46.3734
3830	3830	2.7191
3831	3831	-12.7931
3832	3832	-47.9187
3833	3833	25.3613
3834	3834	14.713
3835	3835	-18.6527
3836	3836	32.1385
3837	3837	10.6642
3838	3838	-27.5352
3839	3839	1.94483
3840	3840	24.068
3841	3841	-14.1234
3842	3842	-68.8113
3843	3843	6.20103
3844	3844	17.4324
3845	3845	0.945458
3846	3846	30.7217
3847	3847	-6.34388
3848	3848	2.89699
3849	3849	-84.3185
3850	3850	-28.0366
3851	3851	-17.8259
3852	3852	14.914
3853	3853	-0.471104
3854	3854	6.72072
3855	3855	-9.03023
3856	3856	2.66082
3857	3857	17.1832
3858	3858	35.6308
3859	3859	-21.3713
3860	3860	-24.9458
3861	3861	44.4971
3862	3862	4.26948
3863	3863	-45.1876
3864	3864	19.4816
3865	3865	-1.87557
3866	3866	21.1681
3867	3867	0.661178
3868	3868	0.522617
3869	3869	9.64074
3870	3870	17.2435
3871	3871	35.4015
3872	3872	-20.1389
3873	3873	-8.89379
3874	3874	8.33148
3875	3875	0.316104
3876	3876	17.8952
3877	3877	50.1999
3878	3878	1.49547
3879	3879	25.3275
3880	3880	-8.83994
3881	3881	25.9352
3882	3882	8.88358
3883	3883	-11.1366
3884	3884	8.99756
3885	3885	10.4826
3886	3886	-9.69376
3887	3887	-0.905771
3888	3888	-24.6055
3889	3889	-6.08358
3890	3890	-35.8491
3891	3891	-9.99094
3892	3892	-38.3448
3893	3893	-10.2749
3894	3894	16.1703
3895	3895	-43.541
3896	3896	9.4799
3897	3897	-24.484
3898	3898	-15.5304
3899	3899	-3.00459
3900	3900	4.8276
3901	3901	14.4902
3902	3902	12.7959
3903	3903	35.5496
3904	3904	-19.8637
3905	3905	3.45691
3906	3906	-13.2567
3907	3907	9.10027
3908	3908	16.8511
3909	3909	5.4032
3910	3910	-9.64534
3911	3911	-12.5527
3912	3912	-12.6144
3913	3913	8.30758
3914	3914	-2.18186
3915	3915	-17.8951
3916	3916	4.00178
3917	3917	-7.07856
3918	3918	-29.2125
3919	3919	-30.9806
3920	3920	5.70178
3921	3921	33.744
3922	3922	17.4522
3923	3923	8.61875
3924	3924	19.2353
3925	3925	24.1415
3926	3926	-9.2492
3927	3927	16.042
3928	3928	-29.9346
3929	3929	-0.655843
3930	3930	-3.41082
3931	3931	-23.8818
3932	3932	-3.05989
3933	3933	19.3673
3934	3934	2.64054
3935	3935	35.7801
3936	3936	30.4019
3937	3937	-18.1426
3938	3938	-15.0287
3939	3939	-8.68992
3940	3940	-12.9912
3941	3941	-22.4592
3942	3942	57.6369
3943	3943	-6.3201
3944	3944	-31.6327
3945	3945	-21.3653
3946	3946	-32.8983
3947	3947	-1.1184
3948	3948	5.69674
3949	3949	31.2027
3950	3950	59.0197
3951	3951	19.8953
3952	3952	44.3496
3953	3953	7.88352
3954	3954	5.37656
3955	3955	23.6303
3956	3956	-18.5221
3957	3957	-9.45482
3958	3958	-2.29268
3959	3959	13.343
3960	3960	-21.7246
3961	3961	14.8466
3962	3962	2.36366
3963	3963	8.44866
3964	3964	-4.06571
3965	3965	40.1205
3966	3966	6.11792
3967	3967	-1.921
3968	3968	-1.62848
3969	3969	3.1747
3970	3970	-31.8863
3971	3971	11.7691
3972	3972	52.5208
3973	3973	-49.5908
3974	3974	23.5208
3975	3975	18.1121
3976	3976	-21.7073
3977	3977	4.25783
3978	3978	-4.25499
3979	3979	21.1427
3980	3980	-39.9791
3981	3981	41.9677
3982	3982	39.9721
3983	3983	6.28936
3984	3984	-1.2233
3985	3985	6.47367
3986	3986	58.1387
3987	3987	19.46
3988	3988	-27.5288
3989	3989	21.3545
3990	3990	-27.5587
3991	3991	31.4263
3992	3992	3.28984
3993	3993	16.5772
3994	3994	29.022
3995	3995	-22.4368
3996	3996	-16.4609
3997	3997	-0.692977
3998	3998	7.13189
3999	3999	20.8136
4000	4000	7.29065
4001	4001	0.565451
4002	4002	40.0405
4003	4003	-20.7131
4004	4004	-2.85041
4005	4005	-33.1796
4006	4006	28.4274
4007	4007	18.6051
4008	4008	5.27163
4009	4009	-45.8354
4010	4010	9.73176
4011	4011	29.7985
4012	4012	-17.9728
4013	4013	-1.66442
4014	4014	14.827
4015	4015	0.251966
4016	4016	-40.1235
4017	4017	-15.4853
4018	4018	4.35324
4019	4019	5.90183
4020	4020	-40.3505
4021	4021	29.533
4022	4022	-1.79842
4023	4023	-32.428
4024	4024	-22.6743
4025	4025	14.9012
4026	4026	34.2956
4027	4027	-14.4354
4028	4028	18.8295
4029	4029	26.0144
4030	4030	-7.00685
4031	4031	-9.27229
4032	4032	65.9953
4033	4033	-19.6966
4034	4034	19.2425
4035	4035	-18.4717
4036	4036	-17.9695
4037	4037	11.2354
4038	4038	-0.797436
4039	4039	-3.75293
4040	4040	-20.175
4041	4041	-26.039
4042	4042	31.8057
4043	4043	2.35468
4044	4044	17.9481
4045	4045	4.34002
4046	4046	-21.0924
4047	4047	-38.3361
4048	4048	-16.3223
4049	4049	9.64378
4050	4050	-25.0037
4051	4051	1.34825
4052	4052	12.92
4053	4053	12.2139
4054	4054	-5.74339
4055	4055	30.0263
4056	4056	-12.4635
4057	4057	-29.5887
4058	4058	39.0721
4059	4059	21.9221
4060	4060	-7.60744
4061	4061	23.4092
4062	4062	-19.9959
4063	4063	-51.3408
4064	4064	21.1254
4065	4065	-29.613
4066	4066	20.1435
4067	4067	17.3145
4068	4068	-9.81662
4069	4069	10.0651
4070	4070	10.2552
4071	4071	32.348
4072	4072	16.3954
4073	4073	-1.36205
4074	4074	16.2585
4075	4075	17.9253
4076	4076	6.43335
4077	4077	-31.1197
4078	4078	-16.1605
4079	4079	36.1053
4080	4080	-8.40673
4081	4081	6.27187
4082	4082	4.65891
4083	4083	-8.86634
4084	4084	3.8878
4085	4085	10.5321
4086	4086	11.0513
4087	4087	-3.24587
4088	4088	25.1628
4089	4089	39.8277
4090	4090	21.9059
4091	4091	-15.1925
4092	4092	27.0555
4093	4093	-5.93218
4094	4094	6.8174
4095	4095	4.14114
4096	4096	-4.84342
4097	4097	15.6898
4098	4098	-29.4586
4099	4099	8.86007
4100	4100	12.2114
4101	4101	5.48294
4102	4102	18.7801
4103	4103	7.45478
4104	4104	-15.8201
4105	4105	54.9703
4106	4106	-21.2501
4107	4107	28.5623
4108	4108	-13.4191
4109	4109	-53.0574
4110	4110	-14.8622
4111	4111	-5.08218
4112	4112	-11.1252
4113	4113	-3.44341
4114	4114	-7.5867
4115	4115	-38.931
4116	4116	29.7542
4117	4117	25.442
4118	4118	-1.7988
4119	4119	39.9255
4120	4120	4.73823
4121	4121	-16.3576
4122	4122	7.60964
4123	4123	9.55209
4124	4124	30.1946
4125	4125	4.18196
4126	4126	-19.895
4127	4127	32.4204
4128	4128	-31.5491
4129	4129	-20.1123
4130	4130	20.6103
4131	4131	21.1528
4132	4132	17.6959
4133	4133	2.25933
4134	4134	-21.2998
4135	4135	-8.89182
4136	4136	9.65326
4137	4137	-40.9222
4138	4138	46.083
4139	4139	10.3573
4140	4140	-9.47493
4141	4141	22.682
4142	4142	-14.7615
4143	4143	4.38589
4144	4144	-20.6174
4145	4145	1.69835
4146	4146	4.36719
4147	4147	9.1073
4148	4148	-24.1875
4149	4149	-1.47579
4150	4150	26.6517
4151	4151	21.4739
4152	4152	-14.8052
4153	4153	19.2388
4154	4154	-22.6376
4155	4155	21.5391
4156	4156	-9.82204
4157	4157	-33.0891
4158	4158	25.378
4159	4159	4.53829
4160	4160	34.9907
4161	4161	-8.3601
4162	4162	-10.7402
4163	4163	-31.5531
4164	4164	17.4096
4165	4165	-20.6775
4166	4166	14.8631
4167	4167	-17.8397
4168	4168	18.1121
4169	4169	-25.592
4170	4170	-56.4261
4171	4171	-34.1811
4172	4172	-32.3669
4173	4173	14.4231
4174	4174	13.8467
4175	4175	3.99767
4176	4176	-23.4352
4177	4177	32.5356
4178	4178	-17.6489
4179	4179	-31.1165
4180	4180	-33.5796
4181	4181	22.9218
4182	4182	34.873
4183	4183	6.14313
4184	4184	5.30818
4185	4185	-13.2594
4186	4186	20.9837
4187	4187	-19.3914
4188	4188	4.40247
4189	4189	19.9373
4190	4190	2.19681
4191	4191	32.5987
4192	4192	13.7431
4193	4193	-44.1539
4194	4194	8.44228
4195	4195	28.417
4196	4196	7.9699
4197	4197	15.8021
4198	4198	11.5298
4199	4199	-47.4401
4200	4200	-13.3744
4201	4201	-14.6502
4202	4202	6.37603
4203	4203	-12.7312
4204	4204	38.5616
4205	4205	-22.9371
4206	4206	-11.0532
4207	4207	2.53369
4208	4208	-2.82144
4209	4209	23.5107
4210	4210	54.3614
4211	4211	35.4582
4212	4212	-26.2185
4213	4213	-15.4031
4214	4214	14.8885
4215	4215	29.6464
4216	4216	65.5613
4217	4217	11.3367
4218	4218	35.2833
4219	4219	-6.50202
4220	4220	42.1266
4221	4221	-22.4394
4222	4222	-58.0704
4223	4223	-32.6429
4224	4224	27.461
4225	4225	17.8078
4226	4226	12.0209
4227	4227	-52.1949
4228	4228	9.71515
4229	4229	-16.3352
4230	4230	-15.3926
4231	4231	-18.6504
4232	4232	37.4368
4233	4233	-21.2896
4234	4234	-12.3479
4235	4235	-19.0519
4236	4236	66.3011
4237	4237	19.2673
4238	4238	-23.6401
4239	4239	27.2601
4240	4240	-1.80659
4241	4241	1.11457
4242	4242	7.15401
4243	4243	21.627
4244	4244	-5.43371
4245	4245	-29.8577
4246	4246	12.299
4247	4247	-16.0609
4248	4248	-30.7016
4249	4249	16.8852
4250	4250	-18.2401
4251	4251	17.3572
4252	4252	-6.86222
4253	4253	-37.4726
4254	4254	-1.18402
4255	4255	-11.7998
4256	4256	-5.19659
4257	4257	-29.1731
4258	4258	14.0037
4259	4259	20.801
4260	4260	-13.3461
4261	4261	-36.142
4262	4262	10.2186
4263	4263	-1.16862
4264	4264	19.5989
4265	4265	-17.6689
4266	4266	1.43133
4267	4267	8.56687
4268	4268	-6.35668
4269	4269	33.0455
4270	4270	-10.7709
4271	4271	-2.06287
4272	4272	-20.8005
4273	4273	28.3428
4274	4274	-16.3733
4275	4275	16.3524
4276	4276	-29.1599
4277	4277	-2.07178
4278	4278	44.9662
4279	4279	-0.0207447
4280	4280	-9.6573
4281	4281	-12.8117
4282	4282	10.1672
4283	4283	14.1669
4284	4284	-38.0537
4285	4285	6.10796
4286	4286	-22.8998
4287	4287	37.2633
4288	4288	-8.48979
4289	4289	15.7678
4290	4290	-39.6893
4291	4291	-3.75874
4292	4292	18.4464
4293	4293	-20.1435
4294	4294	24.296
4295	4295	51.6756
4296	4296	15.6245
4297	4297	13.0279
4298	4298	31.805
4299	4299	-11.666
4300	4300	-14.7101
4301	4301	-12.7804
4302	4302	10.1737
4303	4303	-3.70226
4304	4304	-20.1151
4305	4305	-21.8055
4306	4306	-5.26806
4307	4307	-32.4161
4308	4308	44.3834
4309	4309	-20.4764
4310	4310	-7.03357
4311	4311	5.24687
4312	4312	58.2864
4313	4313	8.5837
4314	4314	27.2067
4315	4315	12.0013
4316	4316	-14.5584
4317	4317	-22.6783
4318	4318	-5.77391
4319	4319	58.7288
4320	4320	59.5099
4321	4321	-22.7283
4322	4322	-7.63769
4323	4323	3.23645
4324	4324	-11.6584
4325	4325	0.535969
4326	4326	29.6774
4327	4327	9.60743
4328	4328	49.335
4329	4329	-8.38971
4330	4330	-12.9045
4331	4331	-21.3643
4332	4332	-10.4229
4333	4333	-7
4334	4334	-36.5781
4335	4335	3.2312
4336	4336	-6.15335
4337	4337	15.329
4338	4338	-21.2955
4339	4339	20.1003
4340	4340	7.4855
4341	4341	-0.143569
4342	4342	-37.3127
4343	4343	42.3256
4344	4344	-8.69807
4345	4345	28.1406
4346	4346	23.5384
4347	4347	-32.8507
4348	4348	20.2915
4349	4349	-18.4539
4350	4350	-37.0768
4351	4351	41.4041
4352	4352	-10.4035
4353	4353	31.9063
4354	4354	-4.31779
4355	4355	15.2985
4356	4356	-64.4107
4357	4357	-30.792
4358	4358	-23.6491
4359	4359	-14.7999
4360	4360	-6.84393
4361	4361	-34.0704
4362	4362	22.9018
4363	4363	17.5667
4364	4364	-21.0747
4365	4365	-30.0816
4366	4366	-13.9909
4367	4367	-7.66026
4368	4368	-7.23782
4369	4369	-29.5669
4370	4370	-6.80914
4371	4371	2.2833
4372	4372	-11.5868
4373	4373	-3.59676
4374	4374	-24.5101
4375	4375	-5.6939
4376	4376	-20.1388
4377	4377	-22.9486
4378	4378	-22.76
4379	4379	-15.8732
4380	4380	-4.52905
4381	4381	29.1402
4382	4382	-15.9081
4383	4383	-29.6176
4384	4384	-48.7967
4385	4385	1.04769
4386	4386	-2.58709
4387	4387	-7.10958
4388	4388	9.56983
4389	4389	25.5504
4390	4390	-34.8167
4391	4391	15.9086
4392	4392	23.6125
4393	4393	-17.5514
4394	4394	-15.1734
4395	4395	-1.16719
4396	4396	1.80237
4397	4397	0.59635
4398	4398	-26.0439
4399	4399	-18.7129
4400	4400	6.81456
4401	4401	55.0411
4402	4402	-58.7666
4403	4403	-12.5722
4404	4404	43.5
4405	4405	48.0249
4406	4406	-32.6498
4407	4407	13.4899
4408	4408	-0.130439
4409	4409	-5.28998
4410	4410	0.0866701
4411	4411	10.2554
4412	4412	44.6638
4413	4413	-20.5254
4414	4414	-20.7364
4415	4415	-5.02457
4416	4416	3.5382
4417	4417	1.10237
4418	4418	-28.0599
4419	4419	-31.5671
4420	4420	-22.7289
4421	4421	15.1862
4422	4422	-34.1229
4423	4423	-17.1873
4424	4424	-38.7675
4425	4425	-23.861
4426	4426	-29.5757
4427	4427	18.2727
4428	4428	-6.81489
4429	4429	-17.9292
4430	4430	32.8683
4431	4431	17.6066
4432	4432	18.2606
4433	4433	-5.91434
4434	4434	22.3333
4435	4435	-33.5151
4436	4436	-26.9101
4437	4437	51.6158
4438	4438	-20.7001
4439	4439	-15.4616
4440	4440	-39.1989
4441	4441	-8.8552
4442	4442	-36.2692
4443	4443	24.7343
4444	4444	40.2644
4445	4445	32.5159
4446	4446	-5.7265
4447	4447	11.2958
4448	4448	0.561495
4449	4449	7.61064
4450	4450	-25.688
4451	4451	5.55115
4452	4452	-13.3794
4453	4453	-1.27028
4454	4454	-8.13767
4455	4455	24.4016
4456	4456	50.1043
4457	4457	-4.02872
4458	4458	12.4631
4459	4459	-30.784
4460	4460	9.70505
4461	4461	-18.3386
4462	4462	15.0631
4463	4463	-24.2687
4464	4464	3.6542
4465	4465	-7.40877
4466	4466	30.1976
4467	4467	-7.29413
4468	4468	-35.9765
4469	4469	11.3103
4470	4470	10.576
4471	4471	-28.5311
4472	4472	13.27
4473	4473	-9.23661
4474	4474	-26.2685
4475	4475	16.1973
4476	4476	-26.2229
4477	4477	-11.1773
4478	4478	-0.604231
4479	4479	18.8632
4480	4480	15.7281
4481	4481	-52.6078
4482	4482	-29.684
4483	4483	8.58372
4484	4484	-22.7828
4485	4485	-43.1514
4486	4486	-3.82099
4487	4487	-16.2466
4488	4488	5.27715
4489	4489	-8.08793
4490	4490	7.46207
4491	4491	-19.7774
4492	4492	10.7178
4493	4493	-31.2069
4494	4494	10.2345
4495	4495	24.1758
4496	4496	-10.9482
4497	4497	8.52318
4498	4498	29.6303
4499	4499	9.75398
4500	4500	-25.5029
4501	4501	-26.6199
4502	4502	-29.6746
4503	4503	-13.4565
4504	4504	6.72854
4505	4505	-5.39529
4506	4506	-2.16768
4507	4507	-1.1286
4508	4508	20.8046
4509	4509	19.3796
4510	4510	-25.9573
4511	4511	5.59564
4512	4512	-11.2611
4513	4513	33.1176
4514	4514	26.4373
4515	4515	15.3997
4516	4516	32.2394
4517	4517	-17.9235
4518	4518	-5.67664
4519	4519	46.4832
4520	4520	13.2792
4521	4521	-2.52587
4522	4522	15.4791
4523	4523	-20.8387
4524	4524	59.0111
4525	4525	37.2452
4526	4526	-31.068
4527	4527	-6.86118
4528	4528	-22.4105
4529	4529	-12.9017
4530	4530	17.2691
4531	4531	-31.9723
4532	4532	-1.85447
4533	4533	-37.6595
4534	4534	-4.48597
4535	4535	-9.6207
4536	4536	-2.93384
4537	4537	1.26494
4538	4538	5.39225
4539	4539	-18.9787
4540	4540	-36.397
4541	4541	-52.1971
4542	4542	5.13902
4543	4543	-9.87023
4544	4544	-5.77754
4545	4545	32.5077
4546	4546	-59.9288
4547	4547	7.51823
4548	4548	-28.2106
4549	4549	11.9064
4550	4550	49.1847
4551	4551	16.7452
4552	4552	-9.11486
4553	4553	1.44536
4554	4554	-32.9012
4555	4555	44.8543
4556	4556	-11.1125
4557	4557	-0.688553
4558	4558	-49.9997
4559	4559	16.442
4560	4560	0.351886
4561	4561	-16.3901
4562	4562	25.3508
4563	4563	-20.0924
4564	4564	8.62208
4565	4565	-42.5017
4566	4566	43.3272
4567	4567	32.5271
4568	4568	19.864
4569	4569	6.00691
4570	4570	-54.1653
4571	4571	-32.0068
4572	4572	1.6702
4573	4573	-37.7464
4574	4574	-44.8645
4575	4575	-23.3438
4576	4576	16.928
4577	4577	10.0777
4578	4578	13.7511
4579	4579	-11.4878
4580	4580	37.1791
4581	4581	-2.79525
4582	4582	7.81551
4583	4583	20.0607
4584	4584	29.2859
4585	4585	-14.2214
4586	4586	12.534
4587	4587	-18.3232
4588	4588	-13.499
4589	4589	15.5464
4590	4590	-15.1372
4591	4591	21.7411
4592	4592	8.93497
4593	4593	6.04286
4594	4594	1.24813
4595	4595	44.7447
4596	4596	37.2547
4597	4597	11.4133
4598	4598	1.71886
4599	4599	-26.5741
4600	4600	21.2499
4601	4601	1.47769
4602	4602	41.0803
4603	4603	17.8557
4604	4604	57.922
4605	4605	6.59852
4606	4606	-21.6052
4607	4607	26.7595
4608	4608	-3.64287
4609	4609	3.75724
4610	4610	8.58299
4611	4611	-12.2055
4612	4612	-22.9348
4613	4613	5.08284
4614	4614	-24.737
4615	4615	13.0518
4616	4616	2.13858
4617	4617	-4.06149
4618	4618	-24.3495
4619	4619	-12.3096
4620	4620	59.5878
4621	4621	-32.4792
4622	4622	4.24294
4623	4623	-48.0235
4624	4624	-7.76007
4625	4625	39.6511
4626	4626	11.3499
4627	4627	-30.0623
4628	4628	16.2135
4629	4629	-17.7094
4630	4630	-2.7203
4631	4631	16.8046
4632	4632	-7.8691
4633	4633	-20.8181
4634	4634	2.52807
4635	4635	-0.543811
4636	4636	12.5765
4637	4637	-20.6795
4638	4638	34.6471
4639	4639	29.4597
4640	4640	-43.8562
4641	4641	-41.0281
4642	4642	11.0066
4643	4643	-3.46187
4644	4644	-13.2282
4645	4645	29.0778
4646	4646	18.2481
4647	4647	-28.4024
4648	4648	-50.8403
4649	4649	-15.0551
4650	4650	-24.7962
4651	4651	-33.6549
4652	4652	-24.0742
4653	4653	-24.6259
4654	4654	-25.8463
4655	4655	-37.6317
4656	4656	-16.8534
4657	4657	-14.0156
4658	4658	23.3904
4659	4659	24.3555
4660	4660	25.3342
4661	4661	17.6833
4662	4662	1.87729
4663	4663	-23.5296
4664	4664	0.10588
4665	4665	-33.3465
4666	4666	-17.131
4667	4667	0.685312
4668	4668	39.8707
4669	4669	16.2574
4670	4670	16.1196
4671	4671	9.48025
4672	4672	-7.65189
4673	4673	5.44237
4674	4674	-12.7304
4675	4675	15.6715
4676	4676	9.27642
4677	4677	26.375
4678	4678	44.538
4679	4679	7.48552
4680	4680	-11.594
4681	4681	4.06616
4682	4682	-12.0695
4683	4683	-17.2067
4684	4684	45.6683
4685	4685	17.0483
4686	4686	9.9091
4687	4687	-18.8892
4688	4688	-20.4597
4689	4689	-25.113
4690	4690	19.2218
4691	4691	16.5671
4692	4692	6.32559
4693	4693	5.60896
4694	4694	-7.05304
4695	4695	-12.4147
4696	4696	-24.2835
4697	4697	3.8088
4698	4698	-20.0101
4699	4699	-18.9958
4700	4700	18.6562
4701	4701	3.85325
4702	4702	-6.92278
4703	4703	-9.66407
4704	4704	-18.3659
4705	4705	52.6022
4706	4706	9.18967
4707	4707	7.90276
4708	4708	4.29718
4709	4709	34.3861
4710	4710	15.0185
4711	4711	17.1485
4712	4712	-34.3627
4713	4713	-5.74269
4714	4714	-5.09079
4715	4715	-6.30271
4716	4716	6.68661
4717	4717	-12.4543
4718	4718	-39.8853
4719	4719	-3.60152
4720	4720	38.0712
4721	4721	34.977
4722	4722	5.53026
4723	4723	-40.3229
4724	4724	-21.9167
4725	4725	1.03256
4726	4726	-35.1022
4727	4727	-14.7842
4728	4728	-3.48046
4729	4729	-40.3603
4730	4730	-16.0783
4731	4731	-7.19556
4732	4732	-6.87445
4733	4733	-20.5024
4734	4734	10.4303
4735	4735	-4.97316
4736	4736	-10.3645
4737	4737	6.74221
4738	4738	-12.7207
4739	4739	5.57413
4740	4740	20.2606
4741	4741	-36.7276
4742	4742	-16.3067
4743	4743	17.3926
4744	4744	-25.2421
4745	4745	-17.8919
4746	4746	42.8596
4747	4747	11.0203
4748	4748	0.716854
4749	4749	-5.75632
4750	4750	7.01369
4751	4751	-10.3829
4752	4752	20.7804
4753	4753	11.8103
4754	4754	-9.112
4755	4755	36.0585
4756	4756	8.56319
4757	4757	41.1512
4758	4758	21.7186
4759	4759	9.18036
4760	4760	18.1761
4761	4761	15.2346
4762	4762	-42.2604
4763	4763	51.342
4764	4764	-8.18528
4765	4765	-13.2144
4766	4766	-41.9653
4767	4767	-18.1761
4768	4768	-15.5875
4769	4769	-16.6986
4770	4770	-2.33906
4771	4771	10.9714
4772	4772	-16.4053
4773	4773	-7.40615
4774	4774	25.107
4775	4775	13.5286
4776	4776	-36.0971
4777	4777	-10.1171
4778	4778	-43.2405
4779	4779	37.4076
4780	4780	-24.2717
4781	4781	32.0783
4782	4782	13.2941
4783	4783	8.81891
4784	4784	5.75637
4785	4785	-4.46342
4786	4786	-31.1252
4787	4787	14.3219
4788	4788	-29.8547
4789	4789	24.1593
4790	4790	-5.51999
4791	4791	56.4365
4792	4792	-19.7983
4793	4793	-9.30902
4794	4794	-22.1415
4795	4795	13.7642
4796	4796	-19.0614
4797	4797	8.29158
4798	4798	0.0697154
4799	4799	-28.381
