sample_id	sample_id2	phensim
zero	zero	-5.55782
1	1	29.1338
2	2	10.2122
3	3	-11.7404
4	4	-4.25964
5	5	9.95213
6	6	0.794886
7	7	9.84428
8	8	-31.1173
9	9	21.0916
10	10	-30.417
11	11	-24.6902
12	12	-48.4281
13	13	-52.7682
14	14	2.67444
15	15	21.6447
16	16	-24.2789
17	17	-8.91614
18	18	0.550988
19	19	-3.94506
20	20	25.855
21	21	-15.169
22	22	15.3629
23	23	-3.40617
24	24	10.5462
25	25	-24.9856
26	26	1.24482
27	27	12.6733
28	28	8.89763
29	29	-6.57433
30	30	37.0169
31	31	-23.4833
32	32	0.651551
33	33	12.5008
34	34	5.05412
35	35	-22.2591
36	36	-26.1538
37	37	-26.0402
38	38	-5.00083
39	39	30.5614
40	40	20.4287
41	41	17.1468
42	42	8.04354
43	43	6.3021
44	44	-13.6846
45	45	-23.6144
46	46	5.12229
47	47	-19.7726
48	48	-10.578
49	49	1.30272
50	50	2.61645
51	51	30.3041
52	52	-22.8606
53	53	-16.6569
54	54	3.57114
55	55	15.1666
56	56	-3.46885
57	57	4.37928
58	58	34.606
59	59	-22.0394
60	60	12.7332
61	61	16.0825
62	62	21.4339
63	63	2.33331
64	64	1.91461
65	65	19.7036
66	66	-11.4396
67	67	-4.77411
68	68	-38.528
69	69	-9.8471
70	70	20.2286
71	71	10.8292
72	72	16.7981
73	73	-20.2238
74	74	25.4575
75	75	-16.3673
76	76	14.5229
77	77	-1.15986
78	78	9.58435
79	79	1.26187
80	80	-35.9556
81	81	-12.2909
82	82	-17.3158
83	83	45.4107
84	84	10.7871
85	85	15.3802
86	86	-19.4338
87	87	-13.1184
88	88	1.80455
89	89	18.3682
90	90	-30.0641
91	91	-14.344
92	92	-5.94456
93	93	-19.9536
94	94	-2.83107
95	95	17.2287
96	96	-1.02104
97	97	-31.8575
98	98	13.1793
99	99	25.0136
100	100	-0.0348779
101	101	12.5658
102	102	21.8675
103	103	27.2572
104	104	22.6691
105	105	10.9764
106	106	37.2667
107	107	34.3608
108	108	-15.3544
109	109	-13.8008
110	110	19.2994
111	111	18.8961
112	112	-35.8625
113	113	-27.0365
114	114	13.7721
115	115	-11.4283
116	116	-12.5783
117	117	15.4451
118	118	-28.9281
119	119	-11.2249
120	120	-14.6453
121	121	10.6483
122	122	-26.0874
123	123	11.0077
124	124	-2.92032
125	125	-0.374114
126	126	55.1361
127	127	-3.71939
128	128	-26.3468
129	129	-1.56031
130	130	3.22084
131	131	16.7491
132	132	5.18359
133	133	4.97983
134	134	15.1466
135	135	0.739309
136	136	1.94261
137	137	23.7036
138	138	13.496
139	139	-22.7051
140	140	21.5086
141	141	20.1127
142	142	35.9226
143	143	2.25675
144	144	3.22263
145	145	18.1607
146	146	-30.3641
147	147	46.3372
148	148	-39.4914
149	149	13.4064
150	150	-17.3209
151	151	-9.49568
152	152	-0.597794
153	153	8.81436
154	154	-15.9973
155	155	5.3973
156	156	30.5237
157	157	20.4353
158	158	15.3225
159	159	-7.53889
160	160	-11.5556
161	161	-2.47371
162	162	-37.7552
163	163	33.8751
164	164	-27.8248
165	165	-19.2883
166	166	11.2604
167	167	-35.4605
168	168	-10.4801
169	169	43.6873
170	170	35.2072
171	171	-18.1963
172	172	11.016
173	173	-3.38603
174	174	-39.3596
175	175	14.8925
176	176	17.3472
177	177	-5.44159
178	178	32.2296
179	179	7.83787
180	180	-13.7442
181	181	-4.76437
182	182	-13.566
183	183	11.3459
184	184	-28.1551
185	185	6.42197
186	186	38.2397
187	187	-16.5943
188	188	-2.99866
189	189	-15.4668
190	190	-32.186
191	191	-42.964
192	192	-6.45652
193	193	9.02904
194	194	22.9031
195	195	14.8469
196	196	-23.8924
197	197	-5.0624
198	198	-37.3364
199	199	-31.8584
200	200	36.1659
201	201	5.20139
202	202	0.898053
203	203	20.2875
204	204	3.12805
205	205	41.6879
206	206	-16.1011
207	207	11.6237
208	208	27.3088
209	209	14.1368
210	210	27.0189
211	211	-3.57921
212	212	-6.92703
213	213	26.7013
214	214	2.53209
215	215	11.8675
216	216	-12.4603
217	217	-35.253
218	218	-0.779327
219	219	5.04554
220	220	15.2372
221	221	-12.6151
222	222	23.6377
223	223	-11.5573
224	224	-15.1008
225	225	32.6846
226	226	17.7338
227	227	-3.7687
228	228	-10.521
229	229	-2.86617
230	230	-20.4171
231	231	-20.589
232	232	4.51463
233	233	28.7798
234	234	1.84849
235	235	-19.1948
236	236	-2.40962
237	237	-9.8278
238	238	-0.762479
239	239	12.1479
240	240	8.59083
241	241	9.83
242	242	-11.0087
243	243	-7.1144
244	244	0.486673
245	245	35.3182
246	246	-0.300353
247	247	3.26555
248	248	10.1045
249	249	18.2591
250	250	33.0075
251	251	9.84461
252	252	9.22047
253	253	36.9291
254	254	-1.03939
255	255	-5.68781
256	256	-10.0323
257	257	1.62905
258	258	-27.4233
259	259	25.5975
260	260	5.75207
261	261	4.63534
262	262	-4.82962
263	263	-21.6372
264	264	22.2053
265	265	9.50869
266	266	-43.484
267	267	-17.2693
268	268	-5.63354
269	269	7.27328
270	270	11.4315
271	271	-24.3916
272	272	-42.3498
273	273	9.42404
274	274	-11.3374
275	275	36.3147
276	276	-1.09291
277	277	-29.7291
278	278	5.19893
279	279	-25.1586
280	280	-0.964049
281	281	-23.4842
282	282	-36.116
283	283	12.9347
284	284	41.1245
285	285	7.17005
286	286	-15.1362
287	287	25.9039
288	288	9.872
289	289	-12.6726
290	290	3.55873
291	291	-38.9385
292	292	-3.50027
293	293	45.6188
294	294	5.58854
295	295	9.58792
296	296	39.2501
297	297	-1.47952
298	298	-7.2311
299	299	35.6787
300	300	6.30859
301	301	2.56339
302	302	-27.9122
303	303	8.39545
304	304	4.46983
305	305	18.4296
306	306	0.66102
307	307	-1.68263
308	308	-2.22776
309	309	-7.91817
310	310	-27.6993
311	311	-11.0681
312	312	24.8223
313	313	-34.6182
314	314	-1.40213
315	315	-27.2781
316	316	-6.51232
317	317	-10.8731
318	318	22.3648
319	319	50.0912
320	320	19.7611
321	321	-22.0711
322	322	-1.9735
323	323	24.8082
324	324	12.5412
325	325	-30.2389
326	326	2.52104
327	327	3.5376
328	328	10.3647
329	329	-25.1323
330	330	14.3577
331	331	-8.81741
332	332	-10.7072
333	333	11.9908
334	334	11.258
335	335	-14.949
336	336	-27.3277
337	337	-3.41348
338	338	-15.178
339	339	-3.99429
340	340	8.77824
341	341	10.7896
342	342	22.3284
343	343	28.7208
344	344	-5.01309
345	345	9.00243
346	346	28.9144
347	347	24.8802
348	348	-38.7262
349	349	-37.6345
350	350	-18.603
351	351	-33.0965
352	352	20.1222
353	353	-3.99723
354	354	-14.1246
355	355	21.9698
356	356	-19.168
357	357	-8.27784
358	358	0.500825
359	359	31.1723
360	360	-25.7733
361	361	-13.9464
362	362	6.22551
363	363	-20.033
364	364	4.95797
365	365	-33.7912
366	366	-49.1479
367	367	-43.0159
368	368	24.7209
369	369	-25.4782
370	370	3.73666
371	371	-30.1482
372	372	66.4036
373	373	-32.5203
374	374	5.45956
375	375	-10.7614
376	376	-27.9137
377	377	1.22537
378	378	-6.56471
379	379	-21.5781
380	380	-32.9771
381	381	-16.7579
382	382	20.2158
383	383	-24.0882
384	384	3.65884
385	385	-1.47762
386	386	-9.90017
387	387	16.4389
388	388	-25.7147
389	389	0.81145
390	390	5.75528
391	391	-12.7541
392	392	33.8661
393	393	-8.49826
394	394	18.0195
395	395	33.1477
396	396	13.0877
397	397	-12.6883
398	398	9.6135
399	399	6.82749
400	400	14.737
401	401	-5.08077
402	402	28.1738
403	403	7.80706
404	404	-3.76146
405	405	5.27182
406	406	-19.1127
407	407	47.6163
408	408	25.9357
409	409	24.5668
410	410	-27.6199
411	411	-18.0846
412	412	3.21804
413	413	13.2377
414	414	-8.21683
415	415	-26.5622
416	416	-3.38469
417	417	-12.788
418	418	-15.7187
419	419	-8.66416
420	420	26.9782
421	421	-23.8301
422	422	-24.4104
423	423	13.5208
424	424	30.7073
425	425	21.2086
426	426	13.916
427	427	-3.45287
428	428	-1.39369
429	429	-7.73591
430	430	-6.46632
431	431	-5.81663
432	432	2.6981
433	433	10.2384
434	434	5.82893
435	435	3.60165
436	436	17.2037
437	437	-26.6276
438	438	10.9698
439	439	6.47807
440	440	2.00292
441	441	-10.0958
442	442	38.2772
443	443	-16.8433
444	444	-12.0123
445	445	-0.217024
446	446	-26.4509
447	447	-8.10344
448	448	20.8985
449	449	-30.2333
450	450	14.4926
451	451	4.92241
452	452	-12.0411
453	453	50.1976
454	454	-13.2678
455	455	-4.00886
456	456	-22.0406
457	457	62.4154
458	458	1.82043
459	459	-5.85884
460	460	-3.26143
461	461	25.7483
462	462	-6.71559
463	463	-5.10796
464	464	-26.8668
465	465	-21.7939
466	466	-20.4107
467	467	32.9341
468	468	-17.9083
469	469	-33.0982
470	470	-23.4203
471	471	36.1942
472	472	-9.2831
473	473	13.2838
474	474	-2.35592
475	475	-32.6177
476	476	31.0505
477	477	25.7898
478	478	-15.6839
479	479	2.17048
480	480	2.22757
481	481	41.4145
482	482	-3.70846
483	483	16.0165
484	484	-25.6668
485	485	19.4687
486	486	-27.7197
487	487	60.478
488	488	-6.53229
489	489	-9.77725
490	490	-19.7428
491	491	-26.7526
492	492	-10.3848
493	493	-6.36436
494	494	-19.3349
495	495	-0.64342
496	496	-29.3796
497	497	-7.94826
498	498	42.6513
499	499	9.17799
500	500	19.8843
501	501	14.8523
502	502	15.2539
503	503	-4.752
504	504	14.797
505	505	-5.13194
506	506	35.0989
507	507	4.53387
508	508	-1.55974
509	509	-5.85669
510	510	12.1254
511	511	-18.1892
512	512	15.8105
513	513	-18.6208
514	514	-32.217
515	515	-3.89035
516	516	9.57981
517	517	50.8764
518	518	32.2245
519	519	-13.2011
520	520	11.2786
521	521	36.0005
522	522	7.52409
523	523	4.35214
524	524	-6.86214
525	525	21.511
526	526	-5.00492
527	527	-38.8706
528	528	-6.88954
529	529	-0.0286196
530	530	-34.1489
531	531	32.4576
532	532	40.1694
533	533	13.3631
534	534	16.206
535	535	20.2696
536	536	-14.4972
537	537	24.5973
538	538	-0.84131
539	539	37.4687
540	540	13.232
541	541	-6.6646
542	542	-7.17394
543	543	42.1513
544	544	36.5557
545	545	-31.0979
546	546	21.916
547	547	-2.8953
548	548	-13.6854
549	549	27.7227
550	550	14.0978
551	551	1.27013
552	552	0.716393
553	553	-17.5638
554	554	20.0318
555	555	-11.9962
556	556	-5.38674
557	557	-22.372
558	558	-6.33826
559	559	-6.1046
560	560	21.1029
561	561	63.5689
562	562	-3.51746
563	563	59.0889
564	564	-12.5786
565	565	6.71617
566	566	31.2393
567	567	13.8205
568	568	3.54805
569	569	-3.1609
570	570	-9.6595
571	571	4.82676
572	572	-3.28679
573	573	24.3508
574	574	-23.3203
575	575	6.82912
576	576	-7.81613
577	577	13.7024
578	578	52.9106
579	579	21.5913
580	580	34.9245
581	581	1.84952
582	582	29.2476
583	583	28.9317
584	584	-18.6597
585	585	7.56669
586	586	17.394
587	587	-37.6738
588	588	36.6617
589	589	25.9548
590	590	-6.24044
591	591	-38.5768
592	592	11.371
593	593	-5.65987
594	594	-3.29399
595	595	-28.6938
596	596	16.1504
597	597	-18.8566
598	598	20.4265
599	599	8.55276
600	600	38.448
601	601	-20.2801
602	602	-11.2284
603	603	-3.30345
604	604	12.4389
605	605	-5.79448
606	606	-16.2302
607	607	-3.32104
608	608	19.6603
609	609	-28.9583
610	610	-23.504
611	611	-10.7648
612	612	-11.4432
613	613	-32.504
614	614	-6.35466
615	615	33.1651
616	616	-3.37763
617	617	-30.5766
618	618	33.4799
619	619	-44.9211
620	620	31.1083
621	621	-29.5819
622	622	19.5966
623	623	2.4781
624	624	4.49414
625	625	-0.16575
626	626	-1.46923
627	627	11.3278
628	628	-0.104896
629	629	23.6584
630	630	-20.3757
631	631	-5.17132
632	632	-50.9025
633	633	5.02518
634	634	19.6083
635	635	50.111
636	636	8.58369
637	637	-29.0095
638	638	-29.1997
639	639	-8.2497
640	640	16.7738
641	641	-23.7714
642	642	33.9318
643	643	-4.96248
644	644	7.20937
645	645	6.28336
646	646	-11.5767
647	647	18.6245
648	648	-7.15377
649	649	-20.2845
650	650	-2.15537
651	651	-2.49032
652	652	-22.3222
653	653	9.95183
654	654	-3.75967
655	655	-0.811641
656	656	-30.9124
657	657	-3.82109
658	658	16.0948
659	659	-30.7821
660	660	31.645
661	661	15.0749
662	662	-31.2946
663	663	-0.22881
664	664	41.2339
665	665	-18.3476
666	666	-37.3405
667	667	-38.2317
668	668	-12.7592
669	669	7.3829
670	670	-44.8585
671	671	-24.7921
672	672	-29.7639
673	673	-16.2959
674	674	27.9364
675	675	11.4296
676	676	25.8099
677	677	-21.4659
678	678	38.4712
679	679	-4.85382
680	680	-12.2624
681	681	-6.71791
682	682	9.21787
683	683	-28.6726
684	684	-1.63522
685	685	19.7633
686	686	-5.60809
687	687	0.827129
688	688	-9.25086
689	689	-25.7673
690	690	0.33441
691	691	22.6591
692	692	3.53106
693	693	12.224
694	694	30.693
695	695	-18.8647
696	696	-4.67945
697	697	-26.3953
698	698	12.0107
699	699	30.0695
700	700	17.682
701	701	42.9346
702	702	12.0903
703	703	2.70823
704	704	-7.48836
705	705	-44.7128
706	706	-30.7802
707	707	1.00314
708	708	55.5048
709	709	-18.062
710	710	-3.60479
711	711	9.87982
712	712	-11.7965
713	713	44.9759
714	714	-12.4565
715	715	-36.0126
716	716	30.7004
717	717	-33.5149
718	718	-7.03522
719	719	-49.4964
720	720	15.7138
721	721	3.46483
722	722	45.4189
723	723	13.2507
724	724	-18.1422
725	725	16.1326
726	726	9.11421
727	727	-4.51645
728	728	33.1231
729	729	0.185609
730	730	-39.8061
731	731	2.65778
732	732	-31.3791
733	733	-25.8337
734	734	15.8762
735	735	-16.3469
736	736	11.7166
737	737	41.4916
738	738	-37.4761
739	739	23.3774
740	740	-9.21756
741	741	-25.8865
742	742	-21.4465
743	743	27.9472
744	744	-26.9372
745	745	9.00955
746	746	35.5761
747	747	5.4711
748	748	-11.4387
749	749	2.47146
750	750	1.09903
751	751	-5.09847
752	752	12.1876
753	753	21.6299
754	754	35.6806
755	755	-7.6968
756	756	27.4316
757	757	25.5611
758	758	17.9122
759	759	-28.1986
760	760	27.937
761	761	-15.9991
762	762	-17.5898
763	763	-8.29098
764	764	26.7155
765	765	-21.5361
766	766	25.3497
767	767	-26.268
768	768	5.19317
769	769	40.9072
770	770	44.4933
771	771	-15.0376
772	772	-18.8468
773	773	-12.2364
774	774	-1.60075
775	775	-9.9782
776	776	-23.6986
777	777	7.69666
778	778	-48.3422
779	779	6.30604
780	780	26.0527
781	781	-10.1533
782	782	11.556
783	783	21.3923
784	784	23.6249
785	785	-7.77711
786	786	5.43465
787	787	-45.0194
788	788	38.058
789	789	7.60977
790	790	9.81262
791	791	-20.855
792	792	5.61225
793	793	23.7174
794	794	-17.7388
795	795	33.8382
796	796	-33.5303
797	797	9.45238
798	798	-11.5598
799	799	-14.3926
800	800	-5.715
801	801	-7.86071
802	802	-44.9224
803	803	-17.8688
804	804	12.6479
805	805	-21.452
806	806	25.7264
807	807	-22.1925
808	808	35.0326
809	809	-13.0347
810	810	2.32204
811	811	-24.3951
812	812	40.0199
813	813	-9.30207
814	814	-15.8715
815	815	2.24792
816	816	2.08797
817	817	-22.2829
818	818	52.2145
819	819	-0.785574
820	820	-46.0653
821	821	-1.74355
822	822	7.25932
823	823	-39.0272
824	824	-31.64
825	825	-15.3109
826	826	4.746
827	827	-5.73886
828	828	-12.4415
829	829	-7.90622
830	830	15.7105
831	831	-55.7429
832	832	2.74368
833	833	-5.59534
834	834	-31.74
835	835	52.9414
836	836	-29.2875
837	837	-0.511023
838	838	-1.14749
839	839	-6.21584
840	840	-8.53202
841	841	-14.3809
842	842	31.704
843	843	9.69585
844	844	-0.478081
845	845	-2.99468
846	846	-5.30516
847	847	-9.75901
848	848	-0.773837
849	849	16.5588
850	850	24.8106
851	851	-8.44723
852	852	21.79
853	853	-19.0804
854	854	8.68317
855	855	-15.8843
856	856	6.26232
857	857	34.2093
858	858	23.013
859	859	47.5453
860	860	-26.1033
861	861	-2.23556
862	862	3.22995
863	863	19.731
864	864	39.1486
865	865	2.84329
866	866	-30.7738
867	867	-28.3873
868	868	9.60036
869	869	-25.6661
870	870	40.1399
871	871	-17.0391
872	872	30.167
873	873	44.7188
874	874	-14.5344
875	875	-5.10903
876	876	-5.84588
877	877	-21.65
878	878	44.2983
879	879	9.03401
880	880	19.9681
881	881	11.7719
882	882	11.3636
883	883	-32.4386
884	884	12.3501
885	885	3.22849
886	886	19.3854
887	887	0.674925
888	888	16.7084
889	889	-8.08625
890	890	-8.56469
891	891	32.5896
892	892	31.0334
893	893	33.3079
894	894	-30.2081
895	895	8.61954
896	896	6.31976
897	897	-12.8615
898	898	-9.60074
899	899	4.25169
900	900	2.69451
901	901	1.27746
902	902	-21.5888
903	903	22.6591
904	904	-17.8274
905	905	10.4146
906	906	-20.0157
907	907	9.56043
908	908	-23.0886
909	909	12.714
910	910	13.6928
911	911	-3.92118
912	912	7.08541
913	913	-6.06764
914	914	-12.0448
915	915	-46.5374
916	916	23.0481
917	917	-3.63001
918	918	-25.641
919	919	-2.3272
920	920	-7.91905
921	921	-23.3009
922	922	4.13673
923	923	17.7991
924	924	-47.5596
925	925	-0.938712
926	926	4.98349
927	927	-24.2225
928	928	27.5618
929	929	17.7676
930	930	-5.12359
931	931	-32.3323
932	932	-15.7657
933	933	9.99826
934	934	31.8842
935	935	-10.4165
936	936	-7.8474
937	937	8.60933
938	938	-16.8179
939	939	-15.0304
940	940	-16.593
941	941	25.9727
942	942	19.4629
943	943	11.0243
944	944	-21.2932
945	945	11.8271
946	946	13.2759
947	947	17.0051
948	948	28.9537
949	949	-22.4256
950	950	-24.7333
951	951	-10.9804
952	952	23.3688
953	953	-6.76625
954	954	21.7915
955	955	28.2941
956	956	11.1455
957	957	2.19013
958	958	-11.1923
959	959	15.7191
960	960	-17.2079
961	961	1.04007
962	962	-23.1106
963	963	14.7349
964	964	-6.81623
965	965	-1.21057
966	966	48.7753
967	967	6.11456
968	968	11.7163
969	969	23.191
970	970	14.74
971	971	14.7777
972	972	-23.9189
973	973	20.4034
974	974	-30.5861
975	975	27.6758
976	976	54.5289
977	977	17.4313
978	978	8.03965
979	979	-4.87222
980	980	1.76888
981	981	-24.5301
982	982	4.2357
983	983	37.5756
984	984	-12.6562
985	985	-23.3266
986	986	-26.8059
987	987	-8.17507
988	988	9.46696
989	989	-31.2838
990	990	-1.37236
991	991	-2.71944
992	992	-10.4655
993	993	-12.4032
994	994	17.6384
995	995	3.67633
996	996	-13.6178
997	997	-30.1935
998	998	5.0055
999	999	3.21463
1000	1000	23.7857
1001	1001	-9.2994
1002	1002	19.8316
1003	1003	27.2005
1004	1004	13.7865
1005	1005	57.5639
1006	1006	37.5601
1007	1007	-35.7055
1008	1008	-2.95063
1009	1009	-24.8594
1010	1010	14.9082
1011	1011	-14.7512
1012	1012	-0.101094
1013	1013	-21.8039
1014	1014	12.7418
1015	1015	22.5636
1016	1016	-2.49501
1017	1017	8.81424
1018	1018	-16.1371
1019	1019	-22.7978
1020	1020	-24.6912
1021	1021	6.51543
1022	1022	-13.1854
1023	1023	-30.4268
1024	1024	-4.10448
1025	1025	13.1218
1026	1026	-29.0467
1027	1027	70.0048
1028	1028	4.40406
1029	1029	16.0851
1030	1030	-2.49847
1031	1031	16.8323
1032	1032	30.2511
1033	1033	26.4205
1034	1034	-27.9707
1035	1035	-30.8334
1036	1036	-50.2684
1037	1037	4.10006
1038	1038	15.6399
1039	1039	17.5038
1040	1040	-8.28618
1041	1041	-15.9068
1042	1042	12.2407
1043	1043	13.6226
1044	1044	6.77414
1045	1045	-8.03794
1046	1046	40.3278
1047	1047	1.37885
1048	1048	-11.5437
1049	1049	13.1502
1050	1050	28.925
1051	1051	15.2207
1052	1052	-17.0654
1053	1053	20.1458
1054	1054	6.46804
1055	1055	-8.38992
1056	1056	39.0239
1057	1057	-20.7937
1058	1058	-16.8626
1059	1059	-11.8484
1060	1060	14.2423
1061	1061	-8.51014
1062	1062	13.1742
1063	1063	-15.0091
1064	1064	-22.5469
1065	1065	-24.7784
1066	1066	-16.4433
1067	1067	-23.5176
1068	1068	-15.7653
1069	1069	-2.04754
1070	1070	-26.6777
1071	1071	-19.1048
1072	1072	5.55281
1073	1073	53.9224
1074	1074	17.3235
1075	1075	10.1322
1076	1076	29.9689
1077	1077	-12.1647
1078	1078	17.174
1079	1079	-14.1742
1080	1080	6.53744
1081	1081	-20.4945
1082	1082	-7.05655
1083	1083	-21.8099
1084	1084	-5.46907
1085	1085	-12.3217
1086	1086	-16.4258
1087	1087	27.8984
1088	1088	-11.8689
1089	1089	-21.1889
1090	1090	-9.03486
1091	1091	-1.21229
1092	1092	26.7415
1093	1093	-7.26541
1094	1094	-1.27537
1095	1095	-6.22932
1096	1096	-21.7657
1097	1097	-15.877
1098	1098	21.9065
1099	1099	34.1346
1100	1100	-25.9965
1101	1101	-20.2221
1102	1102	-8.82551
1103	1103	0.901375
1104	1104	36.2701
1105	1105	6.38024
1106	1106	12.0229
1107	1107	2.4033
1108	1108	5.02685
1109	1109	4.86537
1110	1110	23.1238
1111	1111	-7.49991
1112	1112	-19.0723
1113	1113	21.7179
1114	1114	20.1254
1115	1115	20.809
1116	1116	37.6221
1117	1117	33.9457
1118	1118	-4.40231
1119	1119	-38.3447
1120	1120	-26.6577
1121	1121	-25.7017
1122	1122	-1.12558
1123	1123	-0.839214
1124	1124	-23.9191
1125	1125	-10.0684
1126	1126	10.0013
1127	1127	0.318777
1128	1128	16.1872
1129	1129	2.74299
1130	1130	-8.09424
1131	1131	6.96596
1132	1132	-12.2471
1133	1133	-29.4856
1134	1134	-30.1336
1135	1135	-12.1515
1136	1136	-29.9358
1137	1137	3.81482
1138	1138	5.00838
1139	1139	18.0451
1140	1140	9.46065
1141	1141	-11.3434
1142	1142	9.69221
1143	1143	10.8269
1144	1144	4.93196
1145	1145	24.6102
1146	1146	10.4574
1147	1147	7.73925
1148	1148	3.07061
1149	1149	-26.6666
1150	1150	-18.5013
1151	1151	45.5641
1152	1152	-17.1483
1153	1153	26.0663
1154	1154	-3.38179
1155	1155	-31.5277
1156	1156	-25.3095
1157	1157	-34.9255
1158	1158	-7.90968
1159	1159	-1.77023
1160	1160	-3.82855
1161	1161	26.4524
1162	1162	-25.1553
1163	1163	-20.4434
1164	1164	5.72073
1165	1165	2.69842
1166	1166	-2.21279
1167	1167	37.4275
1168	1168	-6.38268
1169	1169	21.9554
1170	1170	-26.3125
1171	1171	-18.3079
1172	1172	-14.2179
1173	1173	16.5117
1174	1174	-38.2677
1175	1175	32.2894
1176	1176	12.0365
1177	1177	2.14128
1178	1178	-18.1014
1179	1179	-6.17721
1180	1180	-5.55145
1181	1181	3.55703
1182	1182	-26.6113
1183	1183	-22.1007
1184	1184	-23.1253
1185	1185	16.8296
1186	1186	35.4855
1187	1187	-24.3212
1188	1188	9.60696
1189	1189	-48.0926
1190	1190	2.74143
1191	1191	-31.0064
1192	1192	-4.63048
1193	1193	-41.5627
1194	1194	-12.662
1195	1195	-4.30752
1196	1196	20.9667
1197	1197	-5.86994
1198	1198	1.35304
1199	1199	28.7718
1200	1200	-2.51241
1201	1201	-31.5053
1202	1202	10.2018
1203	1203	10.8555
1204	1204	-20.5254
1205	1205	-4.45343
1206	1206	4.79773
1207	1207	-6.22749
1208	1208	3.57458
1209	1209	2.45031
1210	1210	-0.443004
1211	1211	-2.57752
1212	1212	17.6121
1213	1213	8.93732
1214	1214	-6.61986
1215	1215	22.4444
1216	1216	-4.40285
1217	1217	-36.455
1218	1218	-4.27949
1219	1219	-15.8835
1220	1220	3.24073
1221	1221	-21.2741
1222	1222	-37.8597
1223	1223	-26.6785
1224	1224	41.7828
1225	1225	-8.61246
1226	1226	-30.23
1227	1227	6.29557
1228	1228	-11.5272
1229	1229	21.9907
1230	1230	-3.1589
1231	1231	-12.1811
1232	1232	10.3113
1233	1233	6.65775
1234	1234	9.72369
1235	1235	-17.1432
1236	1236	14.5883
1237	1237	2.38907
1238	1238	0.851462
1239	1239	-8.13135
1240	1240	-5.2345
1241	1241	-1.98989
1242	1242	6.89108
1243	1243	-20.7232
1244	1244	-10.4725
1245	1245	-25.5615
1246	1246	-41.5307
1247	1247	8.85307
1248	1248	13.5056
1249	1249	11.4842
1250	1250	-9.09298
1251	1251	-2.63206
1252	1252	-3.8522
1253	1253	-2.38739
1254	1254	1.92825
1255	1255	-1.02181
1256	1256	-17.5592
1257	1257	37.5801
1258	1258	3.12695
1259	1259	18.2609
1260	1260	-14.095
1261	1261	-8.88424
1262	1262	-16.0063
1263	1263	12.6346
1264	1264	37.3926
1265	1265	-30.9685
1266	1266	3.72485
1267	1267	31.0285
1268	1268	-33.5095
1269	1269	-42.336
1270	1270	-16.0347
1271	1271	0.869825
1272	1272	-17.775
1273	1273	-14.134
1274	1274	0.77513
1275	1275	-14.5099
1276	1276	19.815
1277	1277	-13.9588
1278	1278	8.10975
1279	1279	-24.8569
1280	1280	-24.4735
1281	1281	-6.51633
1282	1282	-14.6123
1283	1283	-3.82702
1284	1284	-1.91044
1285	1285	59.8254
1286	1286	-5.67301
1287	1287	26.6009
1288	1288	-50.3464
1289	1289	-12.509
1290	1290	-28.3991
1291	1291	-9.79273
1292	1292	15.3383
1293	1293	-24.9423
1294	1294	29.8406
1295	1295	-21.4338
1296	1296	45.4276
1297	1297	-5.33514
1298	1298	1.01223
1299	1299	-42.0438
1300	1300	27.8784
1301	1301	-5.37315
1302	1302	9.54588
1303	1303	55.8123
1304	1304	6.03684
1305	1305	-29.3089
1306	1306	19.2003
1307	1307	35.6171
1308	1308	-9.41077
1309	1309	17.812
1310	1310	0.822845
1311	1311	34.2017
1312	1312	28.6069
1313	1313	-9.33419
1314	1314	37.0787
1315	1315	33.6975
1316	1316	14.0025
1317	1317	-0.135563
1318	1318	10.1729
1319	1319	18.2547
1320	1320	32.6981
1321	1321	-3.84868
1322	1322	-15.184
1323	1323	38.905
1324	1324	-7.44075
1325	1325	-0.843349
1326	1326	-8.11663
1327	1327	39.9417
1328	1328	-15.0348
1329	1329	-7.03716
1330	1330	10.8591
1331	1331	8.55945
1332	1332	14.2365
1333	1333	30.6257
1334	1334	54.6118
1335	1335	6.79043
1336	1336	-13.0421
1337	1337	-9.34666
1338	1338	2.47625
1339	1339	2.15364
1340	1340	-45.3359
1341	1341	-6.50381
1342	1342	16.0184
1343	1343	-3.40868
1344	1344	2.6443
1345	1345	12.1674
1346	1346	-26.906
1347	1347	30.1603
1348	1348	-1.99493
1349	1349	26.261
1350	1350	-10.1784
1351	1351	22.8803
1352	1352	-27.4745
1353	1353	-52.5841
1354	1354	17.3546
1355	1355	3.47438
1356	1356	-4.22134
1357	1357	21.186
1358	1358	-18.9386
1359	1359	-32.0304
1360	1360	4.6724
1361	1361	-6.34405
1362	1362	11.7862
1363	1363	-25.1196
1364	1364	-12.401
1365	1365	-10.7516
1366	1366	-8.48686
1367	1367	27.9154
1368	1368	26.6205
1369	1369	-26.6629
1370	1370	-2.52166
1371	1371	24.6722
1372	1372	-8.65425
1373	1373	23.0428
1374	1374	-2.31158
1375	1375	-57.4753
1376	1376	-1.85586
1377	1377	23.3161
1378	1378	-32.8688
1379	1379	25.3779
1380	1380	-31.6669
1381	1381	41.1813
1382	1382	9.48296
1383	1383	-25.3825
1384	1384	-10.1292
1385	1385	19.7156
1386	1386	-46.1444
1387	1387	27.5131
1388	1388	-25.363
1389	1389	-12.2288
1390	1390	-3.75569
1391	1391	-36.0266
1392	1392	22.9428
1393	1393	-24.0643
1394	1394	6.70356
1395	1395	-15.268
1396	1396	26.7917
1397	1397	-26.7227
1398	1398	2.84906
1399	1399	38.3232
1400	1400	-0.930499
1401	1401	-3.37986
1402	1402	12.6961
1403	1403	-1.99302
1404	1404	3.34798
1405	1405	-17.1372
1406	1406	4.05697
1407	1407	26.7233
1408	1408	-15.2011
1409	1409	16.4094
1410	1410	19.9569
1411	1411	10.5069
1412	1412	-9.49381
1413	1413	-50.4472
1414	1414	-3.8427
1415	1415	-25.6563
1416	1416	-19.4622
1417	1417	-11.1533
1418	1418	-4.41341
1419	1419	-51.1528
1420	1420	11.3621
1421	1421	-36.3421
1422	1422	6.99306
1423	1423	-22.7664
1424	1424	-9.00591
1425	1425	30.7464
1426	1426	3.46985
1427	1427	-17.8671
1428	1428	22.5001
1429	1429	-24.7152
1430	1430	-28.4212
1431	1431	36.6166
1432	1432	25.5183
1433	1433	1.94937
1434	1434	-21.0838
1435	1435	11.312
1436	1436	-21.9893
1437	1437	-19.4006
1438	1438	10.7407
1439	1439	-27.389
1440	1440	12.8325
1441	1441	-32.6865
1442	1442	-27.4637
1443	1443	-20.7637
1444	1444	15.6187
1445	1445	17.4433
1446	1446	10.2555
1447	1447	31.4295
1448	1448	14.9942
1449	1449	-10.162
1450	1450	17.6311
1451	1451	-30.1716
1452	1452	-1.9601
1453	1453	-29.2108
1454	1454	10.5643
1455	1455	-1.15385
1456	1456	3.43422
1457	1457	25.8397
1458	1458	-36.9486
1459	1459	4.65596
1460	1460	11.0312
1461	1461	30.5149
1462	1462	-21.2568
1463	1463	25.2393
1464	1464	16.1838
1465	1465	-8.32061
1466	1466	-6.66361
1467	1467	-16.5496
1468	1468	-26.3087
1469	1469	24.4338
1470	1470	-25.6058
1471	1471	28.0683
1472	1472	-42.5712
1473	1473	12.0097
1474	1474	-0.661826
1475	1475	6.49257
1476	1476	-28.1036
1477	1477	-19.4472
1478	1478	-2.37243
1479	1479	7.08097
1480	1480	-20.0272
1481	1481	-20.4354
1482	1482	18.3655
1483	1483	-22.8088
1484	1484	22.5756
1485	1485	-16.4244
1486	1486	14.5989
1487	1487	40.0935
1488	1488	3.95995
1489	1489	-12.9298
1490	1490	4.76472
1491	1491	-5.01933
1492	1492	-30.5271
1493	1493	-22.6768
1494	1494	17.6106
1495	1495	3.59311
1496	1496	9.3127
1497	1497	10.1741
1498	1498	1.14084
1499	1499	-11.2672
1500	1500	10.6611
1501	1501	20.0471
1502	1502	13.1584
1503	1503	17.9284
1504	1504	35.4601
1505	1505	-7.19794
1506	1506	-13.7198
1507	1507	-3.81347
1508	1508	12.3087
1509	1509	27.0595
1510	1510	-50.2033
1511	1511	5.81345
1512	1512	-2.92128
1513	1513	-11.2333
1514	1514	11.0574
1515	1515	29.895
1516	1516	-7.84773
1517	1517	-3.58808
1518	1518	2.01889
1519	1519	-37.5162
1520	1520	-34.1815
1521	1521	-11.2304
1522	1522	-31.2533
1523	1523	42.0346
1524	1524	3.23054
1525	1525	32.8396
1526	1526	-16.0328
1527	1527	38.4818
1528	1528	34.9662
1529	1529	4.83988
1530	1530	-17.1382
1531	1531	-10.9457
1532	1532	4.68383
1533	1533	-26.1511
1534	1534	-13.1275
1535	1535	0.390293
1536	1536	6.62457
1537	1537	23.8616
1538	1538	28.1132
1539	1539	-19.2003
1540	1540	1.52665
1541	1541	-25.3481
1542	1542	-6.40542
1543	1543	-17.5339
1544	1544	16.3038
1545	1545	44.6417
1546	1546	-20.7477
1547	1547	13.6008
1548	1548	-13.5832
1549	1549	-4.82493
1550	1550	34.1641
1551	1551	13.6453
1552	1552	0.484139
1553	1553	-2.33952
1554	1554	-3.12115
1555	1555	37.3984
1556	1556	29.1419
1557	1557	-15.5315
1558	1558	16.5638
1559	1559	10.416
1560	1560	-8.03069
1561	1561	11.6387
1562	1562	7.92981
1563	1563	-35.3428
1564	1564	-9.98043
1565	1565	24.3185
1566	1566	-10.0652
1567	1567	32.7481
1568	1568	-7.7362
1569	1569	-44.8743
1570	1570	-18.6979
1571	1571	35.7712
1572	1572	5.73961
1573	1573	-10.7441
1574	1574	33.6415
1575	1575	-8.07913
1576	1576	-5.39029
1577	1577	-1.81416
1578	1578	-2.51483
1579	1579	-22.1821
1580	1580	-29.9077
1581	1581	13.3416
1582	1582	21.4465
1583	1583	12.8484
1584	1584	4.12266
1585	1585	-18.8114
1586	1586	-17.9445
1587	1587	-45.3369
1588	1588	-13.0324
1589	1589	-8.31934
1590	1590	-6.07285
1591	1591	2.59413
1592	1592	31.1238
1593	1593	-3.13827
1594	1594	-4.65112
1595	1595	4.6923
1596	1596	48.1599
1597	1597	-44.2702
1598	1598	29.3367
1599	1599	21.6829
1600	1600	-5.75907
1601	1601	5.16803
1602	1602	-4.39639
1603	1603	-23.6492
1604	1604	2.17208
1605	1605	-4.0468
1606	1606	31.6043
1607	1607	-37.2608
1608	1608	16.3295
1609	1609	7.70511
1610	1610	-19.8801
1611	1611	21.5664
1612	1612	-24.858
1613	1613	-48.1824
1614	1614	3.1815
1615	1615	33.7502
1616	1616	-32.8372
1617	1617	5.19172
1618	1618	19.165
1619	1619	16.0845
1620	1620	23.1056
1621	1621	7.19778
1622	1622	-12.4577
1623	1623	-22.6382
1624	1624	11.0597
1625	1625	13.4331
1626	1626	-26.848
1627	1627	-40.1114
1628	1628	-18.4112
1629	1629	15.687
1630	1630	-17.9032
1631	1631	-15.9927
1632	1632	-27.7494
1633	1633	-20.1145
1634	1634	13.0009
1635	1635	20.7922
1636	1636	-5.15568
1637	1637	-28.8333
1638	1638	-8.18574
1639	1639	-0.560728
1640	1640	-26.6532
1641	1641	0.235234
1642	1642	-20.5853
1643	1643	13.0389
1644	1644	-4.58785
1645	1645	-2.2569
1646	1646	-30.8835
1647	1647	-26.7306
1648	1648	-8.74245
1649	1649	-1.70531
1650	1650	-14.722
1651	1651	-10.9379
1652	1652	-25.3219
1653	1653	7.6709
1654	1654	-6.19414
1655	1655	-14.6719
1656	1656	0.259795
1657	1657	22.7635
1658	1658	-9.72378
1659	1659	40.3436
1660	1660	14.8405
1661	1661	27.9073
1662	1662	-3.60434
1663	1663	-30.3401
1664	1664	-5.51344
1665	1665	15.6991
1666	1666	-12.8884
1667	1667	30.8434
1668	1668	13.3271
1669	1669	2.99194
1670	1670	12.3677
1671	1671	17.0838
1672	1672	-5.64141
1673	1673	-19.2731
1674	1674	4.79542
1675	1675	16.8546
1676	1676	-16.0012
1677	1677	53.8141
1678	1678	26.8286
1679	1679	-10.4154
1680	1680	17.2938
1681	1681	-9.87233
1682	1682	52.5123
1683	1683	10.004
1684	1684	-11.0643
1685	1685	-35.8141
1686	1686	-8.90413
1687	1687	-20.3966
1688	1688	21.7358
1689	1689	4.77141
1690	1690	-39.0782
1691	1691	40.6358
1692	1692	-0.631214
1693	1693	-1.4752
1694	1694	0.119005
1695	1695	-1.60516
1696	1696	6.06943
1697	1697	-12.8825
1698	1698	13.7717
1699	1699	55.049
1700	1700	-5.76052
1701	1701	29.0142
1702	1702	-31.1836
1703	1703	-35.0339
1704	1704	53.7023
1705	1705	-2.33542
1706	1706	-15.4269
1707	1707	-26.2128
1708	1708	52.5981
1709	1709	16.3691
1710	1710	-9.57589
1711	1711	8.30523
1712	1712	-15.9678
1713	1713	33.0971
1714	1714	6.54968
1715	1715	-13.661
1716	1716	-4.17442
1717	1717	-4.46142
1718	1718	4.77237
1719	1719	19.7612
1720	1720	45.6568
1721	1721	5.53182
1722	1722	3.69034
1723	1723	-14.4968
1724	1724	-22.5615
1725	1725	-12.5129
1726	1726	-2.14065
1727	1727	25.0981
1728	1728	-27.0734
1729	1729	31.9962
1730	1730	9.23725
1731	1731	20.684
1732	1732	-35.9339
1733	1733	-6.2552
1734	1734	-12.6568
1735	1735	30.6041
1736	1736	9.29424
1737	1737	-26.1358
1738	1738	3.32296
1739	1739	-26.8353
1740	1740	14.1272
1741	1741	12.637
1742	1742	-3.50897
1743	1743	26.3943
1744	1744	13.0979
1745	1745	35.2975
1746	1746	-36.8488
1747	1747	1.43307
1748	1748	15.5915
1749	1749	-14.2434
1750	1750	-15.6675
1751	1751	-23.2588
1752	1752	42.5391
1753	1753	8.35731
1754	1754	-17.9972
1755	1755	-30.0828
1756	1756	-11.894
1757	1757	5.30465
1758	1758	-13.6197
1759	1759	-14.9047
1760	1760	50.5648
1761	1761	25.6034
1762	1762	-26.6658
1763	1763	4.26464
1764	1764	4.5212
1765	1765	15.1922
1766	1766	-17.5599
1767	1767	-42.6657
1768	1768	-1.098
1769	1769	42.0376
1770	1770	-5.6563
1771	1771	-0.900913
1772	1772	4.41981
1773	1773	-24.287
1774	1774	-16.9077
1775	1775	-30.4783
1776	1776	25.1897
1777	1777	26.5053
1778	1778	-3.38302
1779	1779	6.07236
1780	1780	-32.4655
1781	1781	37.183
1782	1782	30.9688
1783	1783	-39.9412
1784	1784	-16.5169
1785	1785	13.3925
1786	1786	1.90573
1787	1787	0.495438
1788	1788	12.7646
1789	1789	-11.0982
1790	1790	-24.8995
1791	1791	16.8637
1792	1792	6.91731
1793	1793	5.86768
1794	1794	-2.11006
1795	1795	28.3148
1796	1796	-5.19623
1797	1797	-12.3824
1798	1798	-2.85892
1799	1799	-23.0732
1800	1800	-5.08535
1801	1801	5.90925
1802	1802	-12.2334
1803	1803	-32.5405
1804	1804	-15.0236
1805	1805	23.0909
1806	1806	-19.5472
1807	1807	4.39787
1808	1808	-16.199
1809	1809	25.9311
1810	1810	-3.03917
1811	1811	-27.0748
1812	1812	0.0453853
1813	1813	4.08172
1814	1814	-30.1816
1815	1815	18.1994
1816	1816	-20.6203
1817	1817	8.05766
1818	1818	40.7685
1819	1819	12.1611
1820	1820	-28.375
1821	1821	17.1639
1822	1822	-2.39837
1823	1823	-27.8989
1824	1824	17.1505
1825	1825	-8.83682
1826	1826	-1.95267
1827	1827	-16.5756
1828	1828	30.0263
1829	1829	21.869
1830	1830	-11.8385
1831	1831	-32.5112
1832	1832	-29.1548
1833	1833	7.38468
1834	1834	0.548367
1835	1835	-33.1358
1836	1836	-5.0442
1837	1837	23.1938
1838	1838	25.5069
1839	1839	-7.70967
1840	1840	6.83653
1841	1841	-8.39033
1842	1842	-3.42983
1843	1843	-4.36745
1844	1844	33.574
1845	1845	16.0064
1846	1846	-18.9458
1847	1847	18.6685
1848	1848	-27.5385
1849	1849	-10.2244
1850	1850	-0.486311
1851	1851	36.9693
1852	1852	7.42907
1853	1853	-22.7675
1854	1854	-8.53789
1855	1855	38.0444
1856	1856	-35.3544
1857	1857	-21.5214
1858	1858	21.3642
1859	1859	-27.1844
1860	1860	-23.8437
1861	1861	14.0532
1862	1862	18.6313
1863	1863	-6.53192
1864	1864	-2.82472
1865	1865	-10.8332
1866	1866	12.204
1867	1867	24.7934
1868	1868	-11.801
1869	1869	-6.31312
1870	1870	-37.9624
1871	1871	-48.1494
1872	1872	5.86382
1873	1873	29.1213
1874	1874	54.7309
1875	1875	4.12742
1876	1876	-30.0893
1877	1877	-27.0397
1878	1878	16.8096
1879	1879	-17.8132
1880	1880	-11.4944
1881	1881	-6.90579
1882	1882	27.855
1883	1883	23.0183
1884	1884	-30.4179
1885	1885	6.67934
1886	1886	-22.0976
1887	1887	14.4985
1888	1888	-5.56935
1889	1889	-25.4104
1890	1890	-18.3656
1891	1891	13.8143
1892	1892	-5.52448
1893	1893	32.1049
1894	1894	-5.78419
1895	1895	-27.7108
1896	1896	12.4052
1897	1897	-11.9307
1898	1898	-31.0935
1899	1899	9.06053
1900	1900	-0.766655
1901	1901	-10.6781
1902	1902	-28.4312
1903	1903	17.8058
1904	1904	-27.7156
1905	1905	-20.3232
1906	1906	-40.0092
1907	1907	-12.4172
1908	1908	15.4934
1909	1909	-8.54658
1910	1910	34.4294
1911	1911	7.0168
1912	1912	34.3737
1913	1913	-1.30144
1914	1914	14.5833
1915	1915	-1.61341
1916	1916	-9.4364
1917	1917	-11.5554
1918	1918	23.8253
1919	1919	1.31452
1920	1920	21.9212
1921	1921	7.79873
1922	1922	31.0194
1923	1923	22.4409
1924	1924	-5.01417
1925	1925	48.4443
1926	1926	13.7209
1927	1927	-4.92591
1928	1928	-35.049
1929	1929	-1.08208
1930	1930	-17.6267
1931	1931	-19.2287
1932	1932	-21.6412
1933	1933	31.6136
1934	1934	-8.13679
1935	1935	26.7539
1936	1936	28.6133
1937	1937	-26.501
1938	1938	-31.297
1939	1939	-14.4773
1940	1940	-0.382221
1941	1941	35.922
1942	1942	3.15769
1943	1943	7.46206
1944	1944	-12.8935
1945	1945	19.7963
1946	1946	15.4833
1947	1947	-6.80583
1948	1948	-4.90925
1949	1949	37.1805
1950	1950	0.0946618
1951	1951	-19.6111
1952	1952	20.0967
1953	1953	7.98575
1954	1954	-6.94421
1955	1955	-32.7098
1956	1956	12.8202
1957	1957	32.283
1958	1958	1.28892
1959	1959	-30.7164
1960	1960	14.8022
1961	1961	-8.86078
1962	1962	0.372041
1963	1963	-1.76414
1964	1964	-18.1347
1965	1965	-7.52372
1966	1966	28.3388
1967	1967	24.4815
1968	1968	31.8478
1969	1969	2.19924
1970	1970	1.23319
1971	1971	13.0095
1972	1972	15.268
1973	1973	19.9237
1974	1974	22.4364
1975	1975	-25.7011
1976	1976	-33.5124
1977	1977	6.01094
1978	1978	-29.9265
1979	1979	48.388
1980	1980	-5.66761
1981	1981	20.2479
1982	1982	-12.5109
1983	1983	-10.6622
1984	1984	34.9616
1985	1985	-18.386
1986	1986	-24.3162
1987	1987	-20.5166
1988	1988	-8.20151
1989	1989	2.05695
1990	1990	1.06309
1991	1991	-14.3366
1992	1992	-19.3247
1993	1993	17.7159
1994	1994	-8.70741
1995	1995	-28.075
1996	1996	-7.522
1997	1997	4.21206
1998	1998	-0.27117
1999	1999	-1.41014
2000	2000	-3.53498
2001	2001	22.6998
2002	2002	-4.63978
2003	2003	-1.37605
2004	2004	38.6204
2005	2005	-14.9318
2006	2006	31.2122
2007	2007	11.1673
2008	2008	11.0969
2009	2009	-4.70416
2010	2010	-37.8954
2011	2011	15.4411
2012	2012	7.64815
2013	2013	5.46364
2014	2014	8.80167
2015	2015	23.4045
2016	2016	26.8914
2017	2017	28.2829
2018	2018	3.4423
2019	2019	41.5627
2020	2020	-1.12577
2021	2021	5.18249
2022	2022	3.84608
2023	2023	-2.61767
2024	2024	-18.4929
2025	2025	0.705925
2026	2026	20.6593
2027	2027	24.7367
2028	2028	36.6787
2029	2029	18.0622
2030	2030	-32.3224
2031	2031	10.8592
2032	2032	-9.5053
2033	2033	36.7649
2034	2034	-24.0593
2035	2035	0.35577
2036	2036	-26.3124
2037	2037	-18.2765
2038	2038	-3.79431
2039	2039	-16.818
2040	2040	-18.6044
2041	2041	-14.7034
2042	2042	-21.7038
2043	2043	-19.0632
2044	2044	-6.28973
2045	2045	0.34596
2046	2046	-6.92998
2047	2047	-1.42413
2048	2048	16.856
2049	2049	-8.25733
2050	2050	-28.6978
2051	2051	20.6021
2052	2052	22.1291
2053	2053	-23.0193
2054	2054	31.3737
2055	2055	-14.3047
2056	2056	-32.2043
2057	2057	-18.4511
2058	2058	30.2113
2059	2059	22.4258
2060	2060	14.9021
2061	2061	-3.65348
2062	2062	-37.6248
2063	2063	-0.755157
2064	2064	-27.0081
2065	2065	40.8741
2066	2066	-34.9223
2067	2067	-36.5716
2068	2068	-6.4835
2069	2069	-4.94139
2070	2070	-26.1543
2071	2071	-12.9641
2072	2072	21.8323
2073	2073	7.1326
2074	2074	-2.80488
2075	2075	-20.4746
2076	2076	2.89789
2077	2077	30.8183
2078	2078	40.997
2079	2079	27.4925
2080	2080	-23.9206
2081	2081	8.27095
2082	2082	-7.03797
2083	2083	10.8348
2084	2084	3.41633
2085	2085	50.772
2086	2086	11.4086
2087	2087	-26.7381
2088	2088	-2.54186
2089	2089	15.7964
2090	2090	-4.27364
2091	2091	-40.3658
2092	2092	18.9118
2093	2093	6.29186
2094	2094	38.5151
2095	2095	21.1556
2096	2096	22.0286
2097	2097	-3.828
2098	2098	-4.6276
2099	2099	-6.23982
2100	2100	-11.7432
2101	2101	-1.12045
2102	2102	-10.543
2103	2103	-27.224
2104	2104	-6.06113
2105	2105	14.2234
2106	2106	9.69201
2107	2107	-36.2711
2108	2108	35.7096
2109	2109	4.73037
2110	2110	-30.1626
2111	2111	-48.8284
2112	2112	20.6755
2113	2113	26.2512
2114	2114	-17.744
2115	2115	-19.0707
2116	2116	42.5063
2117	2117	27.4941
2118	2118	-7.0473
2119	2119	-8.5588
2120	2120	-26.1383
2121	2121	18.1806
2122	2122	11.1166
2123	2123	7.9863
2124	2124	21.0604
2125	2125	15.3
2126	2126	7.39857
2127	2127	22.7949
2128	2128	-10.3672
2129	2129	-9.06471
2130	2130	-19.5749
2131	2131	24.4134
2132	2132	-23.5252
2133	2133	-21.4298
2134	2134	9.12227
2135	2135	-2.79091
2136	2136	0.474827
2137	2137	-19.2835
2138	2138	-11.3475
2139	2139	28.4059
2140	2140	3.91856
2141	2141	-12.84
2142	2142	-13.7316
2143	2143	2.4022
2144	2144	11.9212
2145	2145	-6.52458
2146	2146	4.69901
2147	2147	-18.6314
2148	2148	15.4073
2149	2149	21.4778
2150	2150	-38.3064
2151	2151	-11.8548
2152	2152	24.218
2153	2153	16.5638
2154	2154	-27.9202
2155	2155	-26.9114
2156	2156	-8.34334
2157	2157	25.3366
2158	2158	27.6129
2159	2159	-27.0464
2160	2160	-28.6318
2161	2161	-2.37952
2162	2162	-15.9509
2163	2163	-6.2069
2164	2164	-1.25401
2165	2165	1.77951
2166	2166	17.1127
2167	2167	-10.39
2168	2168	5.48102
2169	2169	-9.95047
2170	2170	5.65882
2171	2171	-40.0373
2172	2172	-13.4879
2173	2173	-5.04837
2174	2174	-4.38548
2175	2175	-16.0307
2176	2176	20.7425
2177	2177	3.27839
2178	2178	-4.63857
2179	2179	5.94722
2180	2180	-24.5928
2181	2181	-32.9388
2182	2182	1.11169
2183	2183	-12.9098
2184	2184	-5.96061
2185	2185	-6.41331
2186	2186	12.8416
2187	2187	10.7998
2188	2188	6.53188
2189	2189	-17.3675
2190	2190	-20.742
2191	2191	-40.0733
2192	2192	2.99952
2193	2193	0.641732
2194	2194	-4.38037
2195	2195	-5.01736
2196	2196	-37.8622
2197	2197	-15.7011
2198	2198	5.08654
2199	2199	30.9099
2200	2200	7.52749
2201	2201	-44.732
2202	2202	15.8384
2203	2203	-19.9096
2204	2204	9.35902
2205	2205	-0.339081
2206	2206	5.08593
2207	2207	22.865
2208	2208	11.2549
2209	2209	-8.78265
2210	2210	-0.813378
2211	2211	-18.638
2212	2212	-25.2094
2213	2213	-7.95465
2214	2214	23.6625
2215	2215	36.5355
2216	2216	56.3367
2217	2217	16.1657
2218	2218	-2.03753
2219	2219	-3.34504
2220	2220	-12.362
2221	2221	21.551
2222	2222	-1.85837
2223	2223	52.547
2224	2224	-57.5413
2225	2225	-3.62116
2226	2226	-37.6008
2227	2227	-27.9754
2228	2228	10.9533
2229	2229	-21.1025
2230	2230	-36.484
2231	2231	-3.96675
2232	2232	15.1693
2233	2233	17.1064
2234	2234	42.7186
2235	2235	8.2189
2236	2236	12.6473
2237	2237	-18.1414
2238	2238	2.43966
2239	2239	20.088
2240	2240	-7.67734
2241	2241	32.4611
2242	2242	-25.1079
2243	2243	15.321
2244	2244	-2.42864
2245	2245	-8.7242
2246	2246	1.57072
2247	2247	-6.91228
2248	2248	-34.2563
2249	2249	-6.03805
2250	2250	12.3462
2251	2251	-35.9806
2252	2252	2.93835
2253	2253	-0.292868
2254	2254	47.1051
2255	2255	18.4861
2256	2256	-0.246423
2257	2257	19.1636
2258	2258	-30.1734
2259	2259	14.9616
2260	2260	32.4198
2261	2261	2.92428
2262	2262	-32.7215
2263	2263	-21.7585
2264	2264	14.6189
2265	2265	-7.10368
2266	2266	32.8904
2267	2267	-3.24007
2268	2268	-45.4904
2269	2269	28.9407
2270	2270	-22.7186
2271	2271	7.80242
2272	2272	5.67875
2273	2273	-25.8667
2274	2274	29.5226
2275	2275	15.4676
2276	2276	-28.9277
2277	2277	11.0646
2278	2278	-21.4992
2279	2279	27.6621
2280	2280	-20.2399
2281	2281	-3.14981
2282	2282	-8.49795
2283	2283	3.17657
2284	2284	11.6438
2285	2285	9.25052
2286	2286	-12.9333
2287	2287	-8.75802
2288	2288	42.2913
2289	2289	4.4762
2290	2290	-41.6414
2291	2291	29.4604
2292	2292	16.7933
2293	2293	38.1032
2294	2294	-20.5488
2295	2295	28.5341
2296	2296	0.781245
2297	2297	-54.3403
2298	2298	-41.7628
2299	2299	11.505
2300	2300	-4.15768
2301	2301	6.09734
2302	2302	9.15879
2303	2303	-28.9014
2304	2304	1.52785
2305	2305	11.2101
2306	2306	-35.0785
2307	2307	-20.25
2308	2308	5.26887
2309	2309	17.5695
2310	2310	3.60639
2311	2311	-25.879
2312	2312	-18.2403
2313	2313	-4.97839
2314	2314	9.98493
2315	2315	4.43962
2316	2316	19.7101
2317	2317	-8.6901
2318	2318	-36.9774
2319	2319	-20.5827
2320	2320	-7.67934
2321	2321	-11.4537
2322	2322	7.44047
2323	2323	38.0121
2324	2324	1.5159
2325	2325	-24.2702
2326	2326	7.42076
2327	2327	6.93232
2328	2328	-21.602
2329	2329	8.74285
2330	2330	-5.46424
2331	2331	1.28103
2332	2332	0.841308
2333	2333	27.2179
2334	2334	-26.0454
2335	2335	-3.17976
2336	2336	0.323104
2337	2337	23.8143
2338	2338	15.7589
2339	2339	24.4017
2340	2340	0.740977
2341	2341	-10.8457
2342	2342	-5.4352
2343	2343	3.37206
2344	2344	5.10622
2345	2345	-7.85223
2346	2346	19.7731
2347	2347	7.06585
2348	2348	-13.4795
2349	2349	16.2825
2350	2350	-20.9674
2351	2351	35.8208
2352	2352	26.0024
2353	2353	-14.5824
2354	2354	-34.7424
2355	2355	-14.9384
2356	2356	27.3381
2357	2357	-0.468652
2358	2358	4.10214
2359	2359	9.34513
2360	2360	20.9074
2361	2361	-26.2837
2362	2362	-50.6218
2363	2363	17.9904
2364	2364	-17.4938
2365	2365	3.40854
2366	2366	33.4132
2367	2367	5.67962
2368	2368	-18.962
2369	2369	-18.188
2370	2370	10.6323
2371	2371	1.5851
2372	2372	-12.3579
2373	2373	-15.4563
2374	2374	-8.21203
2375	2375	-13.0045
2376	2376	-30.6262
2377	2377	24.7413
2378	2378	-29.9752
2379	2379	-16.8791
2380	2380	4.89205
2381	2381	31.1619
2382	2382	2.75699
2383	2383	-5.87167
2384	2384	11.2995
2385	2385	-40.4389
2386	2386	11.4482
2387	2387	8.87099
2388	2388	-15.7929
2389	2389	6.95791
2390	2390	64.437
2391	2391	3.1358
2392	2392	-20.702
2393	2393	19.0796
2394	2394	-1.16557
2395	2395	-29.2408
2396	2396	-38.427
2397	2397	3.85275
2398	2398	-19.3102
2399	2399	-19.6025
