sample_id	sample_id2	phensim
zero	zero	-46.3234
1	1	17.9629
2	2	-1.79217
3	3	-26.7332
4	4	23.0733
5	5	38.3394
6	6	11.5359
7	7	-25.6783
8	8	2.07479
9	9	3.68287
10	10	-7.64466
11	11	25.0605
12	12	12.3749
13	13	-10.1429
14	14	8.58538
15	15	-7.53592
16	16	2.58459
17	17	-6.01979
18	18	16.9784
19	19	-18.0737
20	20	6.97076
21	21	48.3675
22	22	-2.30861
23	23	-22.3028
24	24	-6.32776
25	25	-16.6731
26	26	22.5245
27	27	20.7416
28	28	-5.0235
29	29	2.62717
30	30	3.18866
31	31	-13.0043
32	32	26.592
33	33	-5.8873
34	34	4.89837
35	35	-29.1048
36	36	-17.4782
37	37	-23.8728
38	38	-3.08342
39	39	-33.5863
40	40	42.9466
41	41	-1.75281
42	42	15.301
43	43	-5.07081
44	44	-13.4923
45	45	-60.4404
46	46	1.81617
47	47	11.2748
48	48	12.3892
49	49	-7.90336
50	50	6.15405
51	51	-14.8533
52	52	-39.3755
53	53	-28.817
54	54	3.58142
55	55	16.727
56	56	10.8447
57	57	10.3937
58	58	-25.0545
59	59	-19.2444
60	60	21.1112
61	61	19.5835
62	62	32.873
63	63	29.1696
64	64	6.35823
65	65	8.55288
66	66	8.12497
67	67	22.6067
68	68	-7.13567
69	69	-10.2725
70	70	19.4826
71	71	19.7492
72	72	-18.8319
73	73	12.1296
74	74	23.0874
75	75	25.7014
76	76	-0.126684
77	77	6.89441
78	78	-21.2561
79	79	6.64416
80	80	45.1879
81	81	25.9542
82	82	-12.3197
83	83	-28.8808
84	84	-22.1733
85	85	19.7489
86	86	-19.2827
87	87	-16.5999
88	88	-25.8356
89	89	54.0402
90	90	-23.2363
91	91	30.0793
92	92	18.3688
93	93	-30.1943
94	94	-10.3166
95	95	20.4682
96	96	-5.98643
97	97	27.8017
98	98	23.6455
99	99	-15.9866
100	100	-4.65401
101	101	-14.8639
102	102	-32.9379
103	103	50.5584
104	104	-13.5967
105	105	5.62419
106	106	30.0784
107	107	-7.49547
108	108	14.3251
109	109	-20.7696
110	110	29.2067
111	111	34.6413
112	112	-32.6286
113	113	1.0558
114	114	-22.8273
115	115	-28.1112
116	116	-20.1287
117	117	18.3945
118	118	-54.585
119	119	41.7073
120	120	-2.29611
121	121	-14.2783
122	122	-12.4242
123	123	11.2096
124	124	46.6025
125	125	-6.72862
126	126	19.9176
127	127	32.5825
128	128	2.94286
129	129	5.33224
130	130	6.72347
131	131	12.0385
132	132	-13.0875
133	133	-2.80753
134	134	23.5588
135	135	28.2891
136	136	29.7759
137	137	39.489
138	138	-6.82107
139	139	-2.72736
140	140	-39.1064
141	141	36.4811
142	142	1.08785
143	143	-17.9692
144	144	-38.0374
145	145	-0.373725
146	146	-26.7014
147	147	-5.72402
148	148	-38.3738
149	149	12.246
150	150	-15.5643
151	151	-6.71991
152	152	-18.2185
153	153	2.47667
154	154	-28.2009
155	155	-3.82606
156	156	40.7788
157	157	-18.0491
158	158	9.91833
159	159	-16.3998
160	160	-30.7306
161	161	34.3103
162	162	-30.5237
163	163	-9.62305
164	164	43.2275
165	165	12.8492
166	166	-10.9498
167	167	-11.7472
168	168	-18.172
169	169	2.88699
170	170	27.5584
171	171	5.39143
172	172	-0.475725
173	173	60.5094
174	174	-11.1986
175	175	8.62953
176	176	-32.7133
177	177	-2.34306
178	178	-10.4437
179	179	-25.1422
180	180	5.35971
181	181	-15.7599
182	182	-3.88426
183	183	48.7801
184	184	9.49493
185	185	-25.2848
186	186	19.1968
187	187	-22.7362
188	188	-22.5346
189	189	16.2548
190	190	-14.982
191	191	8.92421
192	192	31.7834
193	193	1.66244
194	194	0.0774134
195	195	2.28566
196	196	37.8619
197	197	27.7169
198	198	-9.49366
199	199	-32.5405
200	200	20.4535
201	201	10.1266
202	202	-5.90749
203	203	7.60601
204	204	-28.0429
205	205	17.4593
206	206	-3.2692
207	207	-14.5552
208	208	-11.3742
209	209	-3.12148
210	210	-24.4832
211	211	19.9592
212	212	8.42109
213	213	-1.55184
214	214	-5.64616
215	215	27.4782
216	216	25.7474
217	217	-16.7777
218	218	24.6994
219	219	14.1028
220	220	37.3555
221	221	21.3265
222	222	-20.52
223	223	-8.09415
224	224	-0.396726
225	225	4.98274
226	226	3.73297
227	227	3.03488
228	228	-22.375
229	229	15.8914
230	230	-42.1897
231	231	-26.5423
232	232	2.11798
233	233	-14.9664
234	234	-19.0663
235	235	-10.3503
236	236	-8.38801
237	237	12.776
238	238	-5.61477
239	239	-15.478
240	240	-32.1655
241	241	8.52932
242	242	-20.7761
243	243	-30.1476
244	244	-51.9957
245	245	34.3184
246	246	-22.7018
247	247	15.0838
248	248	18.0445
249	249	17.9175
250	250	-6.16594
251	251	22.2437
252	252	25.0892
253	253	31.3546
254	254	43.4047
255	255	-3.38635
256	256	-10.0875
257	257	35.8265
258	258	-25.8831
259	259	4.44941
260	260	-8.03615
261	261	10.9792
262	262	-18.1335
263	263	-10.7224
264	264	9.13375
265	265	-16.1915
266	266	-5.10022
267	267	22.413
268	268	22.4032
269	269	-9.37462
270	270	30.9994
271	271	-14.0507
272	272	14.9713
273	273	3.70906
274	274	-8.47459
275	275	14.2918
276	276	43.0278
277	277	-17.4582
278	278	-27.7698
279	279	-2.98329
280	280	-40.3351
281	281	-35.1724
282	282	6.46176
283	283	-3.76473
284	284	39.6847
285	285	40.9524
286	286	-31.671
287	287	11.2073
288	288	-8.8205
289	289	13.9589
290	290	-12.5792
291	291	-0.816186
292	292	4.56293
293	293	-17.7401
294	294	-5.81829
295	295	-11.6435
296	296	17.7886
297	297	-22.66
298	298	-3.26613
299	299	10.8802
300	300	-0.939675
301	301	32.9665
302	302	-36.4365
303	303	17.6852
304	304	41.0096
305	305	-16.6559
306	306	57.6583
307	307	2.93027
308	308	-15.546
309	309	45.6925
310	310	-8.99297
311	311	-0.227555
312	312	47.8865
313	313	-42.0158
314	314	38.5129
315	315	5.42139
316	316	-37.0711
317	317	-21.5049
318	318	-11.1571
319	319	28.2196
320	320	9.18853
321	321	3.23308
322	322	8.31407
323	323	-5.54491
324	324	-21.1397
325	325	-9.39277
326	326	30.1127
327	327	2.98142
328	328	-7.45618
329	329	40.7504
330	330	-11.462
331	331	3.93676
332	332	4.37889
333	333	-4.04664
334	334	-5.85257
335	335	6.75642
336	336	-0.230237
337	337	11.6651
338	338	26.5874
339	339	40.2521
340	340	55.9624
341	341	-5.77099
342	342	-12.0423
343	343	1.97747
344	344	32.6828
345	345	4.38634
346	346	-22.4902
347	347	15.3843
348	348	-6.61396
349	349	-8.00009
350	350	-13.3376
351	351	-8.52804
352	352	28.4424
353	353	34.9005
354	354	-22.7361
355	355	3.15514
356	356	-7.0089
357	357	-35.583
358	358	25.8669
359	359	28.0189
360	360	-14.62
361	361	3.36465
362	362	15.0119
363	363	32.5456
364	364	-16.1193
365	365	-34.6855
366	366	-47.3241
367	367	4.03294
368	368	57.4135
369	369	-6.17842
370	370	3.29838
371	371	-3.4531
372	372	10.7546
373	373	-31.9758
374	374	-8.45766
375	375	-18.5408
376	376	-0.0493983
377	377	-37.0372
378	378	-13.825
379	379	-22.7809
380	380	-4.30649
381	381	8.46163
382	382	-2.30228
383	383	-16.5833
384	384	-17.2622
385	385	-40.1454
386	386	-2.16254
387	387	34.3158
388	388	-8.05127
389	389	-7.79268
390	390	-9.52048
391	391	9.90444
392	392	-7.92104
393	393	-30.5212
394	394	4.61049
395	395	68.9206
396	396	68.4533
397	397	-6.72196
398	398	41.7908
399	399	-14.0026
400	400	-10.0383
401	401	24.1053
402	402	-5.28843
403	403	-16.5026
404	404	22.5744
405	405	32.1074
406	406	-0.984523
407	407	-30.1548
408	408	8.64623
409	409	32.5645
410	410	13.7172
411	411	0.826464
412	412	25.2364
413	413	-29.9773
414	414	-8.47991
415	415	-36.1987
416	416	11.1137
417	417	11.45
418	418	-23.9088
419	419	-0.43035
420	420	20.9838
421	421	5.51494
422	422	7.77768
423	423	30.9652
424	424	2.4789
425	425	-9.15561
426	426	6.37397
427	427	50.9732
428	428	-32.1637
429	429	-23.874
430	430	-49.4515
431	431	-25.4386
432	432	-20.2556
433	433	-10.0457
434	434	-3.69186
435	435	-22.7426
436	436	42.9058
437	437	-11.5873
438	438	-0.25801
439	439	27.7883
440	440	-0.615428
441	441	15.1024
442	442	-2.83359
443	443	-30.4256
444	444	-29.6994
445	445	19.7697
446	446	4.88017
447	447	12.5771
448	448	-25.2885
449	449	-6.96721
450	450	24.8755
451	451	-16.9853
452	452	7.19375
453	453	29.5546
454	454	1.68709
455	455	4.47699
456	456	8.02414
457	457	15.4137
458	458	-11.8817
459	459	-17.5907
460	460	5.9329
461	461	9.45397
462	462	-19.6579
463	463	28.5654
464	464	20.7938
465	465	-29.8013
466	466	0.0956198
467	467	-5.26897
468	468	-21.6733
469	469	-13.1849
470	470	-37.5675
471	471	-31.2499
472	472	-18.8447
473	473	6.78158
474	474	18.5205
475	475	-2.80137
476	476	-0.0954098
477	477	9.9309
478	478	-13.8198
479	479	22.0341
480	480	-0.878888
481	481	39.1821
482	482	19.9892
483	483	37.2331
484	484	-11.914
485	485	21.5047
486	486	9.69508
487	487	-13.1058
488	488	-2.23929
489	489	15.8361
490	490	-27.6551
491	491	-39.633
492	492	-16.6227
493	493	-25.5378
494	494	18.2822
495	495	22.4282
496	496	-33.8816
497	497	9.33566
498	498	9.63129
499	499	-4.95197
500	500	-15.1031
501	501	-36.8906
502	502	-12.235
503	503	-11.5187
504	504	3.5842
505	505	-14.3604
506	506	-30.4377
507	507	34.3247
508	508	25.7764
509	509	5.35652
510	510	-7.11951
511	511	-13.941
512	512	-10.8169
513	513	5.4109
514	514	1.78786
515	515	4.29529
516	516	-7.16119
517	517	-20.0504
518	518	-6.43027
519	519	-40.9814
520	520	4.28364
521	521	21.4867
522	522	-39.1698
523	523	-30.3992
524	524	16.7774
525	525	3.2678
526	526	4.94341
527	527	10.4685
528	528	-0.340203
529	529	-27.8045
530	530	-14.3493
531	531	-13.9709
532	532	7.07984
533	533	-8.12709
534	534	15.1454
535	535	-32.3712
536	536	-15.3223
537	537	-1.3837
538	538	-18.8089
539	539	-30.5758
540	540	10.5892
541	541	-14.4642
542	542	19.1814
543	543	-7.45074
544	544	-15.8481
545	545	15.2044
546	546	7.36858
547	547	10.4185
548	548	-3.39843
549	549	-9.07811
550	550	7.46056
551	551	0.0987019
552	552	-20.1346
553	553	-1.30257
554	554	36.0931
555	555	11.6831
556	556	10.5498
557	557	-18.7723
558	558	4.08529
559	559	-2.2247
560	560	45.462
561	561	-1.21535
562	562	-10.1647
563	563	22.1042
564	564	-6.52103
565	565	-15.3354
566	566	10.5632
567	567	-32.1359
568	568	1.0423
569	569	11.7369
570	570	-26.8242
571	571	-12.1624
572	572	22.6197
573	573	-21.9496
574	574	8.90063
575	575	45.3997
576	576	29.3601
577	577	-9.98452
578	578	18.4031
579	579	32.0095
580	580	20.353
581	581	-2.17967
582	582	9.3944
583	583	10.7364
584	584	-3.99597
585	585	-0.529278
586	586	-8.01957
587	587	-39.3969
588	588	54.1899
589	589	-27.7621
590	590	-12.777
591	591	-5.18861
592	592	-11.8251
593	593	13.6873
594	594	0.631071
595	595	3.08937
596	596	-20.3186
597	597	-12.4997
598	598	11.0912
599	599	36.0797
600	600	1.34082
601	601	-3.74854
602	602	-1.85286
603	603	12.334
604	604	-5.55096
605	605	-6.84567
606	606	3.94471
607	607	19.493
608	608	42.3106
609	609	15.7105
610	610	21.4739
611	611	-37.5614
612	612	-28.1145
613	613	-34.337
614	614	-22.674
615	615	4.04175
616	616	-4.44422
617	617	-13.5222
618	618	28.9523
619	619	-2.32992
620	620	-16.1746
621	621	3.53063
622	622	28.3771
623	623	-34.1602
624	624	0.154849
625	625	34.1979
626	626	-11.8917
627	627	-18.8006
628	628	-0.942753
629	629	-5.55163
630	630	-25.2294
631	631	-2.52401
632	632	2.2101
633	633	2.63896
634	634	0.999588
635	635	-29.2854
636	636	36.3623
637	637	-5.92014
638	638	7.70555
639	639	14.348
640	640	34.5981
641	641	-48.8478
642	642	13.8568
643	643	-23.3664
644	644	17.9564
645	645	-10.025
646	646	12.7509
647	647	-26.6391
648	648	-27.5811
649	649	-25.3246
650	650	-16.7344
651	651	-24.8276
652	652	-9.20404
653	653	-7.53736
654	654	4.1476
655	655	-4.10329
656	656	-35.0485
657	657	-8.036
658	658	-20.0387
659	659	13.2651
660	660	-25.2486
661	661	27.1783
662	662	-31.1357
663	663	-28.3737
664	664	-10.8706
665	665	10.1797
666	666	-22.8397
667	667	-24.0978
668	668	28.5757
669	669	69.4982
670	670	11.2033
671	671	-16.8046
672	672	-9.2398
673	673	-39.3796
674	674	-0.710647
675	675	-21.3833
676	676	-43.0675
677	677	-24.9896
678	678	17.3375
679	679	-15.9163
680	680	7.5832
681	681	32.8565
682	682	-18.962
683	683	14.364
684	684	26.3632
685	685	-23.7271
686	686	26.3312
687	687	-0.892123
688	688	39.9447
689	689	8.60172
690	690	21.1495
691	691	34.0947
692	692	-6.53958
693	693	42.9579
694	694	21.3692
695	695	28.0548
696	696	2.81138
697	697	-13.6549
698	698	48.3079
699	699	-6.25576
700	700	35.1875
701	701	9.3611
702	702	3.93627
703	703	-0.157183
704	704	12.8388
705	705	-15.6614
706	706	-23.564
707	707	-3.01315
708	708	-34.453
709	709	5.43826
710	710	-17.1694
711	711	6.82711
712	712	-7.88338
713	713	6.39234
714	714	25.2137
715	715	-29.7081
716	716	-4.67782
717	717	-4.88133
718	718	-16.6048
719	719	-51.7276
720	720	1.02786
721	721	27.8392
722	722	-9.96314
723	723	-7.93714
724	724	-1.43399
725	725	25.7333
726	726	-27.5078
727	727	11.937
728	728	-8.29431
729	729	-1.66226
730	730	-25.3951
731	731	-8.51352
732	732	18.7497
733	733	-44.3868
734	734	-10.7111
735	735	-15.2795
736	736	-22.2565
737	737	28.4706
738	738	-29.7441
739	739	3.32091
740	740	-44.8695
741	741	-10.1092
742	742	23.1308
743	743	31.9726
744	744	-28.5173
745	745	-11.4976
746	746	18.6332
747	747	11.8702
748	748	-12.0095
749	749	18.5639
750	750	34.6023
751	751	-20.3799
752	752	16.7935
753	753	-76.215
754	754	13.8666
755	755	12.7262
756	756	-27.0777
757	757	34.7044
758	758	-20.3592
759	759	-2.6938
760	760	26.3158
761	761	-1.77469
762	762	-23.2634
763	763	1.11667
764	764	-2.66539
765	765	7.01922
766	766	13.339
767	767	11.5224
768	768	24.7714
769	769	13.1663
770	770	-16.353
771	771	3.85871
772	772	51.0789
773	773	15.9767
774	774	-18.4037
775	775	-3.52438
776	776	0.44837
777	777	7.98667
778	778	5.82567
779	779	0.673807
780	780	3.10323
781	781	-29.0492
782	782	-12.504
783	783	25.7798
784	784	-13.8661
785	785	-6.73501
786	786	41.3441
787	787	-39.9993
788	788	-10.1348
789	789	20.3173
790	790	-28.974
791	791	35.8787
792	792	-14.7262
793	793	10.4423
794	794	-16.3921
795	795	-0.337533
796	796	23.1153
797	797	-23.8081
798	798	0.0592981
799	799	-5.28866
800	800	8.95664
801	801	-24.4311
802	802	-22.3963
803	803	19.179
804	804	-33.7973
805	805	13.3184
806	806	26.1058
807	807	33.8966
808	808	-1.98193
809	809	-1.8163
810	810	-21.9784
811	811	-5.65521
812	812	2.19573
813	813	-7.04657
814	814	-0.172467
815	815	9.81672
816	816	23.1615
817	817	-13.8027
818	818	-19.5521
819	819	-23.1528
820	820	-16.4684
821	821	-14.2538
822	822	5.59382
823	823	12.9565
824	824	-12.5602
825	825	-29.1032
826	826	-0.382887
827	827	30.8387
828	828	-18.4433
829	829	24.0701
830	830	16.4095
831	831	-16.7706
832	832	-7.38557
833	833	42.5723
834	834	-29.1217
835	835	-4.21448
836	836	-35.0675
837	837	-36.7948
838	838	0.046964
839	839	-25.2495
840	840	-15.2821
841	841	21.7359
842	842	-10.8358
843	843	-7.37247
844	844	-23.5656
845	845	14.0676
846	846	-10.1272
847	847	-3.54352
848	848	-1.69589
849	849	-7.39242
850	850	-21.4646
851	851	26.5546
852	852	62.7442
853	853	-24.7259
854	854	10.2193
855	855	7.96517
856	856	15.5689
857	857	-17.4054
858	858	-19.5034
859	859	-8.13097
860	860	-1.60187
861	861	14.5542
862	862	31.8197
863	863	-27.1178
864	864	10.3999
865	865	-8.18428
866	866	-32.9364
867	867	-0.151613
868	868	-7.53648
869	869	-5.60499
870	870	13.3302
871	871	-12.0795
872	872	5.98831
873	873	61.73
874	874	-7.74533
875	875	3.67025
876	876	2.68705
877	877	10.4139
878	878	-18.3461
879	879	-20.2622
880	880	16.0108
881	881	-38.5919
882	882	-13.2505
883	883	-23.3574
884	884	2.32778
885	885	-16.8938
886	886	10.5769
887	887	20.8337
888	888	15.1895
889	889	-26.4213
890	890	-5.70789
891	891	53.0711
892	892	25.4848
893	893	43.9609
894	894	-22.1489
895	895	47.2393
896	896	-4.57515
897	897	-18.7284
898	898	10.1
899	899	48.4945
900	900	-1.16864
901	901	5.6449
902	902	-15.8935
903	903	27.3979
904	904	27.2687
905	905	19.6795
906	906	15.0423
907	907	15.1785
908	908	4.76722
909	909	-6.78799
910	910	-20.6882
911	911	2.89347
912	912	12.9205
913	913	-10.9529
914	914	5.42719
915	915	-6.00775
916	916	6.0065
917	917	-1.41291
918	918	21.2743
919	919	0.99469
920	920	-5.27342
921	921	-35.0828
922	922	-19.1086
923	923	8.12168
924	924	3.26639
925	925	12.782
926	926	11.9753
927	927	-5.83274
928	928	23.2962
929	929	25.9784
930	930	67.5623
931	931	3.45649
932	932	-20.6319
933	933	-10.434
934	934	-16.1951
935	935	10.7978
936	936	-30.3849
937	937	6.51939
938	938	-36.3452
939	939	-35.7638
940	940	15.0232
941	941	14.1514
942	942	11.2014
943	943	-7.2813
944	944	-8.47388
945	945	-8.71119
946	946	10.37
947	947	-5.58656
948	948	3.21356
949	949	22.835
950	950	0.560403
951	951	-10.6583
952	952	-15.6967
953	953	-2.74798
954	954	8.66472
955	955	-8.96777
956	956	-17.9983
957	957	18.8399
958	958	-8.87071
959	959	-23.5676
960	960	-6.10516
961	961	-37.0807
962	962	-18.9645
963	963	-5.62314
964	964	-2.52179
965	965	41.3864
966	966	-13.7738
967	967	8.3441
968	968	-9.10319
969	969	26.2292
970	970	-7.60435
971	971	33.7399
972	972	7.47991
973	973	18.1476
974	974	-1.80577
975	975	-13.2053
976	976	36.1349
977	977	-3.92889
978	978	-11.8194
979	979	-9.34792
980	980	-25.4732
981	981	-33.4777
982	982	2.11096
983	983	-2.35162
984	984	-3.00734
985	985	-23.6005
986	986	-18.2029
987	987	26.9758
988	988	58.6072
989	989	-19.1431
990	990	5.64528
991	991	53.1942
992	992	-12.519
993	993	-1.18739
994	994	-25.2432
995	995	12.4825
996	996	11.2391
997	997	26.2861
998	998	-9.50674
999	999	-10.9699
1000	1000	-25.0466
1001	1001	0.583775
1002	1002	-7.96456
1003	1003	-6.81836
1004	1004	42.949
1005	1005	-11.8377
1006	1006	-5.19845
1007	1007	1.60185
1008	1008	-34.1483
1009	1009	-16.4801
1010	1010	-5.84189
1011	1011	-11.2152
1012	1012	-27.9983
1013	1013	19.5043
1014	1014	14.6731
1015	1015	-4.79043
1016	1016	-10.7376
1017	1017	12.0672
1018	1018	38.3764
1019	1019	3.33896
1020	1020	-44.2666
1021	1021	6.97184
1022	1022	8.38272
1023	1023	-5.24474
1024	1024	-14.8168
1025	1025	-2.20157
1026	1026	-4.17807
1027	1027	-8.40583
1028	1028	-5.57964
1029	1029	10.6007
1030	1030	-13.5526
1031	1031	6.28335
1032	1032	-4.57021
1033	1033	53.1365
1034	1034	1.24034
1035	1035	-3.32876
1036	1036	31.9666
1037	1037	12.4922
1038	1038	-0.420565
1039	1039	11.6759
1040	1040	-14.0617
1041	1041	-13.8017
1042	1042	-7.99204
1043	1043	27.4319
1044	1044	-29.0901
1045	1045	14.6142
1046	1046	-10.0703
1047	1047	-14.9772
1048	1048	-34.5303
1049	1049	-20.5684
1050	1050	5.33819
1051	1051	-7.82216
1052	1052	15.5433
1053	1053	-4.16604
1054	1054	26.6704
1055	1055	-17.6828
1056	1056	0.46311
1057	1057	7.18609
1058	1058	31.2973
1059	1059	-6.64003
1060	1060	-16.4392
1061	1061	6.28038
1062	1062	6.41171
1063	1063	1.76808
1064	1064	8.36751
1065	1065	5.23452
1066	1066	-2.71615
1067	1067	-25.4629
1068	1068	-7.73421
1069	1069	32.5987
1070	1070	7.91375
1071	1071	-9.11653
1072	1072	26.3903
1073	1073	29.1402
1074	1074	14.966
1075	1075	-0.979191
1076	1076	-0.372889
1077	1077	14.7028
1078	1078	2.01316
1079	1079	-47.7561
1080	1080	-26.7462
1081	1081	5.41384
1082	1082	6.91115
1083	1083	-1.62392
1084	1084	-10.2228
1085	1085	-23.7338
1086	1086	40.4802
1087	1087	34.9969
1088	1088	-16.1887
1089	1089	0.589655
1090	1090	-9.92966
1091	1091	23.4225
1092	1092	-20.0107
1093	1093	0.839986
1094	1094	24.4412
1095	1095	-16.951
1096	1096	0.979049
1097	1097	16.7035
1098	1098	-20.9453
1099	1099	-12.825
1100	1100	13.675
1101	1101	-28.4314
1102	1102	-0.034189
1103	1103	-25.3179
1104	1104	27.1282
1105	1105	5.83288
1106	1106	14.8944
1107	1107	-11.6755
1108	1108	-4.99842
1109	1109	33.254
1110	1110	-9.35748
1111	1111	8.58745
1112	1112	6.39966
1113	1113	-13.393
1114	1114	46.6199
1115	1115	-7.27899
1116	1116	40.7281
1117	1117	-11.8187
1118	1118	-1.57906
1119	1119	-30.6809
1120	1120	-30.404
1121	1121	-0.210868
1122	1122	14.8805
1123	1123	-17.4505
1124	1124	25.6385
1125	1125	-10.2257
1126	1126	17.0563
1127	1127	-25.1053
1128	1128	-13.6115
1129	1129	15.8423
1130	1130	-45.42
1131	1131	-12.2613
1132	1132	19.8893
1133	1133	-15.9766
1134	1134	-39.7802
1135	1135	-6.38643
1136	1136	37.7224
1137	1137	22.9734
1138	1138	-31.859
1139	1139	-28.2314
1140	1140	17.9163
1141	1141	-34.4224
1142	1142	-0.577376
1143	1143	5.42213
1144	1144	14.5807
1145	1145	9.4517
1146	1146	20.6975
1147	1147	27.9975
1148	1148	-10.0445
1149	1149	-10.2167
1150	1150	13.6941
1151	1151	-44.4086
1152	1152	37.653
1153	1153	-3.22965
1154	1154	-16.2803
1155	1155	-38.9987
1156	1156	-3.26313
1157	1157	8.56124
1158	1158	8.28471
1159	1159	-22.3103
1160	1160	27.7639
1161	1161	-20.6747
1162	1162	3.48072
1163	1163	-7.09256
1164	1164	32.2973
1165	1165	18.6071
1166	1166	5.35215
1167	1167	27.4506
1168	1168	-22.1634
1169	1169	20.2045
1170	1170	-40.5536
1171	1171	19.6806
1172	1172	24.094
1173	1173	44.8592
1174	1174	-32.4143
1175	1175	16.6819
1176	1176	-11.2537
1177	1177	-1.47153
1178	1178	-10.1644
1179	1179	25.6724
1180	1180	2.52626
1181	1181	-26.66
1182	1182	-8.18119
1183	1183	12.6197
1184	1184	-30.6423
1185	1185	59.4469
1186	1186	-3.2697
1187	1187	17.0264
1188	1188	34.9849
1189	1189	4.12533
1190	1190	-12.3743
1191	1191	-33.4881
1192	1192	1.4282
1193	1193	8.75519
1194	1194	9.31287
1195	1195	-17.5804
1196	1196	18.5208
1197	1197	3.14949
1198	1198	-19.4939
1199	1199	-21.963
1200	1200	10.9293
1201	1201	14.0943
1202	1202	8.25417
1203	1203	9.31517
1204	1204	-32.7886
1205	1205	-6.24961
1206	1206	34.2538
1207	1207	21.4386
1208	1208	-2.9043
1209	1209	-11.7897
1210	1210	-27.9769
1211	1211	-19.0542
1212	1212	29.6294
1213	1213	16.646
1214	1214	-13.3977
1215	1215	19.4844
1216	1216	-3.38264
1217	1217	-23.3089
1218	1218	15.6281
1219	1219	21.7396
1220	1220	5.49306
1221	1221	-0.597274
1222	1222	38.5083
1223	1223	-3.33811
1224	1224	7.09975
1225	1225	-29.6479
1226	1226	10.4873
1227	1227	-1.49719
1228	1228	-32.1257
1229	1229	13.1378
1230	1230	-12.3977
1231	1231	-28.8054
1232	1232	19.2523
1233	1233	-27.7471
1234	1234	26.0401
1235	1235	-33.0624
1236	1236	-1.17142
1237	1237	25.9345
1238	1238	-12.4649
1239	1239	18.8577
1240	1240	-1.0323
1241	1241	-1.30975
1242	1242	-27.1781
1243	1243	-27.5469
1244	1244	8.87163
1245	1245	3.0582
1246	1246	7.32652
1247	1247	-31.461
1248	1248	-2.2688
1249	1249	-17.5756
1250	1250	-3.18798
1251	1251	-17.3383
1252	1252	-33.9408
1253	1253	6.5021
1254	1254	-34.7228
1255	1255	2.42404
1256	1256	-21.7062
1257	1257	-6.65151
1258	1258	53.7561
1259	1259	4.5067
1260	1260	26.693
1261	1261	31.4852
1262	1262	-20.6537
1263	1263	29.0403
1264	1264	-20.1912
1265	1265	-15.6453
1266	1266	-5.49851
1267	1267	-1.30219
1268	1268	14.1101
1269	1269	-15.4424
1270	1270	35.7863
1271	1271	0.592219
1272	1272	5.13968
1273	1273	9.35615
1274	1274	1.43567
1275	1275	-14.2535
1276	1276	7.22344
1277	1277	4.95773
1278	1278	5.58479
1279	1279	5.15381
1280	1280	34.7403
1281	1281	-3.46922
1282	1282	-29.1936
1283	1283	-7.43185
1284	1284	-8.97067
1285	1285	-1.23149
1286	1286	36.7411
1287	1287	18.1622
1288	1288	-13.9966
1289	1289	34.0481
1290	1290	21.9877
1291	1291	-4.67514
1292	1292	3.94642
1293	1293	-30.8433
1294	1294	31.8094
1295	1295	-35.512
1296	1296	-17.7777
1297	1297	27.5359
1298	1298	5.18561
1299	1299	5.23058
1300	1300	-10.6354
1301	1301	-27.1879
1302	1302	27.6704
1303	1303	-14.3266
1304	1304	-21.9483
1305	1305	-23.6097
1306	1306	-7.37165
1307	1307	25.3851
1308	1308	10.9129
1309	1309	-4.70672
1310	1310	-18.4208
1311	1311	2.30159
1312	1312	13.8215
1313	1313	-15.085
1314	1314	2.40985
1315	1315	31.3728
1316	1316	20.813
1317	1317	25.918
1318	1318	-27.7663
1319	1319	28.0995
1320	1320	23.2679
1321	1321	-9.76168
1322	1322	6.4057
1323	1323	-5.43083
1324	1324	15.3927
1325	1325	18.4517
1326	1326	-14.5789
1327	1327	34.2147
1328	1328	-37.3422
1329	1329	6.2168
1330	1330	3.44378
1331	1331	27.0253
1332	1332	-9.77635
1333	1333	-13.3763
1334	1334	-3.36716
1335	1335	-6.2915
1336	1336	23.8859
1337	1337	-7.48874
1338	1338	48.9116
1339	1339	-12.6715
1340	1340	-12.3722
1341	1341	-2.52403
1342	1342	32.2471
1343	1343	-32.4436
1344	1344	26.0033
1345	1345	-29.8268
1346	1346	5.58963
1347	1347	1.96673
1348	1348	-12.0145
1349	1349	24.8641
1350	1350	-10.0849
1351	1351	28.2031
1352	1352	8.55645
1353	1353	0.294541
1354	1354	1.86618
1355	1355	-40.5932
1356	1356	-26.0098
1357	1357	5.53581
1358	1358	3.37711
1359	1359	14.8584
1360	1360	13.4882
1361	1361	19.3516
1362	1362	16.2557
1363	1363	-32.9213
1364	1364	2.69641
1365	1365	8.5215
1366	1366	-1.90417
1367	1367	8.8538
1368	1368	13.2454
1369	1369	-2.85819
1370	1370	-10.4363
1371	1371	13.1798
1372	1372	-13.406
1373	1373	42.7477
1374	1374	-14.7803
1375	1375	-0.801178
1376	1376	-11.5949
1377	1377	14.9066
1378	1378	-6.72051
1379	1379	5.04888
1380	1380	-25.4545
1381	1381	-0.129769
1382	1382	12.4092
1383	1383	-6.32096
1384	1384	12.1652
1385	1385	-4.35737
1386	1386	-27.9581
1387	1387	-20.8907
1388	1388	-18.9914
1389	1389	-18.0557
1390	1390	-17.471
1391	1391	28.4743
1392	1392	-5.45977
1393	1393	-9.66739
1394	1394	-2.46273
1395	1395	33.5991
1396	1396	-29.2847
1397	1397	-10.1866
1398	1398	54.9596
1399	1399	-16.94
1400	1400	-9.05185
1401	1401	-18.7926
1402	1402	-12.0034
1403	1403	-11.377
1404	1404	-18.6565
1405	1405	-24.5149
1406	1406	15.2886
1407	1407	-15.7029
1408	1408	-0.640982
1409	1409	2.66877
1410	1410	0.662563
1411	1411	30.1276
1412	1412	-38.8515
1413	1413	-17.2653
1414	1414	16.4778
1415	1415	-4.60131
1416	1416	4.93603
1417	1417	-10.1063
1418	1418	-43.7213
1419	1419	-4.78253
1420	1420	23.0832
1421	1421	-8.68569
1422	1422	-30.2326
1423	1423	-33.7907
1424	1424	-12.3633
1425	1425	-35.3121
1426	1426	14.8672
1427	1427	-25.3176
1428	1428	-17.1183
1429	1429	-35.5738
1430	1430	-3.09432
1431	1431	-62.8132
1432	1432	49.6188
1433	1433	-5.15398
1434	1434	-16.0612
1435	1435	26.895
1436	1436	-15.8718
1437	1437	2.78637
1438	1438	23.4402
1439	1439	15.4897
1440	1440	-11.5294
1441	1441	1.04469
1442	1442	25.977
1443	1443	-4.41555
1444	1444	21.2665
1445	1445	4.12731
1446	1446	70.9322
1447	1447	0.941791
1448	1448	-10.4267
1449	1449	0.146312
1450	1450	13.8348
1451	1451	1.06849
1452	1452	23.3583
1453	1453	-6.3069
1454	1454	5.99506
1455	1455	15.2856
1456	1456	-5.24138
1457	1457	27.6683
1458	1458	-10.5256
1459	1459	-24.0021
1460	1460	-13.1562
1461	1461	-28.4975
1462	1462	-23.4558
1463	1463	-10.6327
1464	1464	25.3715
1465	1465	8.33932
1466	1466	31.5694
1467	1467	4.21609
1468	1468	9.56031
1469	1469	-7.02671
1470	1470	16.6265
1471	1471	-22.9699
1472	1472	20.0546
1473	1473	5.14392
1474	1474	-32.7765
1475	1475	32.3579
1476	1476	-6.74338
1477	1477	-42.2841
1478	1478	-33.6874
1479	1479	53.0597
1480	1480	-21.4711
1481	1481	-3.89001
1482	1482	-16.7074
1483	1483	-16.6751
1484	1484	-2.65811
1485	1485	16.566
1486	1486	22.7111
1487	1487	-0.789905
1488	1488	18.7096
1489	1489	-14.2375
1490	1490	-14.9604
1491	1491	-15.0091
1492	1492	2.48519
1493	1493	-7.94814
1494	1494	6.66175
1495	1495	1.57174
1496	1496	-15.5254
1497	1497	1.39115
1498	1498	-0.376037
1499	1499	-42.0843
1500	1500	-44.2003
1501	1501	-31.556
1502	1502	18.4031
1503	1503	-29.6523
1504	1504	18.0337
1505	1505	-18.6481
1506	1506	11.2942
1507	1507	-5.78668
1508	1508	24.0678
1509	1509	34.6555
1510	1510	-14.5138
1511	1511	12.9727
1512	1512	-23.388
1513	1513	15.9099
1514	1514	-2.53864
1515	1515	0.847257
1516	1516	-26.5742
1517	1517	7.69042
1518	1518	-6.94455
1519	1519	-18.9617
1520	1520	-10.3779
1521	1521	32.5632
1522	1522	-4.50595
1523	1523	25.4316
1524	1524	-16.8217
1525	1525	-10.4009
1526	1526	15.4828
1527	1527	9.75515
1528	1528	19.5601
1529	1529	-1.70314
1530	1530	-0.157018
1531	1531	-5.82101
1532	1532	-29.9758
1533	1533	-15.9269
1534	1534	-20.2745
1535	1535	-1.00186
1536	1536	-3.95567
1537	1537	-5.34092
1538	1538	48.5943
1539	1539	33.1799
1540	1540	23.8712
1541	1541	-8.91923
1542	1542	27.6605
1543	1543	-31.0853
1544	1544	-9.1078
1545	1545	-31.6926
1546	1546	-12.2636
1547	1547	21.836
1548	1548	-6.24068
1549	1549	46.9883
1550	1550	-12.4526
1551	1551	12.3209
1552	1552	-36.6236
1553	1553	-17.6666
1554	1554	-11.4251
1555	1555	0.0925573
1556	1556	16.1049
1557	1557	-21.2145
1558	1558	-13.9933
1559	1559	-20.0513
1560	1560	12.0225
1561	1561	-8.84103
1562	1562	-25.3029
1563	1563	-11.0669
1564	1564	22.9831
1565	1565	34.2676
1566	1566	-21.4088
1567	1567	26.9715
1568	1568	-14.0646
1569	1569	-14.2137
1570	1570	-9.52805
1571	1571	20.3171
1572	1572	-31.8053
1573	1573	13.0428
1574	1574	17.5289
1575	1575	3.42243
1576	1576	-7.40987
1577	1577	-26.7227
1578	1578	6.93689
1579	1579	-7.28753
1580	1580	-35.3016
1581	1581	25.6732
1582	1582	-22.1223
1583	1583	6.9462
1584	1584	10.6123
1585	1585	3.35513
1586	1586	-3.42113
1587	1587	-28.899
1588	1588	-18.034
1589	1589	17.9829
1590	1590	-28.9837
1591	1591	-16.4014
1592	1592	-18.768
1593	1593	1.55342
1594	1594	-53.9607
1595	1595	25.5556
1596	1596	20.2395
1597	1597	-22.0083
1598	1598	0.92537
1599	1599	-12.9814
1600	1600	-25.2325
1601	1601	-16.8602
1602	1602	20.1343
1603	1603	-21.598
1604	1604	-12.5612
1605	1605	-47.7224
1606	1606	1.36084
1607	1607	26.1883
1608	1608	51.2444
1609	1609	28.8193
1610	1610	-10.7291
1611	1611	13.5037
1612	1612	-49.5551
1613	1613	-33.8804
1614	1614	5.37445
1615	1615	9.11233
1616	1616	-28.1277
1617	1617	-11.6888
1618	1618	5.19268
1619	1619	6.71658
1620	1620	32.2741
1621	1621	-2.46522
1622	1622	-23.6518
1623	1623	0.378938
1624	1624	-14.0803
1625	1625	-11.0146
1626	1626	-13.2972
1627	1627	5.61747
1628	1628	-21.043
1629	1629	-9.43381
1630	1630	-6.89125
1631	1631	-5.45585
1632	1632	-13.2127
1633	1633	-16.1338
1634	1634	-4.01347
1635	1635	0.640362
1636	1636	-15.6631
1637	1637	-5.93911
1638	1638	18.6807
1639	1639	39.8507
1640	1640	-13.3108
1641	1641	25.3142
1642	1642	32.7358
1643	1643	-0.0023491
1644	1644	-14.1055
1645	1645	-25.6536
1646	1646	-2.0921
1647	1647	-0.767698
1648	1648	-36.66
1649	1649	-3.71639
1650	1650	37.5343
1651	1651	-36.4274
1652	1652	-29.9534
1653	1653	15.4933
1654	1654	11.9011
1655	1655	-9.21146
1656	1656	-28.7546
1657	1657	-30.0887
1658	1658	9.31048
1659	1659	-14.6273
1660	1660	26.2806
1661	1661	44.6748
1662	1662	-30.3595
1663	1663	11.9485
1664	1664	9.71689
1665	1665	30.316
1666	1666	-9.3194
1667	1667	-14.4175
1668	1668	-10.8542
1669	1669	11.0965
1670	1670	-4.80386
1671	1671	12.7528
1672	1672	5.06592
1673	1673	-31.8435
1674	1674	18.624
1675	1675	-40.977
1676	1676	-5.2309
1677	1677	-20.7561
1678	1678	18.6658
1679	1679	17.815
1680	1680	1.26917
1681	1681	26.2781
1682	1682	22.9617
1683	1683	0.205123
1684	1684	2.54329
1685	1685	-18.1217
1686	1686	-20.7922
1687	1687	-62.4923
1688	1688	22.5282
1689	1689	-18.4087
1690	1690	-6.15882
1691	1691	30.8034
1692	1692	-7.85126
1693	1693	9.42522
1694	1694	46.3236
1695	1695	26.6328
1696	1696	-34.1854
1697	1697	-11.2084
1698	1698	45.5199
1699	1699	-8.63435
1700	1700	-48.4816
1701	1701	-17.7647
1702	1702	23.1343
1703	1703	-23.1134
1704	1704	32.2061
1705	1705	-5.43652
1706	1706	21.5509
1707	1707	43.4096
1708	1708	-24.8822
1709	1709	-28.9783
1710	1710	-17.4688
1711	1711	7.08616
1712	1712	-11.3214
1713	1713	0.469105
1714	1714	4.96161
1715	1715	8.04774
1716	1716	1.69179
1717	1717	11.2108
1718	1718	9.76535
1719	1719	-20.191
1720	1720	8.50129
1721	1721	21.8683
1722	1722	0.719572
1723	1723	-3.25756
1724	1724	-13.4515
1725	1725	1.90158
1726	1726	47.547
1727	1727	-16.8875
1728	1728	-15.3761
1729	1729	33.1362
1730	1730	4.23697
1731	1731	22.5947
1732	1732	30.9449
1733	1733	-22.727
1734	1734	-23.7139
1735	1735	43.2487
1736	1736	-15.6643
1737	1737	-4.53103
1738	1738	36.1568
1739	1739	20.0941
1740	1740	10.0375
1741	1741	-13.9839
1742	1742	-27.5659
1743	1743	3.12236
1744	1744	2.35037
1745	1745	-29.3928
1746	1746	-19.5015
1747	1747	18.0972
1748	1748	-18.9369
1749	1749	23.6658
1750	1750	4.55025
1751	1751	29.2991
1752	1752	3.49023
1753	1753	34.0369
1754	1754	-25.3805
1755	1755	-38.061
1756	1756	27.2831
1757	1757	7.51426
1758	1758	-14.5756
1759	1759	-19.5008
1760	1760	13.2637
1761	1761	-1.37057
1762	1762	-24.6209
1763	1763	5.45258
1764	1764	25.8635
1765	1765	3.47759
1766	1766	-26.3379
1767	1767	-38.7688
1768	1768	-29.9562
1769	1769	-16.4962
1770	1770	-61.6216
1771	1771	26.598
1772	1772	30.5694
1773	1773	7.09501
1774	1774	8.39593
1775	1775	-18.2374
1776	1776	24.6502
1777	1777	7.6774
1778	1778	1.49944
1779	1779	6.52913
1780	1780	12.6547
1781	1781	36.9433
1782	1782	16.9471
1783	1783	-44.2733
1784	1784	-15.652
1785	1785	-14.3942
1786	1786	14.9494
1787	1787	8.44539
1788	1788	23.3743
1789	1789	-2.3892
1790	1790	7.15491
1791	1791	15.4444
1792	1792	-18.9689
1793	1793	30.5698
1794	1794	40.0322
1795	1795	39.8849
1796	1796	1.92098
1797	1797	-28.9516
1798	1798	8.58767
1799	1799	25.1807
1800	1800	-1.62539
1801	1801	10.665
1802	1802	-1.88406
1803	1803	9.57866
1804	1804	-10.2792
1805	1805	47.363
1806	1806	19.7681
1807	1807	4.96133
1808	1808	4.58393
1809	1809	-40.558
1810	1810	1.7746
1811	1811	-21.471
1812	1812	4.30878
1813	1813	45.8274
1814	1814	-23.7421
1815	1815	28.9413
1816	1816	14.2372
1817	1817	-42.2796
1818	1818	-11.8431
1819	1819	56.4781
1820	1820	-28.1868
1821	1821	55.8905
1822	1822	43.9045
1823	1823	-14.8413
1824	1824	1.00506
1825	1825	-44.5267
1826	1826	30.7425
1827	1827	30.7041
1828	1828	-34.8257
1829	1829	32.3562
1830	1830	16.1228
1831	1831	-34.4235
1832	1832	-8.87165
1833	1833	24.5692
1834	1834	43.3924
1835	1835	16.5575
1836	1836	-3.18085
1837	1837	-2.83448
1838	1838	13.1776
1839	1839	3.54786
1840	1840	-14.8688
1841	1841	-4.50175
1842	1842	14.5545
1843	1843	4.12892
1844	1844	19.7027
1845	1845	-13.6136
1846	1846	-14.7768
1847	1847	25.7815
1848	1848	22.9253
1849	1849	-43.3966
1850	1850	5.74388
1851	1851	10.944
1852	1852	10.1203
1853	1853	16.453
1854	1854	-21.5641
1855	1855	62.4056
1856	1856	-35.718
1857	1857	8.58772
1858	1858	-25.768
1859	1859	13.1759
1860	1860	-8.2077
1861	1861	12.4751
1862	1862	26.5538
1863	1863	17.7863
1864	1864	-4.27472
1865	1865	-17.8232
1866	1866	12.8608
1867	1867	-18.4797
1868	1868	22.3125
1869	1869	-22.3696
1870	1870	-38.8126
1871	1871	-17.2179
1872	1872	-1.02444
1873	1873	-4.05931
1874	1874	-9.46513
1875	1875	-11.7694
1876	1876	-31.2216
1877	1877	-11.501
1878	1878	18.7949
1879	1879	-22.7209
1880	1880	-6.77859
1881	1881	7.02714
1882	1882	3.75964
1883	1883	2.34869
1884	1884	-29.8267
1885	1885	5.49692
1886	1886	-23.9187
1887	1887	-8.05428
1888	1888	-30.1816
1889	1889	-12.8845
1890	1890	34.8106
1891	1891	-29.1714
1892	1892	-18.6476
1893	1893	29.8962
1894	1894	15.8684
1895	1895	-9.46298
1896	1896	-10.5655
1897	1897	1.02138
1898	1898	-47.2429
1899	1899	55.7361
1900	1900	-33.2398
1901	1901	8.70314
1902	1902	6.14787
1903	1903	-25.6216
1904	1904	13.0903
1905	1905	42.2362
1906	1906	-3.95005
1907	1907	8.39125
1908	1908	-6.69433
1909	1909	33.8853
1910	1910	28.5748
1911	1911	0.27304
1912	1912	-25.2579
1913	1913	1.98316
1914	1914	-13.8024
1915	1915	-14.5212
1916	1916	-8.54306
1917	1917	27.2319
1918	1918	18.6945
1919	1919	-6.50023
1920	1920	22.2324
1921	1921	8.66675
1922	1922	-28.8321
1923	1923	33.1062
1924	1924	25.6047
1925	1925	19.482
1926	1926	-52.0342
1927	1927	-28.8042
1928	1928	4.84731
1929	1929	-21.8712
1930	1930	48.3975
1931	1931	3.93122
1932	1932	-14.2998
1933	1933	2.37128
1934	1934	1.79556
1935	1935	-13.237
1936	1936	-18.5789
1937	1937	-19.9273
1938	1938	-10.2692
1939	1939	-5.07863
1940	1940	-30.6198
1941	1941	20.5417
1942	1942	-6.07482
1943	1943	28.357
1944	1944	67.8652
1945	1945	10.6999
1946	1946	16.6965
1947	1947	5.29598
1948	1948	-15.9867
1949	1949	35.2985
1950	1950	11.4946
1951	1951	11.1173
1952	1952	24.1409
1953	1953	36.2151
1954	1954	14.83
1955	1955	-30.436
1956	1956	-22.4619
1957	1957	-22.8318
1958	1958	39.2923
1959	1959	-8.84267
1960	1960	19.0959
1961	1961	-12.2606
1962	1962	31.1925
1963	1963	-21.438
1964	1964	29.1302
1965	1965	19.0937
1966	1966	33.3943
1967	1967	-8.38512
1968	1968	-11.8405
1969	1969	7.71823
1970	1970	-6.20478
1971	1971	-26.1978
1972	1972	20.6776
1973	1973	41.584
1974	1974	-18.3551
1975	1975	-22.1245
1976	1976	-14.9638
1977	1977	16.6787
1978	1978	0.719647
1979	1979	-3.99611
1980	1980	18.1219
1981	1981	-38.0324
1982	1982	-6.70186
1983	1983	8.17007
1984	1984	-17.2022
1985	1985	-14.7256
1986	1986	-55.2836
1987	1987	-20.9718
1988	1988	16.6074
1989	1989	-14.8469
1990	1990	5.08788
1991	1991	13.1326
1992	1992	-40.8007
1993	1993	-23.4088
1994	1994	24.1468
1995	1995	-12.3038
1996	1996	11.2035
1997	1997	-12.2993
1998	1998	-1.734
1999	1999	45.2174
2000	2000	-10.4198
2001	2001	5.4488
2002	2002	-8.13222
2003	2003	6.41715
2004	2004	39.4221
2005	2005	-16.2034
2006	2006	18.1847
2007	2007	11.4355
2008	2008	-14.4515
2009	2009	-7.35116
2010	2010	-59.786
2011	2011	-20.9083
2012	2012	11.0377
2013	2013	-24.452
2014	2014	-24.8197
2015	2015	-0.369567
2016	2016	25.3287
2017	2017	4.95646
2018	2018	-28.3788
2019	2019	0.485941
2020	2020	-0.904647
2021	2021	9.49284
2022	2022	10.3372
2023	2023	6.44846
2024	2024	18.8087
2025	2025	6.2174
2026	2026	8.77454
2027	2027	-11.1227
2028	2028	30.051
2029	2029	11.1812
2030	2030	21.171
2031	2031	4.68276
2032	2032	31.0175
2033	2033	2.42006
2034	2034	-26.2005
2035	2035	9.11503
2036	2036	-29.0527
2037	2037	-18.1549
2038	2038	17.4235
2039	2039	-16.7081
2040	2040	-5.10322
2041	2041	30.871
2042	2042	-45.2281
2043	2043	18.2991
2044	2044	-34.1236
2045	2045	8.76198
2046	2046	12.3326
2047	2047	15.3702
2048	2048	-22.5385
2049	2049	-11.5266
2050	2050	-2.55793
2051	2051	18.0439
2052	2052	-6.75321
2053	2053	27.122
2054	2054	42.431
2055	2055	-7.43523
2056	2056	-24.3906
2057	2057	0.752475
2058	2058	16.6629
2059	2059	24.3885
2060	2060	15.633
2061	2061	3.97568
2062	2062	-27.8564
2063	2063	-39.5907
2064	2064	44.1963
2065	2065	28.3301
2066	2066	27.7579
2067	2067	9.31702
2068	2068	-23.0541
2069	2069	-2.30074
2070	2070	25.5347
2071	2071	-0.902637
2072	2072	-5.87393
2073	2073	34.3422
2074	2074	12.5504
2075	2075	-30.758
2076	2076	22.1462
2077	2077	-10.4371
2078	2078	-4.17342
2079	2079	22.0466
2080	2080	-2.12443
2081	2081	-23.8512
2082	2082	-2.30684
2083	2083	-13.3388
2084	2084	-7.60744
2085	2085	-25.2923
2086	2086	-0.319409
2087	2087	3.05495
2088	2088	-9.55704
2089	2089	2.7599
2090	2090	23.0762
2091	2091	-38.5307
2092	2092	18.807
2093	2093	3.42752
2094	2094	8.50138
2095	2095	9.87584
2096	2096	-1.49608
2097	2097	-0.744992
2098	2098	1.96724
2099	2099	30.3719
2100	2100	-46.1085
2101	2101	0.4554
2102	2102	-10.3165
2103	2103	10.2413
2104	2104	-18.9645
2105	2105	30.3553
2106	2106	22.8108
2107	2107	-14.6558
2108	2108	-10.8593
2109	2109	-2.54512
2110	2110	-24.2507
2111	2111	-19.3029
2112	2112	9.46246
2113	2113	33.2285
2114	2114	-18.7623
2115	2115	3.17938
2116	2116	-6.09789
2117	2117	46.4359
2118	2118	-25.9596
2119	2119	-0.178327
2120	2120	-22.16
2121	2121	10.6624
2122	2122	16.927
2123	2123	-17.5666
2124	2124	-6.84228
2125	2125	9.99658
2126	2126	46.9876
2127	2127	-30.4267
2128	2128	2.97144
2129	2129	7.75631
2130	2130	-47.0707
2131	2131	-20.2947
2132	2132	-3.50676
2133	2133	-48.0592
2134	2134	23.2379
2135	2135	18.0685
2136	2136	6.72725
2137	2137	-4.48511
2138	2138	-19.0344
2139	2139	-26.8491
2140	2140	6.02931
2141	2141	8.26033
2142	2142	-23.1069
2143	2143	0.4615
2144	2144	4.78835
2145	2145	-12.6463
2146	2146	-31.8924
2147	2147	-14.1031
2148	2148	14.6634
2149	2149	-8.38964
2150	2150	-36.8172
2151	2151	19.501
2152	2152	23.1813
2153	2153	6.05799
2154	2154	-2.68647
2155	2155	-36.232
2156	2156	-13.7982
2157	2157	-1.32816
2158	2158	27.0219
2159	2159	5.05702
2160	2160	-15.1912
2161	2161	-45.3947
2162	2162	-1.6777
2163	2163	-7.0433
2164	2164	-21.3903
2165	2165	18.0482
2166	2166	-2.40677
2167	2167	10.9391
2168	2168	42.4854
2169	2169	4.3217
2170	2170	-16.2673
2171	2171	-12.1315
2172	2172	56.1253
2173	2173	-3.89761
2174	2174	9.34405
2175	2175	-6.67434
2176	2176	17.6262
2177	2177	-28.6888
2178	2178	-16.8063
2179	2179	-21.4436
2180	2180	-19.621
2181	2181	-29.6407
2182	2182	1.52814
2183	2183	-1.23017
2184	2184	56.2201
2185	2185	-17.3705
2186	2186	-17.5097
2187	2187	-11.1393
2188	2188	-4.52312
2189	2189	-29.0093
2190	2190	-29.9384
2191	2191	-40.7679
2192	2192	37.1175
2193	2193	32.4451
2194	2194	11.931
2195	2195	17.014
2196	2196	4.94815
2197	2197	-6.25262
2198	2198	20.7569
2199	2199	2.32271
2200	2200	63.3194
2201	2201	-7.6596
2202	2202	12.3278
2203	2203	-10.776
2204	2204	-3.85438
2205	2205	-6.378
2206	2206	-22.5817
2207	2207	16.3307
2208	2208	43.4381
2209	2209	-13.8112
2210	2210	29.184
2211	2211	-29.963
2212	2212	-18.9838
2213	2213	-17.5797
2214	2214	-10.0694
2215	2215	19.0631
2216	2216	-22.3937
2217	2217	-24.6327
2218	2218	-35.1879
2219	2219	19.0068
2220	2220	-25.6341
2221	2221	52.1753
2222	2222	-3.47162
2223	2223	49.8932
2224	2224	-27.5985
2225	2225	-28.6344
2226	2226	-37.9268
2227	2227	-10.1475
2228	2228	-35.2581
2229	2229	-6.21517
2230	2230	27.8257
2231	2231	37.1559
2232	2232	0.469033
2233	2233	-18.9718
2234	2234	11.6373
2235	2235	8.45011
2236	2236	26.6366
2237	2237	-7.99023
2238	2238	-8.0241
2239	2239	4.03182
2240	2240	-9.14064
2241	2241	5.98588
2242	2242	-12.0487
2243	2243	28.4377
2244	2244	27.3979
2245	2245	-4.68122
2246	2246	-12.877
2247	2247	7.99514
2248	2248	7.06548
2249	2249	-24.72
2250	2250	20.8308
2251	2251	-9.93179
2252	2252	4.51707
2253	2253	21.5588
2254	2254	37.7478
2255	2255	14.7185
2256	2256	11.161
2257	2257	-37.4687
2258	2258	2.86941
2259	2259	29.0896
2260	2260	45.9245
2261	2261	29.9946
2262	2262	-51.2614
2263	2263	-15.6066
2264	2264	77.2715
2265	2265	-2.34691
2266	2266	-5.09351
2267	2267	-0.0168944
2268	2268	-3.04754
2269	2269	-2.46592
2270	2270	18.0651
2271	2271	-3.22466
2272	2272	7.62761
2273	2273	-17.3581
2274	2274	-13.8512
2275	2275	-33.3954
2276	2276	-13.2116
2277	2277	2.7636
2278	2278	-38.5817
2279	2279	11.1816
2280	2280	-2.38014
2281	2281	-9.37014
2282	2282	-21.9055
2283	2283	-9.83552
2284	2284	5.54135
2285	2285	-6.64497
2286	2286	-33.5108
2287	2287	28.3255
2288	2288	-31.557
2289	2289	-2.08915
2290	2290	-20.6093
2291	2291	13.9347
2292	2292	5.34805
2293	2293	39.2794
2294	2294	2.81243
2295	2295	14.9169
2296	2296	6.07008
2297	2297	-28.6467
2298	2298	-21.3274
2299	2299	-5.50555
2300	2300	4.83593
2301	2301	19.8655
2302	2302	-15.8479
2303	2303	-27.0176
2304	2304	-10.3325
2305	2305	24.8201
2306	2306	-28.1679
2307	2307	-43.5262
2308	2308	-10.5643
2309	2309	23.5245
2310	2310	5.95472
2311	2311	3.48666
2312	2312	-31.2866
2313	2313	-11.2539
2314	2314	24.4532
2315	2315	32.9016
2316	2316	-6.17463
2317	2317	-17.2873
2318	2318	-24.6906
2319	2319	-21.1915
2320	2320	12.2167
2321	2321	-4.30942
2322	2322	-4.76271
2323	2323	4.47926
2324	2324	12.3688
2325	2325	3.17845
2326	2326	-9.33352
2327	2327	-2.09335
2328	2328	2.38534
2329	2329	22.4376
2330	2330	19.2491
2331	2331	-22.5408
2332	2332	-6.19462
2333	2333	3.7667
2334	2334	31.4409
2335	2335	-31.4684
2336	2336	1.37472
2337	2337	-51.1954
2338	2338	0.128835
2339	2339	17.0057
2340	2340	-2.17798
2341	2341	-10.1636
2342	2342	-0.489692
2343	2343	-37.5505
2344	2344	-46.1295
2345	2345	-27.2498
2346	2346	-14.6388
2347	2347	8.00105
2348	2348	-19.5977
2349	2349	1.28913
2350	2350	-16.9859
2351	2351	16.3372
2352	2352	-23.0932
2353	2353	-15.174
2354	2354	-11.8799
2355	2355	0.0858136
2356	2356	-2.92407
2357	2357	8.50602
2358	2358	-18.217
2359	2359	-10.0939
2360	2360	12.2958
2361	2361	-14.0357
2362	2362	-1.33517
2363	2363	-2.46054
2364	2364	-2.43268
2365	2365	-23.083
2366	2366	10.4694
2367	2367	30.6694
2368	2368	-15.6213
2369	2369	21.2038
2370	2370	16.7538
2371	2371	1.42821
2372	2372	-24.0359
2373	2373	31.4733
2374	2374	9.67932
2375	2375	4.77191
2376	2376	-11.865
2377	2377	30.4456
2378	2378	19.8882
2379	2379	-53.1989
2380	2380	-8.66466
2381	2381	-19.0861
2382	2382	-8.34176
2383	2383	-27.4936
2384	2384	15.4318
2385	2385	-24.3899
2386	2386	-8.65759
2387	2387	-8.15329
2388	2388	13.1061
2389	2389	54.0055
2390	2390	7.6478
2391	2391	-7.36947
2392	2392	-31.0082
2393	2393	9.48012
2394	2394	19.4106
2395	2395	-23.2682
2396	2396	-14.009
2397	2397	-17.7557
2398	2398	-0.804066
2399	2399	-2.67344
