variant	af	filter-pvalue	lrt-pvalue	beta	beta-std-err	variant_h2	notes
1_2409_A_G	3.57E-01	6.22E-01	4.73E-01	-3.30E+00	4.59E+00	4.16E-02	
1_5102_T_C	1.67E-02	2.90E-01	2.71E-01	1.24E+01	1.12E+01	6.38E-02	
1_5400_A_T	1.00E-02	6.90E-02	9.96E-02	2.45E+01	1.48E+01	9.53E-02	
1_7459_A_C	5.63E-01	6.03E-22	1.75E-01	7.39E+00	5.43E+00	7.85E-02	
1_7721_C_A	4.00E-02	4.79E-05	5.96E-01	6.39E+00	1.20E+01	3.07E-02	
1_8842_G_C	1.33E-02	1.25E-01	6.18E-01	5.97E+00	1.19E+01	2.89E-02	
1_9551_C_T	4.67E-02	5.32E-01	8.75E-01	-1.84E+00	1.17E+01	9.10E-03	
1_11078_C_A	3.00E-02	7.47E-03	3.42E-01	1.72E+01	1.81E+01	5.50E-02	
1_11371_T_G	1.13E-01	7.95E-05	9.91E-01	-9.37E-02	8.03E+00	6.75E-04	
1_11451_C_G	2.63E-01	7.55E-05	9.83E-02	9.68E+00	5.84E+00	9.56E-02	
1_13770_A_C	4.67E-02	1.20E-01	9.18E-01	-7.94E-01	7.68E+00	5.99E-03	
1_15015_C_G	6.00E-02	7.53E-02	3.99E-01	-6.76E+00	8.00E+00	4.89E-02	
1_15047_A_G	6.00E-02	7.53E-02	3.99E-01	-6.76E+00	8.00E+00	4.89E-02	
1_17700_T_C	6.00E-02	2.98E-05	2.02E-01	1.01E+01	7.89E+00	7.39E-02	
1_19318_C_T	7.00E-02	4.91E-02	8.27E-01	3.09E+00	1.41E+01	1.27E-02	
1_19935_G_A	1.00E-02	2.69E-01	6.04E-01	-8.34E+00	1.61E+01	3.00E-02	
1_20356_T_G	1.07E-01	1.41E-09	9.72E-02	2.05E+01	1.23E+01	9.59E-02	
1_20571_G_C	8.33E-02	1.90E-04	4.05E-01	-7.45E+00	8.95E+00	4.82E-02	
1_21676_A_T	4.27E-01	7.15E-29	2.83E-01	6.60E+00	6.13E+00	6.22E-02	
1_21970_G_A	1.77E-01	5.58E-10	4.86E-02	1.78E+01	8.97E+00	1.14E-01	
1_22491_C_A	1.67E-02	8.35E-02	3.48E-01	-1.40E+01	1.49E+01	5.43E-02	
1_25447_C_T	3.40E-01	6.71E-16	1.46E-01	8.57E+00	5.88E+00	8.42E-02	
1_26151_C_G	3.00E-02	9.18E-01	6.82E-01	-3.88E+00	9.46E+00	2.38E-02	
1_26344_C_A	4.00E-02	7.63E-01	4.78E-01	-1.36E+01	1.92E+01	4.11E-02	
1_26667_G_A	4.87E-01	2.22E-21	2.55E-01	6.49E+00	5.68E+00	6.60E-02	
1_27029_T_G	4.67E-01	1.80E-01	8.19E-01	-1.14E+00	4.97E+00	1.33E-02	
1_27566_C_G	3.90E-01	2.44E-13	4.81E-01	5.71E+00	8.10E+00	4.08E-02	
1_27573_C_G	7.33E-02	4.05E-02	5.11E-01	7.56E+00	1.15E+01	3.81E-02	
1_28412_T_G	6.33E-02	3.00E-05	6.83E-01	5.32E+00	1.30E+01	2.37E-02	
1_28516_G_A	3.67E-02	3.50E-01	6.93E-01	4.30E+00	1.09E+01	2.29E-02	
1_28797_C_A	8.67E-02	2.82E-08	1.23E-01	1.70E+01	1.10E+01	8.93E-02	
1_29453_C_A	5.37E-01	1.33E-10	1.59E-01	6.71E+00	4.75E+00	8.16E-02	
1_29871_A_G	4.00E-02	7.63E-01	4.78E-01	-1.36E+01	1.92E+01	4.11E-02	
1_31481_G_T	4.27E-01	4.32E-03	9.44E-01	-3.30E-01	4.67E+00	4.09E-03	
1_32864_C_G	4.00E-02	4.05E-03	8.06E-01	3.00E+00	1.22E+01	1.43E-02	
1_33049_G_T	1.33E-02	1.96E-01	9.29E-01	1.21E+00	1.35E+01	5.19E-03	
1_33865_C_A	1.23E-01	1.87E-04	3.17E-01	-5.43E+00	5.42E+00	5.80E-02	
1_36535_C_T	2.93E-01	6.97E-08	1.34E-01	8.90E+00	5.92E+00	8.68E-02	
1_38277_C_T	1.80E-01	1.65E-04	7.02E-01	-2.09E+00	5.46E+00	2.22E-02	
1_39678_A_C	3.00E-02	7.47E-03	3.42E-01	1.72E+01	1.81E+01	5.50E-02	
1_41826_T_C	2.33E-02	2.58E-02	2.70E-01	-1.14E+01	1.03E+01	6.38E-02	
1_42139_G_C	1.57E-01	3.61E-01	1.28E-01	-1.05E+01	6.86E+00	8.80E-02	
1_42189_T_C	3.67E-02	5.83E-03	7.42E-01	3.68E+00	1.12E+01	1.91E-02	
1_43292_C_A	3.30E-01	4.39E-12	5.41E-02	1.08E+01	5.60E+00	1.11E-01	
1_43444_C_A	1.23E-01	3.23E-01	2.96E-01	-9.45E+00	9.04E+00	6.05E-02	
1_44026_C_G	3.20E-01	3.32E-10	4.67E-01	5.39E+00	7.40E+00	4.21E-02	
1_44139_T_C	1.67E-02	2.97E-02	5.43E-01	8.09E+00	1.33E+01	3.53E-02	
1_44408_G_T	2.00E-02	2.13E-01	6.02E-01	5.24E+00	1.00E+01	3.03E-02	
1_45558_T_C	1.67E-02	8.35E-02	3.48E-01	-1.40E+01	1.49E+01	5.43E-02	
1_46376_A_G	1.67E-02	1.36E-02	5.70E-01	1.02E+01	1.80E+01	3.30E-02	
1_46697_T_A	4.00E-02	4.45E-01	8.78E-02	1.46E+01	8.52E+00	9.87E-02	
1_48748_T_A	1.93E-01	8.76E-05	9.90E-01	1.08E-01	8.46E+00	7.43E-04	
1_48811_C_T	3.67E-02	3.58E-01	9.55E-01	6.66E-01	1.17E+01	3.30E-03	
1_50875_G_A	5.67E-02	9.48E-02	3.13E-01	8.79E+00	8.69E+00	5.85E-02	
1_51286_A_C	3.10E-01	2.12E-12	1.58E-01	-6.93E+00	4.90E+00	8.17E-02	
1_51589_T_C	3.00E-02	2.81E-01	1.51E-01	-1.87E+01	1.30E+01	8.30E-02	
1_52745_A_T	1.50E-01	1.16E-05	5.14E-01	-4.04E+00	6.18E+00	3.79E-02	
1_52905_G_A	2.03E-01	6.33E-12	5.29E-01	2.94E+00	4.66E+00	3.65E-02	
1_53249_C_G	3.00E-02	7.47E-03	3.42E-01	1.72E+01	1.81E+01	5.50E-02	
1_53297_G_C	1.20E-01	8.72E-08	6.08E-01	3.29E+00	6.42E+00	2.97E-02	
1_54090_A_C	1.10E-01	1.77E-06	7.80E-01	-3.11E+00	1.11E+01	1.62E-02	
1_57228_G_C	2.70E-01	1.18E-01	6.25E-01	2.47E+00	5.06E+00	2.83E-02	
1_58146_T_C	3.03E-01	3.41E-11	4.75E-01	4.63E+00	6.47E+00	4.14E-02	
1_60832_C_A	2.93E-01	7.25E-10	2.18E-01	6.03E+00	4.88E+00	7.13E-02	
1_62138_A_T	2.67E-02	1.48E-02	3.56E-01	1.33E+01	1.44E+01	5.35E-02	
1_63315_T_G	1.67E-01	6.05E-10	1.46E-01	9.61E+00	6.59E+00	8.41E-02	
1_63390_C_A	3.13E-01	3.25E-27	1.81E-03	1.72E+01	5.46E+00	1.79E-01	
1_66828_G_A	5.50E-01	6.79E-23	6.87E-02	9.89E+00	5.41E+00	1.05E-01	
1_67098_C_T	1.40E-01	1.27E-11	3.64E-02	2.08E+01	9.90E+00	1.21E-01	
1_68643_C_G	3.33E-02	5.44E-02	1.08E-01	-1.52E+01	9.39E+00	9.31E-02	
1_68884_T_A	7.00E-02	1.84E-03	5.29E-01	5.04E+00	8.01E+00	3.65E-02	
1_69306_T_G	1.67E-02	1.11E-02	1.04E-01	-1.69E+01	1.04E+01	9.41E-02	
1_69889_C_G	6.33E-02	8.98E-06	5.31E-01	9.11E+00	1.45E+01	3.63E-02	
1_70586_T_C	4.77E-01	2.10E-09	6.87E-01	1.69E+00	4.19E+00	2.33E-02	
1_70690_C_A	9.00E-02	2.06E-01	2.21E-01	-7.95E+00	6.48E+00	7.08E-02	
1_70876_A_G	1.33E-02	2.28E-01	4.35E-01	-1.42E+01	1.82E+01	4.52E-02	
1_70945_G_C	4.00E-02	7.63E-01	4.78E-01	-1.36E+01	1.92E+01	4.11E-02	
1_71741_C_G	2.33E-02	2.25E-03	1.90E-01	1.50E+01	1.14E+01	7.58E-02	
1_73462_G_A	1.90E-01	4.22E-04	4.40E-01	-4.84E+00	6.25E+00	4.48E-02	
1_76210_T_G	1.67E-02	1.30E-02	5.06E-01	7.53E+00	1.13E+01	3.85E-02	
1_77549_T_G	1.00E-01	1.20E-08	8.78E-01	1.29E+00	8.40E+00	8.89E-03	
1_78558_C_T	3.67E-02	5.04E-06	3.11E-01	1.13E+01	1.11E+01	5.86E-02	
1_78995_G_T	8.33E-02	1.32E-04	7.24E-01	2.79E+00	7.90E+00	2.05E-02	
1_79900_C_T	6.67E-02	3.61E-02	5.52E-01	6.01E+00	1.01E+01	3.45E-02	
1_82398_G_T	1.17E-01	7.34E-05	2.97E-01	7.96E+00	7.63E+00	6.04E-02	
1_82757_T_C	1.00E-01	3.42E-09	2.46E-01	1.49E+01	1.28E+01	6.72E-02	
1_83848_A_G	3.63E-01	1.08E-04	9.72E-01	-1.92E-01	5.41E+00	2.06E-03	
1_83962_A_C	1.20E-01	4.77E-01	9.91E-02	-1.60E+01	9.68E+00	9.54E-02	
1_87164_A_G	5.00E-02	4.62E-02	8.49E-01	-1.50E+00	7.84E+00	1.11E-02	
1_87379_C_T	1.33E-02	2.28E-01	4.35E-01	-1.42E+01	1.82E+01	4.52E-02	
1_87578_A_C	1.00E-02	4.31E-01	1.12E-01	-2.08E+01	1.31E+01	9.18E-02	
1_87894_T_A	1.00E-02	4.23E-02	3.14E-01	-1.29E+01	1.28E+01	5.84E-02	
1_92252_G_T	1.00E-02	8.59E-02	3.18E-01	1.57E+01	1.57E+01	5.78E-02	
1_94470_G_A	2.13E-01	1.92E-04	7.19E-01	-3.55E+00	9.87E+00	2.09E-02	
1_94477_T_G	2.30E-01	1.75E-13	1.60E-01	1.18E+01	8.37E+00	8.13E-02	
1_95845_C_T	4.00E-02	7.63E-01	4.78E-01	-1.36E+01	1.92E+01	4.11E-02	
1_96573_A_C	3.00E-02	7.47E-03	3.42E-01	1.72E+01	1.81E+01	5.50E-02	
1_98046_A_G	1.67E-02	8.35E-02	3.48E-01	-1.40E+01	1.49E+01	5.43E-02	
1_99268_A_G	1.00E-02	2.69E-01	6.04E-01	-8.34E+00	1.61E+01	3.00E-02	
1_100516_G_T	2.00E-02	1.27E-01	6.98E-01	-5.54E+00	1.42E+01	2.25E-02	
1_102475_C_A	8.33E-02	3.11E-07	6.89E-01	2.78E+00	6.93E+00	2.32E-02	
1_103730_A_T	6.33E-02	3.00E-05	6.83E-01	5.32E+00	1.30E+01	2.37E-02	
1_104842_T_C	1.30E-01	9.73E-13	1.61E-01	1.37E+01	9.72E+00	8.11E-02	
1_105902_T_A	3.63E-01	9.49E-04	3.72E-01	-3.87E+00	4.33E+00	5.18E-02	
1_106423_T_C	3.03E-01	1.26E-10	3.76E-01	4.14E+00	4.67E+00	5.13E-02	
1_106596_G_A	2.67E-02	1.81E-01	9.34E-01	-1.04E+00	1.25E+01	4.79E-03	
1_107293_A_T	1.67E-02	8.35E-02	3.48E-01	-1.40E+01	1.49E+01	5.43E-02	
1_108235_T_G	9.67E-02	3.04E-09	9.41E-03	2.17E+01	8.29E+00	1.50E-01	
1_108593_G_C	2.33E-02	1.88E-03	7.56E-01	-3.19E+00	1.02E+01	1.80E-02	
1_110090_T_G	4.00E-02	7.63E-01	4.78E-01	-1.36E+01	1.92E+01	4.11E-02	
1_111487_G_T	1.17E-01	4.45E-01	1.82E-01	-1.17E+01	8.71E+00	7.73E-02	
1_111537_C_T	3.67E-02	4.45E-02	7.59E-01	3.49E+00	1.14E+01	1.78E-02	
1_111565_C_G	4.33E-02	1.53E-02	6.86E-01	4.13E+00	1.02E+01	2.35E-02	
1_113489_T_G	6.33E-02	8.98E-06	5.31E-01	9.11E+00	1.45E+01	3.63E-02	
1_113626_T_A	1.50E-01	2.58E-01	4.88E-01	-4.19E+00	6.03E+00	4.02E-02	
1_113770_T_G	4.00E-02	7.63E-01	4.78E-01	-1.36E+01	1.92E+01	4.11E-02	
1_114925_T_C	1.33E-02	1.38E-02	4.10E-01	1.08E+01	1.30E+01	4.78E-02	
1_115096_G_A	2.00E-02	7.49E-03	7.19E-01	3.63E+00	1.01E+01	2.09E-02	
1_115598_G_A	1.67E-02	8.35E-02	3.48E-01	-1.40E+01	1.49E+01	5.43E-02	
1_115883_C_T	1.00E-01	4.75E-01	3.81E-01	-7.28E+00	8.31E+00	5.07E-02	
1_117151_G_A	1.77E-01	1.67E-09	9.70E-01	3.02E-01	8.12E+00	2.16E-03	
1_119442_C_A	6.13E-01	8.61E-08	9.02E-01	6.25E-01	5.07E+00	7.14E-03	
1_119938_T_C	2.67E-02	1.41E-03	6.37E-01	-4.22E+00	8.92E+00	2.74E-02	
1_120301_G_T	1.67E-02	9.10E-02	7.01E-01	-5.10E+00	1.33E+01	2.22E-02	
1_121566_T_C	4.00E-02	7.63E-01	4.78E-01	-1.36E+01	1.92E+01	4.11E-02	
1_122258_C_A	2.67E-02	2.41E-01	1.24E-01	-2.01E+01	1.30E+01	8.89E-02	
1_122682_T_C	1.30E-01	1.77E-03	2.86E-01	7.08E+00	6.62E+00	6.18E-02	
1_125241_T_A	2.40E-01	9.59E-05	9.69E-01	-3.55E-01	9.02E+00	2.28E-03	
1_126176_A_G	2.57E-01	9.37E-07	5.54E-01	4.15E+00	7.01E+00	3.43E-02	
1_128718_A_C	1.03E-01	4.95E-10	3.42E-02	2.24E+01	1.05E+01	1.22E-01	
1_129159_A_T	1.47E-01	3.07E-02	6.58E-01	-2.94E+00	6.64E+00	2.57E-02	
1_129814_G_A	5.67E-02	8.37E-01	9.09E-01	8.79E-01	7.73E+00	6.59E-03	
1_131851_T_C	5.80E-01	1.86E-13	4.30E-01	3.70E+00	4.68E+00	4.58E-02	
1_132116_C_G	6.67E-02	5.61E-04	2.92E-01	8.74E+00	8.28E+00	6.10E-02	
1_133051_T_C	5.30E-01	5.34E-19	2.25E-01	6.64E+00	5.46E+00	7.03E-02	
1_133795_A_T	3.10E-01	8.07E-09	2.59E-01	6.35E+00	5.61E+00	6.54E-02	
1_133900_T_G	3.50E-01	9.56E-10	7.04E-01	2.43E+00	6.38E+00	2.20E-02	
1_137699_C_A	1.00E-02	5.49E-01	9.58E-01	7.68E-01	1.44E+01	3.08E-03	
1_139886_A_C	4.73E-01	6.91E-15	1.87E-01	6.93E+00	5.24E+00	7.64E-02	
1_140815_G_T	8.33E-02	2.08E-06	7.33E-01	-3.31E+00	9.71E+00	1.98E-02	
1_141617_G_C	1.67E-02	1.36E-02	5.70E-01	1.02E+01	1.80E+01	3.30E-02	
1_143140_G_T	1.33E-02	2.28E-01	4.35E-01	-1.42E+01	1.82E+01	4.52E-02	
1_144093_A_T	4.00E-02	7.63E-01	4.78E-01	-1.36E+01	1.92E+01	4.11E-02	
1_144746_T_C	4.00E-02	7.63E-01	4.78E-01	-1.36E+01	1.92E+01	4.11E-02	
1_146130_C_T	1.67E-02	1.36E-02	5.70E-01	1.02E+01	1.80E+01	3.30E-02	
1_146251_A_C	2.33E-02	9.47E-04	2.44E-01	1.82E+01	1.56E+01	6.75E-02	
1_146575_T_G	2.60E-01	4.00E-11	3.40E-01	5.44E+00	5.69E+00	5.53E-02	
1_149692_C_A	4.67E-02	3.99E-04	2.55E-01	1.54E+01	1.35E+01	6.59E-02	
1_150544_G_A	3.00E-02	3.13E-02	2.05E-01	-1.11E+01	8.71E+00	7.34E-02	
1_151137_T_C	1.53E-01	1.53E-09	4.51E-01	5.98E+00	7.92E+00	4.37E-02	
1_152193_A_C	5.40E-01	9.40E-18	6.35E-01	2.70E+00	5.68E+00	2.76E-02	
1_153536_C_G	1.00E-02	8.59E-02	3.18E-01	1.57E+01	1.57E+01	5.78E-02	
1_153827_G_A	2.67E-02	1.27E-02	3.48E-01	1.35E+01	1.44E+01	5.44E-02	
1_154127_G_C	2.67E-02	1.27E-02	3.48E-01	1.35E+01	1.44E+01	5.44E-02	
1_155308_T_G	1.67E-02	5.08E-02	8.66E-01	-1.91E+00	1.13E+01	9.79E-03	
1_155784_C_A	3.33E-01	1.60E-07	2.86E-01	5.70E+00	5.33E+00	6.19E-02	
1_157100_C_T	1.13E-01	4.00E-09	9.58E-01	-3.54E-01	6.64E+00	3.09E-03	
1_158538_C_G	4.67E-02	2.17E-06	3.17E-01	-8.42E+00	8.41E+00	5.79E-02	
1_159025_C_G	1.23E-01	1.07E-09	7.06E-01	-3.69E+00	9.79E+00	2.19E-02	
1_160797_C_T	1.00E-02	9.84E-01	7.45E-01	4.30E+00	1.32E+01	1.89E-02	
1_164171_C_T	8.33E-02	1.92E-03	2.95E-01	-9.43E+00	9.00E+00	6.06E-02	
1_164437_C_A	4.37E-01	4.75E-12	1.86E-01	6.26E+00	4.73E+00	7.65E-02	
1_166527_G_T	7.67E-02	2.61E-06	6.20E-01	4.95E+00	9.97E+00	2.87E-02	
1_166543_A_T	1.03E-01	1.57E-02	3.64E-01	-5.68E+00	6.25E+00	5.26E-02	
1_167405_G_A	2.00E-02	1.77E-02	7.81E-01	-2.64E+00	9.49E+00	1.61E-02	
1_167464_T_C	7.33E-02	1.37E-01	2.27E-01	7.44E+00	6.15E+00	6.99E-02	
1_168831_T_A	1.33E-02	3.69E-02	4.36E-01	-1.23E+01	1.57E+01	4.51E-02	
1_169877_T_C	4.23E-01	1.76E-15	5.43E-01	3.33E+00	5.47E+00	3.52E-02	
1_170119_T_G	5.67E-02	7.71E-01	1.23E-01	-1.51E+01	9.78E+00	8.92E-02	
1_171508_C_T	1.00E-02	4.31E-01	1.12E-01	-2.08E+01	1.31E+01	9.18E-02	
1_172035_A_C	1.00E-02	8.59E-02	3.18E-01	1.57E+01	1.57E+01	5.78E-02	
1_172972_C_A	1.97E-01	6.39E-02	9.56E-01	3.59E-01	6.46E+00	3.21E-03	
1_173003_T_C	3.00E-02	1.41E-02	6.26E-01	6.56E+00	1.35E+01	2.82E-02	
1_174877_T_A	3.80E-01	8.47E-10	1.30E-01	7.21E+00	4.75E+00	8.76E-02	
1_175339_C_G	2.33E-02	1.88E-03	7.56E-01	-3.19E+00	1.02E+01	1.80E-02	
1_177468_T_G	2.67E-02	1.27E-01	4.69E-01	-6.50E+00	8.97E+00	4.19E-02	
1_177841_C_A	2.87E-01	3.01E-05	6.95E-01	2.14E+00	5.45E+00	2.27E-02	
1_178583_A_C	1.67E-02	1.36E-02	5.70E-01	1.02E+01	1.80E+01	3.30E-02	
1_178821_G_T	4.67E-02	3.94E-05	1.54E-01	1.91E+01	1.34E+01	8.25E-02	
1_178912_C_G	1.37E-01	6.51E-03	6.52E-01	-2.85E+00	6.31E+00	2.61E-02	
1_179465_C_G	3.00E-02	7.47E-03	3.42E-01	1.72E+01	1.81E+01	5.50E-02	
1_179518_C_A	1.80E-01	1.25E-03	5.90E-01	-3.38E+00	6.27E+00	3.12E-02	
1_179606_A_G	8.00E-02	3.16E-01	8.82E-01	1.26E+00	8.43E+00	8.64E-03	
1_181014_G_T	3.00E-02	7.47E-03	3.42E-01	1.72E+01	1.81E+01	5.50E-02	
1_183223_C_G	4.67E-02	1.41E-03	8.19E-01	-1.81E+00	7.92E+00	1.33E-02	
1_184026_C_G	2.17E-01	2.14E-16	5.65E-01	3.10E+00	5.38E+00	3.34E-02	
1_184648_T_G	1.00E-02	3.43E-01	5.12E-01	-1.12E+01	1.71E+01	3.80E-02	
1_189351_T_C	4.00E-02	7.63E-01	4.78E-01	-1.36E+01	1.92E+01	4.11E-02	
1_191067_A_T	6.30E-01	6.69E-25	5.44E-01	3.00E+00	4.95E+00	3.51E-02	
1_193883_C_T	6.67E-02	1.61E-07	1.85E-02	1.77E+01	7.47E+00	1.36E-01	
1_194138_G_T	1.67E-02	1.36E-02	5.70E-01	1.02E+01	1.80E+01	3.30E-02	
1_194590_G_A	3.00E-02	9.71E-02	5.94E-01	4.98E+00	9.33E+00	3.09E-02	
1_196030_T_A	6.33E-02	8.98E-06	5.31E-01	9.11E+00	1.45E+01	3.63E-02	
1_196588_C_G	1.33E-02	2.05E-01	4.13E-01	-1.08E+01	1.32E+01	4.74E-02	
1_197756_A_T	9.30E-01	6.30E-07	4.83E-01	4.79E+00	6.82E+00	4.07E-02	
1_198004_T_A	4.67E-02	2.98E-01	8.05E-01	2.34E+00	9.47E+00	1.43E-02	
1_199173_G_C	6.33E-02	6.04E-05	8.75E-01	-1.30E+00	8.29E+00	9.09E-03	
1_201436_G_T	7.00E-02	1.65E-05	6.71E-01	-2.95E+00	6.95E+00	2.46E-02	
1_203757_A_G	1.00E-02	4.31E-01	1.12E-01	-2.08E+01	1.31E+01	9.18E-02	
1_204337_T_G	1.67E-02	1.36E-02	5.70E-01	1.02E+01	1.80E+01	3.30E-02	
1_204661_T_C	1.23E-01	3.29E-01	6.38E-02	-1.30E+01	7.00E+00	1.07E-01	
1_205292_A_C	1.33E-02	2.28E-01	4.35E-01	-1.42E+01	1.82E+01	4.52E-02	
1_205955_T_A	1.67E-01	1.15E-15	1.98E-02	1.94E+01	8.30E+00	1.34E-01	
1_206278_C_A	2.67E-02	2.34E-04	4.10E-01	1.00E+01	1.21E+01	4.78E-02	
1_206346_C_T	6.33E-02	8.98E-06	5.31E-01	9.11E+00	1.45E+01	3.63E-02	
1_209058_A_C	3.67E-02	2.71E-05	6.41E-01	-4.64E+00	9.94E+00	2.70E-02	
1_209081_T_G	3.33E-02	6.78E-05	4.62E-01	-6.25E+00	8.49E+00	4.26E-02	
1_209365_T_A	1.33E-02	3.55E-01	2.68E-01	1.52E+01	1.37E+01	6.41E-02	
1_209443_T_C	1.33E-02	2.28E-01	4.35E-01	-1.42E+01	1.82E+01	4.52E-02	
1_209461_A_G	1.67E-02	1.36E-02	5.70E-01	1.02E+01	1.80E+01	3.30E-02	
1_210662_T_G	1.00E-02	4.49E-01	2.85E-01	1.57E+01	1.46E+01	6.20E-02	
1_211232_T_C	7.33E-01	1.71E-01	8.32E-01	-9.38E-01	4.41E+00	1.23E-02	
1_211874_A_T	1.70E-01	3.57E-14	2.27E-01	9.42E+00	7.79E+00	6.99E-02	
1_212553_C_A	2.67E-02	5.29E-02	9.17E-01	1.08E+00	1.04E+01	6.03E-03	
1_212585_T_G	1.00E-02	5.49E-01	9.58E-01	7.68E-01	1.44E+01	3.08E-03	
1_213705_A_C	8.67E-02	1.92E-07	3.64E-01	1.07E+01	1.18E+01	5.26E-02	
1_214695_T_G	2.10E-01	1.73E-05	5.92E-01	-3.89E+00	7.24E+00	3.11E-02	
1_215197_A_G	3.27E-01	9.52E-01	2.70E-01	5.43E+00	4.91E+00	6.39E-02	
1_215219_C_T	2.73E-01	2.26E-02	5.84E-01	2.77E+00	5.04E+00	3.18E-02	
1_215349_G_A	1.00E-02	2.69E-01	6.04E-01	-8.34E+00	1.61E+01	3.00E-02	
1_218398_A_C	6.33E-02	8.98E-06	5.31E-01	9.11E+00	1.45E+01	3.63E-02	
1_219317_C_T	4.33E-02	7.90E-01	3.36E-01	-1.39E+01	1.45E+01	5.57E-02	
1_224136_A_G	5.73E-01	3.10E-21	2.70E-01	-6.29E+00	5.68E+00	6.40E-02	
1_224644_C_A	2.00E-02	1.55E-03	1.37E-01	1.57E+01	1.05E+01	8.61E-02	
1_224721_T_G	1.17E-01	1.78E-03	9.31E-01	7.20E-01	8.36E+00	4.99E-03	
1_225450_G_A	4.00E-02	7.63E-01	4.78E-01	-1.36E+01	1.92E+01	4.11E-02	
1_226781_T_G	6.67E-02	1.05E-05	8.66E-01	2.11E+00	1.25E+01	9.80E-03	
1_227762_C_T	1.67E-02	1.57E-01	2.30E-01	1.14E+01	9.47E+00	6.94E-02	
1_227831_G_C	5.00E-02	5.77E-04	2.93E-01	-1.08E+01	1.03E+01	6.09E-02	
1_229077_A_C	3.33E-01	2.35E-12	4.54E-01	5.32E+00	7.11E+00	4.34E-02	
1_229298_A_T	1.67E-02	1.36E-02	5.70E-01	1.02E+01	1.80E+01	3.30E-02	
1_229559_C_A	6.33E-02	5.32E-02	5.25E-01	5.93E+00	9.31E+00	3.69E-02	
1_229798_C_T	4.80E-01	1.90E-10	1.23E-01	7.84E+00	5.07E+00	8.92E-02	
1_232495_A_G	1.27E-01	5.24E-03	3.01E-01	7.00E+00	6.76E+00	5.99E-02	
1_233002_G_T	6.00E-02	2.52E-05	9.59E-01	6.63E-01	1.28E+01	2.99E-03	
1_233033_C_G	6.90E-01	6.35E-13	9.34E-03	-1.28E+01	4.88E+00	1.50E-01	
1_233736_C_T	1.67E-02	1.36E-02	5.70E-01	1.02E+01	1.80E+01	3.30E-02	
1_234823_C_G	7.33E-02	6.06E-05	9.35E-01	-6.11E-01	7.47E+00	4.74E-03	
1_235131_C_G	3.00E-02	7.47E-03	3.42E-01	1.72E+01	1.81E+01	5.50E-02	
1_236622_G_C	4.67E-02	2.73E-01	9.99E-02	-1.96E+01	1.19E+01	9.52E-02	
1_238271_C_A	1.33E-02	3.69E-02	4.36E-01	-1.23E+01	1.57E+01	4.51E-02	
1_239787_G_A	1.67E-02	9.93E-01	7.35E-01	-4.82E+00	1.42E+01	1.96E-02	
1_240574_A_G	4.00E-02	3.12E-01	5.75E-01	-4.14E+00	7.37E+00	3.25E-02	
1_242471_G_T	3.00E-02	1.36E-01	9.73E-01	3.78E-01	1.11E+01	1.97E-03	
1_242701_T_C	1.57E-01	1.88E-09	6.62E-02	1.16E+01	6.31E+00	1.06E-01	
1_243961_A_C	2.33E-02	6.71E-03	6.37E-01	-5.31E+00	1.12E+01	2.73E-02	
1_244497_C_G	1.33E-02	2.28E-01	4.35E-01	-1.42E+01	1.82E+01	4.52E-02	
1_246336_C_A	9.00E-02	1.10E-08	1.20E-01	1.93E+01	1.24E+01	9.00E-02	
1_246972_A_C	1.17E-01	8.27E-03	4.49E-01	-6.09E+00	8.03E+00	4.39E-02	
1_248198_A_T	1.20E-01	5.12E-06	8.19E-02	1.38E+01	7.88E+00	1.01E-01	
1_248297_A_C	2.33E-02	4.55E-02	4.23E-01	-7.62E+00	9.51E+00	4.64E-02	
1_248765_A_G	4.00E-02	3.08E-03	3.19E-01	9.20E+00	9.23E+00	5.77E-02	
1_248896_T_C	2.77E-01	3.73E-02	7.97E-01	-1.36E+00	5.29E+00	1.49E-02	
1_249696_T_C	2.00E-02	1.27E-01	6.98E-01	-5.54E+00	1.42E+01	2.25E-02	
1_250338_C_G	3.00E-02	7.47E-03	3.42E-01	1.72E+01	1.81E+01	5.50E-02	
1_250690_C_T	1.00E-02	6.77E-02	4.96E-01	-1.03E+01	1.51E+01	3.94E-02	
1_250851_C_G	1.87E-01	2.08E-02	5.21E-01	-5.09E+00	7.93E+00	3.72E-02	
1_251152_A_G	1.67E-02	1.36E-02	5.70E-01	1.02E+01	1.80E+01	3.30E-02	
1_251327_A_T	3.67E-02	3.58E-01	9.55E-01	6.66E-01	1.17E+01	3.30E-03	
1_251396_A_C	1.67E-02	1.36E-02	5.70E-01	1.02E+01	1.80E+01	3.30E-02	
1_251757_A_G	3.17E-01	3.27E-11	4.09E-01	4.84E+00	5.86E+00	4.78E-02	
1_252494_G_T	3.67E-02	3.58E-01	9.55E-01	6.66E-01	1.17E+01	3.30E-03	
1_253255_C_G	1.00E-02	3.09E-01	7.96E-01	3.06E+00	1.18E+01	1.50E-02	
1_253522_G_A	1.00E-02	8.65E-02	5.07E-01	8.68E+00	1.31E+01	3.85E-02	
1_255019_C_G	7.00E-02	4.91E-02	8.27E-01	3.09E+00	1.41E+01	1.27E-02	
1_255405_T_C	4.33E-02	7.13E-01	5.46E-01	-8.82E+00	1.46E+01	3.50E-02	
1_255948_A_T	2.13E-01	1.03E-08	5.81E-01	-3.60E+00	6.52E+00	3.20E-02	
1_256153_C_A	4.00E-02	7.63E-01	4.78E-01	-1.36E+01	1.92E+01	4.11E-02	
1_257808_G_C	1.33E-02	1.45E-01	6.17E-01	-7.16E+00	1.43E+01	2.90E-02	
1_257898_C_A	3.00E-02	7.47E-03	3.42E-01	1.72E+01	1.81E+01	5.50E-02	
1_258127_G_C	1.20E-01	4.84E-12	3.60E-02	1.79E+01	8.50E+00	1.21E-01	
1_258690_A_G	5.00E-02	5.88E-01	4.26E-01	-9.59E+00	1.20E+01	4.61E-02	
1_259740_C_G	3.67E-02	3.58E-01	9.55E-01	6.66E-01	1.17E+01	3.30E-03	
1_260559_A_T	6.67E-02	3.61E-02	5.52E-01	6.01E+00	1.01E+01	3.45E-02	
1_261077_C_G	1.33E-01	6.92E-05	1.56E-01	9.85E+00	6.92E+00	8.22E-02	
1_263904_C_T	2.23E-01	4.02E-06	4.87E-01	3.73E+00	5.35E+00	4.03E-02	
1_264523_A_T	3.33E-02	1.35E-02	9.32E-01	1.08E+00	1.27E+01	4.93E-03	
1_267863_T_A	3.33E-02	6.75E-01	4.51E-01	8.25E+00	1.09E+01	4.36E-02	
1_269078_G_T	1.33E-02	2.28E-01	4.35E-01	-1.42E+01	1.82E+01	4.52E-02	
1_269690_A_G	1.00E-02	2.69E-01	6.04E-01	-8.34E+00	1.61E+01	3.00E-02	
1_270295_A_T	1.23E-01	9.57E-11	4.98E-01	7.33E+00	1.08E+01	3.93E-02	
1_271024_A_G	5.27E-01	3.81E-23	5.19E-01	-3.31E+00	5.12E+00	3.73E-02	
1_271781_A_T	3.00E-02	3.39E-03	8.20E-02	1.68E+01	9.64E+00	1.01E-01	
1_273752_A_T	8.87E-01	3.30E-04	5.69E-01	-4.14E+00	7.27E+00	3.30E-02	
1_274989_G_T	1.03E-01	5.72E-03	7.99E-02	1.51E+01	8.60E+00	1.01E-01	
1_276559_T_G	4.00E-02	7.63E-01	4.78E-01	-1.36E+01	1.92E+01	4.11E-02	
1_277838_T_G	7.73E-01	6.51E-01	1.26E-01	7.35E+00	4.79E+00	8.85E-02	
1_278208_G_T	1.07E-01	5.23E-08	3.41E-01	6.31E+00	6.63E+00	5.51E-02	
1_278403_T_G	1.47E-01	1.15E-11	3.48E-02	1.67E+01	7.88E+00	1.22E-01	
1_280494_T_A	1.90E-01	4.38E-04	7.34E-01	-3.07E+00	9.01E+00	1.97E-02	
1_281898_T_C	4.07E-01	2.68E-04	5.73E-01	3.25E+00	5.76E+00	3.27E-02	
1_282586_G_A	4.50E-01	2.70E-11	8.21E-01	1.20E+00	5.29E+00	1.31E-02	
1_282894_G_T	8.67E-02	9.99E-02	8.86E-01	1.46E+00	1.02E+01	8.30E-03	
1_285910_C_G	2.67E-02	1.35E-02	3.37E-01	1.14E+01	1.18E+01	5.56E-02	
1_286745_T_C	3.27E-01	3.84E-12	2.59E-01	6.93E+00	6.13E+00	6.54E-02	
1_286805_G_T	1.33E-02	6.76E-01	3.23E-01	-1.08E+01	1.09E+01	5.73E-02	
1_287708_C_A	4.30E-01	2.92E-14	3.60E-01	4.78E+00	5.22E+00	5.30E-02	
1_288260_G_A	1.07E-01	9.77E-09	2.47E-01	9.83E+00	8.47E+00	6.71E-02	
1_288859_G_C	2.60E-01	3.39E-09	6.07E-01	-3.74E+00	7.26E+00	2.98E-02	
1_291873_T_G	7.33E-02	1.97E-04	9.58E-01	-3.55E-01	6.76E+00	3.04E-03	
1_292160_G_T	1.00E-02	8.59E-02	3.18E-01	1.57E+01	1.57E+01	5.78E-02	
1_292207_A_C	1.67E-02	1.36E-02	5.70E-01	1.02E+01	1.80E+01	3.30E-02	
1_293639_T_G	2.30E-01	1.21E-03	4.22E-01	-5.09E+00	6.32E+00	4.65E-02	
1_293872_T_A	5.00E-02	4.04E-07	1.44E-01	-1.13E+01	7.74E+00	8.46E-02	
1_296632_G_C	4.80E-01	3.88E-15	6.71E-01	2.19E+00	5.15E+00	2.46E-02	
1_298291_G_T	3.83E-01	1.39E-15	9.78E-01	-1.30E-01	4.81E+00	1.57E-03	
1_298374_C_A	1.50E-01	7.88E-02	9.38E-01	-5.57E-01	7.12E+00	4.53E-03	
1_298411_G_A	2.33E-02	9.47E-04	2.44E-01	1.82E+01	1.56E+01	6.75E-02	
1_299536_A_C	8.33E-02	8.21E-02	5.18E-01	5.59E+00	8.64E+00	3.74E-02	
1_299801_C_G	8.67E-02	3.90E-02	1.13E-01	1.47E+01	9.24E+00	9.17E-02	
1_301516_C_A	3.27E-01	2.09E-03	7.86E-01	1.24E+00	4.55E+00	1.57E-02	
1_301567_G_T	3.27E-01	2.09E-03	7.86E-01	1.24E+00	4.55E+00	1.57E-02	
1_302959_C_T	2.00E-02	4.12E-02	6.77E-01	-4.97E+00	1.19E+01	2.42E-02	
1_304852_T_C	1.33E-02	2.28E-01	4.35E-01	-1.42E+01	1.82E+01	4.52E-02	
1_305012_C_G	1.00E-02	3.15E-02	9.28E-01	-1.37E+00	1.52E+01	5.22E-03	
1_305315_G_A	3.33E-02	3.80E-01	3.07E-01	9.00E+00	8.79E+00	5.92E-02	
1_308160_C_G	4.53E-01	2.06E-02	4.73E-01	-3.54E+00	4.93E+00	4.15E-02	
1_308423_G_A	4.17E-01	7.25E-01	5.57E-01	3.22E+00	5.48E+00	3.40E-02	
1_309884_G_T	1.23E-01	1.68E-03	3.66E-01	-7.44E+00	8.23E+00	5.23E-02	
1_310144_A_T	4.00E-02	7.63E-01	4.78E-01	-1.36E+01	1.92E+01	4.11E-02	
1_310264_C_T	3.13E-01	9.73E-14	7.85E-02	1.23E+01	6.94E+00	1.02E-01	
1_311163_T_A	1.00E-02	3.43E-01	5.12E-01	-1.12E+01	1.71E+01	3.80E-02	
1_311516_A_C	4.33E-01	1.81E-25	2.98E-02	1.29E+01	5.91E+00	1.25E-01	
1_311800_A_G	5.67E-02	1.44E-01	9.74E-01	3.58E-01	1.10E+01	1.89E-03	
1_313309_C_T	3.97E-01	2.04E-13	5.96E-01	-2.98E+00	5.62E+00	3.08E-02	
1_313496_G_T	5.67E-02	3.94E-02	5.23E-01	-5.21E+00	8.16E+00	3.70E-02	
1_314270_G_T	5.83E-01	1.47E-22	3.14E-01	6.77E+00	6.71E+00	5.83E-02	
1_316458_G_T	9.00E-02	1.81E-07	1.07E-01	1.38E+01	8.56E+00	9.32E-02	
1_317900_G_T	3.67E-02	3.58E-01	9.55E-01	6.66E-01	1.17E+01	3.30E-03	
1_318520_T_G	4.00E-02	7.63E-01	4.78E-01	-1.36E+01	1.92E+01	4.11E-02	
1_319666_T_C	4.33E-02	3.10E-02	8.96E-01	1.76E+00	1.35E+01	7.57E-03	
1_319710_C_A	4.50E-01	4.45E-12	9.14E-01	-5.25E-01	4.83E+00	6.30E-03	
1_319802_T_C	1.00E-02	2.69E-01	6.04E-01	-8.34E+00	1.61E+01	3.00E-02	
1_321788_G_C	1.07E-01	1.67E-04	5.67E-01	5.13E+00	8.95E+00	3.32E-02	
1_322553_C_G	5.33E-01	3.08E-18	9.46E-01	4.14E-01	6.09E+00	3.94E-03	
1_322892_A_C	2.67E-02	4.96E-01	1.39E-01	1.35E+01	9.10E+00	8.55E-02	
1_323991_A_C	3.83E-01	2.77E-03	4.87E-01	3.20E+00	4.60E+00	4.03E-02	
1_324227_C_T	4.17E-01	8.39E-08	3.25E-01	5.48E+00	5.56E+00	5.70E-02	
1_326444_T_C	3.00E-02	9.34E-04	6.52E-01	-4.03E+00	8.93E+00	2.61E-02	
1_327557_C_T	1.47E-01	2.17E-03	5.65E-01	-3.71E+00	6.45E+00	3.33E-02	
1_327896_T_C	1.00E-02	5.49E-01	9.58E-01	7.68E-01	1.44E+01	3.08E-03	
1_327966_C_G	1.33E-02	3.69E-02	4.36E-01	-1.23E+01	1.57E+01	4.51E-02	
1_328007_G_A	4.00E-02	7.63E-01	4.78E-01	-1.36E+01	1.92E+01	4.11E-02	
1_329234_T_G	1.33E-01	2.61E-02	6.26E-01	3.19E+00	6.54E+00	2.83E-02	
1_331425_G_C	3.17E-01	6.55E-09	2.29E-01	6.27E+00	5.20E+00	6.97E-02	
1_331748_C_G	3.00E-02	7.47E-03	3.42E-01	1.72E+01	1.81E+01	5.50E-02	
1_332141_A_G	1.23E-01	3.45E-02	3.12E-01	-6.34E+00	6.26E+00	5.86E-02	
1_332295_A_T	2.00E-02	3.41E-02	3.17E-01	1.26E+01	1.26E+01	5.80E-02	
1_333858_C_T	5.83E-01	3.95E-31	1.07E-01	1.17E+01	7.26E+00	9.31E-02	
1_334115_G_A	3.33E-02	2.00E-02	6.19E-01	6.65E+00	1.33E+01	2.89E-02	
1_334447_A_G	4.33E-02	6.49E-02	2.94E-01	8.83E+00	8.41E+00	6.08E-02	
1_334856_A_C	3.57E-01	1.15E-10	4.14E-01	5.65E+00	6.91E+00	4.73E-02	
1_337147_A_T	4.77E-01	1.80E-11	3.69E-01	4.05E+00	4.50E+00	5.20E-02	
1_340605_A_C	8.67E-02	4.62E-05	4.79E-01	-6.94E+00	9.79E+00	4.10E-02	
1_341202_A_C	2.67E-02	1.27E-02	3.48E-01	1.35E+01	1.44E+01	5.44E-02	
1_341897_G_C	4.67E-02	4.79E-01	7.27E-01	-3.09E+00	8.86E+00	2.02E-02	
1_342338_G_C	4.90E-01	3.45E-27	5.30E-02	1.12E+01	5.75E+00	1.12E-01	
1_345122_T_A	2.00E-02	1.27E-01	6.98E-01	-5.54E+00	1.42E+01	2.25E-02	
1_349949_C_G	5.23E-01	6.87E-27	1.87E-03	1.75E+01	5.56E+00	1.79E-01	
1_350117_C_G	1.03E-01	9.06E-08	8.86E-02	1.49E+01	8.75E+00	9.85E-02	
1_351846_G_T	4.43E-01	7.81E-04	4.99E-01	4.11E+00	6.06E+00	3.92E-02	
1_351935_A_G	2.33E-02	4.55E-02	4.23E-01	-7.62E+00	9.51E+00	4.64E-02	
1_352877_T_C	2.27E-01	1.51E-05	6.39E-01	2.52E+00	5.37E+00	2.72E-02	
1_352901_T_G	2.27E-01	4.53E-05	6.46E-01	2.97E+00	6.45E+00	2.66E-02	
1_356125_T_A	7.00E-02	8.22E-07	3.19E-01	1.03E+01	1.03E+01	5.77E-02	
1_357032_C_G	1.00E-02	1.98E-01	6.46E-01	-5.47E+00	1.19E+01	2.66E-02	
1_357398_G_T	5.33E-02	4.70E-03	6.78E-01	3.63E+00	8.72E+00	2.41E-02	
1_358596_C_G	3.00E-02	7.47E-03	3.42E-01	1.72E+01	1.81E+01	5.50E-02	
1_358691_G_T	1.23E-01	1.23E-11	1.11E-02	2.06E+01	8.08E+00	1.46E-01	
1_359324_G_C	2.67E-02	1.46E-01	5.73E-01	5.90E+00	1.04E+01	3.27E-02	
1_359335_C_A	2.97E-01	1.49E-11	1.81E-01	8.09E+00	6.03E+00	7.75E-02	
1_361771_A_T	4.17E-01	1.47E-23	6.61E-01	-2.81E+00	6.41E+00	2.54E-02	
1_361772_T_C	1.67E-02	6.35E-01	8.09E-01	2.61E+00	1.08E+01	1.40E-02	
1_363806_A_C	1.00E-02	4.49E-01	2.85E-01	1.57E+01	1.46E+01	6.20E-02	
1_366041_T_C	4.67E-02	2.53E-01	9.25E-01	1.05E+00	1.11E+01	5.49E-03	
1_368081_T_C	1.43E-01	2.90E-04	4.19E-01	-4.60E+00	5.68E+00	4.69E-02	
1_368512_G_T	1.00E-01	4.71E-10	8.15E-02	1.50E+01	8.60E+00	1.01E-01	
1_368829_T_A	2.00E-02	7.29E-02	8.94E-02	-2.01E+01	1.18E+01	9.82E-02	
1_370442_G_T	9.80E-01	7.67E-02	7.58E-01	-2.77E+00	8.99E+00	1.79E-02	
1_370613_C_G	5.33E-01	5.28E-13	8.72E-01	8.42E-01	5.20E+00	9.37E-03	
1_371305_A_G	1.00E-02	4.05E-01	1.10E-01	2.33E+01	1.45E+01	9.25E-02	
1_371579_T_G	6.17E-01	2.63E-29	5.42E-02	1.25E+01	6.45E+00	1.11E-01	
1_372471_A_G	4.67E-01	2.82E-10	8.96E-01	-6.44E-01	4.94E+00	7.56E-03	
1_372671_C_G	3.60E-01	1.38E-22	1.33E-02	1.29E+01	5.17E+00	1.43E-01	
1_373666_G_C	3.00E-02	7.47E-03	3.42E-01	1.72E+01	1.81E+01	5.50E-02	
1_376239_C_T	1.23E-01	7.21E-10	4.29E-01	7.01E+00	8.87E+00	4.58E-02	
1_376565_T_G	1.37E-01	2.47E-03	4.46E-01	5.46E+00	7.15E+00	4.42E-02	
1_381795_T_C	2.67E-02	1.27E-02	3.48E-01	1.35E+01	1.44E+01	5.44E-02	
1_381991_T_A	4.67E-02	2.17E-06	3.17E-01	-8.42E+00	8.41E+00	5.79E-02	
1_382125_A_T	3.67E-01	1.12E-09	7.06E-01	-2.10E+00	5.57E+00	2.18E-02	
1_382919_C_A	1.20E-01	1.99E-08	2.65E-01	7.47E+00	6.69E+00	6.45E-02	
1_383447_G_C	4.67E-02	2.17E-06	3.17E-01	-8.42E+00	8.41E+00	5.79E-02	
1_385349_C_T	1.33E-02	2.28E-01	4.35E-01	-1.42E+01	1.82E+01	4.52E-02	
1_386456_A_T	6.67E-02	3.71E-01	4.46E-02	-1.59E+01	7.89E+00	1.16E-01	
1_387160_T_A	2.27E-01	7.28E-04	7.44E-01	1.63E+00	5.00E+00	1.89E-02	
1_387244_C_A	1.37E-01	5.09E-05	8.27E-01	1.21E+00	5.56E+00	1.26E-02	
1_388912_T_G	4.67E-02	8.88E-01	2.25E-01	-1.48E+01	1.22E+01	7.02E-02	
1_389184_G_C	4.27E-01	2.81E-15	7.24E-01	-2.32E+00	6.56E+00	2.05E-02	
1_390906_C_T	1.67E-02	1.36E-02	5.70E-01	1.02E+01	1.80E+01	3.30E-02	
1_390939_C_G	1.00E-02	1.35E-01	5.33E-01	8.21E+00	1.32E+01	3.61E-02	
1_391065_C_G	1.97E-01	4.93E-06	6.77E-01	3.10E+00	7.44E+00	2.42E-02	
1_391262_G_C	2.00E-02	1.27E-01	6.98E-01	-5.54E+00	1.42E+01	2.25E-02	
1_391328_A_G	5.47E-01	3.92E-28	4.85E-01	4.10E+00	5.87E+00	4.05E-02	
1_391912_A_G	4.00E-02	7.63E-01	4.78E-01	-1.36E+01	1.92E+01	4.11E-02	
1_392980_C_G	4.33E-02	1.26E-02	5.13E-01	6.03E+00	9.22E+00	3.79E-02	
1_393226_T_C	2.73E-01	2.65E-05	8.14E-01	-1.91E+00	8.13E+00	1.36E-02	
1_393557_A_G	2.67E-02	2.31E-02	2.86E-01	-1.19E+01	1.12E+01	6.18E-02	
1_394208_C_A	3.00E-01	1.51E-11	3.37E-01	8.32E+00	8.66E+00	5.56E-02	
1_394544_C_G	1.33E-02	2.06E-01	1.77E-01	-1.68E+01	1.24E+01	7.82E-02	
1_395924_A_C	3.67E-02	3.58E-01	9.55E-01	6.66E-01	1.17E+01	3.30E-03	
1_396396_G_T	4.23E-01	1.36E-10	5.69E-01	-3.08E+00	5.40E+00	3.30E-02	
1_397511_C_A	1.33E-02	5.18E-02	5.86E-01	6.56E+00	1.20E+01	3.16E-02	
1_398292_A_C	4.00E-02	1.55E-04	5.73E-03	3.07E+01	1.10E+01	1.59E-01	
1_399961_G_C	1.67E-02	8.35E-02	3.48E-01	-1.40E+01	1.49E+01	5.43E-02	
1_400869_T_C	1.00E-02	8.59E-02	3.18E-01	1.57E+01	1.57E+01	5.78E-02	
1_401463_C_A	2.00E-02	3.46E-01	9.97E-02	1.73E+01	1.05E+01	9.52E-02	
1_401754_G_C	4.33E-02	3.48E-01	1.44E-01	-1.05E+01	7.14E+00	8.46E-02	
1_402810_C_A	1.00E-02	4.23E-02	3.14E-01	-1.29E+01	1.28E+01	5.84E-02	
1_404041_A_G	2.00E-02	4.10E-02	6.39E-02	1.98E+01	1.06E+01	1.07E-01	
1_404840_C_G	5.33E-02	6.58E-01	8.74E-01	-1.42E+00	8.91E+00	9.21E-03	
1_405393_C_A	3.67E-02	2.99E-03	9.77E-01	-2.57E-01	9.00E+00	1.66E-03	
1_405821_G_C	9.67E-02	8.55E-09	2.64E-02	2.10E+01	9.41E+00	1.28E-01	
1_407279_G_T	2.00E-02	3.11E-02	2.60E-01	1.56E+01	1.38E+01	6.53E-02	
1_407440_T_A	1.33E-02	2.66E-01	2.44E-01	1.23E+01	1.06E+01	6.74E-02	
1_408403_T_G	1.43E-01	5.36E-07	5.96E-01	7.27E+00	1.37E+01	3.07E-02	
1_409245_T_A	2.73E-01	2.39E-04	9.63E-01	2.94E-01	6.35E+00	2.68E-03	
1_410746_C_A	1.00E-02	5.49E-01	9.58E-01	7.68E-01	1.44E+01	3.08E-03	
1_411966_T_A	9.67E-02	5.56E-04	9.21E-02	1.13E+01	6.70E+00	9.74E-02	
1_414430_G_A	8.33E-02	1.37E-02	3.54E-01	-6.47E+00	6.97E+00	5.37E-02	
1_415175_T_C	3.53E-01	3.47E-06	7.04E-01	-2.75E+00	7.22E+00	2.20E-02	
1_419674_A_C	8.33E-02	3.85E-05	4.95E-01	5.04E+00	7.37E+00	3.96E-02	
1_421115_T_A	1.27E-01	1.16E-11	1.68E-02	2.52E+01	1.05E+01	1.38E-01	
1_421466_A_T	1.07E-01	1.23E-08	8.35E-01	1.46E+00	7.02E+00	1.20E-02	
1_422111_C_A	1.33E-02	2.28E-01	4.35E-01	-1.42E+01	1.82E+01	4.52E-02	
1_423558_C_T	7.33E-02	4.15E-01	2.79E-01	-9.88E+00	9.12E+00	6.27E-02	
1_424026_T_C	6.33E-02	8.98E-06	5.31E-01	9.11E+00	1.45E+01	3.63E-02	
1_424050_G_T	2.33E-02	9.47E-04	2.44E-01	1.82E+01	1.56E+01	6.75E-02	
1_425233_C_T	7.00E-02	3.13E-04	4.76E-01	-5.32E+00	7.45E+00	4.13E-02	
1_428403_G_C	1.00E-01	3.83E-09	2.86E-01	1.35E+01	1.27E+01	6.18E-02	
1_428557_A_G	6.33E-02	8.98E-06	5.31E-01	9.11E+00	1.45E+01	3.63E-02	
1_428900_C_A	1.33E-02	3.69E-02	4.36E-01	-1.23E+01	1.57E+01	4.51E-02	
1_429396_G_T	4.00E-02	7.63E-01	4.78E-01	-1.36E+01	1.92E+01	4.11E-02	
1_429404_T_A	3.00E-02	1.51E-01	7.24E-01	3.51E+00	9.95E+00	2.04E-02	
1_429580_A_C	2.63E-01	5.11E-18	1.16E-01	1.33E+01	8.42E+00	9.10E-02	
1_429989_A_C	1.33E-02	7.42E-01	9.13E-01	-1.36E+00	1.24E+01	6.35E-03	
1_431091_T_A	2.67E-02	1.70E-03	5.35E-01	7.84E+00	1.26E+01	3.59E-02	
1_431873_A_C	1.30E-01	2.17E-05	6.35E-01	-2.72E+00	5.72E+00	2.75E-02	
1_431969_T_G	4.03E-01	9.78E-12	9.06E-01	5.83E-01	4.93E+00	6.85E-03	
1_432715_T_G	2.63E-01	1.62E-16	2.94E-01	6.08E+00	5.78E+00	6.08E-02	
1_436727_A_G	5.03E-01	7.79E-30	5.99E-02	1.16E+01	6.13E+00	1.09E-01	
1_438448_A_T	2.67E-02	1.81E-02	4.49E-01	-1.10E+01	1.45E+01	4.39E-02	
1_439080_T_G	1.67E-02	1.36E-02	5.70E-01	1.02E+01	1.80E+01	3.30E-02	
1_440443_G_C	4.57E-01	7.23E-21	1.75E-01	7.60E+00	5.59E+00	7.85E-02	
1_440471_G_C	1.00E-02	8.59E-02	3.18E-01	1.57E+01	1.57E+01	5.78E-02	
1_441270_T_A	3.67E-02	7.13E-01	5.02E-01	-1.02E+01	1.51E+01	3.89E-02	
1_442949_C_A	5.00E-01	7.65E-17	7.30E-01	2.13E+00	6.15E+00	2.00E-02	
1_442957_T_C	5.00E-01	7.65E-17	7.30E-01	2.13E+00	6.15E+00	2.00E-02	
1_443814_G_T	2.67E-02	2.34E-04	4.10E-01	1.00E+01	1.21E+01	4.78E-02	
1_446075_A_T	3.77E-01	2.02E-08	1.05E-01	9.03E+00	5.56E+00	9.36E-02	
1_448999_T_C	8.00E-02	2.13E-05	9.26E-01	-8.30E-01	8.91E+00	5.40E-03	
1_449506_T_C	2.00E-02	2.88E-01	7.43E-01	-4.42E+00	1.35E+01	1.90E-02	
1_450009_T_G	2.13E-01	8.15E-03	1.93E-01	-9.27E+00	7.10E+00	7.54E-02	
1_451017_C_T	4.33E-02	9.05E-01	7.92E-01	-3.88E+00	1.47E+01	1.53E-02	
1_451054_G_C	2.00E-02	7.90E-04	4.15E-01	1.12E+01	1.38E+01	4.72E-02	
1_451747_C_A	1.33E-02	3.95E-01	5.20E-01	7.57E+00	1.17E+01	3.73E-02	
1_456407_G_A	1.00E-02	4.05E-01	1.10E-01	2.33E+01	1.45E+01	9.25E-02	
1_456913_G_C	4.67E-02	2.53E-01	9.25E-01	1.05E+00	1.11E+01	5.49E-03	
1_460286_C_T	4.53E-01	1.11E-10	5.15E-01	3.90E+00	5.98E+00	3.78E-02	
1_460465_A_T	1.00E-02	2.69E-01	6.04E-01	-8.34E+00	1.61E+01	3.00E-02	
1_462022_G_C	2.13E-01	2.31E-02	1.40E-01	9.68E+00	6.54E+00	8.55E-02	
1_464270_T_G	3.67E-02	2.71E-05	6.41E-01	-4.64E+00	9.94E+00	2.70E-02	
1_465422_T_C	5.13E-01	1.02E-24	5.45E-01	-3.33E+00	5.50E+00	3.51E-02	
1_469745_A_C	3.73E-01	1.40E-18	4.15E-01	6.13E+00	7.51E+00	4.73E-02	
1_469783_T_A	2.33E-02	1.88E-03	7.56E-01	-3.19E+00	1.02E+01	1.80E-02	
1_469872_G_T	1.33E-02	2.28E-01	4.35E-01	-1.42E+01	1.82E+01	4.52E-02	
1_469955_G_A	5.33E-02	4.85E-01	2.76E-01	-1.49E+01	1.36E+01	6.30E-02	
1_473137_T_G	5.33E-02	3.88E-04	2.99E-01	-1.04E+01	1.00E+01	6.01E-02	
1_474327_T_A	1.60E-01	7.13E-01	9.49E-01	-3.44E-01	5.40E+00	3.69E-03	
1_478393_A_C	1.13E-01	1.59E-01	3.16E-01	7.44E+00	7.41E+00	5.81E-02	
1_478839_A_G	4.00E-02	7.63E-01	4.78E-01	-1.36E+01	1.92E+01	4.11E-02	
1_480252_A_C	3.67E-02	7.13E-01	5.02E-01	-1.02E+01	1.51E+01	3.89E-02	
1_481837_A_C	4.00E-02	7.63E-01	4.78E-01	-1.36E+01	1.92E+01	4.11E-02	
1_482986_T_A	4.00E-02	7.63E-01	4.78E-01	-1.36E+01	1.92E+01	4.11E-02	
1_483258_G_C	3.67E-02	5.85E-02	6.67E-01	3.94E+00	9.13E+00	2.50E-02	
1_483655_C_A	2.33E-02	1.88E-03	7.56E-01	-3.19E+00	1.02E+01	1.80E-02	
1_483879_G_C	1.03E-01	1.28E-09	2.29E-01	1.91E+01	1.59E+01	6.96E-02	
1_486319_A_G	8.33E-02	9.59E-06	6.90E-01	3.59E+00	8.99E+00	2.31E-02	
1_489024_G_A	4.53E-01	1.20E-25	6.05E-01	4.21E+00	8.12E+00	3.00E-02	
1_490049_C_T	1.33E-01	2.61E-01	4.67E-01	-6.56E+00	9.01E+00	4.22E-02	
1_492853_T_C	2.03E-01	1.61E-07	6.58E-02	9.65E+00	5.23E+00	1.06E-01	
1_495671_C_A	4.33E-02	9.48E-01	5.23E-01	-8.99E+00	1.41E+01	3.70E-02	
1_496066_T_A	3.47E-01	1.17E-10	9.93E-01	4.37E-02	5.20E+00	4.86E-04	
1_497767_T_A	1.07E-01	1.19E-10	2.58E-02	2.06E+01	9.21E+00	1.29E-01	
1_498332_T_G	3.67E-02	3.58E-01	9.55E-01	6.66E-01	1.17E+01	3.30E-03	
1_498343_C_G	9.00E-02	1.10E-08	1.20E-01	1.93E+01	1.24E+01	9.00E-02	
1_500010_A_G	2.33E-02	1.88E-03	7.56E-01	-3.19E+00	1.02E+01	1.80E-02	
1_500478_G_C	2.33E-02	9.78E-03	3.33E-01	1.04E+01	1.07E+01	5.60E-02	
1_500529_T_G	1.00E-02	8.59E-02	3.18E-01	1.57E+01	1.57E+01	5.78E-02	
1_500822_T_G	1.00E-02	3.58E-01	6.66E-01	-6.42E+00	1.48E+01	2.51E-02	
1_500833_T_A	2.30E-01	2.99E-11	5.01E-01	-4.32E+00	6.42E+00	3.90E-02	
1_501149_T_C	2.13E-01	6.28E-02	4.82E-01	-3.76E+00	5.34E+00	4.07E-02	
1_505268_T_G	1.33E-02	7.43E-01	1.70E-01	1.56E+01	1.13E+01	7.95E-02	
1_506061_C_A	4.07E-01	1.30E-19	8.17E-01	1.43E+00	6.19E+00	1.34E-02	
1_508026_G_C	6.33E-02	8.98E-06	5.31E-01	9.11E+00	1.45E+01	3.63E-02	
1_508417_C_G	3.63E-01	3.63E-06	8.97E-01	-7.79E-01	6.02E+00	7.50E-03	
1_508821_T_G	6.33E-02	6.86E-02	2.64E-01	1.08E+01	9.68E+00	6.46E-02	
1_511669_A_T	1.70E-01	2.49E-06	9.55E-01	4.87E-01	8.65E+00	3.26E-03	
1_512270_T_C	1.43E-01	5.25E-10	4.93E-01	7.09E+00	1.03E+01	3.97E-02	
1_513602_G_A	5.33E-02	1.27E-05	2.04E-02	2.24E+01	9.62E+00	1.34E-01	
1_514326_A_T	7.67E-02	3.05E-03	4.59E-01	5.68E+00	7.65E+00	4.29E-02	
1_515017_C_G	1.73E-01	8.78E-05	8.03E-01	1.72E+00	6.87E+00	1.45E-02	
1_516269_A_G	2.33E-02	4.66E-02	1.21E-01	-2.07E+01	1.33E+01	8.98E-02	
1_517435_C_G	2.00E-02	7.90E-04	4.15E-01	1.12E+01	1.38E+01	4.72E-02	
1_518103_G_C	3.97E-01	3.40E-11	5.91E-01	2.89E+00	5.36E+00	3.12E-02	
1_518399_C_T	2.33E-02	1.24E-02	1.33E-01	2.04E+01	1.35E+01	8.70E-02	
1_518567_A_G	4.67E-02	4.82E-01	5.41E-01	-6.95E+00	1.14E+01	3.54E-02	
1_518627_C_G	7.33E-02	1.03E-01	5.04E-01	4.89E+00	7.30E+00	3.88E-02	
1_519119_C_G	3.67E-02	1.23E-03	9.99E-01	-1.90E-02	1.14E+01	9.65E-05	
1_521006_G_T	3.00E-02	4.60E-02	6.17E-01	-5.49E+00	1.10E+01	2.90E-02	
1_522933_A_T	1.37E-01	2.89E-01	4.10E-01	-7.91E+00	9.58E+00	4.77E-02	
1_523395_G_A	1.27E-01	6.76E-13	1.15E-01	1.50E+01	9.46E+00	9.13E-02	
1_526492_C_A	1.40E-01	4.23E-03	8.15E-01	-1.63E+00	6.95E+00	1.36E-02	
1_527040_A_T	1.33E-02	1.45E-01	6.17E-01	-7.16E+00	1.43E+01	2.90E-02	
1_527364_A_T	4.00E-02	7.63E-01	4.78E-01	-1.36E+01	1.92E+01	4.11E-02	
1_527737_T_C	1.27E-01	1.64E-05	2.57E-01	9.73E+00	8.57E+00	6.56E-02	
1_528218_A_T	4.00E-02	7.63E-01	4.78E-01	-1.36E+01	1.92E+01	4.11E-02	
1_528973_T_C	3.00E-02	7.47E-03	3.42E-01	1.72E+01	1.81E+01	5.50E-02	
1_531014_A_C	5.67E-02	4.92E-04	4.06E-01	7.61E+00	9.13E+00	4.82E-02	
1_531620_C_G	1.83E-01	1.63E-06	5.04E-01	3.97E+00	5.92E+00	3.88E-02	
1_532284_C_T	1.17E-01	4.65E-10	8.09E-01	2.34E+00	9.67E+00	1.40E-02	
1_533501_A_G	9.40E-01	9.63E-01	9.36E-01	6.00E-01	7.44E+00	4.67E-03	
1_535915_A_C	2.67E-02	1.80E-02	6.08E-01	7.37E+00	1.43E+01	2.98E-02	
1_536725_T_A	2.97E-01	2.04E-11	3.96E-01	6.29E+00	7.40E+00	4.92E-02	
1_540399_G_A	1.50E-01	9.09E-04	2.82E-01	6.99E+00	6.48E+00	6.23E-02	
1_541416_C_T	3.67E-02	8.75E-01	9.12E-01	1.65E+00	1.49E+01	6.41E-03	
1_544115_A_G	4.57E-01	4.63E-13	6.72E-01	2.31E+00	5.46E+00	2.45E-02	
1_544258_T_G	3.33E-02	2.86E-03	3.82E-01	1.18E+01	1.35E+01	5.06E-02	
1_544347_A_T	1.67E-02	1.06E-02	9.44E-01	-7.04E-01	9.98E+00	4.09E-03	
1_546375_T_G	4.67E-02	7.42E-03	9.67E-01	3.30E-01	7.85E+00	2.43E-03	
1_547259_C_T	2.00E-02	1.27E-01	6.98E-01	-5.54E+00	1.42E+01	2.25E-02	
1_547343_C_T	9.30E-01	6.30E-07	4.83E-01	4.79E+00	6.82E+00	4.07E-02	
1_550068_C_G	1.67E-02	2.97E-02	5.43E-01	8.09E+00	1.33E+01	3.53E-02	
1_550323_G_T	2.00E-02	7.90E-04	4.15E-01	1.12E+01	1.38E+01	4.72E-02	
1_550441_T_C	6.33E-02	8.98E-06	5.31E-01	9.11E+00	1.45E+01	3.63E-02	
1_551738_T_A	1.40E-01	1.68E-05	7.58E-01	2.30E+00	7.44E+00	1.79E-02	
1_553763_T_G	1.67E-02	1.36E-02	5.70E-01	1.02E+01	1.80E+01	3.30E-02	
1_554200_A_G	2.67E-02	3.78E-01	7.86E-01	-2.79E+00	1.03E+01	1.57E-02	
1_555437_T_C	9.67E-02	9.81E-09	5.23E-01	7.69E+00	1.20E+01	3.70E-02	
1_556187_T_G	1.00E-02	1.34E-02	1.46E-01	1.98E+01	1.36E+01	8.40E-02	
1_557882_C_G	3.00E-01	1.68E-11	6.96E-01	2.18E+00	5.58E+00	2.27E-02	
1_558496_T_G	1.33E-02	2.28E-01	4.35E-01	-1.42E+01	1.82E+01	4.52E-02	
1_559476_A_C	1.13E-01	3.74E-07	6.85E-01	3.53E+00	8.68E+00	2.35E-02	
1_559717_T_A	8.80E-01	3.16E-03	9.14E-01	5.91E-01	5.48E+00	6.25E-03	
1_559766_T_G	1.67E-02	8.35E-02	3.48E-01	-1.40E+01	1.49E+01	5.43E-02	
1_560436_G_T	2.67E-02	5.82E-01	9.59E-01	-5.08E-01	9.79E+00	3.01E-03	
1_560891_T_A	1.00E-02	1.72E-01	8.68E-02	2.03E+01	1.18E+01	9.90E-02	
1_561217_A_T	3.00E-02	7.47E-03	3.42E-01	1.72E+01	1.81E+01	5.50E-02	
1_563383_C_T	1.13E-01	5.43E-08	3.80E-01	6.79E+00	7.72E+00	5.09E-02	
1_564800_T_C	4.73E-01	8.13E-24	9.03E-01	7.12E-01	5.86E+00	7.04E-03	
1_565649_T_A	3.67E-02	3.50E-01	6.93E-01	4.30E+00	1.09E+01	2.29E-02	
1_565791_G_A	2.33E-02	6.71E-03	6.37E-01	-5.31E+00	1.12E+01	2.73E-02	
1_566273_G_A	1.20E-01	3.52E-01	3.33E-01	-9.02E+00	9.31E+00	5.61E-02	
1_567446_C_A	1.53E-01	1.58E-04	5.83E-01	4.22E+00	7.67E+00	3.18E-02	
1_568163_C_T	1.33E-02	1.45E-01	6.17E-01	-7.16E+00	1.43E+01	2.90E-02	
1_569869_T_A	3.00E-02	7.47E-03	3.42E-01	1.72E+01	1.81E+01	5.50E-02	
1_570699_A_C	4.70E-01	3.47E-05	3.50E-01	-4.37E+00	4.67E+00	5.42E-02	
1_571914_T_G	1.80E-01	2.76E-02	3.91E-01	4.69E+00	5.45E+00	4.97E-02	
1_573792_A_G	1.83E-01	7.65E-02	1.60E-01	-1.16E+01	8.22E+00	8.13E-02	
1_573873_T_G	4.67E-02	3.94E-05	1.54E-01	1.91E+01	1.34E+01	8.25E-02	
1_577991_G_C	1.33E-02	2.28E-01	4.35E-01	-1.42E+01	1.82E+01	4.52E-02	
1_579625_A_G	1.97E-01	2.07E-02	5.54E-01	-4.28E+00	7.23E+00	3.43E-02	
1_581473_G_A	1.67E-02	1.36E-02	5.70E-01	1.02E+01	1.80E+01	3.30E-02	
1_581681_T_G	5.33E-02	2.53E-05	3.00E-01	1.08E+01	1.04E+01	6.01E-02	
1_581780_C_A	7.67E-02	2.87E-02	6.21E-01	-5.22E+00	1.06E+01	2.86E-02	
1_581921_A_G	3.00E-02	2.17E-02	1.75E-01	-1.35E+01	9.95E+00	7.86E-02	
1_581961_A_G	1.67E-01	1.22E-02	6.22E-01	3.41E+00	6.91E+00	2.85E-02	
1_583801_A_C	8.00E-02	1.20E-06	3.59E-01	7.32E+00	7.97E+00	5.31E-02	
1_586129_T_G	1.23E-01	4.94E-11	7.81E-02	1.68E+01	9.48E+00	1.02E-01	
1_587419_G_C	3.33E-02	2.20E-08	3.24E-02	-1.59E+01	7.40E+00	1.24E-01	
1_589282_A_T	2.00E-02	1.27E-01	6.98E-01	-5.54E+00	1.42E+01	2.25E-02	
1_589741_G_A	7.67E-02	4.01E-06	8.12E-01	-3.15E+00	1.32E+01	1.38E-02	
1_590852_C_A	2.33E-01	5.56E-04	9.55E-01	-3.56E-01	6.27E+00	3.28E-03	
1_593887_T_A	7.87E-01	3.75E-04	8.84E-01	7.29E-01	5.00E+00	8.46E-03	
1_595289_G_C	1.03E-01	9.83E-04	9.51E-01	-6.95E-01	1.13E+01	3.56E-03	
1_595448_T_G	1.03E-01	9.83E-04	9.51E-01	-6.95E-01	1.13E+01	3.56E-03	
1_595573_C_G	5.73E-01	8.17E-09	5.44E-01	-2.67E+00	4.40E+00	3.52E-02	
1_595809_A_C	2.67E-02	4.96E-03	9.94E-01	-9.48E-02	1.24E+01	4.44E-04	
1_595910_A_T	3.33E-02	3.73E-03	2.12E-01	-1.10E+01	8.79E+00	7.23E-02	
1_598983_C_G	4.00E-02	7.63E-01	4.78E-01	-1.36E+01	1.92E+01	4.11E-02	
1_599623_T_G	2.13E-01	3.72E-04	3.21E-01	5.57E+00	5.60E+00	5.74E-02	
1_599919_G_T	4.33E-02	1.20E-03	1.55E-01	1.24E+01	8.71E+00	8.23E-02	
1_600042_T_G	1.03E-01	8.22E-01	5.20E-01	-4.31E+00	6.69E+00	3.73E-02	
1_601157_A_G	3.67E-02	3.04E-01	4.97E-02	-2.87E+01	1.46E+01	1.13E-01	
1_601767_T_A	1.33E-02	2.28E-01	4.35E-01	-1.42E+01	1.82E+01	4.52E-02	
1_605131_T_C	4.53E-01	7.03E-22	9.06E-01	-7.93E-01	6.70E+00	6.86E-03	
1_605993_A_T	3.10E-01	1.36E-14	6.03E-01	3.75E+00	7.21E+00	3.01E-02	
1_606868_G_A	2.00E-02	6.08E-01	9.92E-01	1.00E-01	9.83E+00	5.89E-04	
1_606982_T_A	2.67E-02	3.91E-03	3.45E-02	3.11E+01	1.46E+01	1.22E-01	
1_609049_T_A	7.00E-02	1.18E-01	7.96E-01	2.66E+00	1.03E+01	1.50E-02	
1_609715_T_A	5.77E-01	3.39E-26	7.37E-01	2.04E+00	6.05E+00	1.95E-02	
1_610232_G_C	2.00E-02	8.51E-03	1.42E-01	-1.47E+01	9.96E+00	8.50E-02	
1_612281_A_G	5.67E-02	5.23E-01	3.74E-01	8.37E+00	9.40E+00	5.15E-02	
1_613143_C_A	4.40E-01	2.85E-09	1.11E-01	-8.90E+00	5.56E+00	9.23E-02	
1_613414_G_A	8.73E-01	8.24E-03	6.19E-01	-3.16E+00	6.35E+00	2.88E-02	
1_613865_G_C	2.00E-02	1.87E-03	8.28E-01	2.67E+00	1.23E+01	1.26E-02	
1_615251_A_T	1.00E-02	4.49E-01	2.85E-01	1.57E+01	1.46E+01	6.20E-02	
1_615597_A_C	4.67E-02	2.53E-01	9.25E-01	1.05E+00	1.11E+01	5.49E-03	
1_617105_C_T	3.27E-01	7.83E-03	7.98E-01	1.47E+00	5.73E+00	1.49E-02	
1_621458_T_C	3.67E-02	7.13E-01	5.02E-01	-1.02E+01	1.51E+01	3.89E-02	
1_621856_A_C	3.90E-01	1.69E-17	2.53E-01	6.74E+00	5.89E+00	6.61E-02	
1_622701_C_A	4.67E-01	2.37E-26	1.13E-01	9.86E+00	6.20E+00	9.17E-02	
1_623514_G_A	2.00E-02	8.38E-02	6.50E-01	-5.65E+00	1.24E+01	2.63E-02	
1_623856_A_T	2.33E-02	6.71E-03	6.37E-01	-5.31E+00	1.12E+01	2.73E-02	
1_624551_T_A	1.77E-01	9.18E-15	4.61E-02	1.25E+01	6.24E+00	1.15E-01	
1_625534_G_A	2.00E-01	4.70E-01	1.36E-01	-8.68E+00	5.80E+00	8.63E-02	
1_625714_T_G	1.77E-01	2.05E-01	9.20E-01	-6.69E-01	6.70E+00	5.79E-03	
1_626246_T_A	3.00E-02	7.47E-03	3.42E-01	1.72E+01	1.81E+01	5.50E-02	
1_626755_G_A	5.10E-01	5.55E-30	8.29E-03	1.74E+01	6.55E+00	1.52E-01	
1_627169_G_T	4.13E-01	3.96E-02	3.41E-01	5.12E+00	5.37E+00	5.51E-02	
1_628445_C_T	6.67E-02	9.63E-06	9.76E-01	-3.62E-01	1.22E+01	1.72E-03	
1_629716_C_T	2.00E-02	1.27E-01	6.98E-01	-5.54E+00	1.42E+01	2.25E-02	
1_631247_C_G	8.03E-01	1.11E-01	1.46E-01	-8.66E+00	5.94E+00	8.42E-02	
1_632602_T_A	4.00E-02	7.63E-01	4.78E-01	-1.36E+01	1.92E+01	4.11E-02	
1_632723_A_G	6.33E-02	8.98E-06	5.31E-01	9.11E+00	1.45E+01	3.63E-02	
1_636410_T_C	2.00E-02	7.90E-04	4.15E-01	1.12E+01	1.38E+01	4.72E-02	
1_637126_C_A	4.13E-01	1.33E-10	6.89E-01	-1.91E+00	4.76E+00	2.32E-02	
1_637695_C_G	1.33E-02	2.28E-01	4.35E-01	-1.42E+01	1.82E+01	4.52E-02	
1_637767_A_C	3.90E-01	4.34E-09	6.22E-01	3.20E+00	6.49E+00	2.86E-02	
1_639392_G_T	8.67E-02	3.65E-01	7.84E-01	-2.66E+00	9.69E+00	1.59E-02	
1_640028_C_A	9.33E-02	1.63E-07	7.92E-01	-2.26E+00	8.54E+00	1.53E-02	
1_640724_G_A	1.17E-01	1.39E-09	6.16E-02	1.46E+01	7.78E+00	1.08E-01	
1_642992_G_T	1.17E-01	4.68E-02	8.09E-01	1.43E+00	5.94E+00	1.40E-02	
1_644219_T_C	1.00E-02	5.49E-01	9.58E-01	7.68E-01	1.44E+01	3.08E-03	
1_645791_A_G	5.00E-01	4.09E-08	3.77E-01	4.13E+00	4.67E+00	5.12E-02	
1_645932_T_G	1.13E-01	1.77E-01	7.26E-01	2.52E+00	7.20E+00	2.03E-02	
1_645977_C_T	8.00E-02	1.78E-02	3.76E-01	6.54E+00	7.37E+00	5.13E-02	
1_648032_G_A	2.33E-02	3.04E-02	6.25E-01	6.67E+00	1.36E+01	2.84E-02	
1_648719_A_G	2.00E-02	1.90E-03	9.17E-01	-1.49E+00	1.42E+01	6.07E-03	
1_650837_A_G	1.00E-02	8.59E-02	3.18E-01	1.57E+01	1.57E+01	5.78E-02	
1_652159_C_G	5.00E-02	2.06E-03	4.38E-01	5.86E+00	7.55E+00	4.49E-02	
1_654119_C_A	1.03E-01	1.28E-09	2.29E-01	1.91E+01	1.59E+01	6.96E-02	
1_655643_G_C	4.07E-01	1.43E-09	2.91E-01	5.44E+00	5.14E+00	6.12E-02	
1_657109_T_G	1.00E-02	8.59E-02	3.18E-01	1.57E+01	1.57E+01	5.78E-02	
1_657116_G_C	1.67E-02	3.84E-02	3.10E-01	-1.31E+01	1.28E+01	5.88E-02	
1_657401_A_C	1.33E-02	2.28E-01	4.35E-01	-1.42E+01	1.82E+01	4.52E-02	
1_661384_G_C	4.00E-02	7.63E-01	4.78E-01	-1.36E+01	1.92E+01	4.11E-02	
1_662660_A_G	2.27E-01	4.47E-06	7.72E-02	9.73E+00	5.49E+00	1.02E-01	
1_662987_T_A	2.33E-02	9.47E-04	2.44E-01	1.82E+01	1.56E+01	6.75E-02	
1_663503_G_A	1.03E-01	6.71E-01	2.57E-01	6.81E+00	6.00E+00	6.56E-02	
1_663868_C_A	2.00E-02	3.46E-01	2.92E-01	1.08E+01	1.03E+01	6.10E-02	
1_664715_G_T	1.00E-02	4.31E-01	1.12E-01	-2.08E+01	1.31E+01	9.18E-02	
1_666197_A_T	1.70E-01	1.13E-09	1.41E-01	1.59E+01	1.08E+01	8.51E-02	
1_670360_G_T	2.10E-01	3.74E-03	8.84E-01	9.14E-01	6.26E+00	8.46E-03	
1_671799_T_C	1.33E-02	3.55E-01	2.68E-01	1.52E+01	1.37E+01	6.41E-02	
1_673747_G_T	1.13E-01	1.05E-03	6.85E-01	2.85E+00	7.00E+00	2.35E-02	
1_674082_G_T	1.33E-02	1.67E-02	3.44E-01	1.45E+01	1.53E+01	5.48E-02	
1_675467_G_A	9.67E-02	6.60E-08	2.75E-01	1.16E+01	1.06E+01	6.33E-02	
1_675470_A_G	6.00E-02	2.87E-05	9.41E-01	9.03E-01	1.23E+01	4.26E-03	
1_676188_A_C	2.00E-02	1.27E-01	6.98E-01	-5.54E+00	1.42E+01	2.25E-02	
1_677086_A_G	1.63E-01	1.38E-01	6.21E-01	2.60E+00	5.25E+00	2.86E-02	
1_677421_T_G	1.13E-01	9.94E-01	2.24E-03	-2.50E+01	8.11E+00	1.76E-01	
1_678018_T_C	3.67E-02	5.65E-02	2.49E-01	1.11E+01	9.59E+00	6.67E-02	
1_679030_A_C	1.23E-01	8.92E-03	7.83E-01	1.62E+00	5.86E+00	1.60E-02	
1_679312_G_T	8.67E-02	2.00E-03	6.42E-01	3.80E+00	8.16E+00	2.70E-02	
1_681968_T_A	9.00E-02	3.35E-05	8.39E-01	-1.61E+00	7.88E+00	1.18E-02	
1_682061_G_C	2.00E-02	7.90E-04	4.15E-01	1.12E+01	1.38E+01	4.72E-02	
1_682914_C_A	1.00E-01	6.65E-04	4.95E-01	5.00E+00	7.32E+00	3.95E-02	
1_683054_T_A	3.30E-01	3.94E-10	9.22E-01	-5.59E-01	5.71E+00	5.66E-03	
1_684068_G_C	5.33E-02	2.02E-04	1.83E-01	-9.30E+00	6.97E+00	7.71E-02	
1_685436_C_T	1.33E-01	1.15E-06	7.78E-01	-2.34E+00	8.27E+00	1.64E-02	
1_685786_G_C	3.67E-02	7.98E-01	5.84E-01	-7.88E+00	1.44E+01	3.18E-02	
1_685811_A_T	2.00E-02	3.46E-01	9.97E-02	1.73E+01	1.05E+01	9.52E-02	
1_685985_A_C	2.67E-01	2.91E-12	7.85E-01	-1.35E+00	4.95E+00	1.58E-02	
1_687381_G_C	1.17E-01	1.17E-08	1.97E-01	1.15E+01	8.93E+00	7.47E-02	
1_687648_G_T	9.33E-02	6.68E-01	3.74E-01	-5.64E+00	6.33E+00	5.15E-02	
1_687947_C_A	3.07E-01	6.07E-07	3.26E-01	4.63E+00	4.71E+00	5.68E-02	
1_688305_T_G	5.00E-02	9.04E-06	2.42E-01	-9.23E+00	7.87E+00	6.78E-02	
1_688763_G_T	2.33E-02	9.52E-01	3.57E-01	-1.13E+01	1.23E+01	5.34E-02	
1_688787_C_G	2.33E-02	3.04E-02	6.25E-01	6.67E+00	1.36E+01	2.84E-02	
1_690249_T_G	6.67E-02	3.16E-05	3.26E-01	6.94E+00	7.06E+00	5.69E-02	
1_690846_T_C	1.33E-02	2.28E-01	4.35E-01	-1.42E+01	1.82E+01	4.52E-02	
1_692556_A_C	1.67E-02	1.36E-02	5.70E-01	1.02E+01	1.80E+01	3.30E-02	
1_692877_T_G	1.00E-02	8.59E-02	3.18E-01	1.57E+01	1.57E+01	5.78E-02	
1_692936_C_A	1.57E-01	5.29E-07	8.20E-01	1.95E+00	8.58E+00	1.32E-02	
1_694565_T_A	7.67E-02	9.32E-01	5.96E-01	-3.58E+00	6.76E+00	3.07E-02	
1_695978_A_C	5.00E-02	6.14E-04	3.67E-01	9.95E+00	1.10E+01	5.22E-02	
1_696162_A_C	1.13E-01	3.51E-02	6.78E-01	-2.50E+00	6.02E+00	2.40E-02	
1_697022_G_T	2.00E-02	7.90E-04	4.15E-01	1.12E+01	1.38E+01	4.72E-02	
1_698010_T_G	1.83E-01	7.89E-01	4.83E-01	4.15E+00	5.91E+00	4.07E-02	
1_698707_A_G	2.33E-02	1.46E-01	6.52E-01	-5.20E+00	1.15E+01	2.61E-02	
1_698740_T_A	4.33E-02	8.15E-02	3.06E-01	1.01E+01	9.89E+00	5.93E-02	
1_699273_A_T	1.00E-02	3.58E-01	6.66E-01	-6.42E+00	1.48E+01	2.51E-02	
1_699653_A_G	1.00E-02	2.69E-01	6.04E-01	-8.34E+00	1.61E+01	3.00E-02	
1_699693_T_C	4.67E-01	5.25E-18	4.10E-01	-4.02E+00	4.87E+00	4.78E-02	
1_699902_T_C	5.67E-02	2.82E-02	8.09E-01	2.41E+00	9.93E+00	1.40E-02	
1_700488_A_C	9.00E-02	1.31E-03	6.34E-01	3.61E+00	7.57E+00	2.76E-02	
1_701019_G_A	4.33E-01	2.40E-14	2.14E-01	7.20E+00	5.78E+00	7.20E-02	
1_702484_T_C	2.33E-02	4.66E-02	1.21E-01	-2.07E+01	1.33E+01	8.98E-02	
1_705234_A_G	4.13E-01	3.40E-06	5.60E-01	3.41E+00	5.84E+00	3.38E-02	
1_705411_C_T	2.00E-02	7.90E-04	4.15E-01	1.12E+01	1.38E+01	4.72E-02	
1_707397_T_G	3.40E-01	3.74E-11	5.88E-01	3.58E+00	6.60E+00	3.14E-02	
1_707690_A_T	1.67E-02	1.36E-02	5.70E-01	1.02E+01	1.80E+01	3.30E-02	
1_707899_A_C	3.17E-01	4.57E-02	8.87E-01	6.81E-01	4.79E+00	8.23E-03	
1_708247_G_C	3.00E-02	7.47E-03	3.42E-01	1.72E+01	1.81E+01	5.50E-02	
1_709195_A_T	1.33E-02	3.95E-01	5.20E-01	7.57E+00	1.17E+01	3.73E-02	
1_710689_G_A	1.60E-01	4.46E-15	1.09E-01	1.32E+01	8.24E+00	9.26E-02	
1_710849_A_G	1.33E-02	2.28E-01	4.35E-01	-1.42E+01	1.82E+01	4.52E-02	
1_710891_T_C	1.50E-01	1.09E-11	1.36E-01	9.91E+00	6.63E+00	8.63E-02	
1_712880_T_A	4.67E-02	1.32E-04	1.87E-01	1.40E+01	1.06E+01	7.64E-02	
1_712963_G_C	8.33E-02	1.45E-07	1.22E-01	1.60E+01	1.03E+01	8.95E-02	
1_713315_G_A	7.00E-02	4.05E-01	7.51E-01	-2.51E+00	7.89E+00	1.84E-02	
1_713566_G_T	2.73E-01	7.69E-04	2.11E-02	-1.15E+01	4.95E+00	1.33E-01	
1_714452_G_T	4.87E-01	1.77E-29	9.59E-01	4.50E-01	8.75E+00	2.98E-03	
1_714815_T_G	1.77E-01	6.59E-09	6.44E-02	1.13E+01	6.07E+00	1.07E-01	
1_715535_A_T	5.33E-02	9.67E-05	4.72E-01	-6.41E+00	8.91E+00	4.16E-02	
1_718020_T_C	1.57E-01	6.89E-03	1.60E-01	9.38E+00	6.65E+00	8.14E-02	
1_718600_T_C	4.53E-01	2.71E-32	2.94E-02	1.61E+01	7.34E+00	1.26E-01	
1_719446_C_G	2.67E-01	2.84E-24	1.03E-01	1.16E+01	7.10E+00	9.42E-02	
1_719686_A_G	3.67E-02	3.50E-01	6.93E-01	4.30E+00	1.09E+01	2.29E-02	
1_720702_A_T	1.00E-02	5.49E-01	9.58E-01	7.68E-01	1.44E+01	3.08E-03	
1_722641_T_C	1.37E-01	5.74E-08	3.09E-01	7.90E+00	7.76E+00	5.89E-02	
1_726943_G_T	2.33E-02	2.43E-03	7.26E-01	4.16E+00	1.19E+01	2.03E-02	
1_728231_A_T	1.00E-02	6.90E-02	9.96E-02	2.45E+01	1.48E+01	9.53E-02	
1_728582_G_C	5.00E-01	2.62E-25	1.15E-01	1.05E+01	6.61E+00	9.12E-02	
1_728720_G_C	2.73E-01	1.40E-06	8.15E-01	1.66E+00	7.09E+00	1.36E-02	
1_729582_T_C	3.67E-02	7.13E-01	5.02E-01	-1.02E+01	1.51E+01	3.89E-02	
1_731961_T_A	4.00E-02	7.63E-01	4.78E-01	-1.36E+01	1.92E+01	4.11E-02	
1_733009_C_A	3.43E-01	5.33E-07	6.14E-01	-2.72E+00	5.38E+00	2.93E-02	
1_735184_A_T	4.63E-01	5.28E-18	3.10E-01	6.11E+00	6.00E+00	5.89E-02	
1_736159_T_G	1.43E-01	8.80E-08	6.29E-02	1.47E+01	7.90E+00	1.08E-01	
1_737127_T_C	1.67E-02	1.36E-02	5.70E-01	1.02E+01	1.80E+01	3.30E-02	
1_739769_G_T	4.27E-01	1.38E-15	9.81E-01	1.28E-01	5.41E+00	1.37E-03	
1_739912_A_C	2.67E-02	1.27E-02	3.48E-01	1.35E+01	1.44E+01	5.44E-02	
1_739978_T_G	1.77E-01	1.80E-12	5.75E-01	4.42E+00	7.88E+00	3.25E-02	
1_740056_A_T	1.00E-02	1.84E-01	7.50E-01	-3.82E+00	1.20E+01	1.85E-02	
1_743018_C_A	1.00E-02	8.59E-02	3.18E-01	1.57E+01	1.57E+01	5.78E-02	
1_745024_A_G	1.33E-02	3.29E-01	9.26E-01	-1.01E+00	1.09E+01	5.37E-03	
1_745122_T_A	5.00E-01	3.37E-30	5.05E-02	1.30E+01	6.64E+00	1.13E-01	
1_746192_A_G	5.47E-01	2.58E-25	6.42E-02	1.04E+01	5.57E+00	1.07E-01	
1_746922_T_G	3.73E-01	1.78E-14	5.73E-01	4.33E+00	7.68E+00	3.27E-02	
1_746925_C_T	1.00E-02	6.90E-02	9.96E-02	2.45E+01	1.48E+01	9.53E-02	
1_747265_A_T	2.33E-02	5.31E-03	1.21E-01	1.62E+01	1.04E+01	8.96E-02	
1_747479_T_A	2.60E-01	1.44E-05	9.17E-01	5.90E-01	5.68E+00	6.02E-03	
1_749196_T_A	1.67E-02	1.36E-02	5.70E-01	1.02E+01	1.80E+01	3.30E-02	
1_749488_A_G	2.30E-01	1.29E-15	3.58E-02	1.83E+01	8.68E+00	1.21E-01	
1_750101_G_A	6.33E-02	1.23E-05	6.25E-02	1.68E+01	8.99E+00	1.08E-01	
1_751133_T_C	8.00E-02	4.23E-06	6.79E-01	4.60E+00	1.11E+01	2.40E-02	
1_751838_T_G	1.67E-02	8.35E-02	3.48E-01	-1.40E+01	1.49E+01	5.43E-02	
1_751840_A_G	3.07E-01	1.77E-01	3.34E-01	4.76E+00	4.93E+00	5.59E-02	
1_752143_G_C	7.00E-02	1.68E-01	9.94E-01	-8.05E-02	1.11E+01	4.20E-04	
1_753842_T_G	4.00E-02	7.63E-01	4.78E-01	-1.36E+01	1.92E+01	4.11E-02	
1_754766_G_T	1.80E-01	2.37E-04	8.85E-01	1.29E+00	8.86E+00	8.42E-03	
1_755842_A_G	9.33E-02	1.21E-08	3.77E-01	8.68E+00	9.82E+00	5.11E-02	
1_756150_A_T	1.33E-02	3.55E-01	2.68E-01	1.52E+01	1.37E+01	6.41E-02	
1_756279_T_A	6.87E-01	5.91E-03	7.35E-01	-1.67E+00	4.93E+00	1.96E-02	
1_756640_C_A	3.00E-02	1.41E-02	6.26E-01	6.56E+00	1.35E+01	2.82E-02	
1_757487_C_T	1.67E-02	8.35E-02	3.48E-01	-1.40E+01	1.49E+01	5.43E-02	
1_761913_A_T	7.67E-02	9.36E-07	9.94E-01	6.82E-02	9.09E+00	4.35E-04	
1_762593_T_C	1.33E-02	3.69E-02	4.36E-01	-1.23E+01	1.57E+01	4.51E-02	
1_763989_G_A	3.33E-02	1.20E-04	6.76E-01	-4.02E+00	9.60E+00	2.42E-02	
1_764278_C_G	1.00E-02	4.49E-01	2.85E-01	1.57E+01	1.46E+01	6.20E-02	
1_765452_A_T	3.00E-02	7.47E-03	3.42E-01	1.72E+01	1.81E+01	5.50E-02	
1_765506_G_A	1.33E-02	6.76E-01	3.23E-01	-1.08E+01	1.09E+01	5.73E-02	
1_765679_A_C	1.00E-02	5.86E-02	9.86E-01	2.21E-01	1.28E+01	1.00E-03	
1_766110_T_A	5.10E-01	1.56E-27	7.65E-01	2.03E+00	6.79E+00	1.73E-02	
1_767973_A_T	1.00E-02	5.49E-01	9.58E-01	7.68E-01	1.44E+01	3.08E-03	
1_768325_A_T	1.67E-02	1.36E-02	5.70E-01	1.02E+01	1.80E+01	3.30E-02	
1_768593_G_A	2.63E-01	1.59E-16	1.58E-01	9.46E+00	6.69E+00	8.17E-02	
1_768879_T_A	5.13E-01	8.12E-30	4.51E-02	1.20E+01	5.95E+00	1.16E-01	
1_769197_A_T	3.67E-02	3.71E-03	2.54E-01	1.08E+01	9.41E+00	6.61E-02	
1_769231_C_G	4.40E-01	3.81E-25	4.93E-01	4.59E+00	6.70E+00	3.97E-02	
1_769743_C_A	4.00E-02	7.63E-01	4.78E-01	-1.36E+01	1.92E+01	4.11E-02	
1_770097_C_T	4.00E-02	7.63E-01	4.78E-01	-1.36E+01	1.92E+01	4.11E-02	
1_770565_G_T	4.00E-02	2.65E-01	2.89E-01	-8.61E+00	8.11E+00	6.15E-02	
1_771120_C_T	1.00E-02	3.46E-01	2.74E-01	-1.61E+01	1.47E+01	6.34E-02	
1_771644_C_T	2.67E-02	5.82E-01	9.59E-01	-5.08E-01	9.79E+00	3.01E-03	
1_772352_C_A	2.87E-01	4.43E-08	8.00E-01	1.80E+00	7.12E+00	1.47E-02	
1_772518_C_G	1.33E-02	3.69E-02	4.36E-01	-1.23E+01	1.57E+01	4.51E-02	
1_774345_A_G	1.37E-01	1.59E-01	6.28E-01	-4.91E+00	1.01E+01	2.81E-02	
1_774990_T_A	2.13E-01	6.07E-04	2.28E-01	5.28E+00	4.37E+00	6.98E-02	
1_775081_G_A	3.00E-02	7.47E-03	3.42E-01	1.72E+01	1.81E+01	5.50E-02	
1_775105_T_C	6.67E-02	8.97E-07	5.78E-01	4.99E+00	8.96E+00	3.22E-02	
1_776126_A_G	6.00E-02	4.51E-01	4.91E-01	-7.80E+00	1.13E+01	3.99E-02	
1_777667_T_C	9.77E-01	2.58E-01	4.91E-01	-5.94E+00	8.63E+00	3.99E-02	
1_778419_A_G	4.67E-02	2.53E-01	9.25E-01	1.05E+00	1.11E+01	5.49E-03	
1_780317_G_A	2.00E-02	8.51E-03	1.42E-01	-1.47E+01	9.96E+00	8.50E-02	
1_781334_G_T	7.00E-02	3.67E-06	5.60E-01	6.56E+00	1.12E+01	3.38E-02	
1_781379_G_C	3.67E-02	1.23E-03	9.99E-01	-1.90E-02	1.14E+01	9.65E-05	
1_781406_G_T	2.67E-02	1.48E-02	3.56E-01	1.33E+01	1.44E+01	5.35E-02	
1_781487_C_A	2.67E-02	1.48E-02	3.56E-01	1.33E+01	1.44E+01	5.35E-02	
1_781866_C_T	1.33E-02	3.69E-02	4.36E-01	-1.23E+01	1.57E+01	4.51E-02	
1_782130_C_T	3.43E-01	3.05E-15	2.73E-01	5.10E+00	4.65E+00	6.35E-02	
1_786546_A_G	3.17E-01	1.24E-04	7.54E-01	2.02E+00	6.43E+00	1.82E-02	
1_786576_G_C	1.33E-02	2.28E-01	4.35E-01	-1.42E+01	1.82E+01	4.52E-02	
1_786976_T_C	5.67E-02	5.49E-04	1.33E-01	1.37E+01	9.09E+00	8.69E-02	
1_787233_C_A	2.67E-02	1.27E-02	3.48E-01	1.35E+01	1.44E+01	5.44E-02	
1_788094_G_A	2.00E-02	1.27E-01	6.98E-01	-5.54E+00	1.42E+01	2.25E-02	
1_789173_G_T	1.80E-01	3.72E-14	1.44E-01	1.01E+01	6.86E+00	8.46E-02	
1_790931_T_C	5.67E-02	3.11E-04	2.79E-01	1.15E+01	1.06E+01	6.27E-02	
1_791194_T_C	1.00E-02	4.93E-03	3.00E-01	-1.31E+01	1.26E+01	6.01E-02	
1_792860_T_C	4.77E-01	3.29E-32	4.14E-02	2.54E+01	1.24E+01	1.18E-01	
1_792996_A_G	1.67E-02	1.36E-02	5.70E-01	1.02E+01	1.80E+01	3.30E-02	
1_793534_T_G	1.40E-01	2.07E-02	7.00E-01	3.12E+00	8.09E+00	2.24E-02	
1_795648_T_G	8.00E-02	6.72E-06	3.97E-01	7.24E+00	8.53E+00	4.91E-02	
1_796076_G_A	8.00E-02	2.28E-05	7.77E-01	-3.12E+00	1.10E+01	1.64E-02	
1_796137_T_C	4.67E-02	1.67E-02	7.38E-01	3.90E+00	1.17E+01	1.94E-02	
1_797067_A_G	2.00E-02	3.11E-02	2.60E-01	1.56E+01	1.38E+01	6.53E-02	
1_797519_G_A	1.00E-01	4.14E-01	6.14E-01	-3.58E+00	7.08E+00	2.93E-02	
1_798559_A_G	2.67E-02	1.41E-03	6.37E-01	-4.22E+00	8.92E+00	2.74E-02	
1_800147_C_G	3.33E-02	2.10E-04	1.77E-01	1.44E+01	1.06E+01	7.81E-02	
1_802592_G_T	4.67E-02	2.17E-06	3.17E-01	-8.42E+00	8.41E+00	5.79E-02	
1_805095_A_T	3.67E-02	3.58E-01	9.55E-01	6.66E-01	1.17E+01	3.30E-03	
1_805817_C_T	1.00E-02	3.58E-01	6.66E-01	-6.42E+00	1.48E+01	2.51E-02	
1_806271_T_A	2.07E-01	7.66E-01	2.58E-01	-6.77E+00	5.97E+00	6.55E-02	
1_807418_A_T	4.40E-01	7.30E-20	3.02E-01	5.89E+00	5.70E+00	5.98E-02	
1_809546_A_T	2.33E-02	1.41E-02	5.01E-01	6.71E+00	9.96E+00	3.90E-02	
1_811007_C_A	1.67E-02	2.90E-01	2.71E-01	1.24E+01	1.12E+01	6.38E-02	
1_811838_T_G	3.67E-02	3.50E-01	6.93E-01	4.30E+00	1.09E+01	2.29E-02	
1_812027_G_C	1.33E-02	3.69E-02	4.36E-01	-1.23E+01	1.57E+01	4.51E-02	
1_814557_G_A	3.80E-01	6.28E-12	2.79E-01	5.48E+00	5.06E+00	6.27E-02	
1_816691_C_G	1.67E-02	1.36E-02	5.70E-01	1.02E+01	1.80E+01	3.30E-02	
1_817993_C_A	1.33E-02	2.28E-01	4.35E-01	-1.42E+01	1.82E+01	4.52E-02	
1_819139_G_T	7.00E-02	4.91E-02	8.27E-01	3.09E+00	1.41E+01	1.27E-02	
1_819209_T_C	1.07E-01	8.99E-03	9.13E-01	-1.02E+00	9.27E+00	6.35E-03	
1_823570_A_C	1.17E-01	7.86E-04	3.99E-01	5.59E+00	6.62E+00	4.89E-02	
1_824357_C_A	4.73E-01	1.03E-14	5.83E-01	-2.80E+00	5.09E+00	3.18E-02	
1_826206_G_C	1.67E-02	4.43E-01	3.99E-01	-1.03E+01	1.22E+01	4.89E-02	
1_828681_G_T	1.03E-01	1.28E-09	2.29E-01	1.91E+01	1.59E+01	6.96E-02	
1_829061_G_A	4.67E-02	3.74E-01	8.84E-02	1.41E+01	8.23E+00	9.85E-02	
1_829189_T_A	4.67E-02	9.26E-01	7.18E-01	-4.68E+00	1.29E+01	2.10E-02	
1_830087_G_C	1.53E-01	1.00E-07	3.01E-01	9.88E+00	9.53E+00	5.99E-02	
1_830248_G_A	1.53E-01	6.21E-07	6.49E-01	4.35E+00	9.55E+00	2.64E-02	
1_830904_A_T	1.67E-02	1.36E-02	5.70E-01	1.02E+01	1.80E+01	3.30E-02	
1_831764_T_G	2.27E-01	9.74E-05	7.50E-01	-2.02E+00	6.33E+00	1.85E-02	
1_833547_T_G	1.03E-01	4.34E-03	3.89E-01	5.66E+00	6.57E+00	4.99E-02	
1_833616_G_C	1.33E-02	2.28E-01	4.35E-01	-1.42E+01	1.82E+01	4.52E-02	
1_833618_A_G	1.87E-01	6.25E-03	6.38E-01	-3.12E+00	6.63E+00	2.73E-02	
1_836211_G_T	7.33E-02	1.45E-01	3.27E-01	-9.59E+00	9.76E+00	5.68E-02	
1_836450_G_C	7.00E-02	4.91E-02	8.27E-01	3.09E+00	1.41E+01	1.27E-02	
1_836566_T_G	5.67E-02	5.05E-04	8.93E-02	-1.46E+01	8.58E+00	9.83E-02	
1_838916_A_T	4.00E-02	7.65E-01	7.14E-01	4.41E+00	1.20E+01	2.13E-02	
1_839400_T_A	2.00E-02	7.90E-04	4.15E-01	1.12E+01	1.38E+01	4.72E-02	
1_840647_A_C	3.33E-02	1.35E-02	9.32E-01	1.08E+00	1.27E+01	4.93E-03	
1_840979_C_T	1.00E-01	1.84E-09	1.60E-01	1.78E+01	1.26E+01	8.14E-02	
1_842764_G_A	4.00E-02	6.72E-01	4.71E-01	-8.75E+00	1.21E+01	4.18E-02	
1_845294_G_C	3.00E-02	6.22E-01	2.70E-01	9.59E+00	8.68E+00	6.39E-02	
1_845774_A_T	3.00E-02	7.47E-03	3.42E-01	1.72E+01	1.81E+01	5.50E-02	
1_847529_T_A	1.50E-01	1.03E-01	7.72E-02	-1.44E+01	8.12E+00	1.02E-01	
1_847530_A_G	2.53E-01	1.12E-18	2.55E-02	1.29E+01	5.75E+00	1.29E-01	
1_848104_T_A	4.00E-02	4.79E-05	5.96E-01	6.39E+00	1.20E+01	3.07E-02	
1_848637_G_C	2.77E-01	8.21E-13	4.46E-01	3.92E+00	5.13E+00	4.42E-02	
1_848648_A_G	2.67E-02	1.41E-03	6.37E-01	-4.22E+00	8.92E+00	2.74E-02	
1_848825_C_G	2.67E-02	1.27E-02	3.48E-01	1.35E+01	1.44E+01	5.44E-02	
1_850030_T_A	1.90E-01	1.24E-02	2.90E-01	-6.02E+00	5.68E+00	6.12E-02	
1_851342_G_C	1.33E-02	1.96E-01	9.29E-01	1.21E+00	1.35E+01	5.19E-03	
1_851506_C_T	7.67E-02	2.54E-02	5.05E-01	5.78E+00	8.64E+00	3.87E-02	
1_852471_T_G	4.00E-02	7.63E-01	4.78E-01	-1.36E+01	1.92E+01	4.11E-02	
1_852992_A_C	3.07E-01	6.87E-11	9.52E-01	4.94E-01	8.15E+00	3.51E-03	
1_856765_G_T	5.00E-02	1.53E-05	4.44E-01	6.68E+00	8.72E+00	4.43E-02	
1_857996_T_A	4.50E-01	5.50E-02	6.50E-01	2.22E+00	4.89E+00	2.63E-02	
1_859906_C_G	2.33E-02	9.47E-04	2.44E-01	1.82E+01	1.56E+01	6.75E-02	
1_863547_C_T	6.70E-01	3.60E-17	4.44E-01	-3.98E+00	5.20E+00	4.43E-02	
1_864387_G_A	2.67E-02	5.82E-01	9.59E-01	-5.08E-01	9.79E+00	3.01E-03	
1_864616_G_C	1.00E-02	4.23E-02	3.14E-01	-1.29E+01	1.28E+01	5.84E-02	
1_866857_T_C	2.00E-01	3.05E-09	1.68E-01	1.08E+01	7.79E+00	7.99E-02	
1_867710_C_G	4.33E-02	8.92E-02	9.42E-01	-8.06E-01	1.11E+01	4.19E-03	
1_867874_A_C	6.67E-02	9.08E-06	5.44E-01	7.27E+00	1.20E+01	3.51E-02	
1_868306_C_G	2.67E-02	7.41E-02	4.36E-01	-6.75E+00	8.66E+00	4.51E-02	
1_869500_G_C	3.00E-02	7.47E-03	3.42E-01	1.72E+01	1.81E+01	5.50E-02	
1_869598_C_T	1.53E-01	4.55E-03	4.18E-01	5.04E+00	6.22E+00	4.69E-02	
1_870659_G_C	9.00E-02	1.52E-02	9.06E-01	-1.19E+00	1.01E+01	6.86E-03	
1_871452_A_T	8.57E-01	5.96E-03	2.13E-01	7.03E+00	5.64E+00	7.20E-02	
1_872153_T_A	4.43E-01	1.03E-02	8.57E-01	8.48E-01	4.71E+00	1.04E-02	
1_872933_G_A	2.67E-02	1.93E-02	7.51E-01	4.54E+00	1.43E+01	1.84E-02	
1_875315_T_A	8.67E-02	7.64E-03	5.70E-01	6.86E+00	1.21E+01	3.29E-02	
1_878063_G_C	1.67E-02	1.36E-02	5.70E-01	1.02E+01	1.80E+01	3.30E-02	
1_879631_T_G	6.50E-01	1.80E-06	5.10E-01	-3.37E+00	5.11E+00	3.82E-02	
1_880258_C_A	3.67E-02	2.58E-01	3.07E-01	-8.56E+00	8.37E+00	5.92E-02	
1_881754_T_G	1.00E-01	2.47E-02	6.03E-01	3.66E+00	7.03E+00	3.01E-02	
1_881955_T_A	2.33E-02	9.47E-04	2.44E-01	1.82E+01	1.56E+01	6.75E-02	
1_882895_T_C	2.00E-02	1.27E-01	6.98E-01	-5.54E+00	1.42E+01	2.25E-02	
1_883350_T_A	1.67E-02	8.35E-02	3.48E-01	-1.40E+01	1.49E+01	5.43E-02	
1_884002_T_A	1.00E-02	2.69E-01	6.04E-01	-8.34E+00	1.61E+01	3.00E-02	
1_884885_T_G	1.67E-02	1.39E-02	6.69E-01	-6.01E+00	1.40E+01	2.48E-02	
1_885820_A_T	3.43E-01	5.70E-01	8.63E-01	8.27E-01	4.79E+00	9.99E-03	
1_885838_C_G	3.67E-02	3.50E-01	6.93E-01	4.30E+00	1.09E+01	2.29E-02	
1_885860_T_G	1.83E-01	7.92E-02	7.29E-01	-2.38E+00	6.85E+00	2.01E-02	
1_888984_G_T	4.67E-02	6.85E-03	9.50E-01	5.45E-01	8.61E+00	3.66E-03	
1_890275_A_T	1.33E-01	5.37E-01	2.62E-02	-1.59E+01	7.10E+00	1.28E-01	
1_890880_G_C	1.33E-02	2.28E-01	4.35E-01	-1.42E+01	1.82E+01	4.52E-02	
1_891404_G_T	8.33E-02	4.44E-01	2.05E-01	1.06E+01	8.37E+00	7.33E-02	
1_891486_C_G	1.67E-02	1.36E-02	5.70E-01	1.02E+01	1.80E+01	3.30E-02	
1_893459_G_T	8.33E-02	9.91E-08	2.59E-01	1.15E+01	1.02E+01	6.53E-02	
1_893738_A_C	1.20E-01	5.14E-10	2.01E-02	1.89E+01	8.07E+00	1.34E-01	
1_894778_G_C	1.67E-02	8.35E-02	3.48E-01	-1.40E+01	1.49E+01	5.43E-02	
1_895350_C_A	2.00E-02	3.46E-01	9.97E-02	1.73E+01	1.05E+01	9.52E-02	
1_895538_A_T	1.33E-02	2.28E-01	4.35E-01	-1.42E+01	1.82E+01	4.52E-02	
1_895638_G_A	3.00E-02	4.79E-03	1.88E-01	1.61E+01	1.22E+01	7.62E-02	
1_897090_G_T	2.33E-02	4.87E-02	4.98E-01	6.68E+00	9.85E+00	3.92E-02	
1_897405_C_T	3.67E-02	3.58E-01	9.55E-01	6.66E-01	1.17E+01	3.30E-03	
1_897604_A_G	4.50E-01	9.36E-20	1.25E-01	9.25E+00	6.02E+00	8.87E-02	
1_898239_G_T	4.67E-02	5.82E-07	2.02E-01	-1.29E+01	1.01E+01	7.38E-02	
1_900840_T_G	1.10E-01	4.62E-01	3.43E-01	-7.88E+00	8.29E+00	5.50E-02	
1_902535_C_T	1.33E-02	3.53E-01	8.07E-01	2.68E+00	1.10E+01	1.42E-02	
1_902595_T_G	9.87E-01	2.52E-01	7.47E-01	-3.72E+00	1.15E+01	1.87E-02	
1_903343_C_G	1.33E-02	3.95E-01	5.20E-01	7.57E+00	1.17E+01	3.73E-02	
1_905303_A_C	5.67E-01	5.98E-21	9.14E-01	5.93E-01	5.51E+00	6.23E-03	
1_905407_C_G	3.33E-02	1.28E-02	5.56E-01	5.66E+00	9.60E+00	3.41E-02	
1_905623_C_T	1.73E-01	4.79E-12	3.67E-01	6.49E+00	7.18E+00	5.23E-02	
1_907040_T_C	3.00E-02	7.47E-03	3.42E-01	1.72E+01	1.81E+01	5.50E-02	
1_907210_C_G	6.33E-02	6.04E-05	8.75E-01	-1.30E+00	8.29E+00	9.09E-03	
1_909658_A_C	3.60E-01	1.35E-07	6.82E-01	-2.23E+00	5.43E+00	2.38E-02	
1_911562_G_A	5.23E-01	5.03E-27	6.47E-01	3.59E+00	7.82E+00	2.66E-02	
1_914215_C_G	1.00E-02	2.69E-01	6.04E-01	-8.34E+00	1.61E+01	3.00E-02	
1_915064_C_G	1.27E-01	1.44E-10	9.60E-02	1.58E+01	9.45E+00	9.63E-02	
1_917132_G_A	1.00E-02	1.31E-01	9.74E-01	-3.93E-01	1.21E+01	1.89E-03	
1_917315_C_T	5.67E-02	2.00E-01	8.81E-01	1.53E+00	1.02E+01	8.71E-03	
1_918477_C_T	2.80E-01	7.23E-03	6.86E-01	2.21E+00	5.48E+00	2.34E-02	
1_919887_A_T	2.00E-02	2.45E-01	5.93E-01	5.24E+00	9.80E+00	3.09E-02	
1_921632_G_T	1.53E-01	5.92E-03	9.34E-01	5.67E-01	6.80E+00	4.83E-03	
1_922662_C_T	6.33E-02	3.00E-05	6.83E-01	5.32E+00	1.30E+01	2.37E-02	
1_922783_T_C	1.27E-01	2.16E-02	1.90E-01	1.08E+01	8.26E+00	7.59E-02	
1_924129_C_T	3.00E-02	7.47E-03	3.42E-01	1.72E+01	1.81E+01	5.50E-02	
1_924242_A_C	1.47E-01	4.61E-05	8.05E-01	-1.76E+00	7.09E+00	1.43E-02	
1_926372_T_C	6.33E-02	5.44E-03	7.07E-01	-2.99E+00	7.95E+00	2.18E-02	
1_926716_A_T	3.00E-02	1.38E-03	2.74E-01	1.14E+01	1.04E+01	6.33E-02	
1_928624_C_G	1.10E-01	3.48E-07	6.61E-01	-4.48E+00	1.02E+01	2.54E-02	
1_929455_A_G	7.33E-02	3.91E-05	4.80E-01	5.38E+00	7.62E+00	4.09E-02	
1_929750_G_C	6.00E-02	7.66E-01	3.98E-01	6.87E+00	8.11E+00	4.90E-02	
1_930253_A_C	3.13E-01	8.38E-06	6.88E-01	-3.00E+00	7.46E+00	2.33E-02	
1_931763_A_C	4.13E-01	1.50E-12	9.63E-01	-1.99E-01	4.30E+00	2.68E-03	
1_932139_G_T	4.07E-01	9.65E-11	2.70E-01	5.60E+00	5.07E+00	6.38E-02	
1_932574_C_G	1.00E-02	4.31E-01	1.12E-01	-2.08E+01	1.31E+01	9.18E-02	
1_932702_C_T	1.00E-01	7.20E-05	8.99E-01	1.07E+00	8.50E+00	7.32E-03	
1_933477_G_T	5.37E-01	5.92E-23	1.57E-01	6.92E+00	4.87E+00	8.20E-02	
1_934277_T_G	5.03E-01	7.53E-16	5.12E-01	3.14E+00	4.78E+00	3.80E-02	
1_935233_C_G	2.13E-01	9.93E-15	5.40E-01	3.62E+00	5.90E+00	3.55E-02	
1_935465_A_G	2.67E-02	2.66E-03	9.49E-01	5.79E-01	9.03E+00	3.72E-03	
1_939798_C_G	6.27E-01	4.79E-08	5.89E-01	3.07E+00	5.68E+00	3.13E-02	
1_941883_T_A	1.33E-02	2.28E-01	4.35E-01	-1.42E+01	1.82E+01	4.52E-02	
1_942021_G_T	8.33E-02	4.47E-07	7.28E-01	4.01E+00	1.15E+01	2.02E-02	
1_942580_T_G	2.00E-02	9.60E-01	6.69E-01	-5.40E+00	1.26E+01	2.48E-02	
1_945891_T_C	1.27E-01	2.92E-05	6.47E-01	3.67E+00	8.02E+00	2.65E-02	
1_946064_T_G	1.23E-01	9.93E-03	9.74E-01	2.19E-01	6.59E+00	1.92E-03	
1_948227_A_G	5.23E-01	6.52E-17	4.24E-01	4.24E+00	5.30E+00	4.63E-02	
1_948269_G_T	1.33E-02	3.69E-02	4.36E-01	-1.23E+01	1.57E+01	4.51E-02	
1_949028_G_C	6.33E-02	3.21E-04	9.66E-01	-3.48E-01	8.10E+00	2.48E-03	
1_949254_G_T	5.80E-01	9.08E-29	5.59E-02	1.08E+01	5.63E+00	1.10E-01	
1_949675_A_T	1.33E-02	2.06E-01	1.77E-01	-1.68E+01	1.24E+01	7.82E-02	
1_949933_A_G	8.67E-02	3.48E-09	1.79E-01	1.07E+01	7.92E+00	7.78E-02	
1_950364_G_C	1.03E-01	1.28E-09	2.29E-01	1.91E+01	1.59E+01	6.96E-02	
1_950985_T_A	5.67E-02	7.72E-01	2.23E-01	1.26E+01	1.03E+01	7.06E-02	
1_950992_T_C	7.20E-01	1.97E-21	3.00E-01	6.79E+00	6.54E+00	6.00E-02	
1_951717_G_A	1.00E-01	4.29E-09	4.35E-01	1.08E+01	1.38E+01	4.52E-02	
1_953525_C_A	1.00E-02	4.05E-01	1.10E-01	2.33E+01	1.45E+01	9.25E-02	
1_953835_A_G	6.00E-02	1.36E-01	6.06E-01	5.97E+00	1.16E+01	2.99E-02	
1_953978_C_G	3.33E-02	1.35E-02	9.32E-01	1.08E+00	1.27E+01	4.93E-03	
1_954404_G_A	4.67E-02	3.77E-02	6.47E-01	-4.01E+00	8.76E+00	2.65E-02	
1_955718_G_C	4.00E-02	7.63E-01	4.78E-01	-1.36E+01	1.92E+01	4.11E-02	
1_957058_T_G	3.67E-02	7.75E-04	8.26E-01	-1.80E+00	8.18E+00	1.28E-02	
1_957653_A_T	1.00E-02	3.77E-02	8.98E-01	1.78E+00	1.38E+01	7.45E-03	
1_959245_C_G	1.00E-02	1.45E-01	6.99E-01	4.94E+00	1.28E+01	2.24E-02	
1_961933_G_C	2.37E-01	1.31E-05	1.76E-01	6.51E+00	4.80E+00	7.83E-02	
1_963762_A_T	3.00E-02	9.71E-02	5.94E-01	4.98E+00	9.33E+00	3.09E-02	
1_964944_G_A	1.00E-02	3.43E-01	5.12E-01	-1.12E+01	1.71E+01	3.80E-02	
1_965013_A_T	4.00E-02	7.63E-01	4.78E-01	-1.36E+01	1.92E+01	4.11E-02	
1_965054_T_C	4.00E-02	7.63E-01	4.78E-01	-1.36E+01	1.92E+01	4.11E-02	
1_965179_A_T	1.47E-01	2.42E-14	1.04E-01	1.62E+01	9.93E+00	9.40E-02	
1_967273_A_C	3.00E-02	1.46E-02	9.92E-01	-1.08E-01	1.07E+01	5.85E-04	
1_967986_G_T	4.00E-02	7.63E-01	4.78E-01	-1.36E+01	1.92E+01	4.11E-02	
1_969559_T_A	2.03E-01	4.71E-01	1.23E-01	-1.01E+01	6.55E+00	8.93E-02	
1_970605_C_G	1.70E-01	2.60E-03	9.53E-01	3.99E-01	6.74E+00	3.43E-03	
1_972261_A_G	7.00E-02	2.54E-02	8.52E-01	-1.65E+00	8.88E+00	1.08E-02	
1_972595_T_C	3.00E-02	1.41E-02	6.26E-01	6.56E+00	1.35E+01	2.82E-02	
1_973437_C_A	4.00E-02	3.99E-01	4.57E-01	-7.51E+00	1.01E+01	4.31E-02	
1_974253_A_G	3.80E-01	1.61E-05	8.29E-01	9.62E-01	4.45E+00	1.25E-02	
1_974564_T_G	4.00E-02	9.62E-05	9.62E-02	1.87E+01	1.12E+01	9.62E-02	
1_975217_C_T	2.77E-01	1.01E-07	6.12E-01	2.90E+00	5.71E+00	2.94E-02	
1_975343_A_T	4.67E-02	4.79E-01	6.26E-01	6.11E+00	1.25E+01	2.83E-02	
1_976342_G_A	2.00E-02	2.73E-01	6.61E-02	-1.78E+01	9.66E+00	1.06E-01	
1_977060_C_A	3.00E-02	7.47E-03	3.42E-01	1.72E+01	1.81E+01	5.50E-02	
1_977362_A_T	8.67E-02	6.81E-05	8.88E-01	-1.06E+00	7.50E+00	8.15E-03	
1_978163_T_G	1.00E-02	8.59E-02	3.18E-01	1.57E+01	1.57E+01	5.78E-02	
1_979102_A_G	3.33E-02	1.17E-02	2.07E-01	1.69E+01	1.34E+01	7.30E-02	
1_981778_T_G	1.03E-01	1.28E-09	2.29E-01	1.91E+01	1.59E+01	6.96E-02	
1_987185_T_C	4.00E-02	7.63E-01	4.78E-01	-1.36E+01	1.92E+01	4.11E-02	
1_989425_G_C	3.00E-02	7.47E-03	3.42E-01	1.72E+01	1.81E+01	5.50E-02	
1_989771_A_G	2.77E-01	7.77E-06	8.47E-01	1.39E+00	7.17E+00	1.12E-02	
1_990825_A_C	3.00E-02	7.47E-03	3.42E-01	1.72E+01	1.81E+01	5.50E-02	
1_990904_A_G	4.00E-02	7.63E-01	4.78E-01	-1.36E+01	1.92E+01	4.11E-02	
1_991744_G_T	8.33E-02	6.76E-03	4.26E-01	7.11E+00	8.93E+00	4.61E-02	
1_991767_G_A	2.67E-02	1.27E-02	3.48E-01	1.35E+01	1.44E+01	5.44E-02	
1_992383_C_A	3.73E-01	7.16E-06	6.73E-01	2.58E+00	6.11E+00	2.45E-02	
1_996404_A_T	2.00E-02	1.27E-01	6.98E-01	-5.54E+00	1.42E+01	2.25E-02	
1_996592_T_C	1.77E-01	7.07E-06	6.73E-01	2.27E+00	5.36E+00	2.45E-02	
1_997119_A_T	3.33E-02	1.53E-02	4.34E-01	-8.38E+00	1.07E+01	4.54E-02	
1_998072_T_G	2.63E-01	5.69E-07	7.90E-01	-1.71E+00	6.38E+00	1.55E-02	
1_998311_A_G	3.13E-01	3.79E-04	9.42E-01	-4.11E-01	5.60E+00	4.25E-03	
1_998936_A_T	2.63E-01	1.58E-04	6.88E-01	2.52E+00	6.25E+00	2.33E-02	
1_999166_T_C	1.10E-01	8.58E-10	4.74E-01	-5.72E+00	7.97E+00	4.15E-02	
