sample_id	sample_id2	phensim
zero	zero	-26.0882
1	1	15.2644
2	2	41.1471
3	3	15.2642
4	4	-65.8154
5	5	-7.54753
6	6	-7.12165
7	7	28.8966
8	8	52.2328
9	9	9.19911
10	10	-0.210521
11	11	28.5332
12	12	-17.5472
13	13	1.77896
14	14	-30.763
15	15	-5.31659
16	16	-15.8739
17	17	22.1138
18	18	-2.70846
19	19	-30.2836
20	20	21.1257
21	21	7.78926
22	22	-2.00099
23	23	4.70951
24	24	32.8849
25	25	22.2536
26	26	4.24257
27	27	13.5575
28	28	-18.6093
29	29	-28.3937
30	30	-23.9072
31	31	-52.629
32	32	6.4233
33	33	-0.583406
34	34	-9.82593
35	35	-4.46745
36	36	9.16469
37	37	-2.75767
38	38	24.3872
39	39	-12.9716
40	40	16.9239
41	41	-36.7658
42	42	-19.2974
43	43	-20.3995
44	44	-35.5527
45	45	-25.5553
46	46	-32.249
47	47	10.3392
48	48	-4.67961
49	49	-11.8573
50	50	14.9426
51	51	-18.5755
52	52	-0.814656
53	53	47.4978
54	54	3.04531
55	55	-39.8513
56	56	-31.1355
57	57	39.4877
58	58	-8.23298
59	59	-72.9572
60	60	-29.6099
61	61	8.31637
62	62	-7.82328
63	63	-1.99154
64	64	-36.5022
65	65	-12.9815
66	66	4.28943
67	67	-1.52996
68	68	20.3659
69	69	55.5001
70	70	-29.3571
71	71	-16.3601
72	72	-11.5004
73	73	-26.7773
74	74	6.77155
75	75	11.7371
76	76	3.57519
77	77	-6.11603
78	78	31.066
79	79	3.96184
80	80	2.1516
81	81	14.6846
82	82	21.0988
83	83	-41.7149
84	84	-1.90611
85	85	-5.44623
86	86	10.724
87	87	5.30446
88	88	-37.1882
89	89	-0.296686
90	90	-39.491
91	91	-5.58917
92	92	22.4983
93	93	-35.6434
94	94	-8.79444
95	95	34.0583
96	96	22.6014
97	97	-5.74955
98	98	-30.4528
99	99	7.85339
100	100	18.5543
101	101	0.279611
102	102	-19.412
103	103	13.5011
104	104	-14.0863
105	105	2.27969
106	106	4.75331
107	107	14.5663
108	108	19.055
109	109	1.03158
110	110	33.012
111	111	8.60776
112	112	39.9193
113	113	27.5737
114	114	-6.95887
115	115	43.7944
116	116	5.04913
117	117	4.52166
118	118	21.7733
119	119	-17.8739
120	120	-0.770549
121	121	-35.1121
122	122	36.8125
123	123	13.9247
124	124	-19.2362
125	125	15.7128
126	126	2.25454
127	127	11.7958
128	128	-9.62273
129	129	29.3504
130	130	11.6872
131	131	-16.0669
132	132	5.60431
133	133	-9.78201
134	134	-5.69363
135	135	-3.50614
136	136	-13.5038
137	137	10.2963
138	138	17.2702
139	139	14.2529
140	140	-38.7026
141	141	-6.17624
142	142	-11.7005
143	143	8.9944
144	144	14.5406
145	145	2.85606
146	146	-29.9484
147	147	63.2816
148	148	32.1451
149	149	16.0237
150	150	41.5972
151	151	-20.7361
152	152	23.1956
153	153	-8.49804
154	154	15.9787
155	155	0.0385564
156	156	19.0842
157	157	19.3753
158	158	-5.66832
159	159	25.0212
160	160	9.75681
161	161	-15.9866
162	162	-19.0876
163	163	26.7672
164	164	36.095
165	165	45.3427
166	166	50.1122
167	167	-12.427
168	168	1.74894
169	169	-20.8736
170	170	10.7574
171	171	30.865
172	172	-9.25964
173	173	9.15957
174	174	67.3994
175	175	7.53428
176	176	78.5788
177	177	-18.0412
178	178	-43.5677
179	179	-0.328827
180	180	23.9834
181	181	37.1556
182	182	-16.1767
183	183	5.2085
184	184	20.4689
185	185	3.28891
186	186	35.4303
187	187	-47.2519
188	188	10.3221
189	189	-2.45617
190	190	-25.0179
191	191	36.358
192	192	6.2388
193	193	7.48153
194	194	-9.5123
195	195	9.88342
196	196	4.05845
197	197	2.25151
198	198	-22.7564
199	199	-24.4257
200	200	-11.7631
201	201	33.3715
202	202	13.4216
203	203	-24.7791
204	204	-3.10752
205	205	0.368256
206	206	-0.175477
207	207	17.285
208	208	-16.8655
209	209	29.8445
210	210	16.8287
211	211	1.69991
212	212	26.2708
213	213	-1.19397
214	214	35.5969
215	215	19.5915
216	216	-20.1984
217	217	13.2529
218	218	36.1346
219	219	0.115644
220	220	-18.4405
221	221	-22.947
222	222	-16.9324
223	223	2.39487
224	224	5.42498
225	225	14.5555
226	226	24.7336
227	227	7.93907
228	228	-0.725618
229	229	-30.8032
230	230	-31.7532
231	231	60.4358
232	232	-17.996
233	233	10.7698
234	234	30.0493
235	235	9.74554
236	236	54.3342
237	237	20.072
238	238	-5.83726
239	239	10.086
240	240	23.3675
241	241	-1.63145
242	242	-27.6817
243	243	18.682
244	244	4.29058
245	245	-30.1055
246	246	17.7982
247	247	-35.0671
248	248	-1.54632
249	249	19.066
250	250	29.3689
251	251	-24.2286
252	252	8.53893
253	253	5.07239
254	254	-2.50587
255	255	1.99092
256	256	-3.65633
257	257	0.452903
258	258	-4.17982
259	259	-29.4529
260	260	-12.7322
261	261	-6.66227
262	262	5.714
263	263	-28.4433
264	264	-34.4861
265	265	-9.47258
266	266	-32.3766
267	267	65.6415
268	268	23.8055
269	269	4.22584
270	270	0.545377
271	271	12.6066
272	272	12.725
273	273	2.83413
274	274	-24.4084
275	275	6.47347
276	276	11.5676
277	277	10.4427
278	278	-28.6775
279	279	22.0765
280	280	58.1147
281	281	45.2301
282	282	-34.3302
283	283	-41.2187
284	284	-0.0532305
285	285	-6.08647
286	286	6.87162
287	287	-24.4525
288	288	-33.0632
289	289	-4.82854
290	290	1.93773
291	291	10.2436
292	292	5.08378
293	293	10.8762
294	294	9.5136
295	295	-17.9494
296	296	5.40948
297	297	19.9552
298	298	3.91844
299	299	21.054
300	300	40.7855
301	301	-48.6314
302	302	-20.6246
303	303	0.478359
304	304	-7.5488
305	305	3.50948
306	306	-26.541
307	307	-1.02774
308	308	32.2159
309	309	-23.2157
310	310	-31.408
311	311	21.6325
312	312	-26.8442
313	313	-46.7502
314	314	18.8885
315	315	21.3916
316	316	-21.4209
317	317	19.0329
318	318	-6.91086
319	319	-8.02488
320	320	-21.9302
321	321	9.87409
322	322	6.5599
323	323	-0.855541
324	324	3.2501
325	325	24.2581
326	326	2.45644
327	327	3.8893
328	328	-12.8611
329	329	5.56905
330	330	57.8809
331	331	-23.4155
332	332	33.8379
333	333	8.84073
334	334	-22.2152
335	335	0.259709
336	336	-15.4272
337	337	-6.30373
338	338	1.1333
339	339	37.187
340	340	-14.2445
341	341	41.5652
342	342	-35.7447
343	343	2.87886
344	344	-25.7105
345	345	9.8548
346	346	-20.3921
347	347	34.9225
348	348	35.5926
349	349	-26.5216
350	350	17.8067
351	351	-1.85457
352	352	-9.20268
353	353	6.84977
354	354	-34.0412
355	355	-0.655727
356	356	19.2197
357	357	-2.76749
358	358	33.1403
359	359	8.05232
360	360	-13.083
361	361	5.47653
362	362	1.74624
363	363	-16.7227
364	364	-1.36851
365	365	-3.91626
366	366	-4.03156
367	367	-7.15904
368	368	10.0673
369	369	15.3959
370	370	-18.1892
371	371	-29.4016
372	372	-24.3547
373	373	-8.62012
374	374	21.0442
375	375	-49.0445
376	376	-11.223
377	377	-4.38221
378	378	4.62143
379	379	-24.4009
380	380	2.02461
381	381	9.01818
382	382	-23.9038
383	383	16.6199
384	384	31.9974
385	385	-23.7496
386	386	-0.0373049
387	387	3.69384
388	388	-26.7927
389	389	-19.2566
390	390	3.35376
391	391	-38.4054
392	392	-8.61004
393	393	-10.7667
394	394	-15.8314
395	395	12.8965
396	396	-0.181369
397	397	-24.1602
398	398	13.9977
399	399	-37.6326
400	400	-17.1482
401	401	23.1715
402	402	53.9527
403	403	11.0122
404	404	17.8264
405	405	-6.88073
406	406	-1.53024
407	407	1.79085
408	408	13.1576
409	409	11.5688
410	410	10.3237
411	411	4.96278
412	412	-16.3787
413	413	-6.9246
414	414	-22.4248
415	415	-6.81443
416	416	-37.0711
417	417	-5.71257
418	418	9.71141
419	419	49.3032
420	420	28.8854
421	421	-43.6651
422	422	11.7123
423	423	36.6393
424	424	10.7263
425	425	-39.4925
426	426	38.0958
427	427	43.9445
428	428	30.0433
429	429	6.68072
430	430	-8.52756
431	431	-15.5055
432	432	8.98068
433	433	-7.19314
434	434	-14.549
435	435	0.577777
436	436	-7.16819
437	437	-12.1859
438	438	-13.2376
439	439	-0.985542
440	440	32.6041
441	441	17.7121
442	442	-2.7849
443	443	-39.2658
444	444	-32.5419
445	445	1.46446
446	446	20.3214
447	447	31.8171
448	448	3.6626
449	449	40.4888
450	450	57.5061
451	451	4.02119
452	452	24.9307
453	453	-33.9693
454	454	18.924
455	455	-19.2661
456	456	5.5176
457	457	21.6378
458	458	39.4848
459	459	-6.46033
460	460	3.91101
461	461	15.3739
462	462	8.11303
463	463	24.8451
464	464	-33.6905
465	465	-16.2073
466	466	60.5509
467	467	-11.8053
468	468	19.0347
469	469	-9.89108
470	470	1.2179
471	471	-16.7565
472	472	-29.6857
473	473	16.561
474	474	15.325
475	475	2.30197
476	476	-20.3619
477	477	-3.34725
478	478	-17.2711
479	479	-16.4591
480	480	-3.65492
481	481	13.9692
482	482	-19.3121
483	483	-5.70958
484	484	46.0989
485	485	-27.8412
486	486	-17.9302
487	487	-2.32134
488	488	-12.7788
489	489	35.3406
490	490	2.95951
491	491	7.68557
492	492	30.2061
493	493	-11.0335
494	494	-43.9927
495	495	-14.7289
496	496	-3.29074
497	497	-21.0961
498	498	11.3844
499	499	-28.2735
500	500	-21.076
501	501	-13.7689
502	502	20.1951
503	503	3.75358
504	504	13.5338
505	505	40.3697
506	506	-51.0288
507	507	-8.03398
508	508	-14.9527
509	509	1.15002
510	510	-33.4023
511	511	-20.8636
512	512	6.76601
513	513	-29.1266
514	514	-10.0676
515	515	-0.0062656
516	516	-5.24851
517	517	-9.25552
518	518	-0.86327
519	519	-14.4242
520	520	31.5602
521	521	38.1101
522	522	20.9603
523	523	-20.4317
524	524	-19.2536
525	525	44.4821
526	526	16.7935
527	527	26.0031
528	528	-20.4062
529	529	-43.9593
530	530	17.8247
531	531	-16.2455
532	532	-19.0068
533	533	23.7782
534	534	-34.9959
535	535	-11.373
536	536	-2.55767
537	537	-36.0171
538	538	-1.06023
539	539	-8.08354
540	540	40.1632
541	541	-41.3993
542	542	-10.0934
543	543	-3.79581
544	544	12.7288
545	545	7.08148
546	546	40.2153
547	547	-45.4368
548	548	1.86862
549	549	-7.86137
550	550	-11.4874
551	551	-9.00831
552	552	11.3509
553	553	-24.1303
554	554	-14.6698
555	555	14.1203
556	556	-13.7232
557	557	-43.3623
558	558	-10.7331
559	559	31.3851
560	560	-29.3121
561	561	-11.0697
562	562	-46.0098
563	563	-49.8628
564	564	-17.8436
565	565	7.5643
566	566	-48.4638
567	567	-2.0634
568	568	7.29379
569	569	1.02785
570	570	44.2429
571	571	-11.7967
572	572	54.3299
573	573	-11.4601
574	574	9.48172
575	575	-24.0739
576	576	-12.5129
577	577	19.2046
578	578	14.3669
579	579	32.9175
580	580	-3.61945
581	581	8.83553
582	582	7.50173
583	583	16.2265
584	584	16.7209
585	585	-52.0613
586	586	-59.9768
587	587	32.9759
588	588	-12.6354
589	589	-11.9325
590	590	-7.97043
591	591	8.41202
592	592	-17.1867
593	593	11.447
594	594	31.0465
595	595	14.6614
596	596	52.4439
597	597	-10.7961
598	598	41.4058
599	599	-4.22264
600	600	-4.60792
601	601	-20.6743
602	602	-26.2248
603	603	17.5729
604	604	2.34247
605	605	0.165667
606	606	-2.27083
607	607	4.51997
608	608	5.38269
609	609	14.8341
610	610	-18.2455
611	611	-27.1437
612	612	-23.3939
613	613	-11.5472
614	614	-4.1763
615	615	-1.07425
616	616	-30.7561
617	617	-8.10668
618	618	4.09294
619	619	46.7267
620	620	-40.909
621	621	-22.9713
622	622	-23.6168
623	623	25.8603
624	624	-30.1155
625	625	-36.0502
626	626	-8.66257
627	627	-14.4036
628	628	-22.3599
629	629	-32.3533
630	630	1.69896
631	631	-23.5645
632	632	-30.7423
633	633	11.8338
634	634	-2.26368
635	635	12.4904
636	636	-3.38516
637	637	-9.44553
638	638	-2.18135
639	639	54.5943
640	640	-9.68752
641	641	-21.0454
642	642	-2.49384
643	643	-11.9552
644	644	7.69637
645	645	19.7021
646	646	-36.2054
647	647	-8.81296
648	648	10.046
649	649	-24.1065
650	650	-24.4977
651	651	-11.1229
652	652	-5.29065
653	653	-12.3132
654	654	4.22311
655	655	31.5815
656	656	-9.41715
657	657	17.0715
658	658	45.5815
659	659	-7.99937
660	660	-9.27351
661	661	57.528
662	662	7.27672
663	663	17.5731
664	664	-1.63451
665	665	-3.978
666	666	-5.79736
667	667	0.432892
668	668	-7.95639
669	669	-11.8748
670	670	-35.8579
671	671	4.5099
672	672	1.62299
673	673	-4.99512
674	674	-5.13933
675	675	-7.08008
676	676	8.37328
677	677	-4.81487
678	678	-17.0202
679	679	-2.96894
680	680	-42.7065
681	681	-3.30178
682	682	13.1743
683	683	10.284
684	684	-16.4996
685	685	-0.0586834
686	686	-39.5431
687	687	24.1593
688	688	1.10894
689	689	-34.8576
690	690	-9.8138
691	691	-31.0853
692	692	11.5155
693	693	16.4277
694	694	-35.6908
695	695	-18.7795
696	696	-3.08211
697	697	34.2048
698	698	-46.993
699	699	-27.7291
700	700	36.0788
701	701	31.6086
702	702	-10.2923
703	703	33.7253
704	704	11.079
705	705	-4.22298
706	706	17.1261
707	707	17.057
708	708	-6.08838
709	709	-18.5553
710	710	-9.34856
711	711	25.0423
712	712	-20.3863
713	713	-4.09991
714	714	32.6744
715	715	23.4192
716	716	8.14041
717	717	-10.9213
718	718	15.5979
719	719	-32.4014
720	720	56.2087
721	721	-13.3154
722	722	-9.67926
723	723	-16.9154
724	724	27.8218
725	725	-2.28526
726	726	39.0234
727	727	35.1958
728	728	46.7206
729	729	-9.28701
730	730	-22.2847
731	731	22.5118
732	732	-2.04932
733	733	-34.9518
734	734	2.21835
735	735	-28.4775
736	736	34.1593
737	737	40.9032
738	738	-7.96762
739	739	27.9922
740	740	17.4421
741	741	-33.8363
742	742	-16.7011
743	743	-19.2432
744	744	-49.756
745	745	7.08986
746	746	-17.7384
747	747	-55.4039
748	748	11.2551
749	749	-18.7253
750	750	4.2588
751	751	-45.9935
752	752	-8.86135
753	753	7.79976
754	754	5.41877
755	755	-2.4259
756	756	-38.2896
757	757	-43.0922
758	758	1.67563
759	759	7.82705
760	760	-11.8606
761	761	-17.9813
762	762	45.4361
763	763	-12.0442
764	764	-32.3303
765	765	-10.7335
766	766	23.8617
767	767	-49.0734
768	768	-4.55203
769	769	13.6013
770	770	-6.22106
771	771	-21.2694
772	772	-9.85022
773	773	42.3924
774	774	16.8941
775	775	-22.4631
776	776	6.46797
777	777	-2.45139
778	778	-29.5081
779	779	13.5462
780	780	8.2747
781	781	35.1376
782	782	27.0319
783	783	2.46517
784	784	-23.8525
785	785	-29.8807
786	786	35.8714
787	787	28.413
788	788	39.3051
789	789	28.7394
790	790	-46.6897
791	791	47.343
792	792	4.02401
793	793	-30.8943
794	794	1.7898
795	795	39.311
796	796	-6.33368
797	797	-20.1718
798	798	0.0401255
799	799	-27.0496
800	800	13.8859
801	801	21.488
802	802	-11.6757
803	803	43.4119
804	804	1.94725
805	805	15.5891
806	806	13.261
807	807	1.69564
808	808	0.336241
809	809	-17.6767
810	810	-36.6917
811	811	-27.6793
812	812	-18.7325
813	813	-15.0143
814	814	71.3636
815	815	14.4165
816	816	8.10893
817	817	2.84288
818	818	-5.55795
819	819	-51.9609
820	820	-39.1937
821	821	-18.9642
822	822	0.783569
823	823	-39.0578
824	824	-20.0636
825	825	5.06717
826	826	-4.64804
827	827	-6.51069
828	828	-13.7435
829	829	0.161584
830	830	41.7247
831	831	-36.5428
832	832	32.8732
833	833	25.1504
834	834	45.4287
835	835	20.6229
836	836	-19.1844
837	837	6.02924
838	838	7.73253
839	839	2.73697
840	840	-61.2506
841	841	-13.7885
842	842	27.9833
843	843	-7.69502
844	844	14.4774
845	845	44.7781
846	846	32.4938
847	847	1.16437
848	848	4.86512
849	849	-22.6375
850	850	-24.1813
851	851	1.45149
852	852	29.1471
853	853	8.91443
854	854	12.2394
855	855	36.3304
856	856	16.1015
857	857	-10.4648
858	858	20.0405
859	859	-20.4613
860	860	15.0084
861	861	8.99741
862	862	-4.23419
863	863	-16.1258
864	864	-39.3595
865	865	-29.0275
866	866	-32.8262
867	867	-8.70514
868	868	-20.9003
869	869	1.50489
870	870	17.4586
871	871	36.2716
872	872	-3.57473
873	873	-11.0992
874	874	-13.1255
875	875	-54.6153
876	876	13.9041
877	877	-26.0298
878	878	-4.1724
879	879	4.19829
880	880	7.33805
881	881	-17.951
882	882	15.7605
883	883	-45.3963
884	884	-17.7014
885	885	-4.89711
886	886	29.9019
887	887	-23.6894
888	888	-35.5866
889	889	-37.6682
890	890	-17.8808
891	891	9.94067
892	892	-30.7389
893	893	-3.94183
894	894	27.4889
895	895	-48.7691
896	896	15.7843
897	897	12.0732
898	898	47.3774
899	899	11.1864
900	900	-3.03014
901	901	-24.8178
902	902	6.66796
903	903	18.6415
904	904	0.808186
905	905	-32.9352
906	906	-39.5513
907	907	-1.29479
908	908	6.30275
909	909	-6.24643
910	910	61.2834
911	911	-22.128
912	912	-20.9467
913	913	-23.5581
914	914	-4.21059
915	915	1.21302
916	916	-1.30263
917	917	-5.91983
918	918	16.4098
919	919	77.0716
920	920	51.7347
921	921	15.1425
922	922	-11.8434
923	923	-23.2603
924	924	-5.11591
925	925	-44.1432
926	926	-50.0991
927	927	-39.1837
928	928	14.9494
929	929	35.3942
930	930	1.20274
931	931	-16.1344
932	932	-1.97717
933	933	-22.5997
934	934	32.1444
935	935	26.0665
936	936	29.9754
937	937	7.71991
938	938	35.4299
939	939	9.11509
940	940	-3.52945
941	941	-13.5456
942	942	-0.508809
943	943	3.90094
944	944	0.201958
945	945	-6.46555
946	946	28.4215
947	947	10.4732
948	948	6.91878
949	949	4.95787
950	950	-13.9136
951	951	-11.0066
952	952	-24.384
953	953	-19.6664
954	954	-32.9994
955	955	-9.60746
956	956	16.1494
957	957	-13.23
958	958	-15.2623
959	959	38.0583
960	960	-2.35459
961	961	-7.14489
962	962	-12.7237
963	963	35.8102
964	964	-6.7994
965	965	11.6762
966	966	-15.038
967	967	-34.5765
968	968	-3.87202
969	969	-44.0006
970	970	-25.2581
971	971	-4.99986
972	972	9.01448
973	973	-12.8508
974	974	25.9087
975	975	-2.14521
976	976	-18.6017
977	977	-14.7673
978	978	24.9398
979	979	-19.1274
980	980	-4.27645
981	981	6.88044
982	982	-2.53668
983	983	36.3669
984	984	21.9031
985	985	-24.5784
986	986	39.6339
987	987	-0.346465
988	988	2.21557
989	989	10.3752
990	990	-24.4802
991	991	-8.84574
992	992	16.4521
993	993	-24.6045
994	994	41.8748
995	995	27.3334
996	996	14.146
997	997	7.55421
998	998	-5.74927
999	999	4.771
1000	1000	6.33345
1001	1001	-5.42161
1002	1002	-28.9417
1003	1003	-8.53165
1004	1004	-12.4535
1005	1005	39.9624
1006	1006	-9.69933
1007	1007	-30.7335
1008	1008	-32.353
1009	1009	40.2673
1010	1010	-11.999
1011	1011	-26.6686
1012	1012	-42.836
1013	1013	-19.9765
1014	1014	-1.47521
1015	1015	33.9573
1016	1016	-21.0009
1017	1017	-4.38211
1018	1018	-0.640542
1019	1019	14.5929
1020	1020	26.5825
1021	1021	-0.554076
1022	1022	-2.3054
1023	1023	32.1633
1024	1024	-8.95741
1025	1025	1.02175
1026	1026	60.5743
1027	1027	-1.83886
1028	1028	1.45332
1029	1029	16.3789
1030	1030	41.1232
1031	1031	2.39392
1032	1032	-1.0994
1033	1033	-2.24432
1034	1034	7.76457
1035	1035	14.4064
1036	1036	6.87516
1037	1037	13.0691
1038	1038	-38.2999
1039	1039	9.6915
1040	1040	-21.7795
1041	1041	-7.25623
1042	1042	29.1557
1043	1043	7.6598
1044	1044	-40.7259
1045	1045	-26.741
1046	1046	-28.5299
1047	1047	12.7771
1048	1048	7.06407
1049	1049	-4.26886
1050	1050	28.0582
1051	1051	10.9792
1052	1052	19.5027
1053	1053	-3.13604
1054	1054	-43.0276
1055	1055	-0.527459
1056	1056	-0.350039
1057	1057	11.7393
1058	1058	-26.6533
1059	1059	-36.9388
1060	1060	-6.39607
1061	1061	16.6989
1062	1062	16.328
1063	1063	-19.9384
1064	1064	5.41456
1065	1065	-12.7787
1066	1066	-1.8009
1067	1067	-19.3464
1068	1068	6.9572
1069	1069	-2.85253
1070	1070	35.6516
1071	1071	-29.4498
1072	1072	12.9778
1073	1073	34.0953
1074	1074	-38.0741
1075	1075	37.9069
1076	1076	-13.2966
1077	1077	10.8544
1078	1078	4.23126
1079	1079	-23.1735
1080	1080	10.7291
1081	1081	0.00687954
1082	1082	-20.5941
1083	1083	45.9714
1084	1084	-16.1229
1085	1085	-18.0491
1086	1086	22.4897
1087	1087	-7.89688
1088	1088	39.9255
1089	1089	-6.51022
1090	1090	2.49289
1091	1091	-19.8969
1092	1092	33.5311
1093	1093	-6.10618
1094	1094	61.5388
1095	1095	-5.54038
1096	1096	9.35405
1097	1097	-3.69932
1098	1098	-8.83626
1099	1099	17.6394
1100	1100	30.3565
1101	1101	2.44695
1102	1102	-22.8981
1103	1103	15.7484
1104	1104	16.9027
1105	1105	0.575766
1106	1106	-14.9623
1107	1107	16.6385
1108	1108	1.79183
1109	1109	32.6179
1110	1110	-14.623
1111	1111	-17.948
1112	1112	61.7726
1113	1113	17.8999
1114	1114	41.9861
1115	1115	-1.34131
1116	1116	-10.749
1117	1117	1.53191
1118	1118	9.00637
1119	1119	-55.2223
1120	1120	-12.1188
1121	1121	-8.50271
1122	1122	42.502
1123	1123	-27.0778
1124	1124	4.01266
1125	1125	-16.9651
1126	1126	5.38289
1127	1127	50.8487
1128	1128	20.6416
1129	1129	-42.6164
1130	1130	1.40851
1131	1131	8.66645
1132	1132	-39.1288
1133	1133	-29.8531
1134	1134	4.69367
1135	1135	2.20672
1136	1136	-13.6058
1137	1137	6.6805
1138	1138	18.4677
1139	1139	-7.59854
1140	1140	-30.4857
1141	1141	21.9079
1142	1142	21.2964
1143	1143	-18.0871
1144	1144	-14.8218
1145	1145	-3.74361
1146	1146	-30.2157
1147	1147	39.1517
1148	1148	13.2637
1149	1149	-11.4168
1150	1150	-33.6619
1151	1151	-11.6138
1152	1152	-30.9626
1153	1153	-4.61545
1154	1154	10.672
1155	1155	31.2127
1156	1156	-10.6357
1157	1157	-48.9284
1158	1158	6.7971
1159	1159	0.950883
1160	1160	31.8506
1161	1161	15.2647
1162	1162	10.8945
1163	1163	6.26416
1164	1164	-24.3184
1165	1165	33.3973
1166	1166	21.1185
1167	1167	-5.79085
1168	1168	0.0429304
1169	1169	20.9419
1170	1170	-34.8483
1171	1171	-39.8532
1172	1172	-17.4974
1173	1173	-25.9718
1174	1174	4.62087
1175	1175	4.00925
1176	1176	22.1416
1177	1177	-4.20781
1178	1178	54.3892
1179	1179	15.0648
1180	1180	25.6941
1181	1181	21.1521
1182	1182	-11.1232
1183	1183	7.52677
1184	1184	-42.5875
1185	1185	7.5302
1186	1186	-4.70608
1187	1187	-35.7138
1188	1188	15.005
1189	1189	-27.6074
1190	1190	7.14128
1191	1191	-9.88363
1192	1192	-26.6275
1193	1193	-35.9684
1194	1194	-31.5838
1195	1195	22.1402
1196	1196	-56.3226
1197	1197	-11.992
1198	1198	-23.1619
1199	1199	-5.88581
1200	1200	-41.5287
1201	1201	16.1841
1202	1202	11.6908
1203	1203	11.6212
1204	1204	-18.2375
1205	1205	-15.0776
1206	1206	44.5742
1207	1207	30.1591
1208	1208	-17.1278
1209	1209	3.0943
1210	1210	7.35348
1211	1211	-7.76399
1212	1212	-14.5385
1213	1213	-19.0231
1214	1214	41.2685
1215	1215	-36.0981
1216	1216	18.6496
1217	1217	-22.3987
1218	1218	-13.3796
1219	1219	-4.35443
1220	1220	31.6526
1221	1221	9.66852
1222	1222	-21.4456
1223	1223	13.8195
1224	1224	-17.303
1225	1225	55.5626
1226	1226	15.9285
1227	1227	-3.44063
1228	1228	28.4118
1229	1229	21.9224
1230	1230	-15.2411
1231	1231	12.2285
1232	1232	-17.2408
1233	1233	22.5844
1234	1234	-22.9174
1235	1235	-25.706
1236	1236	10.6739
1237	1237	-1.23493
1238	1238	-17.5546
1239	1239	6.75783
1240	1240	-21.9474
1241	1241	-4.86329
1242	1242	-18.0965
1243	1243	-23.1319
1244	1244	-19.867
1245	1245	-14.4262
1246	1246	-6.48221
1247	1247	-1.51884
1248	1248	-8.90155
1249	1249	-30.2052
1250	1250	0.337172
1251	1251	-39.5222
1252	1252	39.412
1253	1253	-11.0242
1254	1254	-4.54426
1255	1255	-20.1664
1256	1256	-15.9493
1257	1257	78.6854
1258	1258	1.91312
1259	1259	-17.248
1260	1260	29.3146
1261	1261	-2.90615
1262	1262	11.0741
1263	1263	3.89505
1264	1264	-7.9251
1265	1265	10.434
1266	1266	-7.83975
1267	1267	-34.5345
1268	1268	-1.16812
1269	1269	18.3195
1270	1270	-54.0839
1271	1271	-30.3381
1272	1272	0.421921
1273	1273	-11.9858
1274	1274	29.7755
1275	1275	-5.84799
1276	1276	9.86734
1277	1277	-49.4133
1278	1278	-13.4076
1279	1279	-22.3585
1280	1280	-9.13107
1281	1281	17.2963
1282	1282	24.1256
1283	1283	5.23818
1284	1284	-2.94643
1285	1285	14.6313
1286	1286	-16.3918
1287	1287	-1.1099
1288	1288	31.2876
1289	1289	8.87935
1290	1290	-3.38305
1291	1291	16.9886
1292	1292	22.4815
1293	1293	18.9127
1294	1294	-3.93863
1295	1295	-34.7317
1296	1296	1.38518
1297	1297	-1.92531
1298	1298	13.7754
1299	1299	-10.8879
1300	1300	-36.9099
1301	1301	-35.4254
1302	1302	6.72005
1303	1303	-22.5269
1304	1304	24.3248
1305	1305	6.94624
1306	1306	-6.03532
1307	1307	-23.7258
1308	1308	-26.4694
1309	1309	-24.7024
1310	1310	0.866053
1311	1311	13.9807
1312	1312	26.7291
1313	1313	3.88174
1314	1314	4.23004
1315	1315	-9.60063
1316	1316	-12.6301
1317	1317	-26.299
1318	1318	-13.7072
1319	1319	-18.879
1320	1320	0.749492
1321	1321	56.9276
1322	1322	23.6587
1323	1323	-12.4633
1324	1324	-20.5287
1325	1325	58.7414
1326	1326	-2.95861
1327	1327	-3.97376
1328	1328	-6.78022
1329	1329	-26.3745
1330	1330	12.8135
1331	1331	-0.911287
1332	1332	-17.9427
1333	1333	13.3032
1334	1334	4.34862
1335	1335	-29.0817
1336	1336	4.88009
1337	1337	-6.44465
1338	1338	17.3171
1339	1339	-2.37498
1340	1340	13.5365
1341	1341	11.9954
1342	1342	-8.25668
1343	1343	3.09857
1344	1344	-32.1379
1345	1345	-6.19623
1346	1346	9.91392
1347	1347	3.74879
1348	1348	-4.97658
1349	1349	9.83616
1350	1350	-2.98144
1351	1351	11.9114
1352	1352	4.95522
1353	1353	7.20183
1354	1354	13.6196
1355	1355	-9.16461
1356	1356	8.48424
1357	1357	-19.6012
1358	1358	8.24168
1359	1359	-50.3523
1360	1360	-30.5432
1361	1361	-20.0055
1362	1362	-18.463
1363	1363	23.9791
1364	1364	12.657
1365	1365	9.94237
1366	1366	38.5017
1367	1367	-24.2889
1368	1368	-6.48752
1369	1369	-13.8447
1370	1370	19.523
1371	1371	28.6034
1372	1372	20.4998
1373	1373	8.90828
1374	1374	-11.4886
1375	1375	5.5217
1376	1376	15.4474
1377	1377	0.785736
1378	1378	-4.26113
1379	1379	-17.4132
1380	1380	6.41665
1381	1381	30.7827
1382	1382	-0.83963
1383	1383	47.6376
1384	1384	-24.4885
1385	1385	-16.468
1386	1386	-0.78805
1387	1387	19.3721
1388	1388	18.9913
1389	1389	12.8451
1390	1390	-17.0129
1391	1391	-5.30771
1392	1392	-11.9151
1393	1393	-1.88437
1394	1394	-0.286652
1395	1395	0.146321
1396	1396	-43.1249
1397	1397	-5.80041
1398	1398	-30.9585
1399	1399	-22.5973
1400	1400	-4.90966
1401	1401	-26.7987
1402	1402	8.28091
1403	1403	-14.8802
1404	1404	-4.90778
1405	1405	-13.8714
1406	1406	-6.83117
1407	1407	-20.6232
1408	1408	-3.31622
1409	1409	-41.1019
1410	1410	0.101232
1411	1411	20.7492
1412	1412	-5.31206
1413	1413	12.7594
1414	1414	-27.6401
1415	1415	14.2474
1416	1416	-50.3146
1417	1417	-26.9005
1418	1418	9.99485
1419	1419	-10.1536
1420	1420	-1.83958
1421	1421	18.3022
1422	1422	43.3065
1423	1423	16.9582
1424	1424	15.5017
1425	1425	19.6386
1426	1426	-3.3024
1427	1427	-6.14777
1428	1428	42.6634
1429	1429	-42.609
1430	1430	3.09566
1431	1431	-37.31
1432	1432	-1.17364
1433	1433	-26.2544
1434	1434	-25.7206
1435	1435	-0.176364
1436	1436	-0.701337
1437	1437	-1.08398
1438	1438	15.003
1439	1439	45.8518
1440	1440	-17.4594
1441	1441	-20.0795
1442	1442	-20.4653
1443	1443	-17.4768
1444	1444	-9.5212
1445	1445	-12.0673
1446	1446	-27.3134
1447	1447	-8.51881
1448	1448	-7.74459
1449	1449	-0.856355
1450	1450	-46.2322
1451	1451	10.8007
1452	1452	-14.1208
1453	1453	40.114
1454	1454	6.19538
1455	1455	18.7811
1456	1456	-44.1965
1457	1457	52.6622
1458	1458	-1.39055
1459	1459	-0.938365
1460	1460	27.5988
1461	1461	-15.2856
1462	1462	-43.1795
1463	1463	8.46856
1464	1464	-21.3366
1465	1465	29.5325
1466	1466	-11.7724
1467	1467	16.0062
1468	1468	0.579071
1469	1469	8.56621
1470	1470	15.9208
1471	1471	28.0973
1472	1472	31.7324
1473	1473	-1.91787
1474	1474	53.4671
1475	1475	-4.41927
1476	1476	6.8183
1477	1477	-5.29519
1478	1478	2.14591
1479	1479	16.6635
1480	1480	-23.6482
1481	1481	1.10238
1482	1482	12.8392
1483	1483	2.03515
1484	1484	-19.0678
1485	1485	-43.2834
1486	1486	17.3582
1487	1487	-18.587
1488	1488	-6.65028
1489	1489	24.6306
1490	1490	6.52083
1491	1491	-16.1831
1492	1492	-15.3691
1493	1493	37.2158
1494	1494	-15.9963
1495	1495	-16.2483
1496	1496	12.5161
1497	1497	18.0492
1498	1498	9.35249
1499	1499	51.6827
1500	1500	10.2387
1501	1501	7.87963
1502	1502	20.857
1503	1503	-11.2078
1504	1504	5.07535
1505	1505	-34.551
1506	1506	13.4333
1507	1507	-15.516
1508	1508	-2.79305
1509	1509	48.5579
1510	1510	-24.1822
1511	1511	-11.7728
1512	1512	3.94597
1513	1513	39.124
1514	1514	3.82789
1515	1515	-18.8181
1516	1516	25.2207
1517	1517	13.9828
1518	1518	3.14193
1519	1519	18.7419
1520	1520	-19.7101
1521	1521	13.3505
1522	1522	3.78939
1523	1523	-15.239
1524	1524	22.7307
1525	1525	-17.4504
1526	1526	-7.83336
1527	1527	-21.3596
1528	1528	21.9718
1529	1529	43.1659
1530	1530	11.0893
1531	1531	-0.300078
1532	1532	24.511
1533	1533	27.2641
1534	1534	8.08495
1535	1535	28.5296
1536	1536	5.79545
1537	1537	34.8384
1538	1538	60.0743
1539	1539	9.7701
1540	1540	-12.8139
1541	1541	40.8968
1542	1542	21.3206
1543	1543	-25.4111
1544	1544	12.1883
1545	1545	21.2344
1546	1546	-28.8658
1547	1547	28.3998
1548	1548	30.5093
1549	1549	-16.521
1550	1550	27.8089
1551	1551	13.7254
1552	1552	-11.1244
1553	1553	-7.71271
1554	1554	-10.7196
1555	1555	-6.16816
1556	1556	7.74052
1557	1557	-33.8342
1558	1558	-24.8725
1559	1559	26.4814
1560	1560	-38.3566
1561	1561	13.675
1562	1562	-22.9161
1563	1563	16.1564
1564	1564	13.3596
1565	1565	23.8034
1566	1566	37.2829
1567	1567	-10.055
1568	1568	38.0284
1569	1569	4.93305
1570	1570	23.213
1571	1571	3.82743
1572	1572	-34.8765
1573	1573	-17.5845
1574	1574	-12.5448
1575	1575	-9.8223
1576	1576	2.93541
1577	1577	14.8111
1578	1578	-19.4706
1579	1579	-12.1862
1580	1580	-29.9944
1581	1581	-23.3899
1582	1582	-29.7154
1583	1583	4.29577
1584	1584	16.3246
1585	1585	-11.9448
1586	1586	-19.8996
1587	1587	-7.51157
1588	1588	-14.4938
1589	1589	-58.9315
1590	1590	-23.2812
1591	1591	-4.62227
1592	1592	21.8202
1593	1593	23.0694
1594	1594	-31.8045
1595	1595	50.9506
1596	1596	-28.5696
1597	1597	6.20216
1598	1598	24.049
1599	1599	-13.1417
1600	1600	10.5517
1601	1601	60.9479
1602	1602	7.38333
1603	1603	14.4358
1604	1604	-10.6126
1605	1605	-48.4812
1606	1606	-5.37687
1607	1607	-32.5529
1608	1608	-20.233
1609	1609	-0.819499
1610	1610	3.52583
1611	1611	-15.1269
1612	1612	20.4009
1613	1613	10.1138
1614	1614	-4.26651
1615	1615	12.4608
1616	1616	-14.197
1617	1617	8.41393
1618	1618	-38.0745
1619	1619	-20.2673
1620	1620	-41.5561
1621	1621	-31.2518
1622	1622	7.5153
1623	1623	-53.4996
1624	1624	-0.224549
1625	1625	14.1559
1626	1626	-17.2292
1627	1627	14.5848
1628	1628	-18.0055
1629	1629	10.5266
1630	1630	-19.3875
1631	1631	-20.1001
1632	1632	-11.4237
1633	1633	-21.0704
1634	1634	-27.2014
1635	1635	40.4934
1636	1636	-26.3201
1637	1637	21.8202
1638	1638	-5.58583
1639	1639	-23.3933
1640	1640	15.9287
1641	1641	-6.36696
1642	1642	-3.44294
1643	1643	58.9414
1644	1644	-23.703
1645	1645	21.6569
1646	1646	1.36773
1647	1647	22.5982
1648	1648	-1.42216
1649	1649	-0.744438
1650	1650	-8.88919
1651	1651	-9.50369
1652	1652	-26.9797
1653	1653	19.8864
1654	1654	-10.9831
1655	1655	-16.8152
1656	1656	19.5915
1657	1657	1.12198
1658	1658	-13.5635
1659	1659	5.31151
1660	1660	-0.624492
1661	1661	43.9797
1662	1662	10.6221
1663	1663	-13.5714
1664	1664	9.94896
1665	1665	-23.6725
1666	1666	-9.97305
1667	1667	59.8571
1668	1668	6.48383
1669	1669	-3.8512
1670	1670	30.9057
1671	1671	-6.61606
1672	1672	-8.26287
1673	1673	46.0316
1674	1674	-17.2973
1675	1675	-38.0285
1676	1676	-21.0957
1677	1677	-42.6222
1678	1678	-24.1814
1679	1679	1.59392
1680	1680	-0.85026
1681	1681	-1.11752
1682	1682	-9.85739
1683	1683	8.19234
1684	1684	12.5608
1685	1685	20.1746
1686	1686	-21.9217
1687	1687	-8.05275
1688	1688	-34.7756
1689	1689	-23.3326
1690	1690	-27.8678
1691	1691	-33.0898
1692	1692	-36.2612
1693	1693	-25.9746
1694	1694	-20.1151
1695	1695	21.4008
1696	1696	12.1131
1697	1697	-38.9272
1698	1698	8.99214
1699	1699	-1.15838
1700	1700	-38.8738
1701	1701	17.5387
1702	1702	-7.78945
1703	1703	1.07147
1704	1704	-23.8823
1705	1705	14.4575
1706	1706	24.6933
1707	1707	-18.6548
1708	1708	13.8906
1709	1709	6.47627
1710	1710	-21.9657
1711	1711	-40.1859
1712	1712	-13.902
1713	1713	30.8128
1714	1714	-8.24052
1715	1715	1.28253
1716	1716	22.5779
1717	1717	-4.97282
1718	1718	36.9792
1719	1719	-8.76672
1720	1720	15.8834
1721	1721	-3.51868
1722	1722	2.31402
1723	1723	-4.92251
1724	1724	-5.943
1725	1725	-10.427
1726	1726	30.7148
1727	1727	-3.75651
1728	1728	-6.47282
1729	1729	18.6956
1730	1730	-13.6524
1731	1731	-14.2487
1732	1732	19.7523
1733	1733	29.2487
1734	1734	-4.92981
1735	1735	-21.2293
1736	1736	-8.46711
1737	1737	-19.1272
1738	1738	-8.75427
1739	1739	-7.96592
1740	1740	26.0645
1741	1741	-40.6117
1742	1742	-17.7766
1743	1743	-22.1731
1744	1744	-2.74657
1745	1745	3.15869
1746	1746	4.96684
1747	1747	-33.6115
1748	1748	46.1666
1749	1749	-7.73265
1750	1750	1.82257
1751	1751	53.1118
1752	1752	11.7576
1753	1753	0.423838
1754	1754	-22.8336
1755	1755	-5.54845
1756	1756	-14.6455
1757	1757	-10.6438
1758	1758	-45.0017
1759	1759	-12.4433
1760	1760	-41.9616
1761	1761	15.6468
1762	1762	-11.6308
1763	1763	-26.4578
1764	1764	15.7157
1765	1765	-3.07202
1766	1766	-12.5984
1767	1767	6.17715
1768	1768	28.9425
1769	1769	6.00558
1770	1770	-28.4335
1771	1771	-28.5101
1772	1772	21.2739
1773	1773	-2.14885
1774	1774	-25.6718
1775	1775	-31.3324
1776	1776	1.44442
1777	1777	38.4113
1778	1778	3.59736
1779	1779	15.7092
1780	1780	11.2353
1781	1781	11.7335
1782	1782	20.5789
1783	1783	-25.8755
1784	1784	47.1878
1785	1785	-29.5701
1786	1786	-29.6878
1787	1787	40.555
1788	1788	-7.66919
1789	1789	53.951
1790	1790	2.52691
1791	1791	49.3553
1792	1792	11.0791
1793	1793	28.1412
1794	1794	-27.3558
1795	1795	11.0422
1796	1796	-26.0892
1797	1797	4.74739
1798	1798	13.907
1799	1799	-40.6767
1800	1800	-20.1387
1801	1801	-57.4228
1802	1802	-40.849
1803	1803	38.4796
1804	1804	21.2654
1805	1805	-38.3757
1806	1806	11.5477
1807	1807	-9.51008
1808	1808	-5.52843
1809	1809	-9.77037
1810	1810	12.0898
1811	1811	6.49934
1812	1812	-20.0936
1813	1813	42.5315
1814	1814	-22.2729
1815	1815	-23.5079
1816	1816	-9.83079
1817	1817	36.2659
1818	1818	8.30733
1819	1819	-44.8892
1820	1820	-3.8276
1821	1821	0.479549
1822	1822	9.85531
1823	1823	-40.138
1824	1824	-9.09212
1825	1825	22.0694
1826	1826	-31.2273
1827	1827	-11.374
1828	1828	0.296957
1829	1829	26.4626
1830	1830	35.1884
1831	1831	7.57866
1832	1832	-17.2759
1833	1833	-37.7424
1834	1834	-5.54192
1835	1835	62.7977
1836	1836	-27.9595
1837	1837	29.645
1838	1838	27.2284
1839	1839	-4.93615
1840	1840	14.1536
1841	1841	26.1703
1842	1842	21.1674
1843	1843	-5.68361
1844	1844	-9.84452
1845	1845	-22.5761
1846	1846	18.7372
1847	1847	-28.9773
1848	1848	15.0521
1849	1849	-40.5887
1850	1850	21.2188
1851	1851	-40.7594
1852	1852	-8.44069
1853	1853	-4.17014
1854	1854	36.2664
1855	1855	3.08572
1856	1856	22.0631
1857	1857	-26.1638
1858	1858	-10.2388
1859	1859	13.6638
1860	1860	23.2206
1861	1861	41.4349
1862	1862	-7.166
1863	1863	-15.2172
1864	1864	-9.10926
1865	1865	-36.1303
1866	1866	-10.7323
1867	1867	-5.22659
1868	1868	-20.3753
1869	1869	-31.3853
1870	1870	19.3679
1871	1871	-9.21331
1872	1872	-1.57921
1873	1873	-18.5494
1874	1874	23.0983
1875	1875	27.5941
1876	1876	-23.921
1877	1877	-9.60233
1878	1878	-19.2581
1879	1879	-25.666
1880	1880	-6.87394
1881	1881	69.3577
1882	1882	-10.1822
1883	1883	-1.63945
1884	1884	-27.6905
1885	1885	15.1214
1886	1886	-0.42305
1887	1887	-8.17908
1888	1888	-8.9202
1889	1889	-10.6489
1890	1890	59.603
1891	1891	44.7294
1892	1892	-0.693204
1893	1893	7.01632
1894	1894	-15.5511
1895	1895	-12.8603
1896	1896	31.3975
1897	1897	-25.2868
1898	1898	-43.2615
1899	1899	-2.92667
1900	1900	-14.0181
1901	1901	-19.3105
1902	1902	-31.0761
1903	1903	-8.94658
1904	1904	-10.1971
1905	1905	7.96859
1906	1906	-9.72378
1907	1907	19.6213
1908	1908	-11.4875
1909	1909	18.1266
1910	1910	8.90165
1911	1911	7.6799
1912	1912	32.2092
1913	1913	-20.8406
1914	1914	-10.2858
1915	1915	-34.4298
1916	1916	7.86398
1917	1917	16.5224
1918	1918	-32.6018
1919	1919	-18.1419
1920	1920	29.1079
1921	1921	6.26175
1922	1922	0.300373
1923	1923	18.6323
1924	1924	12.3816
1925	1925	7.50875
1926	1926	19.3124
1927	1927	36.4246
1928	1928	12.4139
1929	1929	34.6059
1930	1930	-10.5822
1931	1931	18.0363
1932	1932	9.92967
1933	1933	-11.1322
1934	1934	45.6445
1935	1935	-20.2584
1936	1936	61.7237
1937	1937	-2.09956
1938	1938	56.9853
1939	1939	65.8316
1940	1940	-23.0562
1941	1941	-24.1178
1942	1942	-5.6019
1943	1943	-5.66635
1944	1944	14.5733
1945	1945	38.579
1946	1946	-15.9291
1947	1947	40.2364
1948	1948	24.0059
1949	1949	38.4606
1950	1950	-3.1987
1951	1951	9.95292
1952	1952	0.00508611
1953	1953	-22.4604
1954	1954	6.13614
1955	1955	9.03462
1956	1956	-5.19061
1957	1957	10.1384
1958	1958	35.0158
1959	1959	-4.87068
1960	1960	-38.113
1961	1961	12.4379
1962	1962	7.77417
1963	1963	5.62263
1964	1964	-17.0351
1965	1965	-37.7238
1966	1966	-36.3015
1967	1967	-12.5357
1968	1968	-17.585
1969	1969	-8.88648
1970	1970	0.731997
1971	1971	-16.8361
1972	1972	-36.0407
1973	1973	-4.81426
1974	1974	14.2807
1975	1975	-42.6265
1976	1976	-8.25212
1977	1977	-5.2234
1978	1978	-42.5401
1979	1979	27.5001
1980	1980	-12.7692
1981	1981	32.6183
1982	1982	-24.3326
1983	1983	-2.16873
1984	1984	14.5078
1985	1985	6.55803
1986	1986	18.0721
1987	1987	26.7904
1988	1988	-29.3069
1989	1989	-3.634
1990	1990	27.5353
1991	1991	2.14058
1992	1992	-0.89621
1993	1993	11.8818
1994	1994	0.773927
1995	1995	-10.873
1996	1996	-33.3826
1997	1997	6.32938
1998	1998	-9.64301
1999	1999	22.6908
2000	2000	18.4501
2001	2001	27.7384
2002	2002	55.1008
2003	2003	-8.86735
2004	2004	22.0048
2005	2005	10.0237
2006	2006	-11.2435
2007	2007	-16.5307
2008	2008	-31.0892
2009	2009	-22.466
2010	2010	-10.3138
2011	2011	1.77689
2012	2012	3.55308
2013	2013	25.1651
2014	2014	-5.01971
2015	2015	-8.69233
2016	2016	3.29914
2017	2017	4.48118
2018	2018	-70.9348
2019	2019	3.52467
2020	2020	-8.24014
2021	2021	5.36113
2022	2022	-9.98099
2023	2023	-19.8679
2024	2024	13.0605
2025	2025	43.1843
2026	2026	-6.64055
2027	2027	39.6787
2028	2028	-30.7039
2029	2029	-6.7553
2030	2030	22.5514
2031	2031	-25.3441
2032	2032	-15.971
2033	2033	-11.9492
2034	2034	0.458973
2035	2035	-3.29566
2036	2036	14.6671
2037	2037	-54.7405
2038	2038	-27.2368
2039	2039	-10.1166
2040	2040	26.7419
2041	2041	19.1872
2042	2042	18.5894
2043	2043	29.3914
2044	2044	-13.1984
2045	2045	-0.0599371
2046	2046	37.0953
2047	2047	34.8054
2048	2048	22.98
2049	2049	28.5521
2050	2050	-6.27173
2051	2051	13.3979
2052	2052	-9.6672
2053	2053	-15.3601
2054	2054	2.52872
2055	2055	20.304
2056	2056	10.1381
2057	2057	33.7155
2058	2058	26.7631
2059	2059	34.6062
2060	2060	-6.49778
2061	2061	19.6742
2062	2062	-18.1155
2063	2063	62.4506
2064	2064	20.0178
2065	2065	20.2932
2066	2066	15.0453
2067	2067	-16.1889
2068	2068	-24.1609
2069	2069	-7.25798
2070	2070	14.3574
2071	2071	-3.9743
2072	2072	-33.0889
2073	2073	32.2394
2074	2074	44.7313
2075	2075	-5.85181
2076	2076	26.255
2077	2077	50.7917
2078	2078	-14.3054
2079	2079	32.8802
2080	2080	13.2636
2081	2081	34.2
2082	2082	-5.40657
2083	2083	-21.1995
2084	2084	-29.3316
2085	2085	-89.4769
2086	2086	-4.68741
2087	2087	13.9175
2088	2088	32.1412
2089	2089	33.1071
2090	2090	-29.8565
2091	2091	-17.4222
2092	2092	-36.9814
2093	2093	12.1805
2094	2094	18.4979
2095	2095	21.6521
2096	2096	-15.0157
2097	2097	-6.63777
2098	2098	61.4772
2099	2099	-4.71143
2100	2100	2.0598
2101	2101	28.9998
2102	2102	19.1522
2103	2103	-13.0423
2104	2104	-10.7606
2105	2105	-5.02109
2106	2106	-18.3858
2107	2107	38.8874
2108	2108	34.6947
2109	2109	-1.52616
2110	2110	-1.93312
2111	2111	-2.4624
2112	2112	0.204165
2113	2113	-17.858
2114	2114	6.85031
2115	2115	59.8593
2116	2116	17.8336
2117	2117	-3.82998
2118	2118	3.01451
2119	2119	21.0978
2120	2120	10.4306
2121	2121	38.3998
2122	2122	6.25908
2123	2123	6.89097
2124	2124	-7.67422
2125	2125	13.4334
2126	2126	16.6932
2127	2127	15.1587
2128	2128	-33.3261
2129	2129	-13.4656
2130	2130	39.1399
2131	2131	5.48325
2132	2132	8.5071
2133	2133	-16.6262
2134	2134	-2.27813
2135	2135	15.0457
2136	2136	-8.01869
2137	2137	9.00399
2138	2138	-7.12244
2139	2139	-27.1002
2140	2140	-20.958
2141	2141	13.695
2142	2142	-0.722147
2143	2143	-38.118
2144	2144	0.578953
2145	2145	-4.36765
2146	2146	-48.136
2147	2147	15.1521
2148	2148	-9.78413
2149	2149	9.0091
2150	2150	-5.85878
2151	2151	-1.63493
2152	2152	15.5265
2153	2153	-34.0987
2154	2154	-8.41729
2155	2155	19.5553
2156	2156	-4.62415
2157	2157	11.9702
2158	2158	35.0331
2159	2159	-13.6637
2160	2160	-9.15941
2161	2161	1.76143
2162	2162	37.6285
2163	2163	5.28295
2164	2164	-37.8219
2165	2165	27.3534
2166	2166	-42.8991
2167	2167	23.6953
2168	2168	-5.86702
2169	2169	11.6102
2170	2170	11.5097
2171	2171	-24.2778
2172	2172	45.8765
2173	2173	-6.26783
2174	2174	22.1799
2175	2175	23.8702
2176	2176	-67.4377
2177	2177	10.5567
2178	2178	-1.43648
2179	2179	4.93438
2180	2180	-22.8748
2181	2181	6.59347
2182	2182	6.13353
2183	2183	-23.9461
2184	2184	-23.6526
2185	2185	-18.5654
2186	2186	25.1149
2187	2187	8.0688
2188	2188	20.7395
2189	2189	50.0287
2190	2190	21.1216
2191	2191	-23.968
2192	2192	-5.4809
2193	2193	-2.44527
2194	2194	-16.0881
2195	2195	2.32369
2196	2196	24.5875
2197	2197	-13.0294
2198	2198	59.6883
2199	2199	4.77139
2200	2200	4.79265
2201	2201	-17.9534
2202	2202	37.4584
2203	2203	2.12717
2204	2204	-16.4802
2205	2205	22.9597
2206	2206	36.4065
2207	2207	-17.7384
2208	2208	-26.6156
2209	2209	9.99176
2210	2210	-11.5046
2211	2211	20.4408
2212	2212	-21.0725
2213	2213	-1.78785
2214	2214	-18.0265
2215	2215	-18.313
2216	2216	20.9859
2217	2217	42.8124
2218	2218	-5.7147
2219	2219	-18.7169
2220	2220	13.3634
2221	2221	38.368
2222	2222	8.50766
2223	2223	-18.9308
2224	2224	-1.98373
2225	2225	-5.20533
2226	2226	18.6937
2227	2227	11.9645
2228	2228	14.6926
2229	2229	12.783
2230	2230	-3.37201
2231	2231	28.7873
2232	2232	-26.2932
2233	2233	-2.40923
2234	2234	-2.91181
2235	2235	-11.6776
2236	2236	5.18718
2237	2237	-23.1026
2238	2238	-12.1083
2239	2239	-9.0275
2240	2240	-22.7194
2241	2241	-9.96792
2242	2242	-36.1737
2243	2243	-42.8311
2244	2244	1.76564
2245	2245	-34.8879
2246	2246	14.4884
2247	2247	-8.82975
2248	2248	-8.52055
2249	2249	-15.4763
2250	2250	-51.0356
2251	2251	9.75272
2252	2252	40.3045
2253	2253	9.5081
2254	2254	36.3808
2255	2255	12.6595
2256	2256	4.39276
2257	2257	-24.0076
2258	2258	-12.6259
2259	2259	15.5033
2260	2260	-9.68675
2261	2261	45.6064
2262	2262	36.8493
2263	2263	8.04184
2264	2264	8.00327
2265	2265	-16.747
2266	2266	-8.45719
2267	2267	15.164
2268	2268	20.408
2269	2269	2.86206
2270	2270	-6.90743
2271	2271	-14.5018
2272	2272	-6.96064
2273	2273	4.42915
2274	2274	-31.2161
2275	2275	41.8104
2276	2276	-22.4325
2277	2277	35.7204
2278	2278	-1.5519
2279	2279	4.57688
2280	2280	27.7229
2281	2281	13.951
2282	2282	25.4463
2283	2283	14.593
2284	2284	-27.3644
2285	2285	18.8912
2286	2286	13.8907
2287	2287	42.9209
2288	2288	-12.3808
2289	2289	29.6057
2290	2290	17.5531
2291	2291	1.89469
2292	2292	6.61544
2293	2293	-19.9297
2294	2294	14.7523
2295	2295	18.8931
2296	2296	-6.77376
2297	2297	5.88214
2298	2298	-33.3294
2299	2299	32.3047
2300	2300	15.0047
2301	2301	-31.1638
2302	2302	23.6743
2303	2303	-26.2544
2304	2304	-0.307605
2305	2305	23.4174
2306	2306	-15.6799
2307	2307	-54.7696
2308	2308	-1.06744
2309	2309	1.68884
2310	2310	17.6449
2311	2311	-13.6286
2312	2312	-40.3706
2313	2313	-24.4619
2314	2314	4.60038
2315	2315	-6.20938
2316	2316	21.9418
2317	2317	-25.6139
2318	2318	10.9009
2319	2319	-8.01746
2320	2320	24.7089
2321	2321	-44.4756
2322	2322	-1.504
2323	2323	0.505369
2324	2324	-39.5941
2325	2325	-14.1804
2326	2326	-10.7795
2327	2327	38.6958
2328	2328	-18.5623
2329	2329	11.815
2330	2330	-29.6376
2331	2331	-24.2446
2332	2332	-33.8375
2333	2333	12.9652
2334	2334	-34.1022
2335	2335	-1.57871
2336	2336	-26.6824
2337	2337	27.5107
2338	2338	2.97495
2339	2339	-37.4462
2340	2340	20.0795
2341	2341	-3.02099
2342	2342	-29.713
2343	2343	8.24044
2344	2344	-43.5526
2345	2345	16.5915
2346	2346	-8.91281
2347	2347	-20.6748
2348	2348	23.7023
2349	2349	-24.9013
2350	2350	-19.2151
2351	2351	-6.22328
2352	2352	25.0748
2353	2353	-1.17168
2354	2354	18.1031
2355	2355	2.50247
2356	2356	-46.6163
2357	2357	-8.47088
2358	2358	-2.4704
2359	2359	-18.1471
2360	2360	23.5955
2361	2361	14.0699
2362	2362	8.61601
2363	2363	15.3247
2364	2364	17.9896
2365	2365	24.4367
2366	2366	-11.0227
2367	2367	-17.3189
2368	2368	20.0523
2369	2369	66.2461
2370	2370	28.2726
2371	2371	4.02276
2372	2372	23.5211
2373	2373	12.1273
2374	2374	-31.6327
2375	2375	-13.7082
2376	2376	21.1466
2377	2377	9.80511
2378	2378	19.8008
2379	2379	17.3375
2380	2380	12.1188
2381	2381	-34.8917
2382	2382	15.8174
2383	2383	22.0022
2384	2384	-17.2533
2385	2385	18.1383
2386	2386	6.33826
2387	2387	-4.39735
2388	2388	27.6807
2389	2389	26.8823
2390	2390	10.3506
2391	2391	14.5655
2392	2392	17.5638
2393	2393	-40.8069
2394	2394	-6.42821
2395	2395	20.3885
2396	2396	-7.95888
2397	2397	-21.7005
2398	2398	21.9699
2399	2399	7.97356
2400	2400	11.2152
2401	2401	-13.7161
2402	2402	-4.4127
2403	2403	0.371208
2404	2404	-8.11715
2405	2405	-26.755
2406	2406	-28.9546
2407	2407	60.9059
2408	2408	-32.2493
2409	2409	-1.44999
2410	2410	23.3291
2411	2411	-13.7649
2412	2412	14.278
2413	2413	48.4989
2414	2414	24.7836
2415	2415	-5.92629
2416	2416	11.0582
2417	2417	28.7992
2418	2418	-22.2921
2419	2419	-5.67187
2420	2420	26.2143
2421	2421	-13.2224
2422	2422	28.2863
2423	2423	-3.91433
2424	2424	-4.72526
2425	2425	-26.8104
2426	2426	-1.76735
2427	2427	-10.0139
2428	2428	3.67014
2429	2429	43.8866
2430	2430	-5.16649
2431	2431	-16.5647
2432	2432	-21.7438
2433	2433	-0.838442
2434	2434	-18.6161
2435	2435	-40.228
2436	2436	-21.6519
2437	2437	30.5495
2438	2438	15.2153
2439	2439	-3.9741
2440	2440	19.3325
2441	2441	79.0782
2442	2442	-20.1088
2443	2443	16.3422
2444	2444	84.2434
2445	2445	1.90751
2446	2446	12.2351
2447	2447	-20.0712
2448	2448	-6.41544
2449	2449	-29.6802
2450	2450	29.7137
2451	2451	10.5385
2452	2452	-18.1541
2453	2453	-32.7188
2454	2454	-21.6775
2455	2455	7.96481
2456	2456	-12.3438
2457	2457	-27.8792
2458	2458	-7.88415
2459	2459	2.22511
2460	2460	-3.28193
2461	2461	-4.39747
2462	2462	17.2825
2463	2463	-28.4667
2464	2464	3.03088
2465	2465	63.333
2466	2466	21.4432
2467	2467	57.8466
2468	2468	-39.0554
2469	2469	3.24345
2470	2470	-43.3824
2471	2471	28.5566
2472	2472	-3.78879
2473	2473	37.1777
2474	2474	3.11611
2475	2475	39.4181
2476	2476	5.15401
2477	2477	5.35111
2478	2478	1.34627
2479	2479	22.8691
2480	2480	24.2179
2481	2481	45.2722
2482	2482	-22.5112
2483	2483	-23.5539
2484	2484	14.6007
2485	2485	10.6994
2486	2486	-31.5775
2487	2487	-16.4291
2488	2488	-7.99853
2489	2489	13.6209
2490	2490	-35.9324
2491	2491	8.10937
2492	2492	-11.8657
2493	2493	-13.0333
2494	2494	-9.25768
2495	2495	7.18254
2496	2496	-27.3546
2497	2497	7.21367
2498	2498	-24.4832
2499	2499	-6.56584
2500	2500	5.69016
2501	2501	-1.99686
2502	2502	6.30233
2503	2503	-18.905
2504	2504	4.5937
2505	2505	3.99511
2506	2506	-49.061
2507	2507	-19.525
2508	2508	-9.02741
2509	2509	4.0468
2510	2510	18.0844
2511	2511	25.1879
2512	2512	-45.8834
2513	2513	3.87965
2514	2514	-35.762
2515	2515	46.4936
2516	2516	4.90623
2517	2517	22.0328
2518	2518	-17.8809
2519	2519	1.8681
2520	2520	-20.6161
2521	2521	49.995
2522	2522	9.09262
2523	2523	-29.3003
2524	2524	-28.3618
2525	2525	16.4585
2526	2526	-34.3166
2527	2527	24.3785
2528	2528	-11.9329
2529	2529	13.5916
2530	2530	4.22121
2531	2531	13.3407
2532	2532	27.3645
2533	2533	-4.40267
2534	2534	40.3817
2535	2535	-56.9816
2536	2536	-25.2564
2537	2537	-3.77797
2538	2538	-22.696
2539	2539	-16.4126
2540	2540	-0.629754
2541	2541	2.84287
2542	2542	-26.4483
2543	2543	-25.5377
2544	2544	-49.7242
2545	2545	0.787904
2546	2546	2.85538
2547	2547	1.85598
2548	2548	4.70625
2549	2549	-9.53539
2550	2550	-36.1481
2551	2551	63.7827
2552	2552	-34.0173
2553	2553	2.35652
2554	2554	30.7125
2555	2555	-4.15633
2556	2556	-13.5843
2557	2557	-46.4134
2558	2558	-11.5313
2559	2559	34.0771
2560	2560	13.0808
2561	2561	-1.70603
2562	2562	39.3352
2563	2563	-3.44127
2564	2564	42.657
2565	2565	-9.77479
2566	2566	-22.8503
2567	2567	-6.11307
2568	2568	8.69781
2569	2569	7.49465
2570	2570	-33.4523
2571	2571	-5.18984
2572	2572	10.4475
2573	2573	9.67739
2574	2574	9.55609
2575	2575	-36.4664
2576	2576	-24.4231
2577	2577	-30.88
2578	2578	-19.0542
2579	2579	10.7166
2580	2580	0.232678
2581	2581	3.94227
2582	2582	19.3198
2583	2583	-2.89586
2584	2584	2.81847
2585	2585	11.5402
2586	2586	19.7296
2587	2587	-6.21446
2588	2588	-1.25988
2589	2589	2.95411
2590	2590	33.3439
2591	2591	5.79761
2592	2592	7.25935
2593	2593	25.2741
2594	2594	37.3245
2595	2595	0.388941
2596	2596	-17.5052
2597	2597	5.45813
2598	2598	1.63344
2599	2599	-1.76501
2600	2600	25.0762
2601	2601	15.7348
2602	2602	-27.6823
2603	2603	4.91724
2604	2604	-15.0416
2605	2605	-28.0706
2606	2606	16.0114
2607	2607	13.4357
2608	2608	-27.8804
2609	2609	-22.6933
2610	2610	35.3626
2611	2611	1.06067
2612	2612	-7.16643
2613	2613	31.7596
2614	2614	-11.9617
2615	2615	31.4722
2616	2616	-4.82838
2617	2617	43.5153
2618	2618	-16.1203
2619	2619	-12.9435
2620	2620	-3.9043
2621	2621	7.47617
2622	2622	-31.7874
2623	2623	-41.932
2624	2624	-2.07979
2625	2625	19.1205
2626	2626	77.8924
2627	2627	0.584162
2628	2628	-13.412
2629	2629	-2.93166
2630	2630	-32.0794
2631	2631	-3.06148
2632	2632	11.0177
2633	2633	-36.429
2634	2634	-5.39267
2635	2635	-67.187
2636	2636	14.3305
2637	2637	64.7779
2638	2638	44.7102
2639	2639	5.97229
2640	2640	-10.7096
2641	2641	12.8759
2642	2642	21.8267
2643	2643	-33.3259
2644	2644	-14.5205
2645	2645	16.5389
2646	2646	-21.6574
2647	2647	10.2572
2648	2648	-8.47193
2649	2649	56.6817
2650	2650	39.8807
2651	2651	-33.7517
2652	2652	-2.03694
2653	2653	1.98315
2654	2654	6.96804
2655	2655	23.368
2656	2656	-13.7162
2657	2657	1.68161
2658	2658	-2.7324
2659	2659	-15.5558
2660	2660	8.38529
2661	2661	5.88992
2662	2662	-29.8991
2663	2663	40.9564
2664	2664	-3.5334
2665	2665	-21.1883
2666	2666	43.9405
2667	2667	-12.6469
2668	2668	21.7388
2669	2669	-18.105
2670	2670	-9.3222
2671	2671	23.0876
2672	2672	-12.3472
2673	2673	-16.4629
2674	2674	15.3784
2675	2675	10.1943
2676	2676	0.366887
2677	2677	-11.9434
2678	2678	-4.23213
2679	2679	34.3704
2680	2680	-29.5698
2681	2681	-22.161
2682	2682	-8.30427
2683	2683	0.19405
2684	2684	-18.7548
2685	2685	-21.4428
2686	2686	-7.71628
2687	2687	-2.69526
2688	2688	13.9903
2689	2689	-7.02539
2690	2690	17.1977
2691	2691	-29.7277
2692	2692	-19.6991
2693	2693	1.46452
2694	2694	2.13721
2695	2695	47.2743
2696	2696	-10.7104
2697	2697	-3.42813
2698	2698	-8.1909
2699	2699	-12.5017
2700	2700	29.5861
2701	2701	34.2199
2702	2702	-9.62578
2703	2703	2.84061
2704	2704	1.21203
2705	2705	-9.83995
2706	2706	32.0574
2707	2707	13.6435
2708	2708	36.6126
2709	2709	-10.2797
2710	2710	-14.5198
2711	2711	-4.28656
2712	2712	-42.0631
2713	2713	-43.613
2714	2714	4.34435
2715	2715	8.5253
2716	2716	-22.8213
2717	2717	27.6507
2718	2718	0.908033
2719	2719	-9.41888
2720	2720	-2.68028
2721	2721	56.66
2722	2722	3.7005
2723	2723	-4.50519
2724	2724	-17.1372
2725	2725	32.946
2726	2726	-20.5223
2727	2727	-19.5201
2728	2728	38.0889
2729	2729	-6.39328
2730	2730	-20.3544
2731	2731	-21.9191
2732	2732	5.86864
2733	2733	-4.36832
2734	2734	-4.61468
2735	2735	-5.64144
2736	2736	-11.2529
2737	2737	-41.6637
2738	2738	-2.17601
2739	2739	10.4266
2740	2740	-16.2942
2741	2741	18.6958
2742	2742	26.6498
2743	2743	5.11738
2744	2744	-38.1749
2745	2745	-21.8055
2746	2746	-13.9432
2747	2747	-27.3892
2748	2748	-34.9066
2749	2749	-32.8607
2750	2750	-5.42691
2751	2751	11.0519
2752	2752	-0.455684
2753	2753	-45.4434
2754	2754	-28.3927
2755	2755	-7.36111
2756	2756	-17.3265
2757	2757	22.9054
2758	2758	-6.82844
2759	2759	-14.0948
2760	2760	14.0717
2761	2761	43.9855
2762	2762	-8.6525
2763	2763	-36.0152
2764	2764	-7.20948
2765	2765	17.3322
2766	2766	-0.504063
2767	2767	-39.8446
2768	2768	-3.23216
2769	2769	10.6487
2770	2770	26.5361
2771	2771	-38.8864
2772	2772	14.5231
2773	2773	-4.44774
2774	2774	9.97859
2775	2775	23.0738
2776	2776	7.36948
2777	2777	-23.8602
2778	2778	8.27217
2779	2779	3.00211
2780	2780	-28.6076
2781	2781	6.67866
2782	2782	9.22992
2783	2783	-6.61629
2784	2784	11.1989
2785	2785	-10.4791
2786	2786	1.97612
2787	2787	-14.3476
2788	2788	1.66791
2789	2789	-6.39932
2790	2790	17.5736
2791	2791	38.5038
2792	2792	55.0387
2793	2793	9.45672
2794	2794	30.1839
2795	2795	-24.294
2796	2796	11.1137
2797	2797	12.2102
2798	2798	-28.8226
2799	2799	5.39815
2800	2800	-5.81336
2801	2801	4.78654
2802	2802	-12.1714
2803	2803	-1.29946
2804	2804	-13.1998
2805	2805	-25.1651
2806	2806	23.5756
2807	2807	-25.0423
2808	2808	-3.29717
2809	2809	1.15858
2810	2810	23.4538
2811	2811	12.5671
2812	2812	1.75063
2813	2813	66.3509
2814	2814	25.6287
2815	2815	8.13996
2816	2816	54.7508
2817	2817	27.2091
2818	2818	8.19106
2819	2819	-25.1299
2820	2820	-51.1037
2821	2821	71.611
2822	2822	13.7892
2823	2823	-44.3643
2824	2824	2.53639
2825	2825	-0.0152845
2826	2826	-2.43732
2827	2827	5.7589
2828	2828	-10.1072
2829	2829	1.77539
2830	2830	19.3263
2831	2831	2.08671
2832	2832	69.3775
2833	2833	-23.1033
2834	2834	3.62383
2835	2835	14.7445
2836	2836	-28.2221
2837	2837	42.7998
2838	2838	21.2658
2839	2839	51.7277
2840	2840	-19.9414
2841	2841	-13.7326
2842	2842	10.6753
2843	2843	-31.2009
2844	2844	-36.8899
2845	2845	-21.7023
2846	2846	1.21305
2847	2847	22.386
2848	2848	-26.6289
2849	2849	20.2498
2850	2850	-23.3901
2851	2851	11.2598
2852	2852	-10.0175
2853	2853	-4.77025
2854	2854	8.61022
2855	2855	28.026
2856	2856	16.3687
2857	2857	-18.3911
2858	2858	-0.78935
2859	2859	55.1293
2860	2860	-30.0279
2861	2861	3.99927
2862	2862	10.5167
2863	2863	2.52738
2864	2864	7.9484
2865	2865	-5.38746
2866	2866	40.1502
2867	2867	38.5601
2868	2868	-25.8861
2869	2869	14.3359
2870	2870	11.6663
2871	2871	-15.1366
2872	2872	-1.70194
2873	2873	1.72846
2874	2874	-16.1912
2875	2875	21.6241
2876	2876	3.69466
2877	2877	-37.2468
2878	2878	46.7754
2879	2879	10.8733
2880	2880	-18.6371
2881	2881	25.3652
2882	2882	-15.915
2883	2883	-8.97676
2884	2884	25.6472
2885	2885	-5.81191
2886	2886	21.5829
2887	2887	-4.30121
2888	2888	-6.7082
2889	2889	55.1483
2890	2890	4.16369
2891	2891	-4.76583
2892	2892	-24.5865
2893	2893	-13.3048
2894	2894	-22.036
2895	2895	-22.9958
2896	2896	-10.8627
2897	2897	2.56024
2898	2898	16.0532
2899	2899	9.55315
2900	2900	-14.1893
2901	2901	11.536
2902	2902	33.7633
2903	2903	-34.1435
2904	2904	39.0638
2905	2905	-30.5875
2906	2906	27.2195
2907	2907	32.1746
2908	2908	-23.9085
2909	2909	-29.1467
2910	2910	-14.5989
2911	2911	8.1705
2912	2912	-17.8755
2913	2913	4.86305
2914	2914	-40.0214
2915	2915	5.10358
2916	2916	10.3769
2917	2917	-12.4778
2918	2918	5.64419
2919	2919	43.0936
2920	2920	12.5468
2921	2921	-3.6049
2922	2922	-19.4765
2923	2923	-11.4601
2924	2924	-47.0239
2925	2925	-39.2821
2926	2926	1.94009
2927	2927	-37.6921
2928	2928	-38.5943
2929	2929	3.96849
2930	2930	0.638185
2931	2931	-22.8528
2932	2932	3.8311
2933	2933	-46.9141
2934	2934	-19.9663
2935	2935	11.5557
2936	2936	0.381831
2937	2937	-5.44682
2938	2938	-33.7308
2939	2939	7.63556
2940	2940	12.0381
2941	2941	-17.0249
2942	2942	6.32232
2943	2943	-0.0211226
2944	2944	60.1692
2945	2945	33.1171
2946	2946	-14.1872
2947	2947	-19.4147
2948	2948	-23.408
2949	2949	51.906
2950	2950	-2.98369
2951	2951	63.0229
2952	2952	28.4494
2953	2953	9.85083
2954	2954	1.62794
2955	2955	3.18875
2956	2956	-8.51968
2957	2957	36.8064
2958	2958	-19.8498
2959	2959	-25.7535
2960	2960	18.65
2961	2961	19.5557
2962	2962	15.6252
2963	2963	-12.4911
2964	2964	47.3767
2965	2965	-18.0546
2966	2966	53.5348
2967	2967	-20.3741
2968	2968	40.5771
2969	2969	-9.93742
2970	2970	-20.3291
2971	2971	13.1766
2972	2972	-11.9111
2973	2973	31.0673
2974	2974	-14.6925
2975	2975	9.08158
2976	2976	10.8183
2977	2977	17.3667
2978	2978	-9.68377
2979	2979	-5.3595
2980	2980	-5.61724
2981	2981	-22.3794
2982	2982	-1.38568
2983	2983	-14.2487
2984	2984	36.2554
2985	2985	-14.2949
2986	2986	4.15638
2987	2987	1.96767
2988	2988	-33.7531
2989	2989	46.3972
2990	2990	-2.39529
2991	2991	-15.6814
2992	2992	-16.4713
2993	2993	1.86299
2994	2994	-29.2857
2995	2995	-16.9918
2996	2996	16.9931
2997	2997	23.6003
2998	2998	-28.123
2999	2999	-12.9253
3000	3000	8.72445
3001	3001	18.0234
3002	3002	28.8146
3003	3003	14.5876
3004	3004	14.6581
3005	3005	-31.2617
3006	3006	-4.8527
3007	3007	-16.3897
3008	3008	22.1838
3009	3009	-8.75148
3010	3010	22.0273
3011	3011	-1.86143
3012	3012	30.0246
3013	3013	-8.09027
3014	3014	40.729
3015	3015	-19.7689
3016	3016	-35.9639
3017	3017	-1.55782
3018	3018	-11.4377
3019	3019	-27.5269
3020	3020	12.2785
3021	3021	-23.0218
3022	3022	-5.03145
3023	3023	19.6098
3024	3024	-37.2466
3025	3025	5.79295
3026	3026	69.4904
3027	3027	-9.52814
3028	3028	0.593576
3029	3029	-7.13448
3030	3030	-39.7093
3031	3031	-7.68123
3032	3032	37.3266
3033	3033	-5.90953
3034	3034	-6.48729
3035	3035	1.01109
3036	3036	15.9782
3037	3037	-2.4785
3038	3038	-23.0892
3039	3039	-33.7054
3040	3040	-23.8587
3041	3041	-6.69298
3042	3042	0.835826
3043	3043	-25.3639
3044	3044	3.157
3045	3045	17.721
3046	3046	-31.1156
3047	3047	-4.38402
3048	3048	-38.8783
3049	3049	7.12257
3050	3050	-12.6557
3051	3051	-41.1096
3052	3052	12.6962
3053	3053	-27.5531
3054	3054	18.3585
3055	3055	6.1314
3056	3056	-16.3641
3057	3057	-28.8785
3058	3058	-1.76532
3059	3059	-10.3474
3060	3060	8.60068
3061	3061	3.89463
3062	3062	18.1074
3063	3063	5.12388
3064	3064	9.35008
3065	3065	57.0689
3066	3066	14.2308
3067	3067	32.6545
3068	3068	-3.6192
3069	3069	13.7439
3070	3070	-0.496428
3071	3071	-33.0486
3072	3072	-5.9468
3073	3073	-17.0926
3074	3074	9.12504
3075	3075	21.7412
3076	3076	6.75959
3077	3077	30.0508
3078	3078	21.2166
3079	3079	8.55319
3080	3080	25.671
3081	3081	26.0269
3082	3082	0.721969
3083	3083	-4.69684
3084	3084	-43.2405
3085	3085	19.9046
3086	3086	-22.8491
3087	3087	14.0819
3088	3088	-8.66275
3089	3089	9.6959
3090	3090	-16.2629
3091	3091	8.25621
3092	3092	4.0825
3093	3093	-36.5523
3094	3094	1.35134
3095	3095	-5.50268
3096	3096	-2.2687
3097	3097	9.32398
3098	3098	13.1411
3099	3099	5.51902
3100	3100	38.4497
3101	3101	-3.31034
3102	3102	5.06634
3103	3103	-31.8204
3104	3104	-33.4058
3105	3105	-12.2607
3106	3106	54.0795
3107	3107	-49.0576
3108	3108	-15.2554
3109	3109	5.03417
3110	3110	20.8734
3111	3111	45.7293
3112	3112	23.3729
3113	3113	-15.491
3114	3114	49.5124
3115	3115	-28.5928
3116	3116	15.137
3117	3117	-40.4747
3118	3118	-23.1444
3119	3119	18.2933
3120	3120	-25.8389
3121	3121	26.5557
3122	3122	-1.10845
3123	3123	15.027
3124	3124	-22.9242
3125	3125	-24.9214
3126	3126	9.15815
3127	3127	0.484874
3128	3128	58.9956
3129	3129	-34.1662
3130	3130	-29.8046
3131	3131	2.05817
3132	3132	-8.79064
3133	3133	5.52378
3134	3134	23.4141
3135	3135	3.23717
3136	3136	37.0264
3137	3137	-8.75951
3138	3138	-17.894
3139	3139	-5.32009
3140	3140	56.3647
3141	3141	-3.34842
3142	3142	-4.20077
3143	3143	41.8218
3144	3144	3.69562
3145	3145	21.3727
3146	3146	19.4545
3147	3147	-1.37673
3148	3148	25.2011
3149	3149	-9.44598
3150	3150	26.4324
3151	3151	-11.8872
3152	3152	4.57715
3153	3153	15.4654
3154	3154	-6.21426
3155	3155	29.7057
3156	3156	-34.165
3157	3157	57.5248
3158	3158	-36.4634
3159	3159	13.9053
3160	3160	-1.60371
3161	3161	-23.1042
3162	3162	-14.6145
3163	3163	24.0819
3164	3164	11.4425
3165	3165	13.5416
3166	3166	-35.1449
3167	3167	2.50911
3168	3168	-17.0316
3169	3169	-23.3742
3170	3170	52.3895
3171	3171	44.3815
3172	3172	8.56969
3173	3173	-9.87252
3174	3174	-19.9864
3175	3175	-15.3448
3176	3176	-15.2703
3177	3177	50.1943
3178	3178	-1.70737
3179	3179	-31.6373
3180	3180	34.3803
3181	3181	3.19573
3182	3182	9.46371
3183	3183	-1.58029
3184	3184	-11.9951
3185	3185	-36.1695
3186	3186	-25.664
3187	3187	-30.8316
3188	3188	-31.6988
3189	3189	37.7421
3190	3190	19.2151
3191	3191	25.9919
3192	3192	-34.1528
3193	3193	-28.1697
3194	3194	-6.11932
3195	3195	-16.2986
3196	3196	-15.6579
3197	3197	-16.8723
3198	3198	-25.1544
3199	3199	-1.33675
3200	3200	-42.722
3201	3201	3.37868
3202	3202	4.38153
3203	3203	20.7184
3204	3204	-17.8071
3205	3205	15.2609
3206	3206	-8.18748
3207	3207	-0.406959
3208	3208	15.3956
3209	3209	17.9273
3210	3210	-18.2324
3211	3211	19.4318
3212	3212	-7.7271
3213	3213	-59.4734
3214	3214	33.4607
3215	3215	-27.2872
3216	3216	-4.40652
3217	3217	-3.86442
3218	3218	-33.4257
3219	3219	7.25647
3220	3220	21.1943
3221	3221	-13.4936
3222	3222	-0.429129
3223	3223	16.5012
3224	3224	-52.41
3225	3225	3.45739
3226	3226	14.9236
3227	3227	-22.4394
3228	3228	-3.09354
3229	3229	-16.2237
3230	3230	1.93019
3231	3231	-37.2585
3232	3232	-17.4327
3233	3233	18.497
3234	3234	28.5078
3235	3235	-24.3545
3236	3236	20.3314
3237	3237	48.0589
3238	3238	-38.6519
3239	3239	-6.45353
3240	3240	19.4195
3241	3241	8.24397
3242	3242	20.5832
3243	3243	-16.9821
3244	3244	66.211
3245	3245	-10.2456
3246	3246	27.8397
3247	3247	-23.1397
3248	3248	-16.1538
3249	3249	18.6751
3250	3250	-21.6599
3251	3251	-36.315
3252	3252	30.219
3253	3253	-11.7598
3254	3254	-3.9162
3255	3255	-45.3077
3256	3256	-14.3333
3257	3257	-10.279
3258	3258	-33.9433
3259	3259	3.18189
3260	3260	46.9203
3261	3261	51.2788
3262	3262	35.8602
3263	3263	5.4304
3264	3264	-3.37026
3265	3265	23.9387
3266	3266	-16.5127
3267	3267	-39.7435
3268	3268	-26.2553
3269	3269	-6.45933
3270	3270	-21.1495
3271	3271	52.2066
3272	3272	24.8815
3273	3273	-14.5645
3274	3274	22.4112
3275	3275	26.8695
3276	3276	-23.7595
3277	3277	-25.8941
3278	3278	32.1904
3279	3279	13.7673
3280	3280	55.5212
3281	3281	-1.706
3282	3282	-27.8975
3283	3283	38.6389
3284	3284	-18.1844
3285	3285	-37.1219
3286	3286	-2.73742
3287	3287	-41.6821
3288	3288	-9.79598
3289	3289	27.5975
3290	3290	-18.4515
3291	3291	-4.01166
3292	3292	9.94343
3293	3293	35.0443
3294	3294	7.46823
3295	3295	-25.5873
3296	3296	-14.0404
3297	3297	0.39873
3298	3298	22.2482
3299	3299	-6.67884
3300	3300	2.62912
3301	3301	20.8851
3302	3302	-49.9697
3303	3303	1.32544
3304	3304	-7.01074
3305	3305	37.5293
3306	3306	-31.0707
3307	3307	32.0421
3308	3308	-9.71022
3309	3309	-4.65333
3310	3310	-3.42824
3311	3311	-4.29047
3312	3312	0.696982
3313	3313	38.4169
3314	3314	19.8739
3315	3315	-27.0856
3316	3316	-28.0501
3317	3317	1.64336
3318	3318	18.7261
3319	3319	-8.77282
3320	3320	-10.6543
3321	3321	-38.9168
3322	3322	1.34663
3323	3323	-12.6571
3324	3324	-14.845
3325	3325	-3.64096
3326	3326	-9.72671
3327	3327	-0.0994
3328	3328	-2.05666
3329	3329	-12.5507
3330	3330	39.6199
3331	3331	16.153
3332	3332	2.31841
3333	3333	27.4243
3334	3334	-64.0168
3335	3335	18.0773
3336	3336	-52.2587
3337	3337	16.5174
3338	3338	30.7854
3339	3339	-36.4465
3340	3340	33.7296
3341	3341	1.28409
3342	3342	-7.69938
3343	3343	13.9775
3344	3344	3.18496
3345	3345	-16.9651
3346	3346	4.38621
3347	3347	-19.8025
3348	3348	-18.5014
3349	3349	-10.6978
3350	3350	31.6604
3351	3351	28.3924
3352	3352	-10.1002
3353	3353	-11.5734
3354	3354	-19.8422
3355	3355	-45.4147
3356	3356	9.58042
3357	3357	34.1712
3358	3358	0.200048
3359	3359	13.2093
3360	3360	-34.4142
3361	3361	-37.0725
3362	3362	-41.9279
3363	3363	-9.41475
3364	3364	21.09
3365	3365	25.5891
3366	3366	0.0848459
3367	3367	16.6141
3368	3368	-18.5972
3369	3369	25.5608
3370	3370	2.01339
3371	3371	12.3091
3372	3372	42.6904
3373	3373	-33.6918
3374	3374	-8.83841
3375	3375	-6.36251
3376	3376	0.251836
3377	3377	20.5937
3378	3378	-41.8359
3379	3379	-33.9996
3380	3380	2.90897
3381	3381	17.6886
3382	3382	-51.6803
3383	3383	72.7726
3384	3384	14.7559
3385	3385	36.9814
3386	3386	-7.80048
3387	3387	-1.70153
3388	3388	-6.42715
3389	3389	14.2163
3390	3390	8.26119
3391	3391	30.8696
3392	3392	7.13904
3393	3393	7.21695
3394	3394	-8.25565
3395	3395	-25.7959
3396	3396	19.6168
3397	3397	-3.288
3398	3398	-45.1939
3399	3399	-27.9126
3400	3400	-31.0906
3401	3401	3.99481
3402	3402	5.37133
3403	3403	5.53235
3404	3404	18.9462
3405	3405	-27.9684
3406	3406	-0.182076
3407	3407	5.38985
3408	3408	-10.3498
3409	3409	29.7012
3410	3410	14.7365
3411	3411	-21.8424
3412	3412	-26.7985
3413	3413	-5.53205
3414	3414	-36.6536
3415	3415	-1.99429
3416	3416	-23.8742
3417	3417	30.179
3418	3418	-26.2156
3419	3419	32.2718
3420	3420	-0.715267
3421	3421	0.941832
3422	3422	-20.5907
3423	3423	-28.9863
3424	3424	15.8689
3425	3425	15.3699
3426	3426	-6.39506
3427	3427	-10.3669
3428	3428	-23.1882
3429	3429	25.0813
3430	3430	-8.84456
3431	3431	-21.4164
3432	3432	-52.5751
3433	3433	29.3062
3434	3434	22.1493
3435	3435	30.8261
3436	3436	-7.11564
3437	3437	-35.9548
3438	3438	32.5341
3439	3439	18.2259
3440	3440	18.4257
3441	3441	-7.7915
3442	3442	-34.4714
3443	3443	31.3494
3444	3444	-28.1515
3445	3445	13.4286
3446	3446	17.2195
3447	3447	21.3227
3448	3448	-29.1826
3449	3449	-29.7051
3450	3450	4.18861
3451	3451	-3.9769
3452	3452	-18.3806
3453	3453	0.635379
3454	3454	-0.293013
3455	3455	30.9266
3456	3456	-29.2434
3457	3457	-20.6858
3458	3458	-5.25757
3459	3459	28.8603
3460	3460	-6.55022
3461	3461	16.548
3462	3462	-0.272756
3463	3463	23.2113
3464	3464	-1.6739
3465	3465	20.7797
3466	3466	27.3251
3467	3467	-14.9708
3468	3468	-10.1423
3469	3469	-18.5428
3470	3470	34.5424
3471	3471	-20.124
3472	3472	50.0659
3473	3473	1.45318
3474	3474	-31.385
3475	3475	-10.7944
3476	3476	-29.9724
3477	3477	-2.09567
3478	3478	-5.04885
3479	3479	-27.4059
3480	3480	18.0086
3481	3481	-13.0798
3482	3482	19.5411
3483	3483	2.09259
3484	3484	4.28356
3485	3485	11.6572
3486	3486	19.1769
3487	3487	26.6615
3488	3488	15.7496
3489	3489	10.9383
3490	3490	12.8949
3491	3491	-27.1352
3492	3492	31.2432
3493	3493	25.136
3494	3494	-36.8314
3495	3495	-3.1383
3496	3496	-42.472
3497	3497	-13.4708
3498	3498	-16.7013
3499	3499	-6.17698
3500	3500	5.62679
3501	3501	-20.2583
3502	3502	-18.5399
3503	3503	-9.05766
3504	3504	23.9195
3505	3505	-26.7079
3506	3506	-34.6513
3507	3507	-34.9864
3508	3508	42.626
3509	3509	-15.2477
3510	3510	-33.2795
3511	3511	11.5138
3512	3512	-31.7387
3513	3513	19.3689
3514	3514	-11.7473
3515	3515	31.7282
3516	3516	-17.4114
3517	3517	24.6197
3518	3518	-19.8202
3519	3519	-3.71382
3520	3520	-0.117656
3521	3521	-37.0161
3522	3522	5.68209
3523	3523	-25.6836
3524	3524	57.0164
3525	3525	24.3094
3526	3526	-20.2385
3527	3527	-48.3139
3528	3528	-15.0594
3529	3529	-30.6662
3530	3530	37.4054
3531	3531	-12.7755
3532	3532	10.9605
3533	3533	-14.9094
3534	3534	-23.1385
3535	3535	-22.6619
3536	3536	-22.4112
3537	3537	-12.4061
3538	3538	-14.5402
3539	3539	-34.0738
3540	3540	63.3655
3541	3541	-12.2269
3542	3542	2.0495
3543	3543	24.0586
3544	3544	-3.4446
3545	3545	0.666486
3546	3546	81.4278
3547	3547	-32.2521
3548	3548	-19.1934
3549	3549	-24.1161
3550	3550	-17.0074
3551	3551	-25.7302
3552	3552	-22.4082
3553	3553	-17.9527
3554	3554	-22.7681
3555	3555	-11.4152
3556	3556	-23.5723
3557	3557	24.6203
3558	3558	28.0032
3559	3559	-26.7724
3560	3560	-29.2284
3561	3561	-28.328
3562	3562	2.66778
3563	3563	13.5929
3564	3564	-10.0108
3565	3565	2.43332
3566	3566	26.7066
3567	3567	-13.9428
3568	3568	23.2234
3569	3569	-15.946
3570	3570	-3.02297
3571	3571	-22.1255
3572	3572	23.309
3573	3573	-3.89636
3574	3574	3.67486
3575	3575	-1.40032
3576	3576	-34.8322
3577	3577	17.9806
3578	3578	-7.38217
3579	3579	-28.8672
3580	3580	-6.98429
3581	3581	-37.3741
3582	3582	2.4449
3583	3583	36.0459
3584	3584	13.7677
3585	3585	8.50218
3586	3586	33.7427
3587	3587	-10.775
3588	3588	-10.5047
3589	3589	50.2297
3590	3590	-17.397
3591	3591	16.9111
3592	3592	24.9574
3593	3593	26.1218
3594	3594	-19.1894
3595	3595	31.3834
3596	3596	15.3199
3597	3597	-4.89777
3598	3598	27.2675
3599	3599	-0.625716
3600	3600	-19.7336
3601	3601	-10.2602
3602	3602	6.02952
3603	3603	19.8652
3604	3604	15.2334
3605	3605	1.50832
3606	3606	-13.1236
3607	3607	-21.7958
3608	3608	-8.89399
3609	3609	-13.9194
3610	3610	35.4868
3611	3611	-1.70403
3612	3612	26.0696
3613	3613	-7.81785
3614	3614	-10.6755
3615	3615	6.82693
3616	3616	-9.0799
3617	3617	-6.65776
3618	3618	28.6733
3619	3619	19.1338
3620	3620	7.71568
3621	3621	-8.68987
3622	3622	-44.601
3623	3623	-22.0088
3624	3624	46.2797
3625	3625	-4.02477
3626	3626	22.5489
3627	3627	-0.140335
3628	3628	5.82586
3629	3629	46.2566
3630	3630	-5.64893
3631	3631	27.6845
3632	3632	4.09061
3633	3633	-28.0007
3634	3634	-22.6248
3635	3635	-24.6216
3636	3636	16.9682
3637	3637	-16.9532
3638	3638	3.17162
3639	3639	-16.9931
3640	3640	-17.955
3641	3641	-19.5969
3642	3642	-27.1798
3643	3643	-6.75617
3644	3644	-13.0429
3645	3645	56.2424
3646	3646	18.8718
3647	3647	-13.17
3648	3648	-7.38792
3649	3649	-0.477716
3650	3650	5.99197
3651	3651	-32.2481
3652	3652	20.176
3653	3653	11.4827
3654	3654	-14.6039
3655	3655	-16.6412
3656	3656	6.83484
3657	3657	22.655
3658	3658	1.69731
3659	3659	-9.58123
3660	3660	-3.91501
3661	3661	-12.8865
3662	3662	1.2776
3663	3663	8.98374
3664	3664	-8.66256
3665	3665	-36.3273
3666	3666	-51.0057
3667	3667	56.057
3668	3668	24.1412
3669	3669	9.59225
3670	3670	3.85592
3671	3671	48.1863
3672	3672	-14.9744
3673	3673	-8.04755
3674	3674	36.2859
3675	3675	-25.7104
3676	3676	8.76252
3677	3677	-20.9572
3678	3678	42.5935
3679	3679	-16.1093
3680	3680	7.85906
3681	3681	5.8833
3682	3682	-3.73386
3683	3683	-0.522371
3684	3684	47.4466
3685	3685	-41.7333
3686	3686	-2.48032
3687	3687	-21.0822
3688	3688	5.54388
3689	3689	13.6981
3690	3690	-27.9113
3691	3691	-23.7562
3692	3692	10.2682
3693	3693	-20.5516
3694	3694	38.4677
3695	3695	-14.5605
3696	3696	14.8838
3697	3697	-18.4694
3698	3698	-11.5847
3699	3699	-21.3173
3700	3700	-30.6193
3701	3701	17.2336
3702	3702	2.28727
3703	3703	42.0993
3704	3704	4.59014
3705	3705	2.74104
3706	3706	16.6767
3707	3707	-39.107
3708	3708	19.7932
3709	3709	6.80638
3710	3710	5.99791
3711	3711	-6.94765
3712	3712	5.60365
3713	3713	0.313425
3714	3714	-35.4521
3715	3715	27.4928
3716	3716	-22.5904
3717	3717	-12.6721
3718	3718	-15.5957
3719	3719	-5.50246
3720	3720	18.6919
3721	3721	-35.1087
3722	3722	27.7969
3723	3723	-17.6749
3724	3724	-0.215343
3725	3725	55.1882
3726	3726	28.1324
3727	3727	-25.104
3728	3728	45.8354
3729	3729	-18.3085
3730	3730	-7.43329
3731	3731	47.2433
3732	3732	-1.02328
3733	3733	-1.36183
3734	3734	18.8087
3735	3735	1.91468
3736	3736	-37.1876
3737	3737	-8.11837
3738	3738	8.76333
3739	3739	-15.3492
3740	3740	-6.13474
3741	3741	-36.5351
3742	3742	15.6167
3743	3743	-4.98674
3744	3744	73.7851
3745	3745	29.0091
3746	3746	27.4676
3747	3747	16.345
3748	3748	-8.94934
3749	3749	18.2728
3750	3750	8.0637
3751	3751	48.1775
3752	3752	8.64406
3753	3753	36.0818
3754	3754	28.2132
3755	3755	-13.7116
3756	3756	11.8469
3757	3757	35.7973
3758	3758	-10.633
3759	3759	-18.9235
3760	3760	-39.7375
3761	3761	13.7029
3762	3762	-8.3422
3763	3763	-0.108987
3764	3764	-18.9948
3765	3765	6.82627
3766	3766	5.42764
3767	3767	10.0284
3768	3768	-0.558628
3769	3769	4.59007
3770	3770	1.6341
3771	3771	19.9614
3772	3772	10.2255
3773	3773	-36.3085
3774	3774	24.6152
3775	3775	-13.072
3776	3776	25.0986
3777	3777	-9.89708
3778	3778	26.816
3779	3779	11.4024
3780	3780	15.1161
3781	3781	-10.3315
3782	3782	-45.1948
3783	3783	-6.93048
3784	3784	-13.9347
3785	3785	43.4093
3786	3786	30.9338
3787	3787	24.2294
3788	3788	-8.20649
3789	3789	-21.1948
3790	3790	-0.181523
3791	3791	-25.451
3792	3792	0.631541
3793	3793	16.3413
3794	3794	-19.8336
3795	3795	-30.7507
3796	3796	-28.282
3797	3797	10.6825
3798	3798	-20.0493
3799	3799	2.3175
3800	3800	-2.17578
3801	3801	-0.44317
3802	3802	2.04314
3803	3803	30.248
3804	3804	8.0185
3805	3805	-28.4166
3806	3806	-16.5339
3807	3807	-2.60582
3808	3808	-3.01957
3809	3809	-6.13628
3810	3810	-24.9857
3811	3811	5.93718
3812	3812	-22.1844
3813	3813	21.6772
3814	3814	-9.86715
3815	3815	11.0148
3816	3816	-18.0528
3817	3817	-4.10051
3818	3818	-27.6444
3819	3819	-22.5149
3820	3820	-20.6924
3821	3821	-26.1669
3822	3822	2.1306
3823	3823	24.9782
3824	3824	-41.006
3825	3825	28.4918
3826	3826	16.127
3827	3827	17.2474
3828	3828	-1.60576
3829	3829	-1.51956
3830	3830	-35.6691
3831	3831	17.0854
3832	3832	49.7584
3833	3833	-1.24993
3834	3834	36.8525
3835	3835	9.73241
3836	3836	-11.9536
3837	3837	-0.988565
3838	3838	-8.63068
3839	3839	7.53245
3840	3840	5.01645
3841	3841	12.033
3842	3842	-15.1838
3843	3843	-9.01509
3844	3844	16.9525
3845	3845	6.66042
3846	3846	-11.9758
3847	3847	-17.8778
3848	3848	30.5312
3849	3849	3.35757
3850	3850	2.71512
3851	3851	-36.0345
3852	3852	55.0544
3853	3853	21.1109
3854	3854	0.690782
3855	3855	-3.13537
3856	3856	-4.83286
3857	3857	-7.80171
3858	3858	-20.7315
3859	3859	-21.613
3860	3860	6.21628
3861	3861	-9.36568
3862	3862	-15.6982
3863	3863	7.11323
3864	3864	7.44842
3865	3865	-40.6179
3866	3866	-26.9415
3867	3867	30.4634
3868	3868	13.224
3869	3869	10.6383
3870	3870	28.1088
3871	3871	-3.15059
3872	3872	-38.7613
3873	3873	-26.8116
3874	3874	-6.18359
3875	3875	1.39882
3876	3876	17.7383
3877	3877	-7.24173
3878	3878	12.4628
3879	3879	19.1749
3880	3880	-16.9342
3881	3881	-6.10925
3882	3882	-20.7998
3883	3883	-14.4545
3884	3884	-19.2636
3885	3885	-11.9247
3886	3886	52.0387
3887	3887	-15.3461
3888	3888	-4.35494
3889	3889	24.8823
3890	3890	25.7834
3891	3891	-6.63466
3892	3892	-24.3069
3893	3893	-14.2861
3894	3894	6.75147
3895	3895	0.761153
3896	3896	2.45273
3897	3897	-15.2371
3898	3898	-26.3194
3899	3899	22.7532
3900	3900	-43.1978
3901	3901	1.8244
3902	3902	27.0645
3903	3903	18.2815
3904	3904	40.7074
3905	3905	18.7632
3906	3906	-11.089
3907	3907	39.4921
3908	3908	21.658
3909	3909	14.1442
3910	3910	-4.27355
3911	3911	-3.73592
3912	3912	-14.0214
3913	3913	21.4284
3914	3914	2.44601
3915	3915	15.4844
3916	3916	-30.7538
3917	3917	-10.5135
3918	3918	7.89965
3919	3919	-9.13601
3920	3920	10.1235
3921	3921	-8.62312
3922	3922	-26.822
3923	3923	-7.99123
3924	3924	-5.8607
3925	3925	-15.7574
3926	3926	13.4074
3927	3927	-47.3836
3928	3928	-4.00513
3929	3929	-54.2867
3930	3930	34.9511
3931	3931	-14.9126
3932	3932	-16.6741
3933	3933	43.0277
3934	3934	29.5677
3935	3935	8.8296
3936	3936	-18.2535
3937	3937	36.9427
3938	3938	49.0885
3939	3939	-26.6573
3940	3940	-3.38416
3941	3941	8.46073
3942	3942	10.0062
3943	3943	23.3081
3944	3944	-13.2351
3945	3945	-17.349
3946	3946	-18.6826
3947	3947	-23.9305
3948	3948	-4.03904
3949	3949	-1.01081
3950	3950	-28.6303
3951	3951	24.9187
3952	3952	-27.2923
3953	3953	-25.2589
3954	3954	21.3404
3955	3955	-25.433
3956	3956	-10.4388
3957	3957	-43.3893
3958	3958	22.1149
3959	3959	41.2204
3960	3960	21.3413
3961	3961	2.20251
3962	3962	21.0247
3963	3963	33.5689
3964	3964	1.86356
3965	3965	5.75526
3966	3966	-0.187088
3967	3967	-14.479
3968	3968	31.3995
3969	3969	7.78642
3970	3970	-35.272
3971	3971	-32.831
3972	3972	2.93681
3973	3973	-20.8807
3974	3974	33.8041
3975	3975	-2.75726
3976	3976	7.23465
3977	3977	4.57979
3978	3978	-46.4478
3979	3979	-26.6979
3980	3980	-9.64961
3981	3981	42.6544
3982	3982	51.1442
3983	3983	28.5271
3984	3984	-5.6908
3985	3985	4.47229
3986	3986	17.8878
3987	3987	7.47586
3988	3988	33.5611
3989	3989	22.8749
3990	3990	24.9034
3991	3991	22.5837
3992	3992	-23.7715
3993	3993	-7.4872
3994	3994	-0.431326
3995	3995	44.0814
3996	3996	-8.4321
3997	3997	63.699
3998	3998	-10.1805
3999	3999	11.0129
4000	4000	46.9774
4001	4001	-4.0609
4002	4002	22.1821
4003	4003	-24.3293
4004	4004	7.76082
4005	4005	-6.16958
4006	4006	4.04652
4007	4007	23.7068
4008	4008	-2.42757
4009	4009	-16.8058
4010	4010	26.3185
4011	4011	17.509
4012	4012	-4.2263
4013	4013	-24.7001
4014	4014	34.1781
4015	4015	33.3944
4016	4016	-9.13351
4017	4017	34.181
4018	4018	56.3152
4019	4019	7.20934
4020	4020	1.90321
4021	4021	0.978777
4022	4022	26.382
4023	4023	45.1283
4024	4024	-7.26651
4025	4025	-10.803
4026	4026	4.41994
4027	4027	-12.1156
4028	4028	-12.7304
4029	4029	-3.48856
4030	4030	-4.84884
4031	4031	-6.51456
4032	4032	26.2363
4033	4033	-15.2401
4034	4034	15.5309
4035	4035	-15.2072
4036	4036	-3.66041
4037	4037	11.3095
4038	4038	-27.0073
4039	4039	0.120912
4040	4040	-51.4888
4041	4041	21.9579
4042	4042	28.5409
4043	4043	27.5101
4044	4044	-1.054
4045	4045	9.30358
4046	4046	22.5728
4047	4047	47.7102
4048	4048	2.48121
4049	4049	-19.7921
4050	4050	7.66397
4051	4051	1.06143
4052	4052	-9.3488
4053	4053	-32.6388
4054	4054	-1.69723
4055	4055	46.8249
4056	4056	25.3402
4057	4057	-46.0063
4058	4058	-0.24527
4059	4059	-27.001
4060	4060	7.36159
4061	4061	-25.6242
4062	4062	13.3619
4063	4063	-7.34069
4064	4064	-1.87466
4065	4065	40.705
4066	4066	48.1783
4067	4067	9.24309
4068	4068	-13.8481
4069	4069	17.834
4070	4070	-6.68258
4071	4071	2.83125
4072	4072	-43.5786
4073	4073	-14.3405
4074	4074	-14.9947
4075	4075	-2.59996
4076	4076	-5.29238
4077	4077	-29.0221
4078	4078	-18.5031
4079	4079	3.18284
4080	4080	-13.0662
4081	4081	-7.83666
4082	4082	-15.3945
4083	4083	-7.39068
4084	4084	2.02899
4085	4085	-5.59212
4086	4086	13.2831
4087	4087	-2.79484
4088	4088	8.69527
4089	4089	10.849
4090	4090	19.6929
4091	4091	-38.8239
4092	4092	8.90827
4093	4093	-29.4903
4094	4094	28.2574
4095	4095	26.2617
4096	4096	-7.44664
4097	4097	-13.5781
4098	4098	-18.3256
4099	4099	5.02485
4100	4100	27.5271
4101	4101	-7.81559
4102	4102	1.3575
4103	4103	26.4976
4104	4104	29.5536
4105	4105	15.1544
4106	4106	-23.7738
4107	4107	27.88
4108	4108	0.28017
4109	4109	-30.6179
4110	4110	24.0091
4111	4111	-5.54825
4112	4112	56.3855
4113	4113	-24.2242
4114	4114	1.12512
4115	4115	-12.5204
4116	4116	10.6045
4117	4117	16.9009
4118	4118	-41.4034
4119	4119	21.9531
4120	4120	-19.2407
4121	4121	-22.0801
4122	4122	-45.4068
4123	4123	-14.979
4124	4124	-9.1417
4125	4125	6.74908
4126	4126	11.2519
4127	4127	9.20445
4128	4128	-77.5512
4129	4129	-8.48118
4130	4130	-5.58301
4131	4131	11.347
4132	4132	7.87278
4133	4133	36.0806
4134	4134	13.0261
4135	4135	-9.29448
4136	4136	34.2338
4137	4137	-7.12517
4138	4138	-26.0309
4139	4139	-10.5962
4140	4140	27.428
4141	4141	-3.25709
4142	4142	26.7843
4143	4143	15.3208
4144	4144	-7.71259
4145	4145	2.3302
4146	4146	-1.78712
4147	4147	-37.772
4148	4148	-1.64075
4149	4149	-2.67393
4150	4150	17.9166
4151	4151	-38.33
4152	4152	-1.47247
4153	4153	26.8181
4154	4154	-40.3544
4155	4155	-6.06126
4156	4156	27.1163
4157	4157	-3.22469
4158	4158	-27.9601
4159	4159	48.6639
4160	4160	12.7553
4161	4161	15.0567
4162	4162	-40.5129
4163	4163	2.81016
4164	4164	24.2912
4165	4165	-13.4788
4166	4166	15.6015
4167	4167	9.84427
4168	4168	30.8085
4169	4169	0.113945
4170	4170	-9.17223
4171	4171	-2.47381
4172	4172	-32.9196
4173	4173	15.9869
4174	4174	-19.3999
4175	4175	50.2419
4176	4176	-18.7037
4177	4177	40.9697
4178	4178	-27.5409
4179	4179	-21.8859
4180	4180	-29.3593
4181	4181	-12.9116
4182	4182	-12.0313
4183	4183	-41.7261
4184	4184	-8.41945
4185	4185	-9.32436
4186	4186	17.4055
4187	4187	-29.1769
4188	4188	24.5917
4189	4189	25.3661
4190	4190	12.3576
4191	4191	-4.52045
4192	4192	20.6655
4193	4193	-0.690982
4194	4194	9.07476
4195	4195	-4.53214
4196	4196	38.5898
4197	4197	-17.8236
4198	4198	12.3367
4199	4199	-48.3791
4200	4200	12.3758
4201	4201	-25.4303
4202	4202	-12.5817
4203	4203	-51.1904
4204	4204	-29.4104
4205	4205	6.88887
4206	4206	-19.8779
4207	4207	-11.3057
4208	4208	-43.371
4209	4209	6.02593
4210	4210	-23.1706
4211	4211	-8.91351
4212	4212	-8.72234
4213	4213	32.0478
4214	4214	12.0276
4215	4215	-6.46649
4216	4216	4.84689
4217	4217	17.7137
4218	4218	-19.4409
4219	4219	-26.3839
4220	4220	11.7745
4221	4221	-27.9548
4222	4222	-46.7316
4223	4223	5.52168
4224	4224	19.1064
4225	4225	-4.85146
4226	4226	-2.93083
4227	4227	-16.6605
4228	4228	53.6979
4229	4229	42.8047
4230	4230	-13.4925
4231	4231	13.5859
4232	4232	13.2386
4233	4233	-19.8565
4234	4234	-3.65518
4235	4235	-10.3382
4236	4236	11.0477
4237	4237	11.2822
4238	4238	-0.244968
4239	4239	6.58632
4240	4240	24.8639
4241	4241	-56.4829
4242	4242	-6.84347
4243	4243	32.9906
4244	4244	55.5368
4245	4245	-43.244
4246	4246	37.8174
4247	4247	-9.28069
4248	4248	-36.7154
4249	4249	-23.4308
4250	4250	-28.168
4251	4251	1.8985
4252	4252	-1.9358
4253	4253	-42.0338
4254	4254	24.2404
4255	4255	22.1422
4256	4256	-11.7289
4257	4257	-31.5068
4258	4258	-22.8533
4259	4259	-15.0077
4260	4260	-6.67237
4261	4261	-63.7621
4262	4262	26.0565
4263	4263	-4.33451
4264	4264	36.6292
4265	4265	-40.8691
4266	4266	10.2692
4267	4267	-42.5517
4268	4268	-32.575
4269	4269	-3.11147
4270	4270	-8.34969
4271	4271	-3.38243
4272	4272	-14.959
4273	4273	20.6504
4274	4274	-12.8354
4275	4275	25.831
4276	4276	-2.63086
4277	4277	22.1788
4278	4278	3.06857
4279	4279	3.05352
4280	4280	80.2944
4281	4281	0.142103
4282	4282	18.2154
4283	4283	17.6475
4284	4284	-11.6435
4285	4285	-12.3782
4286	4286	26.487
4287	4287	29.1654
4288	4288	-17.8189
4289	4289	-21.3021
4290	4290	4.60938
4291	4291	-12.4136
4292	4292	38.4955
4293	4293	-30.6595
4294	4294	9.57147
4295	4295	20.7818
4296	4296	43.5304
4297	4297	3.70255
4298	4298	31.3309
4299	4299	-34.1626
4300	4300	-18.0546
4301	4301	-32.541
4302	4302	-22.2446
4303	4303	-5.87319
4304	4304	-40.9447
4305	4305	-1.59661
4306	4306	16.683
4307	4307	-27.7186
4308	4308	26.8608
4309	4309	-8.27325
4310	4310	-3.83935
4311	4311	19.8388
4312	4312	15.9003
4313	4313	14.7717
4314	4314	2.033
4315	4315	9.10548
4316	4316	-24.6131
4317	4317	-17.0811
4318	4318	-5.61734
4319	4319	36.8315
4320	4320	0.4957
4321	4321	-27.6756
4322	4322	36.6517
4323	4323	34.2956
4324	4324	13.692
4325	4325	-11.3013
4326	4326	-7.36024
4327	4327	-16.5029
4328	4328	22.9586
4329	4329	14.2504
4330	4330	-2.36429
4331	4331	16.9723
4332	4332	26.5657
4333	4333	7.40674
4334	4334	1.71432
4335	4335	47.0989
4336	4336	10.5735
4337	4337	20.9592
4338	4338	-42.3184
4339	4339	-10.6685
4340	4340	-16.6231
4341	4341	-3.6488
4342	4342	-0.706481
4343	4343	30.5184
4344	4344	18.7388
4345	4345	-10.3663
4346	4346	5.22644
4347	4347	-22.2637
4348	4348	6.03655
4349	4349	3.76926
4350	4350	-37.1853
4351	4351	-25.8119
4352	4352	65.6935
4353	4353	4.12245
4354	4354	17.3966
4355	4355	-13.724
4356	4356	-40.8519
4357	4357	12.9013
4358	4358	-15.0371
4359	4359	6.12931
4360	4360	-21.068
4361	4361	43.5149
4362	4362	-5.82681
4363	4363	-3.5829
4364	4364	-10.0732
4365	4365	-47.4462
4366	4366	-38.7666
4367	4367	30.6521
4368	4368	-7.55348
4369	4369	45.5157
4370	4370	-26.7083
4371	4371	-0.317358
4372	4372	7.07463
4373	4373	-32.662
4374	4374	34.2785
4375	4375	13.5867
4376	4376	70.5655
4377	4377	-7.35969
4378	4378	-12.9731
4379	4379	-20.0022
4380	4380	29.2378
4381	4381	-4.36814
4382	4382	-5.84043
4383	4383	-26.6082
4384	4384	-41.9677
4385	4385	-5.22596
4386	4386	-7.90732
4387	4387	6.8246
4388	4388	6.86198
4389	4389	18.5162
4390	4390	-24.1257
4391	4391	-27.833
4392	4392	9.32098
4393	4393	-16.1027
4394	4394	14.5057
4395	4395	-12.581
4396	4396	-10.1694
4397	4397	19.9079
4398	4398	-43.2508
4399	4399	62.9987
4400	4400	-15.2112
4401	4401	24.8943
4402	4402	-9.41003
4403	4403	64.5888
4404	4404	10.5671
4405	4405	-9.36829
4406	4406	18.502
4407	4407	17.5474
4408	4408	-19.9298
4409	4409	-13.8342
4410	4410	26.3057
4411	4411	12.0049
4412	4412	1.41583
4413	4413	-35.372
4414	4414	-24.48
4415	4415	-26.2244
4416	4416	30.4344
4417	4417	7.34592
4418	4418	-30.4477
4419	4419	-41.9926
4420	4420	3.59338
4421	4421	-51.5067
4422	4422	-22.5368
4423	4423	20.9049
4424	4424	-12.5714
4425	4425	-50.0982
4426	4426	-19.9951
4427	4427	3.93448
4428	4428	-42.0594
4429	4429	-23.5259
4430	4430	37.0435
4431	4431	-52.58
4432	4432	15.3311
4433	4433	1.86133
4434	4434	-7.99745
4435	4435	-38.681
4436	4436	-10.5997
4437	4437	21.5826
4438	4438	19.0491
4439	4439	-21.507
4440	4440	-0.723672
4441	4441	54.0553
4442	4442	-38.0811
4443	4443	20.5982
4444	4444	30.3243
4445	4445	-19.6847
4446	4446	-0.100905
4447	4447	6.99893
4448	4448	-25.7274
4449	4449	-1.77448
4450	4450	-10.8279
4451	4451	12.0966
4452	4452	27.0784
4453	4453	-6.22574
4454	4454	-4.56555
4455	4455	33.1243
4456	4456	19.6674
4457	4457	-15.8799
4458	4458	11.7749
4459	4459	-42.2857
4460	4460	-14.801
4461	4461	-12.8508
4462	4462	19.7839
4463	4463	-42.7686
4464	4464	-49.4529
4465	4465	-14.4429
4466	4466	-7.37457
4467	4467	-13.6428
4468	4468	-31.6597
4469	4469	-8.19192
4470	4470	40.6563
4471	4471	41.5303
4472	4472	37.8405
4473	4473	3.21863
4474	4474	4.47554
4475	4475	11.3778
4476	4476	40.6591
4477	4477	-11.3202
4478	4478	34.1246
4479	4479	10.6551
4480	4480	39.8476
4481	4481	-49.2683
4482	4482	-39.5867
4483	4483	85.0446
4484	4484	15.7515
4485	4485	-39.7373
4486	4486	2.09317
4487	4487	-16.5934
4488	4488	38.697
4489	4489	12.9415
4490	4490	-16.4241
4491	4491	-30.4524
4492	4492	90.7338
4493	4493	-13.285
4494	4494	-22.0703
4495	4495	-6.56535
4496	4496	29.4669
4497	4497	-38.6221
4498	4498	13.4111
4499	4499	30.559
4500	4500	36.5387
4501	4501	42.3942
4502	4502	40.3835
4503	4503	-22.0177
4504	4504	-38.3921
4505	4505	-8.38393
4506	4506	-13.2884
4507	4507	-24.6162
4508	4508	16.7571
4509	4509	16.4067
4510	4510	-0.318917
4511	4511	3.60932
4512	4512	19.9744
4513	4513	31.4132
4514	4514	20.9154
4515	4515	0.868446
4516	4516	-1.24059
4517	4517	-10.6332
4518	4518	-33.3128
4519	4519	2.29819
4520	4520	-6.02368
4521	4521	-3.74143
4522	4522	12.5054
4523	4523	-9.66009
4524	4524	7.61869
4525	4525	1.30256
4526	4526	-30.5196
4527	4527	20.6624
4528	4528	-47.0536
4529	4529	0.347523
4530	4530	-2.58222
4531	4531	-13.0941
4532	4532	5.07713
4533	4533	12.589
4534	4534	-0.93887
4535	4535	-22.0766
4536	4536	-33.2676
4537	4537	41.7957
4538	4538	5.99292
4539	4539	-16.0377
4540	4540	6.78376
4541	4541	-3.69128
4542	4542	-9.14073
4543	4543	54.4696
4544	4544	-26.7326
4545	4545	-5.32136
4546	4546	-24.7436
4547	4547	-4.89609
4548	4548	-2.20409
4549	4549	49.7681
4550	4550	2.08066
4551	4551	14.0181
4552	4552	-3.76177
4553	4553	24.3563
4554	4554	17.1199
4555	4555	15.8166
4556	4556	8.98129
4557	4557	-31.3933
4558	4558	-32.6603
4559	4559	18.1226
4560	4560	-9.19939
4561	4561	7.67805
4562	4562	25.5775
4563	4563	-20.5192
4564	4564	-38.3603
4565	4565	-60.1215
4566	4566	23.9291
4567	4567	42.5783
4568	4568	11.2003
4569	4569	32.6074
4570	4570	-3.40712
4571	4571	-12.405
4572	4572	1.54382
4573	4573	-29.2405
4574	4574	46.9351
4575	4575	22.6158
4576	4576	25.7233
4577	4577	-14.6186
4578	4578	11.4932
4579	4579	53.9981
4580	4580	9.47712
4581	4581	31.337
4582	4582	-26.0903
4583	4583	9.73911
4584	4584	-25.9124
4585	4585	10.4647
4586	4586	7.38571
4587	4587	-25.1728
4588	4588	32.3674
4589	4589	11.3443
4590	4590	-28.7912
4591	4591	3.32887
4592	4592	-18.6229
4593	4593	19.2579
4594	4594	-6.42014
4595	4595	31.1774
4596	4596	-39.3418
4597	4597	-46.1789
4598	4598	58.8199
4599	4599	-1.71198
4600	4600	4.07783
4601	4601	71.2424
4602	4602	-10.6659
4603	4603	-23.2892
4604	4604	-12.3058
4605	4605	0.318274
4606	4606	-20.1625
4607	4607	2.99823
4608	4608	5.20432
4609	4609	-1.80089
4610	4610	0.823364
4611	4611	-46.4216
4612	4612	45.3808
4613	4613	-54.2392
4614	4614	-30.1669
4615	4615	-10.3427
4616	4616	16.6982
4617	4617	5.68903
4618	4618	-18.5876
4619	4619	-18.0027
4620	4620	14.9807
4621	4621	-10.4946
4622	4622	53.1105
4623	4623	-50.6934
4624	4624	-12.4313
4625	4625	37.0377
4626	4626	56.7407
4627	4627	10.4945
4628	4628	6.7746
4629	4629	2.73142
4630	4630	10.2234
4631	4631	-41.0174
4632	4632	-2.28482
4633	4633	-15.7841
4634	4634	-28.9823
4635	4635	-11.0456
4636	4636	-33.0167
4637	4637	-30.6324
4638	4638	12.0807
4639	4639	4.22583
4640	4640	-23.1149
4641	4641	9.50785
4642	4642	10.732
4643	4643	8.2618
4644	4644	-10.9794
4645	4645	-30.1763
4646	4646	-7.65024
4647	4647	-12.658
4648	4648	-28.04
4649	4649	2.46458
4650	4650	-5.11072
4651	4651	-11.496
4652	4652	-15.5847
4653	4653	25.5369
4654	4654	1.44712
4655	4655	-54.2262
4656	4656	-9.57907
4657	4657	-68.2279
4658	4658	17.6898
4659	4659	17.9125
4660	4660	8.71184
4661	4661	43.1198
4662	4662	22.1126
4663	4663	0.408992
4664	4664	-26.9983
4665	4665	-21.9252
4666	4666	-5.08062
4667	4667	1.7558
4668	4668	-18.8979
4669	4669	9.83425
4670	4670	-27.0452
4671	4671	7.69993
4672	4672	6.39735
4673	4673	14.9825
4674	4674	-10.3623
4675	4675	14.3939
4676	4676	11.9096
4677	4677	10.1466
4678	4678	31.1047
4679	4679	56.5029
4680	4680	-19.7722
4681	4681	-43.6883
4682	4682	4.75304
4683	4683	-26.0711
4684	4684	11.1231
4685	4685	14.1213
4686	4686	-9.43184
4687	4687	4.42776
4688	4688	-13.6253
4689	4689	-16.6663
4690	4690	2.0705
4691	4691	8.11678
4692	4692	12.9002
4693	4693	-15.838
4694	4694	5.74898
4695	4695	-5.81301
4696	4696	-35.841
4697	4697	-24.4312
4698	4698	-56.4139
4699	4699	-8.8155
4700	4700	9.47074
4701	4701	64.8959
4702	4702	-1.89381
4703	4703	-18.0986
4704	4704	-23.101
4705	4705	11.5751
4706	4706	-16.9986
4707	4707	-13.7529
4708	4708	1.08656
4709	4709	29.1651
4710	4710	6.45111
4711	4711	15.9148
4712	4712	-42.1055
4713	4713	19.1513
4714	4714	26.9671
4715	4715	3.57785
4716	4716	8.38757
4717	4717	-38.8793
4718	4718	-4.91808
4719	4719	-6.59645
4720	4720	35.23
4721	4721	-10.9622
4722	4722	29.8806
4723	4723	-21.095
4724	4724	18.2451
4725	4725	-3.23881
4726	4726	-12.9536
4727	4727	31.669
4728	4728	-7.46359
4729	4729	-33.2211
4730	4730	9.67546
4731	4731	-6.43985
4732	4732	-42.7434
4733	4733	-39.3515
4734	4734	-11.7822
4735	4735	25.721
4736	4736	-38.7944
4737	4737	-29.5961
4738	4738	-8.30945
4739	4739	-23.0153
4740	4740	-11.1604
4741	4741	-35.3142
4742	4742	-49.6901
4743	4743	10.9808
4744	4744	55.6717
4745	4745	10.3573
4746	4746	-28.2078
4747	4747	19.3109
4748	4748	-19.7098
4749	4749	20.1882
4750	4750	43.0541
4751	4751	-11.7593
4752	4752	-16.9536
4753	4753	70.6077
4754	4754	-4.98053
4755	4755	31.4315
4756	4756	-34.5712
4757	4757	-15.4395
4758	4758	-21.3554
4759	4759	-0.228427
4760	4760	-11.1438
4761	4761	58.463
4762	4762	-42.3347
4763	4763	-12.581
4764	4764	40.5747
4765	4765	13.9335
4766	4766	-1.97124
4767	4767	3.41268
4768	4768	31.8423
4769	4769	-31.8039
4770	4770	-1.35767
4771	4771	-20.2569
4772	4772	-5.0467
4773	4773	2.9702
4774	4774	57.0262
4775	4775	3.83514
4776	4776	-4.37949
4777	4777	-21.4001
4778	4778	0.0288426
4779	4779	11.1899
4780	4780	-11.6784
4781	4781	6.67411
4782	4782	-12.159
4783	4783	6.60649
4784	4784	67.7475
4785	4785	19.6496
4786	4786	-7.46425
4787	4787	10.0881
4788	4788	-35.2325
4789	4789	-11.2399
4790	4790	10.1137
4791	4791	10.0524
4792	4792	47.7052
4793	4793	67.521
4794	4794	-22.3792
4795	4795	21.3302
4796	4796	-3.77509
4797	4797	-4.07385
4798	4798	19.2022
4799	4799	-12.0231
