sample_id	sample_id2	phensim
zero	zero	-50.5598
1	1	16.4703
2	2	-13.2188
3	3	-22.3358
4	4	-4.74299
5	5	-2.52425
6	6	-13.5508
7	7	-33.2111
8	8	-30.3554
9	9	28.7585
10	10	-51.0497
11	11	-19.3439
12	12	-13.3453
13	13	-9.9566
14	14	-13.4004
15	15	16.0583
16	16	-34.6486
17	17	-23.0055
18	18	50.7106
19	19	11.6009
20	20	20.7039
21	21	5.92269
22	22	34.7444
23	23	-60.4356
24	24	33.2442
25	25	-6.93018
26	26	-15.4674
27	27	16.3155
28	28	-0.621257
29	29	-1.73943
30	30	9.11631
31	31	11.9272
32	32	3.18822
33	33	58.1929
34	34	-19.5653
35	35	-11.6895
36	36	-26.7357
37	37	3.12385
38	38	21.824
39	39	-26.3835
40	40	-19.7629
41	41	33.2229
42	42	18.7359
43	43	22.5874
44	44	-16.153
45	45	4.62885
46	46	42.842
47	47	-27.2975
48	48	-48.8887
49	49	1.72863
50	50	83.7213
51	51	12.5162
52	52	-4.17184
53	53	-45.8236
54	54	12.2088
55	55	-13.488
56	56	-13.9365
57	57	46.5758
58	58	-14.0758
59	59	25.6707
60	60	-4.20375
61	61	-0.789844
62	62	-12.6581
63	63	6.53591
64	64	-8.30542
65	65	15.3009
66	66	0.882408
67	67	-4.78654
68	68	-8.32447
69	69	-27.9502
70	70	-7.13906
71	71	47.5617
72	72	-2.90449
73	73	-3.25141
74	74	8.82056
75	75	-12.0142
76	76	23.7253
77	77	-1.56892
78	78	31.4305
79	79	-5.45431
80	80	27.0024
81	81	-8.47826
82	82	42.2274
83	83	18.6696
84	84	-8.92838
85	85	-14.0481
86	86	41.079
87	87	18.7355
88	88	0.191043
89	89	-21.7466
90	90	-26.6895
91	91	-10.711
92	92	3.07862
93	93	-51.6975
94	94	4.71265
95	95	7.20474
96	96	-3.76803
97	97	-17.9246
98	98	13.2447
99	99	-9.24446
100	100	-13.1881
101	101	21.8807
102	102	8.39604
103	103	-25.8036
104	104	8.17158
105	105	0.683973
106	106	2.74343
107	107	-4.25666
108	108	32.737
109	109	-33.1823
110	110	-4.74024
111	111	-6.50973
112	112	-30.7862
113	113	-29.9296
114	114	20.6896
115	115	-4.20757
116	116	34.0038
117	117	30.6204
118	118	-25.2801
119	119	39.4386
120	120	-19.8513
121	121	-3.24976
122	122	-23.071
123	123	18.6407
124	124	22.2306
125	125	2.34049
126	126	-10.9037
127	127	3.87359
128	128	-37.6578
129	129	5.13713
130	130	2.60919
131	131	-11.3812
132	132	7.27728
133	133	-4.16518
134	134	-14.0245
135	135	3.2255
136	136	15.9974
137	137	-8.68544
138	138	-21.8168
139	139	16.4531
140	140	26.2862
141	141	-0.964693
142	142	1.14493
143	143	22.2874
144	144	27.8448
145	145	2.71126
146	146	-47.6321
147	147	3.3118
148	148	-12.5362
149	149	-30.7979
150	150	-2.59046
151	151	-23.2389
152	152	-17.6869
153	153	-2.11263
154	154	-19.7078
155	155	-20.0423
156	156	-13.6866
157	157	7.28522
158	158	-33.5956
159	159	-26.6667
160	160	-40.8911
161	161	3.62554
162	162	-36.7347
163	163	-3.84873
164	164	-7.12729
165	165	-3.71939
166	166	13.9234
167	167	3.08473
168	168	-0.426541
169	169	27.6149
170	170	1.9796
171	171	-10.0101
172	172	-3.27487
173	173	6.30853
174	174	-51.7438
175	175	-1.2546
176	176	2.83431
177	177	-5.55518
178	178	-8.9367
179	179	16.5415
180	180	-41.292
181	181	8.07627
182	182	29.8399
183	183	-13.9683
184	184	-2.59425
185	185	-3.45186
186	186	-6.62802
187	187	-21.8325
188	188	-44.0962
189	189	13.2413
190	190	-22.1845
191	191	-23.6724
192	192	-3.97134
193	193	40.1797
194	194	49.8222
195	195	21.9868
196	196	19.5181
197	197	-12.2312
198	198	-9.60226
199	199	-17.4813
200	200	-26.6595
201	201	29.3636
202	202	-12.7666
203	203	14.5644
204	204	25.7432
205	205	-42.4995
206	206	-4.33934
207	207	18.4719
208	208	10.6633
209	209	18.999
210	210	14.6383
211	211	-6.93918
212	212	-8.38745
213	213	32.2924
214	214	32.4719
215	215	24.3686
216	216	-22.4167
217	217	46.0382
218	218	26.3033
219	219	-1.61635
220	220	24.4404
221	221	10.492
222	222	-5.56936
223	223	30.754
224	224	24.1507
225	225	22.0131
226	226	26.3846
227	227	2.55075
228	228	-40.1646
229	229	-33.1052
230	230	-7.37374
231	231	0.867484
232	232	-23.0964
233	233	-2.1159
234	234	36.8732
235	235	4.62865
236	236	24.5745
237	237	-14.3252
238	238	0.996438
239	239	16.8482
240	240	-41.8545
241	241	-3.24994
242	242	-49.9896
243	243	-28.1437
244	244	-19.0988
245	245	-22.8246
246	246	3.64995
247	247	11.1314
248	248	14.3034
249	249	29.9281
250	250	25.9972
251	251	-9.71833
252	252	4.94267
253	253	-27.0865
254	254	-9.63466
255	255	13.7293
256	256	-3.61696
257	257	13.3456
258	258	10.8248
259	259	6.36659
260	260	30.753
261	261	20.7032
262	262	6.95267
263	263	14.1679
264	264	2.97507
265	265	17.5726
266	266	-37.9697
267	267	-14.9448
268	268	5.12018
269	269	-19.5175
270	270	-4.091
271	271	-0.612494
272	272	-16.2274
273	273	13.7257
274	274	17.3977
275	275	0.29102
276	276	29.0861
277	277	9.99308
278	278	-43.9169
279	279	-33.6594
280	280	-26.7847
281	281	-27.421
282	282	3.66464
283	283	-10.1672
284	284	-7.81531
285	285	17.3906
286	286	3.22457
287	287	13.9917
288	288	7.51617
289	289	13.5855
290	290	22.5705
291	291	17.1711
292	292	54.0567
293	293	33.7855
294	294	-0.293606
295	295	-42.9507
296	296	-7.69463
297	297	-36.9688
298	298	6.03085
299	299	36.5969
300	300	27.1014
301	301	36.3624
302	302	-6.31
303	303	-20.8467
304	304	8.14375
305	305	45.1835
306	306	46.9104
307	307	54.1332
308	308	-25.1999
309	309	16.5378
310	310	-47.4885
311	311	-21.3375
312	312	-8.17314
313	313	-52.8626
314	314	-2.24907
315	315	-9.91185
316	316	4.99257
317	317	-40.8952
318	318	-8.25803
319	319	-6.19533
320	320	4.63153
321	321	-13.1821
322	322	-4.98648
323	323	8.11429
324	324	54.7778
325	325	-31.7281
326	326	-32.8453
327	327	-22.5199
328	328	-15.3893
329	329	26.4276
330	330	19.0468
331	331	-41.5
332	332	30.1234
333	333	-2.28961
334	334	-16.9713
335	335	19.3354
336	336	30.225
337	337	-26.8047
338	338	-10.5891
339	339	17.2418
340	340	-10.9606
341	341	17.8105
342	342	33.6762
343	343	16.4492
344	344	31.9569
345	345	-3.0221
346	346	-6.12083
347	347	11.6518
348	348	-5.06989
349	349	1.20103
350	350	-0.317052
351	351	-3.91711
352	352	17.5887
353	353	-8.81124
354	354	-11.4597
355	355	-12.9666
356	356	-25.4247
357	357	3.92057
358	358	9.14661
359	359	1.31293
360	360	-9.27372
361	361	-7.81948
362	362	0.935413
363	363	-2.54508
364	364	10.5306
365	365	-22.3431
366	366	-42.4548
367	367	-36.462
368	368	1.02716
369	369	10.5356
370	370	11.4166
371	371	-16.8525
372	372	2.96893
373	373	-8.56291
374	374	17.4302
375	375	24.0438
376	376	9.82071
377	377	18.9837
378	378	-19.1781
379	379	-24.2233
380	380	-18.5812
381	381	7.87147
382	382	27.4642
383	383	-25.2024
384	384	-14.2147
385	385	-7.51865
386	386	26.0272
387	387	-6.93549
388	388	-35.7383
389	389	26.5896
390	390	13.9608
391	391	3.96096
392	392	-9.37737
393	393	-10.7631
394	394	-11.2181
395	395	19.7881
396	396	-14.3173
397	397	-40.8259
398	398	13.5066
399	399	15.5139
400	400	6.73952
401	401	9.28397
402	402	28.5333
403	403	-4.14906
404	404	42.7261
405	405	47.7887
406	406	-11.784
407	407	29.4474
408	408	17.2032
409	409	1.12863
410	410	-13.4224
411	411	-44.6033
412	412	-19.4055
413	413	-8.21313
414	414	4.35094
415	415	-19.7778
416	416	23.9198
417	417	-16.7878
418	418	-6.34504
419	419	-13.719
420	420	-7.56981
421	421	-12.0042
422	422	-46.805
423	423	-0.75465
424	424	-15.5615
425	425	3.58965
426	426	-26.1797
427	427	0.542872
428	428	-33.7307
429	429	-37.9558
430	430	-16.5991
431	431	-10.3303
432	432	-28.8488
433	433	1.09681
434	434	-8.20188
435	435	21.0298
436	436	-6.53262
437	437	-3.97725
438	438	9.19905
439	439	-12.1235
440	440	21.9384
441	441	29.1663
442	442	25.9187
443	443	-47.0941
444	444	-7.51426
445	445	6.14702
446	446	-17.6046
447	447	27.9636
448	448	-25.8219
449	449	-25.6987
450	450	-6.87719
451	451	34.3166
452	452	0.377958
453	453	25.1784
454	454	27.1041
455	455	51.0598
456	456	-9.28179
457	457	-2.39203
458	458	-8.379
459	459	-10.9794
460	460	-30.0418
461	461	0.0803411
462	462	-29.7639
463	463	-2.25053
464	464	-6.04247
465	465	29.2455
466	466	-27.0614
467	467	20.2439
468	468	18.2806
469	469	-46.0646
470	470	-1.9323
471	471	14.7475
472	472	-24.1718
473	473	30.7262
474	474	24.877
475	475	6.05769
476	476	34.0292
477	477	-5.61592
478	478	-16.6359
479	479	15.3392
480	480	40.4474
481	481	0.983011
482	482	22.4797
483	483	3.70791
484	484	0.602783
485	485	-7.14971
486	486	12.7128
487	487	-7.78592
488	488	-25.0485
489	489	2.97808
490	490	12.1478
491	491	-34.1093
492	492	-22.3863
493	493	-50.222
494	494	20.7671
495	495	11.3595
496	496	-25.2482
497	497	17.8923
498	498	-22.6433
499	499	-15.0184
500	500	27.3649
501	501	8.85384
502	502	37.2004
503	503	6.41593
504	504	22.7108
505	505	-7.21997
506	506	35.3151
507	507	4.01236
508	508	-7.90846
509	509	10.1314
510	510	-9.67456
511	511	0.110617
512	512	-2.3304
513	513	32.4626
514	514	-14.6176
515	515	13.2037
516	516	13.0634
517	517	-24.0246
518	518	2.56145
519	519	19.2327
520	520	14.0905
521	521	48.1313
522	522	29.8598
523	523	-28.568
524	524	9.22011
525	525	-12.5104
526	526	42.7375
527	527	14.1447
528	528	33.6117
529	529	-10.6445
530	530	-7.56566
531	531	-10.1656
532	532	-20.1246
533	533	0.984969
534	534	-11.3428
535	535	23.5973
536	536	51.4549
537	537	1.57308
538	538	25.8324
539	539	46.1153
540	540	-6.68748
541	541	22.7839
542	542	-1.00159
543	543	14.6531
544	544	7.76256
545	545	-16.1665
546	546	13.0743
547	547	14.8277
548	548	-25.6967
549	549	5.63783
550	550	-3.67585
551	551	-19.9846
552	552	17.7968
553	553	-30.3087
554	554	19.8959
555	555	-10.4009
556	556	-5.27225
557	557	11.4545
558	558	-32.4689
559	559	25.7944
560	560	30.4428
561	561	-20.1439
562	562	36.2829
563	563	-28.6182
564	564	-7.98731
565	565	-14.5926
566	566	14.9921
567	567	-5.29612
568	568	-8.36632
569	569	-8.17995
570	570	-5.11592
571	571	40.6652
572	572	-16.9218
573	573	4.4164
574	574	-33.9949
575	575	-5.15899
576	576	-23.7188
577	577	-28.2134
578	578	-27.5304
579	579	3.63603
580	580	-2.21567
581	581	-33.996
582	582	-10.0657
583	583	19.5307
584	584	-30.2458
585	585	17.5546
586	586	-5.63231
587	587	-30.0615
588	588	-18.0949
589	589	-33.2199
590	590	-27.3501
591	591	45.4576
592	592	11.5682
593	593	20.873
594	594	12.9915
595	595	-21.924
596	596	-13.109
597	597	-14.9672
598	598	8.22143
599	599	8.88235
600	600	10.3565
601	601	-32.5757
602	602	17.9786
603	603	13.6917
604	604	-4.45368
605	605	-8.76708
606	606	5.2387
607	607	-5.00212
608	608	-24.265
609	609	-7.74821
610	610	15.3209
611	611	-18.143
612	612	-17.7061
613	613	-17.1506
614	614	5.77211
615	615	18.8049
616	616	-26.7734
617	617	-48.3895
618	618	-19.5863
619	619	-26.4647
620	620	-11.9185
621	621	-14.7808
622	622	7.96582
623	623	-10.3294
624	624	25.6593
625	625	19.6937
626	626	-15.2582
627	627	34.5981
628	628	24.8929
629	629	-19.8337
630	630	-24.4406
631	631	10.6901
632	632	19.7504
633	633	17.1945
634	634	-7.09412
635	635	32.2141
636	636	-10.0807
637	637	-25.427
638	638	-23.39
639	639	-13.9805
640	640	8.48805
641	641	-43.8243
642	642	10.3524
643	643	7.79607
644	644	24.8089
645	645	15.1569
646	646	-5.70847
647	647	20.1009
648	648	-33.2643
649	649	-16.7192
650	650	21.4688
651	651	28.3107
652	652	-2.4185
653	653	25.0257
654	654	20.4712
655	655	11.5408
656	656	-25.5344
657	657	-7.19272
658	658	-0.897205
659	659	-2.41213
660	660	26.7511
661	661	19.4129
662	662	-51.9343
663	663	-69.2563
664	664	19.3674
665	665	17.8229
666	666	-23.4613
667	667	-51.2759
668	668	-5.55173
669	669	39.8291
670	670	-45.6938
671	671	21.3902
672	672	13.5372
673	673	-28.5547
674	674	-32.906
675	675	16.5222
676	676	44.7932
677	677	21.408
678	678	20.1602
679	679	43.3017
680	680	-18.6403
681	681	-5.8918
682	682	30.046
683	683	-12.7439
684	684	25.4413
685	685	52.5005
686	686	11.8585
687	687	-27.2447
688	688	16.3722
689	689	-35.2855
690	690	-8.35932
691	691	-19.3383
692	692	6.23547
693	693	-2.78726
694	694	16.2662
695	695	-12.6243
696	696	-5.52235
697	697	-27.1842
698	698	2.33351
699	699	-2.997
700	700	-8.19581
701	701	-11.3858
702	702	15.4905
703	703	42.837
704	704	27.9607
705	705	-12.371
706	706	-39.715
707	707	-43.7949
708	708	38.269
709	709	-14.9568
710	710	-22.246
711	711	72.6258
712	712	34.7946
713	713	28.2368
714	714	-35.5013
715	715	-28.4369
716	716	-0.234525
717	717	10.4363
718	718	-42.8033
719	719	-8.38001
720	720	26.5991
721	721	-6.43215
722	722	-31.254
723	723	25.8016
724	724	-21.3262
725	725	-10.3278
726	726	33.6137
727	727	16.8791
728	728	4.69966
729	729	-12.3334
730	730	38.7973
731	731	17.9092
732	732	-29.3678
733	733	-24.5993
734	734	11.192
735	735	-42.685
736	736	16.9994
737	737	-14.6473
738	738	-24.7825
739	739	16.1666
740	740	-20.8654
741	741	-29.6728
742	742	4.0979
743	743	-1.34684
744	744	-16.8373
745	745	40.1783
746	746	10.0328
747	747	53.238
748	748	29.2343
749	749	1.00425
750	750	-14.3255
751	751	-28.3365
752	752	-2.33358
753	753	-1.91593
754	754	28.6539
755	755	-14.4072
756	756	45.2198
757	757	22.9316
758	758	32.9561
759	759	-21.2303
760	760	-22.1486
761	761	-24.3548
762	762	-6.7977
763	763	9.37238
764	764	17.983
765	765	-19.5158
766	766	36.1522
767	767	-3.04553
768	768	21.9433
769	769	4.99539
770	770	17.2602
771	771	-24.674
772	772	-42.0083
773	773	12.4067
774	774	-12.4495
775	775	-1.50498
776	776	30.587
777	777	33.8742
778	778	-1.6424
779	779	-21.1224
780	780	1.13697
781	781	9.15637
782	782	7.89059
783	783	-8.79014
784	784	13.5675
785	785	-8.06768
786	786	6.06914
787	787	-10.6986
788	788	34.3856
789	789	-31.8734
790	790	-1.42177
791	791	22.651
792	792	-1.81515
793	793	1.4766
794	794	-6.53776
795	795	-6.27749
796	796	-48.0538
797	797	1.08851
798	798	3.54576
799	799	13.9358
800	800	-10.3688
801	801	2.52107
802	802	-27.8594
803	803	-0.244159
804	804	1.70503
805	805	29.1195
806	806	-0.594101
807	807	-1.92966
808	808	-19.3189
809	809	-8.47215
810	810	-20.7515
811	811	-3.42066
812	812	14.621
813	813	33.5317
814	814	54.6345
815	815	-20.0691
816	816	22.9473
817	817	-33.9349
818	818	19.4035
819	819	39.8304
820	820	10.1252
821	821	-2.24948
822	822	-4.06432
823	823	-19.2165
824	824	-8.94701
825	825	-23.6995
826	826	23.3565
827	827	8.90684
828	828	-18.0159
829	829	-24.1806
830	830	23.0087
831	831	32.1962
832	832	13.8391
833	833	26.9067
834	834	-26.3042
835	835	40.6271
836	836	-3.96877
837	837	4.97645
838	838	-1.94163
839	839	9.34422
840	840	-25.4205
841	841	33.3073
842	842	-0.470714
843	843	-31.0278
844	844	18.3089
845	845	24.2392
846	846	-1.33534
847	847	-21.5287
848	848	25.0394
849	849	41.0009
850	850	26.4322
851	851	17.4508
852	852	-27.1575
853	853	-4.52574
854	854	8.50863
855	855	-50.3447
856	856	-8.0604
857	857	39.1632
858	858	10.3272
859	859	26.9825
860	860	-12.6382
861	861	32.9858
862	862	-44.08
863	863	26.4561
864	864	-2.89153
865	865	-11.5932
866	866	-31.5195
867	867	12.7787
868	868	-6.20168
869	869	-13.2063
870	870	18.0394
871	871	-29.4661
872	872	34.9417
873	873	8.9802
874	874	-4.0351
875	875	32.4293
876	876	31.6029
877	877	-43.4603
878	878	15.1249
879	879	6.399
880	880	32.9895
881	881	-10.8925
882	882	-0.37309
883	883	-8.59461
884	884	17.8282
885	885	20.4214
886	886	22.0976
887	887	8.59164
888	888	18.0514
889	889	28.5723
890	890	-1.31663
891	891	6.58805
892	892	-14.6332
893	893	-11.3325
894	894	-47.3814
895	895	-13.0826
896	896	18.2235
897	897	-17.9426
898	898	9.84478
899	899	-31.0483
900	900	-37.6152
901	901	3.38002
902	902	-38.2525
903	903	-3.8957
904	904	20.1086
905	905	-5.1743
906	906	4.66966
907	907	0.490215
908	908	8.36481
909	909	37.3579
910	910	35.5458
911	911	-41.0611
912	912	9.75576
913	913	37.8237
914	914	1.87687
915	915	-23.1276
916	916	-13.9507
917	917	-6.02438
918	918	10.6783
919	919	-22.5366
920	920	-33.8735
921	921	-59.2894
922	922	29.8298
923	923	26.9316
924	924	-1.06408
925	925	13.0935
926	926	23.2534
927	927	-16.4983
928	928	1.04094
929	929	31.8451
930	930	9.92116
931	931	7.59873
932	932	5.05928
933	933	76.2773
934	934	2.17195
935	935	2.63818
936	936	-24.1205
937	937	54.5413
938	938	27.7646
939	939	-13.1858
940	940	1.93038
941	941	2.36496
942	942	-16.0503
943	943	5.4574
944	944	-9.76497
945	945	3.0783
946	946	13.3322
947	947	-6.10928
948	948	26.0203
949	949	0.15349
950	950	-33.7636
951	951	34.3524
952	952	38.8773
953	953	-6.43151
954	954	9.6926
955	955	17.1132
956	956	8.74619
957	957	-7.49601
958	958	-19.1541
959	959	27.4619
960	960	-13.153
961	961	-25.9141
962	962	-11.7275
963	963	34.1936
964	964	-6.83326
965	965	22.0063
966	966	-8.57544
967	967	2.45522
968	968	40.5305
969	969	-9.09887
970	970	24.0184
971	971	15.8131
972	972	14.866
973	973	-5.93597
974	974	-15.2557
975	975	-5.01388
976	976	-2.63445
977	977	-1.48811
978	978	1.28874
979	979	35.6071
980	980	-11.7468
981	981	-19.1119
982	982	-5.46533
983	983	15.5291
984	984	-13.4989
985	985	24.1567
986	986	-39.6287
987	987	-5.17463
988	988	2.46151
989	989	-21.2614
990	990	10.1281
991	991	-8.58934
992	992	1.6659
993	993	-24.3824
994	994	49.3879
995	995	8.92313
996	996	-11.5835
997	997	4.87656
998	998	2.20077
999	999	1.94712
1000	1000	3.13146
1001	1001	39.2342
1002	1002	28.5921
1003	1003	7.43472
1004	1004	49.8598
1005	1005	-9.22697
1006	1006	29.2521
1007	1007	-14.2004
1008	1008	28.9194
1009	1009	-29.2414
1010	1010	-70.8095
1011	1011	23.4253
1012	1012	-23.1552
1013	1013	24.4027
1014	1014	11.8333
1015	1015	38.6065
1016	1016	-2.20355
1017	1017	-12.1465
1018	1018	-17.8177
1019	1019	11.5038
1020	1020	-41.7407
1021	1021	-4.77237
1022	1022	-14.6869
1023	1023	5.49686
1024	1024	14.893
1025	1025	7.09371
1026	1026	-31.6452
1027	1027	-8.41202
1028	1028	-11.2987
1029	1029	18.6517
1030	1030	4.89694
1031	1031	4.90742
1032	1032	5.79821
1033	1033	-17.4913
1034	1034	-20.9663
1035	1035	-39.9
1036	1036	-4.43392
1037	1037	-21.7655
1038	1038	53.5889
1039	1039	32.8331
1040	1040	-34.432
1041	1041	-15.4501
1042	1042	-6.60867
1043	1043	15.1598
1044	1044	12.959
1045	1045	3.02269
1046	1046	-1.92012
1047	1047	21.5698
1048	1048	0.833012
1049	1049	-3.13094
1050	1050	10.0735
1051	1051	17.0751
1052	1052	-7.34974
1053	1053	17.761
1054	1054	27.3193
1055	1055	-54.207
1056	1056	7.66999
1057	1057	5.53899
1058	1058	11.8147
1059	1059	23.5937
1060	1060	19.9595
1061	1061	44.9504
1062	1062	10.9057
1063	1063	4.22961
1064	1064	-51.4403
1065	1065	-5.28752
1066	1066	32.4963
1067	1067	-2.66156
1068	1068	-18.0961
1069	1069	-4.87628
1070	1070	-13.7802
1071	1071	-26.8845
1072	1072	12.7164
1073	1073	15.3141
1074	1074	-17.2641
1075	1075	1.07413
1076	1076	31.6921
1077	1077	14.9232
1078	1078	39.0582
1079	1079	-39.0398
1080	1080	18.0204
1081	1081	-10.0017
1082	1082	33.9567
1083	1083	-15.1247
1084	1084	-8.2902
1085	1085	-21.6906
1086	1086	-31.4846
1087	1087	48.8122
1088	1088	-8.8559
1089	1089	8.13001
1090	1090	-2.30487
1091	1091	42.7937
1092	1092	18.4978
1093	1093	36.2593
1094	1094	-15.8174
1095	1095	48.6095
1096	1096	-18.1034
1097	1097	14.3345
1098	1098	4.74979
1099	1099	23.1778
1100	1100	-11.5165
1101	1101	-28.6635
1102	1102	-22.0109
1103	1103	-40.8304
1104	1104	38.5437
1105	1105	26.835
1106	1106	-16.0426
1107	1107	3.89145
1108	1108	-9.39234
1109	1109	-13.9409
1110	1110	9.9499
1111	1111	16.8093
1112	1112	-1.76675
1113	1113	6.04129
1114	1114	5.61207
1115	1115	-22.3504
1116	1116	-8.58435
1117	1117	61.6872
1118	1118	11.9816
1119	1119	-50.2736
1120	1120	1.45167
1121	1121	-43.5048
1122	1122	-16.0294
1123	1123	-54.3557
1124	1124	-12.1289
1125	1125	26.9959
1126	1126	-19.5169
1127	1127	-57.0759
1128	1128	56.9808
1129	1129	-25.8486
1130	1130	-1.72439
1131	1131	30.6398
1132	1132	19.8307
1133	1133	-15.9727
1134	1134	-10.7725
1135	1135	35.4845
1136	1136	-43.2685
1137	1137	28.1209
1138	1138	-49.5019
1139	1139	-10.4695
1140	1140	-6.57531
1141	1141	-36.2058
1142	1142	30.6703
1143	1143	-5.24458
1144	1144	5.83911
1145	1145	-3.7255
1146	1146	-19.6104
1147	1147	44.8178
1148	1148	6.72087
1149	1149	-11.5833
1150	1150	8.02183
1151	1151	-32.9759
1152	1152	29.1268
1153	1153	8.4711
1154	1154	46.5031
1155	1155	5.44712
1156	1156	-39.2338
1157	1157	-41.4153
1158	1158	-8.64056
1159	1159	67.528
1160	1160	4.18236
1161	1161	30.2909
1162	1162	17.6412
1163	1163	-14.7611
1164	1164	23.4589
1165	1165	-9.44586
1166	1166	-10.7019
1167	1167	2.17685
1168	1168	-51.4331
1169	1169	10.6305
1170	1170	-12.9956
1171	1171	0.713535
1172	1172	-2.46578
1173	1173	23.6366
1174	1174	-16.6142
1175	1175	25.5122
1176	1176	10.34
1177	1177	-11.6167
1178	1178	16.9299
1179	1179	16.4421
1180	1180	23.0159
1181	1181	42.1281
1182	1182	-34.2593
1183	1183	-19.9577
1184	1184	-31.54
1185	1185	10.7362
1186	1186	13.983
1187	1187	-17.2112
1188	1188	11.1947
1189	1189	-26.2208
1190	1190	15.3744
1191	1191	-26.7723
1192	1192	15.9207
1193	1193	0.613558
1194	1194	-39.0979
1195	1195	-36.3169
1196	1196	-10.7855
1197	1197	8.12288
1198	1198	-17.9162
1199	1199	3.40528
1200	1200	26.8478
1201	1201	-22.7658
1202	1202	28.3213
1203	1203	-24.0686
1204	1204	-31.6982
1205	1205	27.3035
1206	1206	42.6115
1207	1207	-13.2156
1208	1208	23.9182
1209	1209	21.2747
1210	1210	10.9806
1211	1211	-17.1587
1212	1212	11.172
1213	1213	-8.21366
1214	1214	-22.0996
1215	1215	17.1446
1216	1216	-54.5656
1217	1217	-10.4968
1218	1218	31.7618
1219	1219	5.35309
1220	1220	-28.3275
1221	1221	16.4323
1222	1222	-0.033858
1223	1223	-7.08141
1224	1224	37.312
1225	1225	-13.1622
1226	1226	24.6101
1227	1227	11.0528
1228	1228	16.2699
1229	1229	-16.8778
1230	1230	26.6064
1231	1231	-7.78173
1232	1232	-0.176854
1233	1233	-28.5935
1234	1234	3.12035
1235	1235	-27.397
1236	1236	1.01034
1237	1237	3.01513
1238	1238	30.1127
1239	1239	10.0942
1240	1240	2.82344
1241	1241	14.3661
1242	1242	5.22598
1243	1243	11.7461
1244	1244	35.3854
1245	1245	25.3583
1246	1246	-42.9725
1247	1247	-22.6226
1248	1248	-12.6844
1249	1249	60.7008
1250	1250	8.18578
1251	1251	-21.5556
1252	1252	33.6603
1253	1253	19.2581
1254	1254	5.99577
1255	1255	33.3999
1256	1256	-40.9927
1257	1257	-1.69471
1258	1258	4.01199
1259	1259	31.0981
1260	1260	-3.58839
1261	1261	-24.713
1262	1262	-3.43237
1263	1263	-19.6945
1264	1264	-18.7289
1265	1265	-14.4109
1266	1266	-21.9486
1267	1267	-1.1836
1268	1268	-1.23286
1269	1269	-39.5014
1270	1270	-12.6952
1271	1271	27.5794
1272	1272	13.3978
1273	1273	-1.74072
1274	1274	16.8941
1275	1275	28.3527
1276	1276	29.7879
1277	1277	11.1744
1278	1278	-1.98665
1279	1279	-29.8653
1280	1280	-6.0655
1281	1281	13.7505
1282	1282	-16.1932
1283	1283	13.8108
1284	1284	-31.1228
1285	1285	-6.4562
1286	1286	-22.4069
1287	1287	23.7135
1288	1288	-26.6969
1289	1289	12.5114
1290	1290	-48.9685
1291	1291	-22.6369
1292	1292	4.72239
1293	1293	1.27903
1294	1294	-19.0775
1295	1295	31.9608
1296	1296	33.6695
1297	1297	-7.54318
1298	1298	24.0456
1299	1299	-1.19837
1300	1300	-1.17004
1301	1301	-28.7698
1302	1302	8.53003
1303	1303	13.8587
1304	1304	-47.9137
1305	1305	-28.0835
1306	1306	-0.997887
1307	1307	30.4926
1308	1308	-14.866
1309	1309	8.3892
1310	1310	-0.78496
1311	1311	5.55642
1312	1312	-22.9091
1313	1313	35.5075
1314	1314	30.467
1315	1315	-9.99492
1316	1316	-24.4301
1317	1317	-18.4466
1318	1318	-35.0169
1319	1319	23.3147
1320	1320	-10.6687
1321	1321	-36.2329
1322	1322	10.8781
1323	1323	-8.27186
1324	1324	-23.2253
1325	1325	13.9567
1326	1326	-9.18094
1327	1327	11.7106
1328	1328	-19.4316
1329	1329	-7.81412
1330	1330	39.0983
1331	1331	32.4246
1332	1332	34.8231
1333	1333	-2.8185
1334	1334	35.0575
1335	1335	-21.4492
1336	1336	3.52111
1337	1337	-34.5455
1338	1338	-5.7367
1339	1339	18.9417
1340	1340	-15.4342
1341	1341	19.4311
1342	1342	-5.16561
1343	1343	-18.4608
1344	1344	-10.8972
1345	1345	-26.2822
1346	1346	36.3181
1347	1347	40.8248
1348	1348	26.8149
1349	1349	-9.25429
1350	1350	-32.6421
1351	1351	3.68005
1352	1352	-30.7293
1353	1353	-20.2314
1354	1354	14.2185
1355	1355	-35.9094
1356	1356	-31.0755
1357	1357	0.997
1358	1358	-14.017
1359	1359	22.5955
1360	1360	-27.3926
1361	1361	9.89553
1362	1362	-12.5354
1363	1363	43.5421
1364	1364	-25.3716
1365	1365	6.00243
1366	1366	-17.8554
1367	1367	15.0137
1368	1368	18.9135
1369	1369	16.6021
1370	1370	-1.84438
1371	1371	14.729
1372	1372	-40.9378
1373	1373	8.12634
1374	1374	-20.9775
1375	1375	-36.274
1376	1376	23.4525
1377	1377	9.96477
1378	1378	-25.9218
1379	1379	0.403417
1380	1380	-59.562
1381	1381	-23.0828
1382	1382	21.7711
1383	1383	26.0261
1384	1384	-34.1264
1385	1385	9.62424
1386	1386	-36.89
1387	1387	36.5169
1388	1388	-22.6024
1389	1389	-1.88179
1390	1390	3.93992
1391	1391	-23.9934
1392	1392	28.2444
1393	1393	-7.57185
1394	1394	13.8932
1395	1395	-1.55903
1396	1396	6.35216
1397	1397	-49.0325
1398	1398	5.33388
1399	1399	22.1692
1400	1400	5.02714
1401	1401	-37.0653
1402	1402	31.644
1403	1403	-6.37024
1404	1404	3.74353
1405	1405	-3.5021
1406	1406	-2.06648
1407	1407	20.6072
1408	1408	-60.7371
1409	1409	32.1614
1410	1410	2.93056
1411	1411	-8.55969
1412	1412	-28.33
1413	1413	-12.3373
1414	1414	-4.37876
1415	1415	-31.8772
1416	1416	25.8902
1417	1417	-15.8072
1418	1418	-0.604155
1419	1419	27.3033
1420	1420	-3.09648
1421	1421	-11.3135
1422	1422	-29.0624
1423	1423	17.8916
1424	1424	44.5859
1425	1425	34.6544
1426	1426	-36.8089
1427	1427	-53.5584
1428	1428	28.659
1429	1429	-41.4793
1430	1430	-11.4496
1431	1431	24.4991
1432	1432	-14.2122
1433	1433	-19.3038
1434	1434	-9.90817
1435	1435	12.3199
1436	1436	-4.99639
1437	1437	1.03086
1438	1438	7.71298
1439	1439	-15.529
1440	1440	31.88
1441	1441	-9.39275
1442	1442	-8.78266
1443	1443	-11.0421
1444	1444	-4.61727
1445	1445	14.7429
1446	1446	-13.3745
1447	1447	-29.7244
1448	1448	51.9788
1449	1449	-16.2878
1450	1450	-11.707
1451	1451	-23.4219
1452	1452	-24.1756
1453	1453	0.663577
1454	1454	9.40273
1455	1455	-3.41426
1456	1456	-9.97216
1457	1457	25.4692
1458	1458	19.1279
1459	1459	7.59688
1460	1460	15.6208
1461	1461	11.7416
1462	1462	-25.9203
1463	1463	-12.2964
1464	1464	1.62038
1465	1465	5.25119
1466	1466	-1.30796
1467	1467	57.7865
1468	1468	-5.93285
1469	1469	-8.39918
1470	1470	-34.6167
1471	1471	31.9506
1472	1472	5.54178
1473	1473	4.86445
1474	1474	30.9536
1475	1475	-18.0684
1476	1476	-3.72324
1477	1477	-20.8323
1478	1478	25.5381
1479	1479	-25.5724
1480	1480	-16.6064
1481	1481	15.4606
1482	1482	5.96286
1483	1483	-14.9868
1484	1484	33.1562
1485	1485	-4.50515
1486	1486	11.4263
1487	1487	15.5362
1488	1488	6.26979
1489	1489	-25.4474
1490	1490	-5.34036
1491	1491	4.49454
1492	1492	-28.3859
1493	1493	36.0192
1494	1494	31.6096
1495	1495	-0.256331
1496	1496	11.212
1497	1497	26.123
1498	1498	25.2474
1499	1499	6.34532
1500	1500	-40.3456
1501	1501	32.7279
1502	1502	-1.65124
1503	1503	-15.8442
1504	1504	19.129
1505	1505	-22.9431
1506	1506	-10.2193
1507	1507	30.8751
1508	1508	8.44339
1509	1509	-22.7729
1510	1510	1.29191
1511	1511	28.7709
1512	1512	15.4203
1513	1513	-39.3623
1514	1514	43.3801
1515	1515	34.0019
1516	1516	22.9992
1517	1517	20.2328
1518	1518	-2.90867
1519	1519	-14.1025
1520	1520	-57.4221
1521	1521	3.00675
1522	1522	-53.9848
1523	1523	32.2497
1524	1524	17.9443
1525	1525	-14.4906
1526	1526	13.3446
1527	1527	-15.9886
1528	1528	-23.3788
1529	1529	35.3693
1530	1530	-4.5588
1531	1531	-6.98165
1532	1532	-50.5332
1533	1533	-13.8783
1534	1534	1.62076
1535	1535	-11.0359
1536	1536	-8.45538
1537	1537	-1.53366
1538	1538	2.89898
1539	1539	14.8314
1540	1540	10.4786
1541	1541	33.0615
1542	1542	-16.4855
1543	1543	1.22502
1544	1544	12.2549
1545	1545	9.48529
1546	1546	-8.59809
1547	1547	49.0487
1548	1548	-34.7752
1549	1549	-32.4974
1550	1550	-12.8477
1551	1551	6.05128
1552	1552	-13.2077
1553	1553	-15.3276
1554	1554	12.5629
1555	1555	-29.108
1556	1556	-26.3148
1557	1557	-21.7109
1558	1558	-8.68263
1559	1559	-8.50161
1560	1560	-32.2938
1561	1561	4.62557
1562	1562	-0.539864
1563	1563	-32.8442
1564	1564	-9.04133
1565	1565	25.3392
1566	1566	17.1288
1567	1567	10.2772
1568	1568	14.4509
1569	1569	-34.524
1570	1570	51.4125
1571	1571	29.7566
1572	1572	34.9322
1573	1573	-2.22961
1574	1574	9.52907
1575	1575	9.46727
1576	1576	25.6053
1577	1577	-21.7155
1578	1578	0.0571287
1579	1579	-6.49958
1580	1580	-16.7218
1581	1581	-4.99428
1582	1582	34.0251
1583	1583	-5.03656
1584	1584	-20.3092
1585	1585	1.11336
1586	1586	4.2846
1587	1587	-51.227
1588	1588	-11.6579
1589	1589	-7.85907
1590	1590	15.6495
1591	1591	-24.3943
1592	1592	3.37796
1593	1593	-14.8846
1594	1594	-43.6298
1595	1595	24.0616
1596	1596	-36.1645
1597	1597	-15.5019
1598	1598	2.76077
1599	1599	30.087
1600	1600	-16.8508
1601	1601	6.65185
1602	1602	34.7205
1603	1603	-23.5174
1604	1604	-1.03209
1605	1605	-43.0757
1606	1606	-37.7695
1607	1607	-36.4838
1608	1608	-28.2232
1609	1609	-11.9421
1610	1610	-28.0603
1611	1611	-4.839
1612	1612	-7.19888
1613	1613	-44.1711
1614	1614	-15.8845
1615	1615	-38.3201
1616	1616	17.1559
1617	1617	-23.5195
1618	1618	-7.87194
1619	1619	-10.5159
1620	1620	-9.59707
1621	1621	0.614465
1622	1622	-16.7247
1623	1623	2.55851
1624	1624	13.6154
1625	1625	10.1576
1626	1626	1.59918
1627	1627	35.4212
1628	1628	-15.8734
1629	1629	43.9027
1630	1630	-14.2829
1631	1631	50.8306
1632	1632	23.6302
1633	1633	-26.4107
1634	1634	42.0656
1635	1635	46.7441
1636	1636	16.2333
1637	1637	-9.68437
1638	1638	-19.4098
1639	1639	-21.6239
1640	1640	-1.56257
1641	1641	-6.19532
1642	1642	20.3779
1643	1643	36.261
1644	1644	13.698
1645	1645	37.9389
1646	1646	-50.6789
1647	1647	-4.95599
1648	1648	-51.543
1649	1649	10.6384
1650	1650	-21.6612
1651	1651	9.66187
1652	1652	-21.3008
1653	1653	26.7237
1654	1654	-35.9446
1655	1655	-8.86121
1656	1656	-12.5844
1657	1657	-6.25061
1658	1658	-3.8251
1659	1659	9.4035
1660	1660	5.50419
1661	1661	14.945
1662	1662	-26.7705
1663	1663	-4.63844
1664	1664	22.9332
1665	1665	-4.97095
1666	1666	31.5782
1667	1667	15.4702
1668	1668	25.1185
1669	1669	-21.5478
1670	1670	-9.90854
1671	1671	20.9018
1672	1672	-9.49926
1673	1673	-0.225426
1674	1674	-31.1322
1675	1675	36.7961
1676	1676	-22.1212
1677	1677	-2.72775
1678	1678	-6.75123
1679	1679	36.6161
1680	1680	3.50995
1681	1681	13.517
1682	1682	-16.1939
1683	1683	-13.8307
1684	1684	-16.8623
1685	1685	14.4225
1686	1686	34.0075
1687	1687	-35.5892
1688	1688	28.4784
1689	1689	-26.6061
1690	1690	6.88514
1691	1691	-36.8048
1692	1692	6.73119
1693	1693	-11.0664
1694	1694	-19.4017
1695	1695	-6.97887
1696	1696	-24.7359
1697	1697	4.21922
1698	1698	-12.4222
1699	1699	-3.30774
1700	1700	-3.5358
1701	1701	34.2982
1702	1702	13.8894
1703	1703	2.20516
1704	1704	-11.1836
1705	1705	2.28299
1706	1706	-5.1731
1707	1707	21.5351
1708	1708	10.1767
1709	1709	-8.74981
1710	1710	-12.4997
1711	1711	18.0609
1712	1712	-12.6664
1713	1713	28.5398
1714	1714	25.5372
1715	1715	21.6595
1716	1716	-2.73717
1717	1717	51.5647
1718	1718	-35.5034
1719	1719	28.3618
1720	1720	23.7022
1721	1721	-16.6903
1722	1722	31.8228
1723	1723	9.7404
1724	1724	9.81707
1725	1725	-32.5079
1726	1726	-9.81478
1727	1727	5.10936
1728	1728	-6.23075
1729	1729	-6.2407
1730	1730	1.39836
1731	1731	-2.85066
1732	1732	19.9861
1733	1733	-34.9734
1734	1734	-14.011
1735	1735	-8.75887
1736	1736	-0.548046
1737	1737	17.2048
1738	1738	42.988
1739	1739	-13.0426
1740	1740	-20.5936
1741	1741	46.7419
1742	1742	-10.201
1743	1743	-13.9443
1744	1744	14.8753
1745	1745	32.7847
1746	1746	-8.37373
1747	1747	-28.4889
1748	1748	-26.4071
1749	1749	26.4604
1750	1750	29.1814
1751	1751	-7.01938
1752	1752	40.212
1753	1753	41.1871
1754	1754	-47.0239
1755	1755	10.9453
1756	1756	-4.50857
1757	1757	12.7365
1758	1758	27.2786
1759	1759	29.7537
1760	1760	-19.0946
1761	1761	16.1215
1762	1762	-11.0723
1763	1763	-38.1901
1764	1764	-25.4679
1765	1765	33.5147
1766	1766	-66.1538
1767	1767	-12.3898
1768	1768	-22.6503
1769	1769	16.2663
1770	1770	-12.3243
1771	1771	25.7657
1772	1772	7.32759
1773	1773	17.7837
1774	1774	-16.9104
1775	1775	-18.9465
1776	1776	16.5628
1777	1777	-12.7384
1778	1778	49.7724
1779	1779	-24.3889
1780	1780	-8.14571
1781	1781	-20.77
1782	1782	-15.5752
1783	1783	-19.649
1784	1784	11.6021
1785	1785	10.0628
1786	1786	16.6418
1787	1787	17.1052
1788	1788	-26.4666
1789	1789	17.8413
1790	1790	-22.0948
1791	1791	38.9779
1792	1792	-18.1841
1793	1793	44.527
1794	1794	4.89076
1795	1795	-25.1853
1796	1796	-27.0093
1797	1797	10.3457
1798	1798	8.00618
1799	1799	-5.74757
1800	1800	37.7246
1801	1801	-5.684
1802	1802	-8.45403
1803	1803	1.47731
1804	1804	-8.26318
1805	1805	-7.83926
1806	1806	-3.54606
1807	1807	-12.1335
1808	1808	-27.2775
1809	1809	-0.757393
1810	1810	1.18267
1811	1811	-0.598929
1812	1812	13.6711
1813	1813	-11.8993
1814	1814	-22.7012
1815	1815	23.3472
1816	1816	-12.6305
1817	1817	1.95808
1818	1818	-1.87552
1819	1819	-19.3099
1820	1820	-9.57077
1821	1821	-3.76118
1822	1822	12.9055
1823	1823	-16.2937
1824	1824	14.8746
1825	1825	-18.578
1826	1826	21.3657
1827	1827	12.9619
1828	1828	6.52855
1829	1829	3.6952
1830	1830	-0.16957
1831	1831	-41.1567
1832	1832	-8.04204
1833	1833	-7.73436
1834	1834	8.45874
1835	1835	-1.7936
1836	1836	15.4975
1837	1837	-0.402372
1838	1838	50.3641
1839	1839	3.28897
1840	1840	12.5367
1841	1841	-9.6404
1842	1842	37.483
1843	1843	6.3847
1844	1844	8.95539
1845	1845	13.3956
1846	1846	-3.20567
1847	1847	72.2377
1848	1848	-2.90811
1849	1849	-18.5335
1850	1850	-23.5831
1851	1851	-2.85852
1852	1852	15.0446
1853	1853	23.6106
1854	1854	-20.3677
1855	1855	-2.00215
1856	1856	-44.5276
1857	1857	11.6682
1858	1858	31.3456
1859	1859	-9.47041
1860	1860	10.8322
1861	1861	15.8407
1862	1862	13.0633
1863	1863	-13.7725
1864	1864	-2.51495
1865	1865	3.09169
1866	1866	-6.46047
1867	1867	19.3282
1868	1868	7.03535
1869	1869	-37.0685
1870	1870	-24.269
1871	1871	-14.3382
1872	1872	16.2135
1873	1873	30.1339
1874	1874	26.8615
1875	1875	-41.675
1876	1876	-7.08907
1877	1877	15.8294
1878	1878	-19.2049
1879	1879	-47.8006
1880	1880	-12.1782
1881	1881	-22.7084
1882	1882	-34.6264
1883	1883	-5.7147
1884	1884	-13.3274
1885	1885	40.6224
1886	1886	-39.1737
1887	1887	-1.18098
1888	1888	42.522
1889	1889	33.5783
1890	1890	-28.3275
1891	1891	-0.759025
1892	1892	27.8821
1893	1893	-14.1253
1894	1894	-31.6095
1895	1895	-15.6746
1896	1896	-8.61391
1897	1897	10.2292
1898	1898	-17.5263
1899	1899	27.2231
1900	1900	-8.50487
1901	1901	-5.20924
1902	1902	-19.7864
1903	1903	-9.94728
1904	1904	0.68676
1905	1905	22.648
1906	1906	-24.5788
1907	1907	-12.389
1908	1908	7.05414
1909	1909	0.516246
1910	1910	-19.8106
1911	1911	11.7331
1912	1912	54.8478
1913	1913	17.8099
1914	1914	-19.206
1915	1915	5.04948
1916	1916	-19.4995
1917	1917	14.6366
1918	1918	24.8326
1919	1919	41.4014
1920	1920	11.84
1921	1921	34.795
1922	1922	7.16008
1923	1923	18.1371
1924	1924	45.6055
1925	1925	36.6552
1926	1926	-2.7342
1927	1927	29.7299
1928	1928	-27.0023
1929	1929	-28.0844
1930	1930	5.19072
1931	1931	5.21785
1932	1932	12.6262
1933	1933	-1.04694
1934	1934	0.45654
1935	1935	-16.0597
1936	1936	37.5294
1937	1937	-22.6363
1938	1938	-4.63346
1939	1939	-2.23846
1940	1940	-5.45758
1941	1941	34.5625
1942	1942	30.9507
1943	1943	-9.08718
1944	1944	15.5141
1945	1945	-5.51503
1946	1946	-8.98904
1947	1947	-3.37927
1948	1948	0.0659417
1949	1949	3.8442
1950	1950	4.2466
1951	1951	57.9727
1952	1952	51.308
1953	1953	11.9321
1954	1954	21.0393
1955	1955	-1.9674
1956	1956	-24.8647
1957	1957	-1.46987
1958	1958	10.4967
1959	1959	-27.9415
1960	1960	19.606
1961	1961	-16.0981
1962	1962	26.0675
1963	1963	44.9423
1964	1964	8.92769
1965	1965	11.0865
1966	1966	10.7978
1967	1967	4.22303
1968	1968	0.20554
1969	1969	2.28966
1970	1970	35.664
1971	1971	-18.1754
1972	1972	8.22925
1973	1973	14.3011
1974	1974	15.4224
1975	1975	-21.4136
1976	1976	-49.4832
1977	1977	46.7638
1978	1978	39.1884
1979	1979	30.3893
1980	1980	-14.9889
1981	1981	-23.8444
1982	1982	29.4991
1983	1983	11.0096
1984	1984	-4.55324
1985	1985	-24.8509
1986	1986	-30.1063
1987	1987	-15.8514
1988	1988	-17.3805
1989	1989	-10.3091
1990	1990	4.56885
1991	1991	18.9769
1992	1992	-19.7228
1993	1993	21.8629
1994	1994	-27.8287
1995	1995	-23.9852
1996	1996	2.94192
1997	1997	-33.3233
1998	1998	-1.34125
1999	1999	0.587048
2000	2000	9.46042
2001	2001	16.7051
2002	2002	5.41541
2003	2003	0.463055
2004	2004	2.14514
2005	2005	-12.2875
2006	2006	-7.63659
2007	2007	-1.9922
2008	2008	23.9491
2009	2009	-15.3202
2010	2010	-15.285
2011	2011	26.6106
2012	2012	22.9278
2013	2013	12.0125
2014	2014	-4.79769
2015	2015	25.9017
2016	2016	-4.98626
2017	2017	18.6612
2018	2018	12.0751
2019	2019	26.5144
2020	2020	-3.24083
2021	2021	-9.90826
2022	2022	-3.34539
2023	2023	-57.4926
2024	2024	6.76646
2025	2025	15.759
2026	2026	-13.6732
2027	2027	7.54233
2028	2028	22.604
2029	2029	2.29578
2030	2030	-25.6595
2031	2031	41.3288
2032	2032	16.1964
2033	2033	-16.2529
2034	2034	-45.6376
2035	2035	12.2349
2036	2036	18.5025
2037	2037	3.78354
2038	2038	1.992
2039	2039	-54.9018
2040	2040	21.3637
2041	2041	19.7661
2042	2042	-22.0924
2043	2043	14.5234
2044	2044	-12.16
2045	2045	16.0611
2046	2046	-36.8574
2047	2047	9.77664
2048	2048	-2.03379
2049	2049	31.7173
2050	2050	-1.73318
2051	2051	26.1799
2052	2052	-23.4926
2053	2053	-49.7281
2054	2054	11.4716
2055	2055	13.4199
2056	2056	-44.2136
2057	2057	14.309
2058	2058	44.637
2059	2059	5.20938
2060	2060	12.7113
2061	2061	0.878213
2062	2062	-48.0682
2063	2063	-7.65719
2064	2064	41.5006
2065	2065	-18.1642
2066	2066	-17.5431
2067	2067	-11.3422
2068	2068	38.6339
2069	2069	24.9246
2070	2070	-9.18356
2071	2071	-9.02146
2072	2072	40.2464
2073	2073	-31.6022
2074	2074	39.6011
2075	2075	-22.7093
2076	2076	31.2807
2077	2077	18.5466
2078	2078	20.5733
2079	2079	-7.89658
2080	2080	-48.0979
2081	2081	-2.19472
2082	2082	22.882
2083	2083	1.272
2084	2084	-0.755277
2085	2085	-33.593
2086	2086	-3.99764
2087	2087	16.6152
2088	2088	-1.04119
2089	2089	1.94394
2090	2090	29.9309
2091	2091	-14.0095
2092	2092	30.8194
2093	2093	46.6403
2094	2094	29.7392
2095	2095	42.1451
2096	2096	29.1788
2097	2097	6.96889
2098	2098	0.722593
2099	2099	-12.2808
2100	2100	-26.0826
2101	2101	30.6558
2102	2102	17.8179
2103	2103	41.1245
2104	2104	11.0941
2105	2105	29.2801
2106	2106	29.1301
2107	2107	-11.2238
2108	2108	2.57466
2109	2109	-2.0082
2110	2110	-40.9874
2111	2111	20.1002
2112	2112	31.5469
2113	2113	-5.43127
2114	2114	-24.0921
2115	2115	-11.3645
2116	2116	-3.31971
2117	2117	8.70946
2118	2118	-21.3924
2119	2119	-29.4947
2120	2120	-10.8306
2121	2121	2.852
2122	2122	15.0589
2123	2123	-9.36521
2124	2124	-3.62677
2125	2125	11.4808
2126	2126	-17.5682
2127	2127	-1.53847
2128	2128	-22.3426
2129	2129	59.3854
2130	2130	-1.23861
2131	2131	-1.57714
2132	2132	-2.8662
2133	2133	-2.23273
2134	2134	5.77023
2135	2135	1.85217
2136	2136	11.9393
2137	2137	-41.7164
2138	2138	-41.6441
2139	2139	-1.19541
2140	2140	-38.2365
2141	2141	-31.8816
2142	2142	-28.0155
2143	2143	-16.9662
2144	2144	-2.24763
2145	2145	-30.8761
2146	2146	-16.7031
2147	2147	-34.3657
2148	2148	5.16445
2149	2149	17.5001
2150	2150	-2.0766
2151	2151	1.84577
2152	2152	-7.04039
2153	2153	36.5733
2154	2154	22.1053
2155	2155	-44.5667
2156	2156	17.9453
2157	2157	32.7659
2158	2158	-8.63899
2159	2159	-41.7823
2160	2160	8.79644
2161	2161	-11.6804
2162	2162	-21.6838
2163	2163	16.651
2164	2164	-56.4322
2165	2165	-20.7531
2166	2166	0.95543
2167	2167	11.2966
2168	2168	17.1122
2169	2169	3.17785
2170	2170	-4.69508
2171	2171	-16.0184
2172	2172	-19.803
2173	2173	-6.29713
2174	2174	17.2238
2175	2175	0.388045
2176	2176	-12.4525
2177	2177	36.3624
2178	2178	-0.116156
2179	2179	-12.2808
2180	2180	-7.63714
2181	2181	-43.4218
2182	2182	-7.49215
2183	2183	-8.2138
2184	2184	-23.9703
2185	2185	-42.4529
2186	2186	-13.7539
2187	2187	20.5796
2188	2188	-3.70872
2189	2189	5.99678
2190	2190	-24.9836
2191	2191	-27.7019
2192	2192	1.85293
2193	2193	6.58848
2194	2194	0.0961319
2195	2195	-11.1697
2196	2196	23.0786
2197	2197	-36.0014
2198	2198	13.1803
2199	2199	38.3071
2200	2200	44.8505
2201	2201	-4.73329
2202	2202	18.4096
2203	2203	33.2204
2204	2204	16.0877
2205	2205	8.79956
2206	2206	23.4955
2207	2207	-9.3148
2208	2208	-23.9745
2209	2209	3.27711
2210	2210	-6.94403
2211	2211	-49.0557
2212	2212	4.56675
2213	2213	-3.35316
2214	2214	22.2639
2215	2215	-17.5111
2216	2216	3.20002
2217	2217	-14.5716
2218	2218	-5.97524
2219	2219	1.5423
2220	2220	-17.745
2221	2221	24.5064
2222	2222	-2.45033
2223	2223	9.43916
2224	2224	0.33152
2225	2225	46.3163
2226	2226	-13.4692
2227	2227	-32.4046
2228	2228	-28.8748
2229	2229	-50.4877
2230	2230	10.2597
2231	2231	25.1373
2232	2232	-6.18449
2233	2233	37.6025
2234	2234	9.83071
2235	2235	-33.0813
2236	2236	9.10876
2237	2237	13.3664
2238	2238	-11.8872
2239	2239	32.2129
2240	2240	23.8792
2241	2241	31.0607
2242	2242	-30.9944
2243	2243	-11.5923
2244	2244	-12.243
2245	2245	-15.7078
2246	2246	-8.41346
2247	2247	8.31207
2248	2248	-29.3384
2249	2249	-17.1666
2250	2250	26.4421
2251	2251	1.26624
2252	2252	-25.5665
2253	2253	-16.4461
2254	2254	-34.6735
2255	2255	-10.4482
2256	2256	-25.1467
2257	2257	26.3838
2258	2258	-30.0294
2259	2259	-1.21391
2260	2260	60.1791
2261	2261	21.6851
2262	2262	-7.66729
2263	2263	-16.7044
2264	2264	-4.33698
2265	2265	23.4622
2266	2266	48.4515
2267	2267	48.1047
2268	2268	-18.5252
2269	2269	25.8017
2270	2270	20.1718
2271	2271	23.4026
2272	2272	-8.35992
2273	2273	-33.0464
2274	2274	56.8496
2275	2275	12.3473
2276	2276	-7.85664
2277	2277	-13.4212
2278	2278	4.15808
2279	2279	11.8235
2280	2280	-12.0135
2281	2281	-31.7429
2282	2282	-2.47304
2283	2283	26.8437
2284	2284	22.1166
2285	2285	-29.7524
2286	2286	-11.4086
2287	2287	-18.608
2288	2288	33.6886
2289	2289	1.88941
2290	2290	-21.0046
2291	2291	-23.0847
2292	2292	6.98635
2293	2293	-14.0095
2294	2294	-1.94236
2295	2295	31.4588
2296	2296	29.652
2297	2297	-55.8618
2298	2298	8.39402
2299	2299	18.6523
2300	2300	-21.3637
2301	2301	34.0842
2302	2302	15.7462
2303	2303	-50.9512
2304	2304	4.94298
2305	2305	15.9672
2306	2306	-48.2719
2307	2307	-15.8053
2308	2308	-5.51649
2309	2309	-4.8962
2310	2310	18.4182
2311	2311	-12.6599
2312	2312	-21.7316
2313	2313	-42.0743
2314	2314	12.076
2315	2315	21.744
2316	2316	25.8758
2317	2317	-24.1679
2318	2318	-11.0552
2319	2319	-62.6583
2320	2320	-0.970987
2321	2321	-19.3153
2322	2322	19.3431
2323	2323	-10.5139
2324	2324	37.6805
2325	2325	-23.3006
2326	2326	-11.8372
2327	2327	14.3451
2328	2328	-3.36687
2329	2329	32.0777
2330	2330	0.137592
2331	2331	-11.5775
2332	2332	39.6341
2333	2333	27.0202
2334	2334	3.46911
2335	2335	21.3491
2336	2336	34.8205
2337	2337	24.3339
2338	2338	-14.9624
2339	2339	-16.3354
2340	2340	-40.203
2341	2341	-36.1611
2342	2342	-9.14507
2343	2343	-25.8068
2344	2344	-13.2512
2345	2345	-10.8034
2346	2346	-19.7588
2347	2347	38.091
2348	2348	-12.2591
2349	2349	15.0956
2350	2350	-29.616
2351	2351	30.276
2352	2352	7.55429
2353	2353	-23.2373
2354	2354	-5.16156
2355	2355	-13.5981
2356	2356	-6.71476
2357	2357	-14.4994
2358	2358	-41.3698
2359	2359	5.55341
2360	2360	0.789403
2361	2361	-10.9986
2362	2362	14.5396
2363	2363	13.2568
2364	2364	12.1329
2365	2365	8.30418
2366	2366	23.4045
2367	2367	-44.5203
2368	2368	-16.3926
2369	2369	3.26164
2370	2370	-13.7782
2371	2371	-30.3772
2372	2372	-31.718
2373	2373	2.83116
2374	2374	-8.12491
2375	2375	8.99719
2376	2376	9.3334
2377	2377	12.4827
2378	2378	-8.38917
2379	2379	-31.3912
2380	2380	-19.4047
2381	2381	-4.9418
2382	2382	15.6025
2383	2383	58.05
2384	2384	-16.2662
2385	2385	-31.2952
2386	2386	37.636
2387	2387	-1.26117
2388	2388	-17.612
2389	2389	23.9144
2390	2390	32.9891
2391	2391	27.4232
2392	2392	-30.4926
2393	2393	-26.3215
2394	2394	4.57916
2395	2395	-55.919
2396	2396	4.50698
2397	2397	-0.869071
2398	2398	-16.4955
2399	2399	-2.82424
