sample_id	sample_id2	phensim
zero	zero	-33.9927
1	1	30.4814
2	2	13.8651
3	3	5.05517
4	4	-21.2278
5	5	-18.1576
6	6	-13.2473
7	7	-2.43076
8	8	-6.57473
9	9	35.4842
10	10	-14.4149
11	11	-23.768
12	12	11.2989
13	13	-23.9503
14	14	-14.0198
15	15	14.8767
16	16	-1.90722
17	17	7.05839
18	18	0.0669191
19	19	-21.7567
20	20	-16.0293
21	21	2.54501
22	22	42.8512
23	23	-27.2549
24	24	31.9804
25	25	-11.552
26	26	4.53464
27	27	-17.1645
28	28	18.1937
29	29	19.6133
30	30	-4.72877
31	31	9.03248
32	32	-2.95906
33	33	-19.155
34	34	6.97612
35	35	-12.569
36	36	14.1648
37	37	6.81645
38	38	-14.9696
39	39	-0.41511
40	40	-3.3505
41	41	-2.35533
42	42	2.85431
43	43	11.1056
44	44	-10.2704
45	45	-3.62325
46	46	34.0569
47	47	-6.66131
48	48	-4.65172
49	49	-3.38469
50	50	-7.82201
51	51	18.6381
52	52	13.8359
53	53	9.27742
54	54	10.9138
55	55	0.183597
56	56	-2.61453
57	57	0.986749
58	58	-0.573297
59	59	-27.998
60	60	-21.57
61	61	-16.7369
62	62	-2.30484
63	63	-8.00169
64	64	21.4838
65	65	-17.6137
66	66	1.44159
67	67	-23.4413
68	68	-4.43764
69	69	-16.2896
70	70	11.173
71	71	11.7809
72	72	16.8838
73	73	29.5229
74	74	-7.6706
75	75	-4.80064
76	76	42.5257
77	77	-13.4977
78	78	3.65359
79	79	-4.37876
80	80	-19.5889
81	81	-11.403
82	82	33.5949
83	83	6.54959
84	84	-3.71638
85	85	28.4422
86	86	33.1388
87	87	3.60231
88	88	-10.4173
89	89	-1.89486
90	90	20.9164
91	91	3.87369
92	92	5.69936
93	93	22.9709
94	94	1.92886
95	95	-26.4643
96	96	19.8489
97	97	27.9361
98	98	-14.8632
99	99	-7.0722
100	100	-13.4192
101	101	9.47005
102	102	15.6794
103	103	-5.72584
104	104	-17.6409
105	105	-7.23885
106	106	-10.4642
107	107	6.8174
108	108	-7.19345
109	109	-11.3883
110	110	-2.64494
111	111	-4.46891
112	112	-9.53186
113	113	-15.0073
114	114	-1.92934
115	115	-15.3644
116	116	-0.831014
117	117	4.9456
118	118	-21.945
119	119	-9.20384
120	120	-11.6362
121	121	16.1491
122	122	-14.0777
123	123	-13.8431
124	124	-11.7052
125	125	22.1141
126	126	-0.352701
127	127	15.2058
128	128	1.07867
129	129	2.46267
130	130	1.1038
131	131	7.31463
132	132	-17.4866
133	133	-9.16267
134	134	-0.132114
135	135	10.6995
136	136	-6.28274
137	137	-8.47271
138	138	23.991
139	139	-11.2947
140	140	48.9148
141	141	-3.36359
142	142	-14.377
143	143	0.787937
144	144	-5.2099
145	145	-4.66087
146	146	-1.32314
147	147	22.4959
148	148	-15.987
149	149	-24.2675
150	150	-8.12286
151	151	-11.0915
152	152	5.87636
153	153	-26.5797
154	154	3.52428
155	155	-11.8262
156	156	-9.15721
157	157	12.7814
158	158	-1.14039
159	159	-9.70936
160	160	-12.5014
161	161	-5.12164
162	162	14.3627
163	163	4.50318
164	164	-6.11545
165	165	-10.4829
166	166	-6.13707
167	167	10.7018
168	168	3.61107
169	169	-30.1283
170	170	-10.4346
171	171	-8.79491
172	172	-25.1283
173	173	23.6708
174	174	8.23309
175	175	7.33353
176	176	-6.75374
177	177	5.67167
178	178	28.4705
179	179	-36.4009
180	180	-8.37601
181	181	-9.56492
182	182	-16.9
183	183	-17.6365
184	184	-1.15693
185	185	-9.45446
186	186	0.559752
187	187	2.62289
188	188	-8.38677
189	189	-21.2257
190	190	21.9432
191	191	-19.1175
192	192	-18.8123
193	193	15.2613
194	194	-4.85724
195	195	-2.22487
196	196	-19.6396
197	197	29.8364
198	198	-11.5513
199	199	0.77162
200	200	2.63854
201	201	15.6216
202	202	-20.9371
203	203	11.3067
204	204	8.39972
205	205	-12.0035
206	206	4.77777
207	207	1.14535
208	208	-6.92207
209	209	-4.59797
210	210	-28.107
211	211	-0.524104
212	212	12.4001
213	213	-11.2713
214	214	24.4868
215	215	-11.4207
216	216	-2.89366
217	217	-2.54149
218	218	3.61481
219	219	16.744
220	220	-22.5433
221	221	-24.6076
222	222	13.3304
223	223	15.2847
224	224	-4.4647
225	225	-6.43187
226	226	-1.31862
227	227	26.828
228	228	4.96886
229	229	19.0394
230	230	-11.9814
231	231	-20.8721
232	232	8.69046
233	233	-14.8381
234	234	31.6684
235	235	-6.55401
236	236	-13.2527
237	237	20.9759
238	238	-27.3238
239	239	-17.57
240	240	0.754533
241	241	0.555459
242	242	3.3981
243	243	12.0644
244	244	11.444
245	245	-15.2482
246	246	11.3361
247	247	-0.543358
248	248	32.1612
249	249	-3.86457
250	250	32.5529
251	251	-24.74
252	252	-10.4298
253	253	-37.5652
254	254	-6.45824
255	255	23.56
256	256	15.8802
257	257	13.3688
258	258	-38.4332
259	259	-18.9001
260	260	47.7843
261	261	-6.97032
262	262	11.6427
263	263	-8.1722
264	264	-11.1593
265	265	-27.9775
266	266	19.2853
267	267	3.26904
268	268	16.6102
269	269	-21.9563
270	270	-5.74712
271	271	-22.3219
272	272	-20.2233
273	273	-6.21814
274	274	-0.283446
275	275	-2.26805
276	276	-14.8012
277	277	-15.2433
278	278	-0.192473
279	279	16.7783
280	280	20.0304
281	281	-10.2252
282	282	19.1909
283	283	-0.0666409
284	284	13.1591
285	285	-14.1386
286	286	-4.12841
287	287	19.9641
288	288	6.01085
289	289	31.3811
290	290	46.1317
291	291	11.7163
292	292	-28.6629
293	293	4.89292
294	294	-4.1713
295	295	0.173903
296	296	-0.208123
297	297	-5.61632
298	298	13.7152
299	299	0.614432
300	300	20.6847
301	301	4.66253
302	302	24.3844
303	303	8.62658
304	304	-5.48244
305	305	10.3966
306	306	-4.53849
307	307	25.6392
308	308	-3.3614
309	309	20.2226
310	310	4.33293
311	311	-2.89072
312	312	12.9979
313	313	-4.48389
314	314	1.79687
315	315	-7.68178
316	316	9.51797
317	317	-7.73366
318	318	-2.51454
319	319	9.81436
320	320	-21.8199
321	321	-33.0601
322	322	-11.4748
323	323	-7.46338
324	324	12.9785
325	325	-10.7291
326	326	-9.94139
327	327	-6.14608
328	328	-24.3587
329	329	-2.2486
330	330	3.07415
331	331	4.09453
332	332	-22.6738
333	333	7.70793
334	334	8.3621
335	335	29.8732
336	336	-12.407
337	337	-12.7971
338	338	13.5257
339	339	-27.159
340	340	-17.6624
341	341	-8.85556
342	342	-2.4814
343	343	23.0137
344	344	-28.9449
345	345	-4.67518
346	346	-4.53234
347	347	-11.8079
348	348	11.7157
349	349	-16.4743
350	350	4.75715
351	351	-18.3826
352	352	-16.611
353	353	-5.72348
354	354	-17.2982
355	355	-0.592342
356	356	-13.4863
357	357	8.0833
358	358	3.21925
359	359	6.86455
360	360	5.57751
361	361	-12.7419
362	362	-12.7971
363	363	-0.393277
364	364	-26.0031
365	365	-3.03176
366	366	6.24448
367	367	-8.4225
368	368	-12.3707
369	369	2.39726
370	370	1.08012
371	371	0.334283
372	372	19.5298
373	373	-6.68994
374	374	5.42301
375	375	28.818
376	376	-12.7133
377	377	-3.67167
378	378	1.02936
379	379	8.72141
380	380	-35.9836
381	381	-26.2591
382	382	12.2848
383	383	-9.3694
384	384	-20.1197
385	385	-16.5452
386	386	-28.5947
387	387	9.61491
388	388	-0.820251
389	389	18.0842
390	390	15.622
391	391	1.3372
392	392	-11.5769
393	393	-3.90702
394	394	5.79293
395	395	-7.68474
396	396	-13.6582
397	397	-25.6373
398	398	3.31589
399	399	-2.2632
400	400	-9.96826
401	401	8.13399
402	402	-11.4243
403	403	-0.0509109
404	404	1.86126
405	405	-2.81861
406	406	37.0405
407	407	19.1485
408	408	0.531665
409	409	-0.124912
410	410	7.55565
411	411	8.14021
412	412	-19.6377
413	413	-0.140201
414	414	10.7383
415	415	14.869
416	416	-22.859
417	417	6.72942
418	418	24.5234
419	419	9.71726
420	420	7.94685
421	421	19.1881
422	422	23.2134
423	423	-20.7287
424	424	-19.7921
425	425	4.26317
426	426	-14.7388
427	427	-4.65188
428	428	5.07307
429	429	-12.6792
430	430	-13.9167
431	431	5.52127
432	432	-29.6062
433	433	4.85543
434	434	2.52938
435	435	-3.69629
436	436	-14.1241
437	437	-11.6927
438	438	2.5618
439	439	8.88064
440	440	-17.3861
441	441	38.026
442	442	21.4363
443	443	-22.9313
444	444	-3.69868
445	445	8.76015
446	446	-21.8155
447	447	12.3072
448	448	5.71971
449	449	-19.3617
450	450	0.516046
451	451	-7.48345
452	452	-10.1392
453	453	4.46535
454	454	10.974
455	455	5.47801
456	456	-10.9013
457	457	10.2188
458	458	-3.89265
459	459	-0.972379
460	460	-29.5937
461	461	1.42565
462	462	15.9
463	463	8.72487
464	464	14.4556
465	465	-2.84502
466	466	-18.2617
467	467	-18.7182
468	468	-4.5826
469	469	-24.7787
470	470	-2.54255
471	471	3.54829
472	472	22.0675
473	473	-1.51783
474	474	-16.8978
475	475	-38.1039
476	476	8.74739
477	477	0.267433
478	478	-5.94383
479	479	-20.9046
480	480	42.4933
481	481	-8.62377
482	482	-17.2786
483	483	1.28482
484	484	19.249
485	485	-7.29212
486	486	-8.49328
487	487	-7.87813
488	488	8.89152
489	489	-13.3955
490	490	22.6323
491	491	-6.8045
492	492	2.95512
493	493	18.798
494	494	-15.8976
495	495	-2.68333
496	496	13.354
497	497	-8.47318
498	498	22.9092
499	499	-0.384664
500	500	19.3008
501	501	-9.3585
502	502	-9.53366
503	503	-5.16561
504	504	23.4285
505	505	10.1403
506	506	5.48749
507	507	-4.90854
508	508	-7.22669
509	509	-12.6537
510	510	17.2321
511	511	-5.5688
512	512	-27.7533
513	513	9.52865
514	514	-11.8255
515	515	-36.3091
516	516	-7.04706
517	517	16.7696
518	518	3.90229
519	519	-25.8052
520	520	8.24299
521	521	9.85471
522	522	-13.8436
523	523	-2.29862
524	524	12.9645
525	525	-7.23883
526	526	-0.544403
527	527	-10.4357
528	528	9.37421
529	529	-2.06289
530	530	-9.79709
531	531	16.8704
532	532	7.90361
533	533	-9.47601
534	534	1.20304
535	535	-19.8939
536	536	7.31191
537	537	-16.1049
538	538	-10.3571
539	539	22.1993
540	540	-13.2171
541	541	-6.93114
542	542	1.17705
543	543	12.2443
544	544	12.4455
545	545	4.49151
546	546	7.13842
547	547	24.8476
548	548	1.25431
549	549	-3.83776
550	550	-11.8032
551	551	13.5253
552	552	26.525
553	553	7.18871
554	554	-15.7139
555	555	-23.8591
556	556	-9.0437
557	557	-12.9129
558	558	2.58383
559	559	19.2944
560	560	-7.4129
561	561	-0.543999
562	562	-6.28734
563	563	-12.7851
564	564	-4.56833
565	565	-0.204874
566	566	13.0882
567	567	-7.15464
568	568	-12.9963
569	569	-4.23759
570	570	-0.150792
571	571	-1.82949
572	572	-7.77074
573	573	-25.7375
574	574	-9.65069
575	575	-0.655158
576	576	2.75067
577	577	-3.37115
578	578	-9.64194
579	579	7.58504
580	580	-15.9306
581	581	-15.4582
582	582	43.6168
583	583	12.6707
584	584	7.62649
585	585	3.24493
586	586	6.56442
587	587	-18.6335
588	588	-9.53689
589	589	-4.33596
590	590	17.6199
591	591	26.814
592	592	-36.9083
593	593	-5.13351
594	594	-11.2623
595	595	-5.09335
596	596	7.18252
597	597	-15.3814
598	598	-7.67719
599	599	20.2911
600	600	29.3837
601	601	-4.30649
602	602	23.753
603	603	7.12872
604	604	18.5705
605	605	11.2164
606	606	-13.1916
607	607	17.312
608	608	-11.2113
609	609	-27.6091
610	610	-24.3916
611	611	18.332
612	612	-18.4231
613	613	5.6182
614	614	-1.84722
615	615	5.36683
616	616	15.7763
617	617	-4.61469
618	618	-5.50279
619	619	5.89743
620	620	2.32003
621	621	3.918
622	622	-25.506
623	623	6.91325
624	624	13.3986
625	625	-22.3979
626	626	3.44783
627	627	44.9824
628	628	-27.0339
629	629	5.8262
630	630	-15.2825
631	631	-7.31343
632	632	-18.6831
633	633	10.7861
634	634	-14.6066
635	635	-2.19189
636	636	6.97048
637	637	21.9255
638	638	-9.90249
639	639	-4.85278
640	640	-15.0121
641	641	-12.9663
642	642	-2.04421
643	643	10.0632
644	644	26.4174
645	645	-27.6966
646	646	-1.46064
647	647	12.5877
648	648	13.1765
649	649	-22.0951
650	650	11.2707
651	651	7.68268
652	652	-0.419476
653	653	28.6826
654	654	-13.2328
655	655	8.6759
656	656	6.13724
657	657	-14.7513
658	658	-27.3008
659	659	-22.4936
660	660	11.6628
661	661	-21.7311
662	662	-15.6627
663	663	-5.50375
664	664	8.2415
665	665	-1.27199
666	666	-26.2191
667	667	-30.3772
668	668	19.6276
669	669	-22.1447
670	670	9.04882
671	671	-49.467
672	672	6.92814
673	673	-3.76099
674	674	20.5211
675	675	8.94841
676	676	35.6354
677	677	-11.0187
678	678	-8.8482
679	679	-14.4244
680	680	-0.334073
681	681	-4.35468
682	682	1.31164
683	683	2.52323
684	684	-27.0446
685	685	20.4754
686	686	16.5357
687	687	-4.54901
688	688	-21.5601
689	689	-9.85909
690	690	26.9385
691	691	-9.60041
692	692	7.61414
693	693	-2.15728
694	694	-10.0084
695	695	11.1943
696	696	-11.0485
697	697	18.1278
698	698	-31.5583
699	699	2.72105
700	700	3.96917
701	701	23.5589
702	702	-19.67
703	703	-2.21185
704	704	-17.5151
705	705	-9.25953
706	706	-0.840703
707	707	-15.4423
708	708	22.1285
709	709	-6.41137
710	710	-9.3505
711	711	20.1546
712	712	-22.71
713	713	-7.8698
714	714	11.0979
715	715	-2.01114
716	716	25.7768
717	717	-25.5884
718	718	-10.6946
719	719	2.81872
720	720	-3.75111
721	721	35.4035
722	722	-15.9257
723	723	-13.5279
724	724	17.4499
725	725	-18.5485
726	726	11.2082
727	727	-1.41838
728	728	-11.6204
729	729	3.16881
730	730	21.3962
731	731	17.5288
732	732	-9.25905
733	733	-8.66118
734	734	-13.6833
735	735	3.1488
736	736	7.60359
737	737	-1.6019
738	738	-7.44415
739	739	20.4028
740	740	0.824097
741	741	-2.3698
742	742	10.8605
743	743	17.0268
744	744	-1.77418
745	745	36.8411
746	746	-29.9152
747	747	2.26857
748	748	0.597766
749	749	9.65416
750	750	-29.7841
751	751	-26.3301
752	752	38.5388
753	753	-9.47936
754	754	-3.76673
755	755	3.84366
756	756	-6.8012
757	757	36.0288
758	758	-1.06433
759	759	-15.6483
760	760	11.9091
761	761	10.6883
762	762	18.4059
763	763	26.3561
764	764	32.7265
765	765	-10.5169
766	766	0.123873
767	767	-9.26779
768	768	10.4589
769	769	-0.103159
770	770	9.19627
771	771	7.40124
772	772	12.2937
773	773	-16.8953
774	774	-32.9916
775	775	33.7811
776	776	1.43513
777	777	32.1235
778	778	10.5166
779	779	29.5316
780	780	13.7595
781	781	-35.8615
782	782	11.7381
783	783	4.54874
784	784	-20.0155
785	785	8.23852
786	786	19.3057
787	787	1.99415
788	788	49.9015
789	789	-15.696
790	790	-22.3665
791	791	-21.4942
792	792	10.9345
793	793	11.8779
794	794	-17.3212
795	795	15.6311
796	796	-11.648
797	797	14.7706
798	798	-7.86195
799	799	-24.0159
800	800	-5.07019
801	801	36.2402
802	802	22.2776
803	803	-14.8564
804	804	13.3213
805	805	0.600431
806	806	-18.6393
807	807	-11.5867
808	808	-4.33501
809	809	7.74598
810	810	-17.3279
811	811	14.754
812	812	-5.5605
813	813	-19.9216
814	814	18.9993
815	815	13.5494
816	816	13.8311
817	817	-30.9484
818	818	10.6334
819	819	32.4513
820	820	3.8594
821	821	-1.65621
822	822	4.44916
823	823	-2.51285
824	824	6.04928
825	825	-15.4003
826	826	1.9725
827	827	-7.45042
828	828	10.7394
829	829	-12.2647
830	830	-12.622
831	831	7.67693
832	832	4.4993
833	833	1.89469
834	834	23.4582
835	835	7.21701
836	836	-5.82884
837	837	-3.59345
838	838	44.8977
839	839	-24.5614
840	840	-4.17377
841	841	5.05672
842	842	8.65682
843	843	8.93319
844	844	11.0184
845	845	-6.30322
846	846	-13.0156
847	847	-6.95938
848	848	9.91389
849	849	-7.54127
850	850	7.37564
851	851	4.40574
852	852	-1.69838
853	853	-4.10076
854	854	19.5995
855	855	3.52
856	856	2.9708
857	857	26.6255
858	858	21.26
859	859	-17.2055
860	860	4.97818
861	861	-7.02609
862	862	16.7727
863	863	30.0002
864	864	9.54971
865	865	-7.06993
866	866	24.1611
867	867	17.9736
868	868	-20.9373
869	869	37.7063
870	870	4.18834
871	871	3.49894
872	872	2.86647
873	873	3.98167
874	874	-13.1101
875	875	32.9846
876	876	-9.66121
877	877	-2.92097
878	878	22.3404
879	879	24.9894
880	880	13.88
881	881	-2.30777
882	882	-2.19773
883	883	-6.76593
884	884	2.82812
885	885	3.25527
886	886	12.7671
887	887	-24.2183
888	888	-21.7977
889	889	36.1262
890	890	28.0963
891	891	-27.7706
892	892	-14.3928
893	893	-0.965084
894	894	5.80914
895	895	-5.47014
896	896	-1.89294
897	897	-13.5143
898	898	-2.72515
899	899	-7.99806
900	900	24.4203
901	901	-5.14908
902	902	14.6996
903	903	1.60577
904	904	-6.62281
905	905	-6.1536
906	906	13.9398
907	907	-19.0676
908	908	-19.1112
909	909	18.5228
910	910	26.0634
911	911	13.7726
912	912	-19.7855
913	913	3.14695
914	914	2.08572
915	915	-3.22048
916	916	-5.02695
917	917	23.8406
918	918	9.05184
919	919	-1.88301
920	920	6.88655
921	921	3.46953
922	922	-27.7266
923	923	-7.63859
924	924	-6.90579
925	925	19.8516
926	926	-4.07565
927	927	17.1869
928	928	-7.25111
929	929	-3.65357
930	930	-11.7436
931	931	-13.0984
932	932	-13.05
933	933	25.8657
934	934	-28.446
935	935	9.60867
936	936	-2.78945
937	937	8.47167
938	938	6.33291
939	939	-34.1176
940	940	11.3731
941	941	19.6692
942	942	-28.8373
943	943	-3.38047
944	944	-21.9186
945	945	-18.5847
946	946	5.97179
947	947	18.944
948	948	2.33358
949	949	-12.5032
950	950	13.6781
951	951	-1.84148
952	952	-8.65188
953	953	-3.54208
954	954	5.78572
955	955	13.2142
956	956	17.3982
957	957	11.632
958	958	4.78171
959	959	4.48462
960	960	26.3783
961	961	11.4925
962	962	-8.64459
963	963	8.89738
964	964	16.3985
965	965	-23.9325
966	966	20.1049
967	967	-3.28811
968	968	-14.1047
969	969	-12.392
970	970	11.7812
971	971	16.6375
972	972	9.49798
973	973	2.51051
974	974	-3.03354
975	975	13.4507
976	976	2.86895
977	977	-24.6582
978	978	0.660815
979	979	26.0519
980	980	-11.9985
981	981	-10.9278
982	982	-27.1796
983	983	8.75398
984	984	3.3467
985	985	5.07524
986	986	-25.2009
987	987	-9.49646
988	988	-3.44379
989	989	3.6647
990	990	14.9626
991	991	6.82576
992	992	18.0971
993	993	-22.8956
994	994	0.267062
995	995	17.9153
996	996	6.27327
997	997	-2.37629
998	998	6.04625
999	999	-40.2475
1000	1000	8.76536
1001	1001	17.376
1002	1002	-14.1467
1003	1003	-5.66092
1004	1004	3.43211
1005	1005	4.87969
1006	1006	13.6241
1007	1007	-10.4061
1008	1008	-3.11737
1009	1009	-8.62856
1010	1010	5.68849
1011	1011	-5.96817
1012	1012	7.23115
1013	1013	8.1667
1014	1014	-23.891
1015	1015	24.3036
1016	1016	1.86715
1017	1017	-8.44642
1018	1018	8.90337
1019	1019	21.1426
1020	1020	2.63423
1021	1021	17.3335
1022	1022	-10.3696
1023	1023	16.9053
1024	1024	3.63594
1025	1025	-10.7855
1026	1026	5.32305
1027	1027	13.9552
1028	1028	-28.5506
1029	1029	-2.19829
1030	1030	-30.1307
1031	1031	30.0913
1032	1032	1.7813
1033	1033	-10.6815
1034	1034	14.8723
1035	1035	-7.81493
1036	1036	-8.38134
1037	1037	20.2635
1038	1038	55.6376
1039	1039	12.5846
1040	1040	4.95496
1041	1041	7.00004
1042	1042	-21.939
1043	1043	12.7043
1044	1044	-5.26005
1045	1045	-2.16301
1046	1046	39.9741
1047	1047	6.37236
1048	1048	1.46382
1049	1049	7.24895
1050	1050	-11.764
1051	1051	-16.3381
1052	1052	3.56901
1053	1053	-5.04854
1054	1054	-33.0294
1055	1055	6.98805
1056	1056	-21.8875
1057	1057	3.43512
1058	1058	21.0518
1059	1059	-8.74198
1060	1060	-3.98257
1061	1061	-26.2975
1062	1062	-3.45618
1063	1063	2.11526
1064	1064	-1.0421
1065	1065	23.9625
1066	1066	32.3232
1067	1067	18.0051
1068	1068	3.86237
1069	1069	-21.072
1070	1070	10.8945
1071	1071	-11.6104
1072	1072	1.15767
1073	1073	23.7183
1074	1074	-14.8502
1075	1075	2.88521
1076	1076	1.44664
1077	1077	-14.129
1078	1078	3.01061
1079	1079	-0.0334818
1080	1080	-14.0995
1081	1081	12.2467
1082	1082	26.6106
1083	1083	-10.1788
1084	1084	9.57075
1085	1085	-8.74985
1086	1086	8.1265
1087	1087	-0.903677
1088	1088	18.3472
1089	1089	17.3329
1090	1090	16.9258
1091	1091	-2.62638
1092	1092	15.4798
1093	1093	20.9675
1094	1094	12.0687
1095	1095	26.3666
1096	1096	6.66512
1097	1097	6.95251
1098	1098	13.5189
1099	1099	25.1915
1100	1100	8.43799
1101	1101	4.27579
1102	1102	3.98355
1103	1103	2.11689
1104	1104	-3.18708
1105	1105	48.8488
1106	1106	33.3796
1107	1107	-3.84199
1108	1108	-5.40713
1109	1109	8.87402
1110	1110	-21.7621
1111	1111	12.7091
1112	1112	-14.4157
1113	1113	14.3506
1114	1114	-2.96595
1115	1115	5.57855
1116	1116	-13.8022
1117	1117	21.8598
1118	1118	40.601
1119	1119	-5.31488
1120	1120	9.22556
1121	1121	-11.9189
1122	1122	-3.33421
1123	1123	4.94381
1124	1124	-7.93734
1125	1125	25.3162
1126	1126	6.39708
1127	1127	-15.9803
1128	1128	27.2074
1129	1129	-14.2973
1130	1130	7.55207
1131	1131	17.276
1132	1132	-4.10089
1133	1133	2.49196
1134	1134	-26.728
1135	1135	-0.0574942
1136	1136	11.7259
1137	1137	-4.90781
1138	1138	25.2464
1139	1139	-19.2615
1140	1140	-17.7097
1141	1141	-7.5366
1142	1142	6.41005
1143	1143	26.6991
1144	1144	10.2868
1145	1145	10.4069
1146	1146	-21.8092
1147	1147	8.59039
1148	1148	5.43381
1149	1149	-19.933
1150	1150	-40.3705
1151	1151	12.5238
1152	1152	9.43658
1153	1153	32.1568
1154	1154	-12.4351
1155	1155	6.64786
1156	1156	2.27721
1157	1157	-1.1028
1158	1158	-18.8036
1159	1159	41.7775
1160	1160	-7.44323
1161	1161	-2.08051
1162	1162	-5.74043
1163	1163	-16.3931
1164	1164	-1.88012
1165	1165	-19.4455
1166	1166	10.4911
1167	1167	-16.1878
1168	1168	-0.27608
1169	1169	-7.4272
1170	1170	-12.2165
1171	1171	20.1291
1172	1172	2.71266
1173	1173	15.8044
1174	1174	6.90636
1175	1175	28.8821
1176	1176	-6.86861
1177	1177	10.5171
1178	1178	24.57
1179	1179	-28.8202
1180	1180	-16.4543
1181	1181	8.70807
1182	1182	-2.77937
1183	1183	9.52282
1184	1184	-8.85016
1185	1185	9.19417
1186	1186	-12.29
1187	1187	-23.0612
1188	1188	-2.96614
1189	1189	-2.73182
1190	1190	-39.765
1191	1191	4.89895
1192	1192	-16.2552
1193	1193	-23.2268
1194	1194	9.92457
1195	1195	-7.70773
1196	1196	-21.7834
1197	1197	3.33191
1198	1198	-13.9138
1199	1199	40.9594
1200	1200	-15.9778
1201	1201	-6.14109
1202	1202	31.7751
1203	1203	28.316
1204	1204	26.6474
1205	1205	7.65041
1206	1206	13.5861
1207	1207	10.4751
1208	1208	-12.4922
1209	1209	-14.7462
1210	1210	0.550794
1211	1211	6.89619
1212	1212	-1.02272
1213	1213	-8.14502
1214	1214	3.59687
1215	1215	10.4538
1216	1216	-7.83704
1217	1217	3.36691
1218	1218	6.71522
1219	1219	9.29728
1220	1220	-0.873012
1221	1221	-9.70819
1222	1222	6.81568
1223	1223	-2.26405
1224	1224	-14.0585
1225	1225	-2.40483
1226	1226	7.25461
1227	1227	20.9827
1228	1228	10.2315
1229	1229	-3.04818
1230	1230	2.49131
1231	1231	15.9267
1232	1232	4.0942
1233	1233	-16.1422
1234	1234	-7.34398
1235	1235	3.41367
1236	1236	-6.39866
1237	1237	-12.9776
1238	1238	6.60863
1239	1239	19.2462
1240	1240	-1.42635
1241	1241	-5.41083
1242	1242	-2.01838
1243	1243	-11.9365
1244	1244	-5.23136
1245	1245	-10.2913
1246	1246	17.8161
1247	1247	4.85861
1248	1248	-28.4819
1249	1249	1.45603
1250	1250	-20.3394
1251	1251	6.40168
1252	1252	36.0282
1253	1253	0.78494
1254	1254	10.6998
1255	1255	-4.79705
1256	1256	16.2841
1257	1257	15.5683
1258	1258	-29.6159
1259	1259	5.38962
1260	1260	-3.61846
1261	1261	-2.54955
1262	1262	2.05903
1263	1263	8.55208
1264	1264	-4.73915
1265	1265	-0.76194
1266	1266	-26.5432
1267	1267	7.46796
1268	1268	15.8422
1269	1269	30.3919
1270	1270	5.01216
1271	1271	24.0092
1272	1272	7.76992
1273	1273	-23.4543
1274	1274	10.9097
1275	1275	-5.93601
1276	1276	8.72363
1277	1277	15.4752
1278	1278	32.8615
1279	1279	5.59917
1280	1280	-1.10136
1281	1281	-20.7333
1282	1282	-30.6861
1283	1283	-10.7422
1284	1284	-35.035
1285	1285	0.257935
1286	1286	-17.2323
1287	1287	-9.55954
1288	1288	-8.88523
1289	1289	-11.911
1290	1290	14.9021
1291	1291	15.6166
1292	1292	-0.153151
1293	1293	-10.9286
1294	1294	-8.99396
1295	1295	-15.9275
1296	1296	-4.56844
1297	1297	-12.4302
1298	1298	23.7186
1299	1299	1.3003
1300	1300	12.6578
1301	1301	-5.70206
1302	1302	-1.51284
1303	1303	-28.1301
1304	1304	-9.86294
1305	1305	-20.7252
1306	1306	-15.2908
1307	1307	-14.7639
1308	1308	15.8366
1309	1309	-21.8287
1310	1310	5.28498
1311	1311	0.739475
1312	1312	-3.37899
1313	1313	-19.2526
1314	1314	-4.12269
1315	1315	-5.25559
1316	1316	11.6475
1317	1317	-13.3812
1318	1318	-3.39491
1319	1319	-11.5502
1320	1320	1.58684
1321	1321	1.80528
1322	1322	-1.32582
1323	1323	-13.0986
1324	1324	3.347
1325	1325	-7.9924
1326	1326	-2.98528
1327	1327	-1.6973
1328	1328	10.5781
1329	1329	8.87051
1330	1330	-2.71577
1331	1331	1.11094
1332	1332	-2.61179
1333	1333	-11.6156
1334	1334	-15.9691
1335	1335	18.2872
1336	1336	-28.7135
1337	1337	2.19349
1338	1338	-14.4472
1339	1339	-2.10709
1340	1340	-25.2549
1341	1341	18.7346
1342	1342	-9.23266
1343	1343	20.8687
1344	1344	1.02541
1345	1345	-2.85096
1346	1346	40.4349
1347	1347	37.3384
1348	1348	10.3085
1349	1349	-13.5154
1350	1350	2.70374
1351	1351	12.1648
1352	1352	-13.2274
1353	1353	-30.446
1354	1354	-8.91069
1355	1355	-4.07466
1356	1356	2.18094
1357	1357	24.3793
1358	1358	16.8256
1359	1359	-18.6715
1360	1360	3.03576
1361	1361	-20.4789
1362	1362	6.59692
1363	1363	-33.8551
1364	1364	-0.368616
1365	1365	-11.989
1366	1366	-33.8109
1367	1367	5.79487
1368	1368	13.4543
1369	1369	-3.06589
1370	1370	24.045
1371	1371	21.1275
1372	1372	-21.2453
1373	1373	-2.34981
1374	1374	-8.17107
1375	1375	-6.04278
1376	1376	-17.1799
1377	1377	18.4478
1378	1378	-17.395
1379	1379	-1.86135
1380	1380	-52.7665
1381	1381	-9.53395
1382	1382	-15.1178
1383	1383	49.2465
1384	1384	-17.3283
1385	1385	-8.78658
1386	1386	-10.247
1387	1387	33.0889
1388	1388	8.94139
1389	1389	16.0623
1390	1390	26.559
1391	1391	-30.4927
1392	1392	-15.11
1393	1393	-3.94257
1394	1394	4.22531
1395	1395	18.1955
1396	1396	-17.6684
1397	1397	-16.2991
1398	1398	13.6818
1399	1399	7.91666
1400	1400	-21.0469
1401	1401	24.9938
1402	1402	-3.88703
1403	1403	6.67508
1404	1404	-9.05487
1405	1405	-21.5137
1406	1406	11.1826
1407	1407	-4.54134
1408	1408	-22.0962
1409	1409	3.13749
1410	1410	12.6059
1411	1411	-0.00583768
1412	1412	-23.0705
1413	1413	-1.97061
1414	1414	-2.79106
1415	1415	-14.3228
1416	1416	19.9674
1417	1417	-0.47765
1418	1418	27.9623
1419	1419	-19.3927
1420	1420	1.38192
1421	1421	-11.8192
1422	1422	-6.11753
1423	1423	49.1346
1424	1424	9.33208
1425	1425	-8.51141
1426	1426	6.87611
1427	1427	-7.29344
1428	1428	4.29652
1429	1429	-6.77071
1430	1430	3.00039
1431	1431	20.4027
1432	1432	-21.8908
1433	1433	-3.91002
1434	1434	-21.9476
1435	1435	-27.6205
1436	1436	24.0475
1437	1437	-8.58097
1438	1438	-15.1858
1439	1439	2.51986
1440	1440	4.79354
1441	1441	-18.3405
1442	1442	-5.95765
1443	1443	-33.663
1444	1444	-8.99295
1445	1445	42.149
1446	1446	17.0866
1447	1447	-26.1271
1448	1448	33.7
1449	1449	-17.0764
1450	1450	6.95902
1451	1451	2.78387
1452	1452	-16.0646
1453	1453	-34.3746
1454	1454	-1.19817
1455	1455	9.39206
1456	1456	-7.22754
1457	1457	4.15006
1458	1458	-25.9682
1459	1459	13.746
1460	1460	-29.782
1461	1461	-7.85946
1462	1462	-1.09447
1463	1463	17.3494
1464	1464	-16.3921
1465	1465	0.833476
1466	1466	-3.52685
1467	1467	15.9639
1468	1468	-33.1664
1469	1469	-25.3679
1470	1470	-18.5682
1471	1471	-21.4228
1472	1472	-22.3253
1473	1473	2.80637
1474	1474	10.0741
1475	1475	-4.03591
1476	1476	10.4398
1477	1477	-9.31293
1478	1478	37.0711
1479	1479	0.297548
1480	1480	0.349542
1481	1481	3.50217
1482	1482	4.98562
1483	1483	15.3762
1484	1484	17.1668
1485	1485	25.4234
1486	1486	-12.8662
1487	1487	-11.9578
1488	1488	13.3094
1489	1489	-10.6185
1490	1490	13.8738
1491	1491	2.52737
1492	1492	30.6971
1493	1493	-10.1136
1494	1494	25.3567
1495	1495	24.4576
1496	1496	1.5587
1497	1497	39.955
1498	1498	-9.55232
1499	1499	-13.874
1500	1500	-26.4699
1501	1501	-6.91372
1502	1502	9.45567
1503	1503	-15.9324
1504	1504	-13.8199
1505	1505	-15.3342
1506	1506	-29.6825
1507	1507	-2.17346
1508	1508	17.8366
1509	1509	-8.11222
1510	1510	17.1346
1511	1511	7.59345
1512	1512	4.30304
1513	1513	11.2443
1514	1514	7.16266
1515	1515	-1.87331
1516	1516	-14.0431
1517	1517	-14.5043
1518	1518	-6.46048
1519	1519	12.5522
1520	1520	-2.14381
1521	1521	18.42
1522	1522	-9.04588
1523	1523	4.09558
1524	1524	-11.6619
1525	1525	7.959
1526	1526	-5.59885
1527	1527	27.9317
1528	1528	-27.0867
1529	1529	-4.21915
1530	1530	1.59055
1531	1531	-13.4477
1532	1532	11.992
1533	1533	2.1692
1534	1534	17.4962
1535	1535	-21.2647
1536	1536	-26.2673
1537	1537	-44.2764
1538	1538	-6.14727
1539	1539	-19.4386
1540	1540	-7.7019
1541	1541	47.2677
1542	1542	21.1919
1543	1543	15.0261
1544	1544	32.255
1545	1545	6.13435
1546	1546	-15.8952
1547	1547	-3.87955
1548	1548	18.5456
1549	1549	4.57634
1550	1550	17.4948
1551	1551	-13.8031
1552	1552	17.6161
1553	1553	-0.946865
1554	1554	-14.0927
1555	1555	3.39023
1556	1556	9.0122
1557	1557	0.528408
1558	1558	6.64206
1559	1559	4.49093
1560	1560	6.76108
1561	1561	-2.04735
1562	1562	-4.63106
1563	1563	-10.3019
1564	1564	-12.7771
1565	1565	-21.3305
1566	1566	-7.28977
1567	1567	29.389
1568	1568	25.2929
1569	1569	-6.25005
1570	1570	-14.8314
1571	1571	1.96717
1572	1572	17.6543
1573	1573	2.19365
1574	1574	-12.2225
1575	1575	-17.4273
1576	1576	23.5576
1577	1577	11.0613
1578	1578	27.93
1579	1579	13.1289
1580	1580	-10.437
1581	1581	-3.0509
1582	1582	11.3979
1583	1583	15.0629
1584	1584	7.88197
1585	1585	19.2145
1586	1586	15.1923
1587	1587	-30.1587
1588	1588	-16.7125
1589	1589	-5.6551
1590	1590	22.8845
1591	1591	-16.1502
1592	1592	9.72513
1593	1593	-8.79479
1594	1594	-1.48911
1595	1595	-18.3981
1596	1596	-24.9008
1597	1597	-9.62773
1598	1598	-18.8067
1599	1599	43.086
1600	1600	-13.3211
1601	1601	-8.39916
1602	1602	-7.112
1603	1603	-19.6264
1604	1604	20.1368
1605	1605	-41.5055
1606	1606	-3.11857
1607	1607	16.5935
1608	1608	6.85822
1609	1609	23.3223
1610	1610	-9.28817
1611	1611	-28.0269
1612	1612	12.8566
1613	1613	-5.87792
1614	1614	-1.77034
1615	1615	-13.5408
1616	1616	1.81816
1617	1617	-8.68181
1618	1618	12.1465
1619	1619	1.58699
1620	1620	-2.45
1621	1621	9.11225
1622	1622	14.8058
1623	1623	-7.40101
1624	1624	-3.97771
1625	1625	-1.63281
1626	1626	-9.09336
1627	1627	26.5341
1628	1628	-24.3112
1629	1629	15.4939
1630	1630	24.9514
1631	1631	2.10029
1632	1632	-3.60958
1633	1633	5.85005
1634	1634	-12.4238
1635	1635	-0.722229
1636	1636	-11.5014
1637	1637	-1.23193
1638	1638	27.8271
1639	1639	-3.88942
1640	1640	-13.4423
1641	1641	-14.472
1642	1642	11.9204
1643	1643	10.5049
1644	1644	-5.058
1645	1645	1.58682
1646	1646	-11.6897
1647	1647	18.8034
1648	1648	11.5886
1649	1649	17.9826
1650	1650	-4.87097
1651	1651	16.1086
1652	1652	-13.2487
1653	1653	14.6088
1654	1654	-0.635418
1655	1655	17.6511
1656	1656	1.20119
1657	1657	14.6368
1658	1658	-14.1841
1659	1659	-10.4525
1660	1660	-19.5275
1661	1661	-4.47001
1662	1662	3.98214
1663	1663	23.1604
1664	1664	2.21516
1665	1665	2.65796
1666	1666	33.577
1667	1667	6.43786
1668	1668	-5.68087
1669	1669	16.6697
1670	1670	2.88423
1671	1671	-2.7714
1672	1672	-13.6442
1673	1673	18.3988
1674	1674	9.60992
1675	1675	3.17999
1676	1676	3.87162
1677	1677	8.44159
1678	1678	-28.1615
1679	1679	11.5294
1680	1680	-13.4873
1681	1681	5.79844
1682	1682	15.5208
1683	1683	11.3336
1684	1684	-15.0916
1685	1685	-13.4407
1686	1686	33.0757
1687	1687	0.69588
1688	1688	15.4001
1689	1689	-11.7398
1690	1690	-2.11289
1691	1691	-9.49606
1692	1692	0.397549
1693	1693	3.11795
1694	1694	-12.0942
1695	1695	-16.4176
1696	1696	22.3659
1697	1697	-0.384436
1698	1698	-4.23968
1699	1699	0.583818
1700	1700	7.62576
1701	1701	18.0051
1702	1702	10.8767
1703	1703	4.07514
1704	1704	-16.2716
1705	1705	-2.33269
1706	1706	-3.92192
1707	1707	18.6465
1708	1708	6.17356
1709	1709	0.178373
1710	1710	-12.9673
1711	1711	20.2548
1712	1712	-6.20873
1713	1713	15.9244
1714	1714	-9.42071
1715	1715	1.77492
1716	1716	-3.4666
1717	1717	27.0812
1718	1718	-21.6173
1719	1719	33.5675
1720	1720	-32.6744
1721	1721	13.3995
1722	1722	-16.2569
1723	1723	-25.9075
1724	1724	7.29755
1725	1725	8.96608
1726	1726	-18.3511
1727	1727	-1.94785
1728	1728	-23.8304
1729	1729	-33.0756
1730	1730	-7.99729
1731	1731	-2.33559
1732	1732	-7.71187
1733	1733	3.39437
1734	1734	-20.1211
1735	1735	-5.84051
1736	1736	7.07961
1737	1737	46.4882
1738	1738	-8.96964
1739	1739	-43.1929
1740	1740	5.81198
1741	1741	22.0548
1742	1742	2.33558
1743	1743	-15.7461
1744	1744	-15.2856
1745	1745	19.7667
1746	1746	10.2905
1747	1747	-5.884
1748	1748	1.43382
1749	1749	-16.5434
1750	1750	5.76533
1751	1751	-2.93206
1752	1752	10.217
1753	1753	-8.45608
1754	1754	-12.5724
1755	1755	12.2769
1756	1756	9.33952
1757	1757	-4.7922
1758	1758	-38.1047
1759	1759	28.1167
1760	1760	-7.16962
1761	1761	-23.4845
1762	1762	4.33059
1763	1763	-0.299585
1764	1764	-11.0825
1765	1765	-3.32787
1766	1766	6.45117
1767	1767	-14.0805
1768	1768	16.4955
1769	1769	9.01296
1770	1770	10.0925
1771	1771	22.147
1772	1772	-9.90182
1773	1773	1.12314
1774	1774	3.05332
1775	1775	-17.4184
1776	1776	-14.8341
1777	1777	-16.106
1778	1778	8.73122
1779	1779	1.14809
1780	1780	21.8845
1781	1781	-6.38068
1782	1782	-37.5267
1783	1783	-2.42919
1784	1784	-3.77166
1785	1785	-0.00962974
1786	1786	-5.78846
1787	1787	-2.82977
1788	1788	7.16361
1789	1789	37.7685
1790	1790	-5.61182
1791	1791	12.3857
1792	1792	-29.5132
1793	1793	-18.0961
1794	1794	-20.3535
1795	1795	-30.331
1796	1796	-1.60805
1797	1797	-6.71554
1798	1798	-5.61976
1799	1799	3.7024
1800	1800	-3.22671
1801	1801	-28.4968
1802	1802	39.3343
1803	1803	25.2924
1804	1804	-5.80325
1805	1805	5.05353
1806	1806	-1.50856
1807	1807	-34.1027
1808	1808	1.357
1809	1809	12.7587
1810	1810	-16.15
1811	1811	3.51041
1812	1812	-29.5924
1813	1813	-26.7447
1814	1814	16.9698
1815	1815	-0.013931
1816	1816	8.47286
1817	1817	35.8462
1818	1818	14.2664
1819	1819	-21.8713
1820	1820	7.83536
1821	1821	19.4355
1822	1822	-16.8381
1823	1823	-11.8261
1824	1824	7.90345
1825	1825	1.50296
1826	1826	-1.37112
1827	1827	1.60245
1828	1828	22.0295
1829	1829	-2.72147
1830	1830	12.6507
1831	1831	6.31545
1832	1832	-5.50152
1833	1833	25.7888
1834	1834	5.36168
1835	1835	-10.0905
1836	1836	16.8016
1837	1837	-19.1433
1838	1838	-0.346036
1839	1839	-1.91981
1840	1840	4.18383
1841	1841	3.49456
1842	1842	-15.4595
1843	1843	7.34308
1844	1844	-12.225
1845	1845	-26.0449
1846	1846	-10.6412
1847	1847	-26.5401
1848	1848	-20.3409
1849	1849	-0.992698
1850	1850	-10.7965
1851	1851	-23.4332
1852	1852	-8.91223
1853	1853	-4.13544
1854	1854	-7.92952
1855	1855	-27.0033
1856	1856	26.8751
1857	1857	16.6079
1858	1858	14.7382
1859	1859	7.56705
1860	1860	19.8757
1861	1861	16.4609
1862	1862	-0.222866
1863	1863	-9.16042
1864	1864	25.5519
1865	1865	-23.97
1866	1866	-3.19024
1867	1867	-8.28474
1868	1868	-4.418
1869	1869	11.4062
1870	1870	14.5926
1871	1871	-6.5915
1872	1872	-1.12897
1873	1873	7.24356
1874	1874	4.32402
1875	1875	17.356
1876	1876	5.80755
1877	1877	-9.28597
1878	1878	-30.641
1879	1879	-18.9349
1880	1880	7.77273
1881	1881	-8.22089
1882	1882	7.72684
1883	1883	-24.2394
1884	1884	3.36439
1885	1885	-0.214683
1886	1886	-9.08944
1887	1887	-2.6601
1888	1888	-1.10019
1889	1889	-0.764363
1890	1890	2.11245
1891	1891	1.86685
1892	1892	-19.7762
1893	1893	10.3181
1894	1894	-22.2974
1895	1895	37.0511
1896	1896	19.2663
1897	1897	38.5045
1898	1898	-7.40536
1899	1899	-15.8053
1900	1900	22.6351
1901	1901	1.64873
1902	1902	-18.0403
1903	1903	-23.7847
1904	1904	0.677565
1905	1905	-26.3576
1906	1906	1.55717
1907	1907	10.5946
1908	1908	-6.59743
1909	1909	-1.35645
1910	1910	-28.5554
1911	1911	30.4797
1912	1912	0.398574
1913	1913	-41.815
1914	1914	17.9169
1915	1915	4.95559
1916	1916	-22.2614
1917	1917	-1.3545
1918	1918	23.0037
1919	1919	28.0767
1920	1920	-3.53446
1921	1921	41.041
1922	1922	-6.0995
1923	1923	-14.4386
1924	1924	-8.0003
1925	1925	-6.07884
1926	1926	-27.4905
1927	1927	33.3046
1928	1928	0.0501844
1929	1929	-4.20397
1930	1930	-4.60672
1931	1931	1.38276
1932	1932	16.868
1933	1933	-43.1697
1934	1934	25.5173
1935	1935	24.0905
1936	1936	-3.28526
1937	1937	15.5065
1938	1938	-34.5269
1939	1939	-19.0075
1940	1940	22.5917
1941	1941	7.1254
1942	1942	-33.0701
1943	1943	-19.1833
1944	1944	-4.30237
1945	1945	-7.05701
1946	1946	12.4802
1947	1947	-7.69264
1948	1948	-5.30551
1949	1949	-17.5287
1950	1950	23.752
1951	1951	-7.757
1952	1952	2.17716
1953	1953	9.54195
1954	1954	-32.7488
1955	1955	-0.633139
1956	1956	13.2129
1957	1957	-2.37607
1958	1958	-8.41484
1959	1959	-15.1141
1960	1960	45.7743
1961	1961	29.2622
1962	1962	-14.2747
1963	1963	16.172
1964	1964	0.590285
1965	1965	-12.5367
1966	1966	-3.84199
1967	1967	-7.91738
1968	1968	7.6642
1969	1969	10.5547
1970	1970	9.01177
1971	1971	3.742
1972	1972	-10.3298
1973	1973	-3.98775
1974	1974	3.04667
1975	1975	-13.9726
1976	1976	-33.9624
1977	1977	-16.2175
1978	1978	0.169634
1979	1979	15.9767
1980	1980	0.438847
1981	1981	7.32984
1982	1982	-16.5103
1983	1983	1.32586
1984	1984	9.3065
1985	1985	7.00523
1986	1986	-17.5628
1987	1987	1.8241
1988	1988	20.5183
1989	1989	5.3264
1990	1990	-2.28758
1991	1991	-9.08289
1992	1992	0.254999
1993	1993	0.587529
1994	1994	-8.42613
1995	1995	-9.00673
1996	1996	5.6446
1997	1997	26.3064
1998	1998	0.795926
1999	1999	-0.813154
2000	2000	45.7288
2001	2001	-10.2976
2002	2002	19.7297
2003	2003	10.9107
2004	2004	-24.8615
2005	2005	3.3422
2006	2006	-25.7288
2007	2007	6.32022
2008	2008	2.33012
2009	2009	2.2463
2010	2010	4.56903
2011	2011	-14.4403
2012	2012	0.52283
2013	2013	-17.2317
2014	2014	22.9035
2015	2015	2.71287
2016	2016	17.6689
2017	2017	12.1851
2018	2018	-7.46574
2019	2019	40.414
2020	2020	-20.6314
2021	2021	-12.744
2022	2022	15.1132
2023	2023	32.4845
2024	2024	-3.83079
2025	2025	-14.5012
2026	2026	5.97088
2027	2027	-0.307625
2028	2028	-9.14295
2029	2029	-2.46431
2030	2030	9.85088
2031	2031	24.1468
2032	2032	3.44373
2033	2033	9.29043
2034	2034	7.96211
2035	2035	-6.29967
2036	2036	-2.72328
2037	2037	6.52439
2038	2038	-7.15278
2039	2039	3.15866
2040	2040	-4.4582
2041	2041	10.219
2042	2042	-10.8214
2043	2043	30.2758
2044	2044	-13.7189
2045	2045	7.46373
2046	2046	0.799781
2047	2047	-3.65866
2048	2048	22.5435
2049	2049	20.6152
2050	2050	-5.91762
2051	2051	10.6255
2052	2052	17.5278
2053	2053	-6.34049
2054	2054	-2.37979
2055	2055	3.80955
2056	2056	-4.1182
2057	2057	8.91793
2058	2058	-25.1996
2059	2059	17.1682
2060	2060	2.24563
2061	2061	58.1755
2062	2062	-11.3933
2063	2063	14.7889
2064	2064	-22.3017
2065	2065	-14.4106
2066	2066	-0.186921
2067	2067	0.525742
2068	2068	-21.7098
2069	2069	36.2936
2070	2070	0.0230087
2071	2071	-4.64361
2072	2072	24.0885
2073	2073	5.20272
2074	2074	-11.3714
2075	2075	-0.367935
2076	2076	10.978
2077	2077	-12.4325
2078	2078	-6.9375
2079	2079	-16.9218
2080	2080	-12.7018
2081	2081	-8.85958
2082	2082	5.0665
2083	2083	0.0986656
2084	2084	-13.0811
2085	2085	-10.8329
2086	2086	8.42075
2087	2087	0.721471
2088	2088	-11.387
2089	2089	23.2005
2090	2090	-16.7458
2091	2091	-25.8503
2092	2092	-25.1545
2093	2093	-1.8229
2094	2094	-18.7421
2095	2095	-3.55689
2096	2096	28.4198
2097	2097	-7.76438
2098	2098	19.6576
2099	2099	6.21418
2100	2100	6.32299
2101	2101	5.18322
2102	2102	-5.03816
2103	2103	3.28533
2104	2104	4.63023
2105	2105	-18.5773
2106	2106	6.22776
2107	2107	-4.01134
2108	2108	-15.0815
2109	2109	1.24426
2110	2110	-6.91731
2111	2111	-0.540256
2112	2112	-21.9389
2113	2113	3.24424
2114	2114	7.44787
2115	2115	-28.9417
2116	2116	-20.3201
2117	2117	-1.35931
2118	2118	-24.4483
2119	2119	7.43523
2120	2120	7.43281
2121	2121	-19.7616
2122	2122	14.7891
2123	2123	33.6844
2124	2124	-10.4894
2125	2125	21.5146
2126	2126	-5.29518
2127	2127	21.6569
2128	2128	10.4101
2129	2129	-11.4066
2130	2130	-3.06867
2131	2131	-5.55847
2132	2132	4.06096
2133	2133	9.61065
2134	2134	-22.8028
2135	2135	9.42382
2136	2136	3.15034
2137	2137	-12.6875
2138	2138	1.87454
2139	2139	4.09191
2140	2140	-14.9112
2141	2141	-19.6546
2142	2142	-9.8706
2143	2143	-2.70503
2144	2144	9.16835
2145	2145	4.41951
2146	2146	0.640926
2147	2147	6.50462
2148	2148	12.6951
2149	2149	-7.39887
2150	2150	2.71441
2151	2151	-20.3302
2152	2152	4.96744
2153	2153	-14.366
2154	2154	39.8195
2155	2155	-0.953748
2156	2156	4.1267
2157	2157	-12.5915
2158	2158	-9.38194
2159	2159	10.2483
2160	2160	-7.96688
2161	2161	-6.4053
2162	2162	-17.4672
2163	2163	-9.09883
2164	2164	5.94628
2165	2165	8.95987
2166	2166	27.2671
2167	2167	5.67617
2168	2168	3.22293
2169	2169	22.286
2170	2170	-0.101176
2171	2171	6.26786
2172	2172	22.0318
2173	2173	-15.3283
2174	2174	0.197324
2175	2175	-21.9578
2176	2176	-17.6503
2177	2177	45.3265
2178	2178	-5.18369
2179	2179	15.8927
2180	2180	-35.7338
2181	2181	-20.0906
2182	2182	0.396018
2183	2183	-7.24196
2184	2184	-8.81765
2185	2185	-3.84236
2186	2186	26.6178
2187	2187	26.1252
2188	2188	-6.59974
2189	2189	-21.6116
2190	2190	-14.4868
2191	2191	-23.9726
2192	2192	-9.87263
2193	2193	-7.53138
2194	2194	6.35019
2195	2195	28.1173
2196	2196	15.4906
2197	2197	7.0192
2198	2198	30.1461
2199	2199	-16.595
2200	2200	-8.23177
2201	2201	-10.4923
2202	2202	-7.45428
2203	2203	-1.25216
2204	2204	-15.8265
2205	2205	8.51932
2206	2206	29.6031
2207	2207	13.5859
2208	2208	-2.08704
2209	2209	20.9851
2210	2210	1.10654
2211	2211	-15.0297
2212	2212	-3.49694
2213	2213	-23.4506
2214	2214	2.15291
2215	2215	-5.5991
2216	2216	9.21453
2217	2217	1.46879
2218	2218	22.1526
2219	2219	-3.54589
2220	2220	-14.9447
2221	2221	-0.0538354
2222	2222	-0.602092
2223	2223	-1.00045
2224	2224	-2.09785
2225	2225	-4.61118
2226	2226	0.548133
2227	2227	11.7826
2228	2228	-22.5299
2229	2229	41.9522
2230	2230	10.6451
2231	2231	4.06921
2232	2232	6.92028
2233	2233	-9.75287
2234	2234	11.7125
2235	2235	10.4553
2236	2236	-5.79257
2237	2237	4.8897
2238	2238	24.7835
2239	2239	-32.098
2240	2240	43.2684
2241	2241	-1.96546
2242	2242	-12.7121
2243	2243	19.5236
2244	2244	-2.57808
2245	2245	-11.669
2246	2246	-4.53184
2247	2247	-0.236497
2248	2248	-21.3575
2249	2249	-14.4574
2250	2250	-26
2251	2251	-16.1741
2252	2252	17.6452
2253	2253	1.84264
2254	2254	-13.5845
2255	2255	-6.42763
2256	2256	4.95423
2257	2257	21.6018
2258	2258	18.0948
2259	2259	-1.85388
2260	2260	-10.5773
2261	2261	-26.3023
2262	2262	14.1517
2263	2263	17.3257
2264	2264	-24.3464
2265	2265	-23.2564
2266	2266	-23.7938
2267	2267	26.6036
2268	2268	-7.23363
2269	2269	23.9029
2270	2270	-24.4087
2271	2271	20.0064
2272	2272	13.9147
2273	2273	13.2017
2274	2274	18.7658
2275	2275	-5.87961
2276	2276	-5.47243
2277	2277	25.5335
2278	2278	-11.8265
2279	2279	10.5406
2280	2280	0.89486
2281	2281	22.9669
2282	2282	14.7946
2283	2283	-5.62725
2284	2284	-5.4054
2285	2285	-4.43116
2286	2286	8.76972
2287	2287	11.6814
2288	2288	8.85568
2289	2289	-27.3221
2290	2290	-21.1701
2291	2291	-15.641
2292	2292	25.855
2293	2293	20.3723
2294	2294	-24.5459
2295	2295	14.9066
2296	2296	6.87656
2297	2297	-14.2071
2298	2298	-28.47
2299	2299	20.0836
2300	2300	-3.27661
2301	2301	-2.31577
2302	2302	26.8022
2303	2303	5.10839
2304	2304	3.56992
2305	2305	-23.6378
2306	2306	22.2475
2307	2307	8.85949
2308	2308	31.1916
2309	2309	-17.2409
2310	2310	-7.40994
2311	2311	2.24548
2312	2312	10.9238
2313	2313	-4.06359
2314	2314	1.19781
2315	2315	6.90635
2316	2316	25.7027
2317	2317	38.9251
2318	2318	-13.8535
2319	2319	-9.22685
2320	2320	-5.19248
2321	2321	5.22118
2322	2322	32.4599
2323	2323	-11.274
2324	2324	4.87234
2325	2325	-40.505
2326	2326	-7.66949
2327	2327	-20.2565
2328	2328	-20.9697
2329	2329	-12.6274
2330	2330	-16.4878
2331	2331	-11.5855
2332	2332	-4.00561
2333	2333	19.9689
2334	2334	-6.03462
2335	2335	-14.0743
2336	2336	-2.30297
2337	2337	11.4422
2338	2338	8.17476
2339	2339	-7.50281
2340	2340	-12.624
2341	2341	0.0189715
2342	2342	-13.253
2343	2343	-2.63294
2344	2344	-2.89094
2345	2345	14.4028
2346	2346	-9.49127
2347	2347	-18.1384
2348	2348	0.495876
2349	2349	6.95242
2350	2350	-6.35506
2351	2351	20.3155
2352	2352	12.7991
2353	2353	11.8569
2354	2354	11.3297
2355	2355	-3.05427
2356	2356	-0.3526
2357	2357	-20.5588
2358	2358	1.58052
2359	2359	-0.00937105
2360	2360	0.268562
2361	2361	12.6599
2362	2362	-16.9547
2363	2363	35.3937
2364	2364	16.8625
2365	2365	-16.1659
2366	2366	-1.95676
2367	2367	24.2733
2368	2368	-9.63633
2369	2369	5.41495
2370	2370	0.378157
2371	2371	10.5979
2372	2372	5.15074
2373	2373	-1.22631
2374	2374	-15.3714
2375	2375	12.8144
2376	2376	-24.8477
2377	2377	-8.33612
2378	2378	14.8784
2379	2379	3.34933
2380	2380	-2.73295
2381	2381	-17.1512
2382	2382	16.3984
2383	2383	27.0629
2384	2384	-4.64073
2385	2385	-5.23267
2386	2386	-18.7346
2387	2387	13.5345
2388	2388	6.12885
2389	2389	0.883125
2390	2390	-4.17548
2391	2391	7.58352
2392	2392	-30.877
2393	2393	-5.69946
2394	2394	-12.7787
2395	2395	-2.14716
2396	2396	-18.1503
2397	2397	4.13969
2398	2398	10.4098
2399	2399	9.38837
