variant	af	filter-pvalue	lrt-pvalue	beta	beta-std-err	variant_h2	notes
1_2795_C_G	2.33E-02	4.48E-04	6.49E-01	-3.49E+00	7.68E+00	1.86E-02	
1_3853_T_A	2.50E-02	5.55E-03	1.00E-01	-1.48E+01	8.96E+00	6.72E-02	
1_4724_A_C	1.32E-01	1.82E-03	1.78E-01	7.80E+00	5.78E+00	5.51E-02	
1_4837_A_G	7.37E-01	3.01E-04	1.37E-01	-8.18E+00	5.50E+00	6.07E-02	
1_5474_A_C	3.33E-02	1.05E-04	5.46E-01	8.59E+00	1.42E+01	2.47E-02	
1_6629_A_T	2.53E-01	7.07E-32	6.52E-01	-2.75E+00	6.10E+00	1.84E-02	
1_6973_C_T	4.67E-02	4.33E-04	1.98E-01	-1.38E+01	1.07E+01	5.26E-02	
1_8097_A_T	3.50E-02	1.14E-03	1.11E-01	-1.22E+01	7.62E+00	6.50E-02	
1_8465_G_T	8.23E-01	3.96E-10	3.22E-01	-4.65E+00	4.69E+00	4.05E-02	
1_10435_C_A	1.35E-01	4.62E-15	8.74E-01	-9.38E-01	5.93E+00	6.47E-03	
1_11597_G_T	6.67E-02	3.62E-02	9.99E-01	4.48E-03	6.58E+00	2.78E-05	
1_12391_A_T	3.00E-02	1.03E-01	2.32E-01	-7.85E+00	6.56E+00	4.89E-02	
1_12431_C_A	1.00E-02	8.05E-05	5.83E-01	-6.06E+00	1.10E+01	2.24E-02	
1_12934_G_T	2.43E-01	2.31E-05	4.57E-01	3.73E+00	5.01E+00	3.04E-02	
1_13126_A_G	2.05E-01	7.89E-22	2.10E-01	7.67E+00	6.11E+00	5.12E-02	
1_13208_G_T	1.43E-01	5.42E-14	5.88E-01	-4.14E+00	7.64E+00	2.22E-02	
1_15292_C_A	2.17E-01	6.54E-12	1.65E-01	7.92E+00	5.70E+00	5.68E-02	
1_15417_T_A	1.83E-02	3.56E-04	4.75E-01	7.76E+00	1.08E+01	2.92E-02	
1_16970_G_T	2.32E-01	9.34E-01	8.88E-01	-7.42E-01	5.26E+00	5.77E-03	
1_17417_T_A	6.08E-01	1.36E-10	5.30E-01	-3.10E+00	4.93E+00	2.57E-02	
1_17518_T_C	2.73E-01	4.81E-02	6.49E-01	2.76E+00	6.07E+00	1.86E-02	
1_17715_T_C	4.97E-01	2.60E-38	7.04E-02	1.08E+01	5.97E+00	7.39E-02	
1_18120_A_C	3.65E-01	7.52E-38	9.73E-01	-2.18E-01	6.50E+00	1.37E-03	
1_19114_G_T	5.75E-01	4.42E-05	5.27E-01	2.76E+00	4.36E+00	2.59E-02	
1_19434_A_C	4.17E-02	2.48E-09	5.75E-01	6.71E+00	1.20E+01	2.29E-02	
1_19481_T_C	4.17E-02	2.48E-09	5.75E-01	6.71E+00	1.20E+01	2.29E-02	
1_19528_G_C	1.80E-01	2.93E-13	4.42E-01	-5.05E+00	6.57E+00	3.14E-02	
1_20391_A_T	1.00E-02	1.42E-01	5.74E-01	7.01E+00	1.25E+01	2.30E-02	
1_22387_C_A	5.22E-01	6.05E-12	9.11E-01	-5.47E-01	4.89E+00	4.57E-03	
1_22525_C_A	3.17E-02	4.00E-01	2.30E-01	-1.02E+01	8.52E+00	4.90E-02	
1_22879_C_A	2.67E-01	3.61E-05	7.91E-01	1.16E+00	4.39E+00	1.09E-02	
1_23067_T_C	2.35E-01	9.87E-09	2.15E-01	-6.83E+00	5.50E+00	5.07E-02	
1_23620_G_C	4.00E-02	1.34E-04	3.05E-01	9.57E+00	9.32E+00	4.19E-02	
1_24215_C_G	3.50E-02	1.03E-07	8.07E-01	2.65E+00	1.09E+01	9.98E-03	
1_24380_G_A	4.57E-01	3.87E-20	4.73E-01	-3.28E+00	4.57E+00	2.93E-02	
1_24410_G_A	2.50E-02	6.29E-03	9.31E-01	-9.72E-01	1.13E+01	3.53E-03	
1_24589_A_C	5.17E-02	1.57E-01	8.95E-01	1.14E+00	8.68E+00	5.39E-03	
1_26863_G_T	4.38E-01	4.93E-23	4.97E-01	-3.17E+00	4.67E+00	2.78E-02	
1_29557_C_A	1.83E-02	8.62E-03	8.34E-01	2.22E+00	1.06E+01	8.59E-03	
1_29906_G_A	1.33E-02	1.00E-02	1.56E-01	1.99E+01	1.40E+01	5.80E-02	
1_30328_T_G	3.17E-02	9.97E-07	3.93E-01	1.14E+01	1.33E+01	3.49E-02	
1_30531_T_C	4.83E-02	1.87E-01	9.52E-01	4.75E-01	7.83E+00	2.48E-03	
1_30580_C_A	3.33E-02	1.05E-04	5.46E-01	8.59E+00	1.42E+01	2.47E-02	
1_30720_C_G	5.15E-01	1.78E-07	5.52E-01	-3.36E+00	5.65E+00	2.43E-02	
1_31901_A_T	1.07E-01	7.51E-11	7.72E-01	1.77E+00	6.08E+00	1.19E-02	
1_33336_A_C	1.50E-02	6.21E-04	3.37E-01	9.89E+00	1.03E+01	3.93E-02	
1_35068_T_G	3.43E-01	7.28E-02	1.18E-01	7.56E+00	4.82E+00	6.39E-02	
1_37780_A_G	2.70E-01	1.13E-28	4.42E-01	3.83E+00	4.98E+00	3.15E-02	
1_39301_T_C	3.65E-01	3.69E-05	8.78E-02	-7.74E+00	4.53E+00	6.97E-02	
1_39563_C_A	1.33E-02	1.00E-02	1.56E-01	1.99E+01	1.40E+01	5.80E-02	
1_42130_T_C	2.30E-01	5.63E-28	9.26E-03	1.29E+01	4.94E+00	1.06E-01	
1_43177_A_G	2.67E-02	8.33E-04	8.10E-01	1.86E+00	7.75E+00	9.82E-03	
1_44261_C_G	1.75E-01	1.07E-23	7.11E-01	2.04E+00	5.51E+00	1.52E-02	
1_44650_A_T	2.17E-01	7.41E-26	5.91E-01	-3.38E+00	6.29E+00	2.20E-02	
1_48918_G_T	1.93E-01	1.05E-10	7.80E-01	-1.44E+00	5.16E+00	1.14E-02	
1_49049_G_T	9.33E-02	7.64E-11	6.76E-01	-3.19E+00	7.61E+00	1.71E-02	
1_49105_C_T	3.73E-01	1.08E-05	6.49E-02	7.96E+00	4.30E+00	7.54E-02	
1_49156_T_A	1.90E-01	9.67E-02	7.38E-01	-1.75E+00	5.24E+00	1.37E-02	
1_50352_T_C	8.17E-02	3.86E-03	7.35E-01	2.80E+00	8.26E+00	1.39E-02	
1_52748_T_C	4.00E-02	1.09E-07	4.20E-01	6.74E+00	8.36E+00	3.30E-02	
1_53616_G_A	3.67E-02	2.08E-05	2.50E-01	1.27E+01	1.11E+01	4.70E-02	
1_53736_T_C	8.12E-01	1.40E-03	5.88E-01	3.12E+00	5.76E+00	2.22E-02	
1_54072_G_C	2.32E-01	3.57E-03	3.92E-01	5.07E+00	5.92E+00	3.50E-02	
1_58240_C_G	1.50E-02	1.52E-04	1.35E-01	2.06E+01	1.38E+01	6.11E-02	
1_59281_C_T	1.50E-02	1.68E-04	7.48E-01	-2.70E+00	8.39E+00	1.32E-02	
1_59986_G_A	5.70E-01	3.35E-13	1.11E-01	-8.81E+00	5.52E+00	6.51E-02	
1_60132_A_T	8.02E-01	2.61E-01	8.35E-01	-1.64E+00	7.84E+00	8.54E-03	
1_60753_C_G	8.07E-01	2.19E-01	9.43E-01	-4.00E-01	5.58E+00	2.93E-03	
1_61258_A_T	9.00E-01	2.04E-01	9.45E-03	1.91E+01	7.34E+00	1.06E-01	
1_61980_C_A	3.33E-02	4.61E-06	2.02E-01	-9.74E+00	7.63E+00	5.21E-02	
1_62679_C_T	3.32E-01	1.29E-43	1.14E-01	-1.47E+01	9.28E+00	6.45E-02	
1_64360_T_C	4.00E-02	6.21E-01	7.18E-02	1.43E+01	7.92E+00	7.35E-02	
1_64887_C_T	5.50E-02	7.00E-06	2.27E-01	-1.06E+01	8.77E+00	4.94E-02	
1_65132_G_T	2.00E-02	6.44E-02	7.61E-01	3.08E+00	1.01E+01	1.25E-02	
1_65606_G_T	8.30E-01	5.21E-02	8.18E-01	1.30E+00	5.64E+00	9.41E-03	
1_66791_C_G	1.35E-01	1.05E-15	6.14E-01	4.90E+00	9.69E+00	2.07E-02	
1_67008_C_G	4.00E-02	3.11E-04	9.89E-01	1.72E-01	1.22E+01	5.76E-04	
1_67881_C_G	6.10E-01	2.49E-10	8.94E-01	6.85E-01	5.16E+00	5.43E-03	
1_71431_G_A	4.00E-02	3.11E-04	9.89E-01	1.72E-01	1.22E+01	5.76E-04	
1_71833_T_A	4.77E-01	2.63E-02	4.54E-02	8.74E+00	4.36E+00	8.17E-02	
1_74373_G_T	2.50E-02	6.45E-02	6.13E-01	4.35E+00	8.61E+00	2.07E-02	
1_75494_C_T	3.83E-02	1.46E-01	9.99E-01	7.89E-03	9.69E+00	3.33E-05	
1_77062_T_C	5.35E-01	1.35E-33	1.18E-01	7.69E+00	4.92E+00	6.39E-02	
1_78332_G_C	2.17E-02	5.88E-01	1.16E-01	-1.67E+01	1.06E+01	6.43E-02	
1_78419_T_A	2.18E-01	6.31E-27	1.65E-01	7.60E+00	5.46E+00	5.68E-02	
1_78483_C_G	8.00E-02	1.85E-05	2.41E-01	-7.35E+00	6.26E+00	4.79E-02	
1_79131_C_G	1.67E-02	7.04E-07	4.73E-02	2.35E+01	1.18E+01	8.10E-02	
1_79919_G_A	1.98E-01	3.07E-01	5.38E-01	3.62E+00	5.88E+00	2.52E-02	
1_80039_C_A	7.00E-02	4.34E-14	5.92E-02	1.48E+01	7.81E+00	7.71E-02	
1_80285_A_C	7.00E-02	4.34E-14	5.92E-02	1.48E+01	7.81E+00	7.71E-02	
1_80978_T_G	2.00E-02	6.44E-02	7.61E-01	3.08E+00	1.01E+01	1.25E-02	
1_81295_G_A	3.33E-02	3.83E-05	3.97E-01	8.34E+00	9.84E+00	3.46E-02	
1_83854_T_C	3.12E-01	1.03E-27	3.49E-01	4.27E+00	4.55E+00	3.83E-02	
1_84261_A_C	5.58E-01	3.77E-21	2.82E-01	5.67E+00	5.26E+00	4.40E-02	
1_84992_T_G	2.13E-01	1.50E-05	9.99E-01	-5.90E-03	4.55E+00	5.30E-05	
1_85109_A_C	1.03E-01	4.75E-02	8.15E-01	-1.49E+00	6.36E+00	9.59E-03	
1_85220_T_A	6.73E-01	3.33E-13	4.02E-01	4.23E+00	5.05E+00	3.43E-02	
1_87842_A_T	1.67E-02	7.27E-01	2.31E-01	-1.32E+01	1.10E+01	4.90E-02	
1_89358_A_G	1.67E-02	7.27E-01	2.31E-01	-1.32E+01	1.10E+01	4.90E-02	
1_89716_A_C	8.48E-01	4.04E-03	5.20E-01	-3.87E+00	6.02E+00	2.63E-02	
1_90506_C_A	2.83E-02	1.12E-02	1.31E-01	1.45E+01	9.60E+00	6.18E-02	
1_92479_T_A	2.17E-02	5.88E-01	1.16E-01	-1.67E+01	1.06E+01	6.43E-02	
1_97495_C_A	1.32E-01	8.07E-02	3.34E-01	-4.63E+00	4.80E+00	3.95E-02	
1_98201_T_C	3.02E-01	6.64E-10	5.47E-01	-2.63E+00	4.37E+00	2.47E-02	
1_99173_C_T	1.65E-01	2.51E-01	9.07E-01	-5.52E-01	4.72E+00	4.79E-03	
1_100629_T_G	3.02E-01	1.43E-19	5.64E-01	-2.81E+00	4.87E+00	2.36E-02	
1_102143_A_T	1.70E-01	3.62E-11	2.10E-01	5.25E+00	4.18E+00	5.12E-02	
1_103070_T_A	1.50E-02	6.21E-04	3.37E-01	9.89E+00	1.03E+01	3.93E-02	
1_103855_G_C	3.88E-01	8.99E-15	7.75E-01	-1.30E+00	4.57E+00	1.17E-02	
1_104047_C_G	8.97E-01	6.92E-02	4.58E-01	5.30E+00	7.13E+00	3.04E-02	
1_104958_G_A	1.17E-02	9.43E-02	4.75E-01	-7.53E+00	1.05E+01	2.92E-02	
1_105831_A_C	1.50E-02	1.44E-02	4.38E-01	-1.04E+01	1.33E+01	3.17E-02	
1_106569_T_C	7.97E-01	2.46E-06	4.06E-01	-3.48E+00	4.19E+00	3.40E-02	
1_107739_G_A	2.37E-01	5.23E-26	4.18E-01	5.32E+00	6.56E+00	3.31E-02	
1_107865_G_A	9.50E-02	6.05E-18	1.39E-01	1.37E+01	9.22E+00	6.04E-02	
1_109775_T_G	2.50E-02	1.21E-03	7.54E-01	-2.15E+00	6.84E+00	1.28E-02	
1_110411_T_G	9.50E-02	3.54E-02	9.79E-01	1.95E-01	7.48E+00	1.07E-03	
1_110978_C_T	1.00E-02	6.34E-03	4.72E-01	-7.63E+00	1.06E+01	2.94E-02	
1_111167_T_A	8.80E-01	8.40E-03	5.97E-01	3.29E+00	6.21E+00	2.16E-02	
1_111316_C_A	6.17E-02	8.86E-05	3.88E-01	-5.63E+00	6.52E+00	3.53E-02	
1_113302_C_A	8.33E-02	1.43E-01	6.67E-01	3.24E+00	7.53E+00	1.76E-02	
1_113734_A_G	1.82E-01	7.19E-14	7.83E-01	-2.21E+00	8.03E+00	1.13E-02	
1_113754_G_C	5.17E-02	2.21E-07	5.93E-02	1.48E+01	7.82E+00	7.71E-02	
1_114823_C_G	8.58E-01	1.34E-05	1.25E-01	7.28E+00	4.74E+00	6.27E-02	
1_117066_G_C	3.40E-01	2.95E-11	2.83E-01	5.05E+00	4.71E+00	4.39E-02	
1_118130_C_G	1.23E-01	1.12E-05	2.95E-02	1.62E+01	7.43E+00	8.89E-02	
1_121551_C_A	8.53E-01	2.43E-01	1.06E-01	9.40E+00	5.81E+00	6.60E-02	
1_121664_T_G	2.67E-02	1.20E-03	3.37E-01	-9.97E+00	1.04E+01	3.92E-02	
1_121838_A_G	2.40E-01	4.99E-03	4.92E-01	2.89E+00	4.21E+00	2.81E-02	
1_122047_C_A	1.53E-01	3.46E-01	2.49E-01	5.73E+00	4.97E+00	4.71E-02	
1_122091_G_A	3.40E-01	7.63E-13	9.15E-01	4.43E-01	4.17E+00	4.34E-03	
1_122552_C_G	1.50E-02	1.52E-04	1.35E-01	2.06E+01	1.38E+01	6.11E-02	
1_125999_G_T	2.27E-01	3.30E-01	7.86E-01	1.11E+00	4.08E+00	1.11E-02	
1_126818_T_C	8.00E-02	7.21E-01	4.41E-01	-5.07E+00	6.57E+00	3.15E-02	
1_126826_C_A	5.92E-01	5.73E-12	7.84E-01	1.28E+00	4.64E+00	1.12E-02	
1_128376_G_C	9.07E-01	1.84E-01	3.72E-01	8.26E+00	9.25E+00	3.65E-02	
1_128400_G_T	6.38E-01	3.25E-13	4.00E-01	4.39E+00	5.21E+00	3.44E-02	
1_128508_T_A	6.15E-01	1.91E-21	7.41E-01	-1.65E+00	4.99E+00	1.35E-02	
1_128516_T_G	6.15E-01	1.91E-21	7.41E-01	-1.65E+00	4.99E+00	1.35E-02	
1_128532_T_C	2.67E-01	1.22E-20	4.18E-01	4.96E+00	6.13E+00	3.31E-02	
1_129861_T_C	1.32E-01	4.59E-01	5.33E-01	3.05E+00	4.88E+00	2.55E-02	
1_132176_T_C	2.83E-02	3.07E-01	9.87E-01	1.61E-01	9.91E+00	6.64E-04	
1_133415_C_A	1.83E-02	1.99E-02	1.56E-01	-1.26E+01	8.86E+00	5.80E-02	
1_133634_T_A	1.83E-02	6.70E-01	2.25E-01	1.22E+01	1.01E+01	4.96E-02	
1_135881_C_T	1.17E-02	2.50E-02	7.03E-01	5.58E+00	1.47E+01	1.56E-02	
1_136100_A_T	7.65E-01	1.01E-02	5.86E-01	-2.24E+00	4.11E+00	2.22E-02	
1_136211_C_G	5.83E-02	3.13E-07	3.13E-01	-8.87E+00	8.78E+00	4.13E-02	
1_136430_T_A	9.83E-02	1.64E-03	8.96E-01	6.96E-01	5.32E+00	5.34E-03	
1_137225_A_G	5.00E-02	1.14E-01	9.44E-01	4.86E-01	6.97E+00	2.85E-03	
1_137989_A_G	1.60E-01	9.92E-02	7.89E-01	-1.76E+00	6.57E+00	1.09E-02	
1_139915_A_G	1.17E-02	6.02E-01	6.04E-02	-2.00E+01	1.06E+01	7.67E-02	
1_142325_A_G	7.82E-01	2.62E-23	6.99E-01	-1.96E+00	5.07E+00	1.58E-02	
1_142554_C_T	1.43E-01	3.40E-19	6.13E-01	3.98E+00	7.86E+00	2.07E-02	
1_144297_G_T	4.08E-01	3.84E-01	5.60E-01	-3.34E+00	5.73E+00	2.38E-02	
1_145425_G_A	4.00E-02	2.29E-09	1.19E-01	1.21E+01	7.75E+00	6.38E-02	
1_146438_A_T	2.00E-02	2.28E-03	4.27E-01	7.43E+00	9.34E+00	3.25E-02	
1_147812_G_A	3.67E-02	1.46E-05	4.16E-01	-5.94E+00	7.31E+00	3.32E-02	
1_148117_C_A	4.50E-02	3.86E-03	9.92E-01	-8.49E-02	8.24E+00	4.21E-04	
1_150536_C_A	7.98E-01	4.34E-02	6.57E-02	1.02E+01	5.51E+00	7.52E-02	
1_150740_C_A	1.83E-02	7.52E-02	6.91E-01	-5.66E+00	1.42E+01	1.63E-02	
1_156118_G_A	2.40E-01	3.67E-09	8.43E-01	8.25E-01	4.17E+00	8.09E-03	
1_160675_A_T	2.52E-01	1.23E-32	1.54E-01	-9.59E+00	6.72E+00	5.82E-02	
1_161357_C_T	9.88E-01	1.31E-02	1.62E-01	1.75E+01	1.25E+01	5.71E-02	
1_164738_C_A	7.95E-01	1.00E-04	8.12E-01	-9.10E-01	3.83E+00	9.71E-03	
1_165861_G_A	3.00E-02	3.71E-05	1.81E-01	1.51E+01	1.12E+01	5.47E-02	
1_166217_G_A	5.83E-02	2.23E-02	8.06E-01	-2.12E+00	8.61E+00	1.01E-02	
1_166295_A_T	6.17E-02	1.23E-11	4.57E-02	1.87E+01	9.35E+00	8.16E-02	
1_166740_A_G	8.88E-01	4.29E-01	5.29E-01	5.25E+00	8.33E+00	2.58E-02	
1_167132_C_T	2.17E-02	3.57E-06	4.13E-01	9.66E+00	1.18E+01	3.35E-02	
1_167234_C_T	4.22E-01	4.01E-06	5.72E-01	2.55E+00	4.52E+00	2.31E-02	
1_168538_G_C	2.33E-02	1.02E-01	2.23E-01	1.07E+01	8.78E+00	4.99E-02	
1_169219_T_C	4.00E-02	7.95E-05	4.92E-01	9.88E+00	1.44E+01	2.81E-02	
1_169265_C_T	1.42E-01	2.62E-13	8.95E-01	-1.03E+00	7.79E+00	5.40E-03	
1_171150_G_T	1.67E-02	1.56E-04	4.59E-01	1.11E+01	1.49E+01	3.03E-02	
1_172478_G_A	5.50E-02	7.97E-01	9.73E-01	2.73E-01	7.94E+00	1.40E-03	
1_173551_C_T	1.67E-02	8.58E-03	5.39E-01	6.21E+00	1.01E+01	2.51E-02	
1_175559_T_C	6.35E-01	4.48E-13	9.77E-01	-1.32E-01	4.57E+00	1.18E-03	
1_176520_C_A	4.50E-02	2.28E-01	8.72E-01	1.17E+00	7.29E+00	6.59E-03	
1_176728_G_C	7.33E-02	2.84E-11	7.92E-02	-1.12E+01	6.36E+00	7.17E-02	
1_177271_G_T	3.50E-01	1.21E-08	6.77E-01	-2.40E+00	5.76E+00	1.70E-02	
1_178477_C_G	9.08E-01	2.40E-05	4.91E-01	-4.28E+00	6.22E+00	2.81E-02	
1_180241_T_A	4.50E-02	1.67E-09	4.26E-01	8.90E+00	1.12E+01	3.25E-02	
1_181920_T_A	3.17E-02	8.82E-01	4.60E-01	4.93E+00	6.66E+00	3.02E-02	
1_182494_A_T	9.60E-01	6.89E-01	1.49E-01	1.09E+01	7.57E+00	5.90E-02	
1_184317_G_T	3.43E-01	2.17E-42	4.22E-02	-1.06E+01	5.23E+00	8.29E-02	
1_185516_A_G	4.17E-02	1.78E-04	8.04E-01	2.57E+00	1.04E+01	1.01E-02	
1_186220_C_T	1.35E-01	9.42E-01	3.24E-01	5.97E+00	6.05E+00	4.03E-02	
1_187677_T_C	1.30E-01	1.27E-04	7.95E-01	-1.27E+00	4.91E+00	1.06E-02	
1_189243_G_T	9.33E-02	4.66E-05	8.74E-01	-9.34E-01	5.90E+00	6.47E-03	
1_189451_A_T	1.50E-02	6.98E-01	1.63E-01	-1.17E+01	8.40E+00	5.70E-02	
1_189594_A_T	9.67E-02	1.13E-05	8.43E-01	1.19E+00	5.99E+00	8.12E-03	
1_192433_C_A	5.50E-02	4.32E-09	3.34E-01	8.35E+00	8.63E+00	3.95E-02	
1_192847_C_T	1.58E-01	1.92E-06	4.71E-02	-9.64E+00	4.84E+00	8.11E-02	
1_193821_C_T	1.33E-02	7.90E-01	7.10E-01	-3.52E+00	9.49E+00	1.52E-02	
1_194077_T_G	2.17E-02	1.45E-01	3.39E-01	8.27E+00	8.64E+00	3.91E-02	
1_194941_G_A	9.67E-01	6.25E-02	5.19E-01	5.24E+00	8.11E+00	2.64E-02	
1_196173_C_G	1.33E-02	3.46E-01	2.99E-01	1.05E+01	1.01E+01	4.25E-02	
1_196223_A_C	2.17E-02	8.05E-01	3.08E-01	9.81E+00	9.62E+00	4.17E-02	
1_199832_C_T	3.72E-01	6.80E-32	2.99E-01	-4.61E+00	4.43E+00	4.24E-02	
1_203022_A_G	5.33E-02	8.99E-13	4.40E-03	3.31E+01	1.16E+01	1.16E-01	
1_205955_C_G	1.30E-01	4.50E-02	4.60E-01	4.69E+00	6.34E+00	3.02E-02	
1_209009_G_C	1.90E-01	2.36E-09	6.53E-01	1.99E+00	4.43E+00	1.84E-02	
1_210015_C_G	3.17E-02	2.26E-03	4.91E-01	-5.63E+00	8.17E+00	2.82E-02	
1_210040_A_T	8.57E-01	2.94E-03	1.84E-01	1.22E+01	9.14E+00	5.43E-02	
1_210803_G_C	3.00E-02	7.38E-02	7.13E-01	3.65E+00	9.93E+00	1.50E-02	
1_210855_C_A	3.00E-02	7.38E-02	7.13E-01	3.65E+00	9.93E+00	1.50E-02	
1_211076_C_A	3.17E-02	8.12E-07	7.25E-01	3.61E+00	1.03E+01	1.44E-02	
1_211239_C_T	2.13E-01	8.74E-26	9.23E-01	-6.04E-01	6.22E+00	3.97E-03	
1_211850_T_A	9.17E-01	1.51E-01	7.71E-01	2.39E+00	8.21E+00	1.19E-02	
1_212002_G_C	1.83E-02	1.89E-07	2.66E-01	1.17E+01	1.05E+01	4.55E-02	
1_213965_C_G	1.15E-01	5.03E-02	8.86E-01	8.40E-01	5.88E+00	5.85E-03	
1_215934_G_A	3.90E-01	4.51E-16	3.11E-01	-4.32E+00	4.26E+00	4.15E-02	
1_216027_C_T	9.33E-02	2.90E-02	3.73E-01	6.33E+00	7.10E+00	3.64E-02	
1_217524_A_T	5.28E-01	3.46E-03	6.27E-01	-2.36E+00	4.85E+00	1.99E-02	
1_218007_G_C	4.55E-01	9.77E-15	7.70E-02	7.57E+00	4.27E+00	7.22E-02	
1_218331_G_C	5.45E-01	1.37E-09	6.40E-01	-2.26E+00	4.82E+00	1.91E-02	
1_220114_C_G	1.67E-02	1.56E-04	4.59E-01	1.11E+01	1.49E+01	3.03E-02	
1_221108_T_C	9.50E-02	2.15E-05	3.20E-01	6.94E+00	6.97E+00	4.07E-02	
1_221603_G_T	1.13E-01	2.10E-10	2.43E-01	6.78E+00	5.80E+00	4.77E-02	
1_221848_T_A	1.00E-02	5.67E-02	7.92E-01	-2.35E+00	8.89E+00	1.08E-02	
1_222408_A_T	6.50E-02	2.08E-05	1.88E-02	1.65E+01	7.01E+00	9.59E-02	
1_223105_C_A	3.33E-02	1.46E-03	2.19E-01	-8.94E+00	7.27E+00	5.02E-02	
1_223620_G_A	2.60E-01	1.29E-32	4.39E-01	-4.05E+00	5.23E+00	3.17E-02	
1_224457_G_C	2.50E-02	2.83E-02	4.97E-01	-9.73E+00	1.43E+01	2.78E-02	
1_225669_A_G	4.65E-01	1.40E-04	7.11E-01	-2.43E+00	6.55E+00	1.51E-02	
1_226177_C_A	4.82E-01	3.60E-01	3.55E-01	5.99E+00	6.47E+00	3.78E-02	
1_226607_T_A	4.00E-02	2.62E-05	4.94E-02	2.00E+01	1.01E+01	8.03E-02	
1_227430_C_T	5.10E-01	3.70E-05	6.23E-01	-2.31E+00	4.69E+00	2.01E-02	
1_228804_G_C	1.00E-02	5.67E-02	7.92E-01	-2.35E+00	8.89E+00	1.08E-02	
1_228979_A_G	2.92E-01	1.43E-03	5.83E-01	2.41E+00	4.40E+00	2.24E-02	
1_229506_G_T	1.17E-02	2.50E-02	7.03E-01	5.58E+00	1.47E+01	1.56E-02	
1_229627_C_G	3.08E-01	3.86E-02	7.74E-01	-1.42E+00	4.94E+00	1.17E-02	
1_234813_G_C	2.83E-01	3.40E-01	4.80E-01	2.52E+00	3.57E+00	2.89E-02	
1_235461_C_G	6.63E-01	7.08E-09	4.69E-01	4.10E+00	5.67E+00	2.96E-02	
1_236521_G_T	2.33E-02	1.99E-02	5.37E-02	2.59E+01	1.34E+01	7.88E-02	
1_237889_T_A	7.20E-01	1.77E-02	1.43E-01	-6.92E+00	4.72E+00	5.99E-02	
1_240240_A_C	1.33E-02	3.93E-03	8.65E-01	-2.28E+00	1.34E+01	6.95E-03	
1_240624_G_T	8.27E-01	4.86E-01	2.60E-02	1.31E+01	5.87E+00	9.09E-02	
1_241751_T_A	2.53E-01	1.43E-13	7.22E-01	1.62E+00	4.54E+00	1.46E-02	
1_242620_T_C	4.50E-01	2.13E-31	3.99E-02	9.34E+00	4.54E+00	8.39E-02	
1_242830_G_A	5.53E-01	4.00E-28	3.02E-01	-4.67E+00	4.52E+00	4.22E-02	
1_242914_A_G	9.33E-02	3.40E-02	9.37E-01	-5.04E-01	6.37E+00	3.24E-03	
1_243095_A_T	6.25E-01	5.54E-09	6.70E-01	2.13E+00	5.01E+00	1.74E-02	
1_243998_C_A	1.00E-02	2.49E-01	7.11E-01	-4.70E+00	1.27E+01	1.52E-02	
1_244540_A_C	1.17E-02	8.35E-01	6.24E-01	-4.85E+00	9.87E+00	2.01E-02	
1_245280_A_G	1.05E-01	4.73E-01	4.43E-01	-5.40E+00	7.04E+00	3.14E-02	
1_247325_C_A	7.67E-02	1.79E-17	3.91E-02	1.78E+01	8.59E+00	8.42E-02	
1_248212_C_G	9.82E-01	1.98E-02	5.43E-02	1.91E+01	9.89E+00	7.86E-02	
1_248642_C_T	1.00E-02	8.81E-02	2.16E-01	-1.45E+01	1.17E+01	5.06E-02	
1_249462_A_G	2.77E-01	1.23E-12	4.07E-01	3.97E+00	4.79E+00	3.39E-02	
1_249892_C_T	3.67E-02	3.43E-02	6.69E-01	-4.27E+00	9.97E+00	1.75E-02	
1_250105_T_C	2.28E-01	1.54E-15	3.34E-01	5.35E+00	5.53E+00	3.95E-02	
1_254421_C_T	4.33E-02	6.41E-02	5.21E-01	-6.59E+00	1.03E+01	2.62E-02	
1_256340_C_G	6.45E-01	1.72E-17	9.74E-01	1.63E-01	4.92E+00	1.35E-03	
1_257438_T_G	1.83E-02	3.11E-02	6.13E-01	-5.05E+00	9.96E+00	2.07E-02	
1_257603_A_G	1.53E-01	2.35E-19	2.23E-01	-1.25E+01	1.02E+01	4.98E-02	
1_260293_A_C	9.13E-01	8.19E-02	5.87E-01	-4.83E+00	8.89E+00	2.22E-02	
1_260553_A_G	6.17E-02	1.39E-04	3.82E-01	9.90E+00	1.13E+01	3.57E-02	
1_261815_A_C	4.33E-02	3.14E-09	4.58E-01	7.15E+00	9.63E+00	3.04E-02	
1_262498_G_C	2.33E-02	6.59E-02	7.12E-01	2.71E+00	7.32E+00	1.51E-02	
1_265621_C_G	1.83E-02	1.89E-07	2.66E-01	1.17E+01	1.05E+01	4.55E-02	
1_265929_G_T	3.17E-02	5.54E-02	8.20E-02	-1.89E+01	1.08E+01	7.11E-02	
1_268164_A_C	6.33E-02	1.61E-04	5.08E-01	-4.95E+00	7.47E+00	2.71E-02	
1_268538_C_G	1.75E-01	3.40E-12	8.59E-01	-1.11E+00	6.27E+00	7.26E-03	
1_268778_C_T	2.00E-02	1.37E-03	7.67E-01	-3.04E+00	1.02E+01	1.21E-02	
1_269292_G_A	7.83E-02	3.12E-04	1.95E-01	-9.53E+00	7.35E+00	5.30E-02	
1_270595_A_G	1.73E-01	4.36E-23	9.15E-01	-6.45E-01	6.02E+00	4.38E-03	
1_272300_T_C	3.33E-02	1.05E-04	5.46E-01	8.59E+00	1.42E+01	2.47E-02	
1_272480_C_A	7.23E-01	5.12E-01	5.74E-01	2.17E+00	3.86E+00	2.30E-02	
1_274614_G_T	1.17E-02	5.72E-05	2.77E-01	1.41E+01	1.29E+01	4.45E-02	
1_274665_G_A	1.17E-02	5.72E-05	2.77E-01	1.41E+01	1.29E+01	4.45E-02	
1_274839_A_T	2.50E-02	3.41E-07	2.00E-01	1.80E+01	1.40E+01	5.24E-02	
1_275012_A_T	3.33E-02	1.05E-04	5.46E-01	8.59E+00	1.42E+01	2.47E-02	
1_275447_A_C	4.98E-01	5.09E-18	1.32E-01	-6.01E+00	3.99E+00	6.15E-02	
1_275903_C_A	1.17E-02	3.46E-01	3.24E-01	1.09E+01	1.11E+01	4.04E-02	
1_278874_A_G	2.67E-02	3.76E-01	6.39E-01	4.45E+00	9.47E+00	1.92E-02	
1_279638_G_T	2.17E-02	4.51E-06	2.45E-01	1.29E+01	1.11E+01	4.76E-02	
1_279661_C_G	9.50E-02	2.73E-02	6.50E-01	3.16E+00	6.96E+00	1.86E-02	
1_281203_C_G	2.00E-01	2.86E-23	7.10E-01	-2.14E+00	5.76E+00	1.52E-02	
1_281334_T_C	9.00E-01	1.57E-01	4.10E-01	5.33E+00	6.46E+00	3.37E-02	
1_281551_C_G	5.67E-02	2.70E-13	6.64E-03	4.72E+01	1.73E+01	1.11E-01	
1_282792_G_T	1.40E-01	2.24E-02	8.86E-01	-8.28E-01	5.77E+00	5.87E-03	
1_282798_T_A	9.83E-02	1.97E-01	4.72E-01	5.98E+00	8.31E+00	2.94E-02	
1_284496_A_C	7.48E-01	4.83E-03	9.72E-01	-1.76E-01	4.99E+00	1.44E-03	
1_285332_G_C	2.50E-02	3.41E-07	2.00E-01	1.80E+01	1.40E+01	5.24E-02	
1_286760_C_G	1.30E-01	2.47E-03	5.99E-01	-3.45E+00	6.56E+00	2.15E-02	
1_287523_G_C	6.17E-02	9.42E-14	2.32E-03	3.02E+01	9.88E+00	1.24E-01	
1_287638_C_T	2.83E-02	3.04E-03	4.85E-01	-1.08E+01	1.55E+01	2.86E-02	
1_288694_A_G	9.85E-01	1.26E-03	2.56E-03	3.91E+01	1.29E+01	1.23E-01	
1_290101_G_A	8.67E-02	3.70E-02	6.42E-01	4.29E+00	9.23E+00	1.90E-02	
1_290143_T_C	5.17E-02	4.04E-02	5.36E-01	-6.36E+00	1.03E+01	2.53E-02	
1_290474_T_A	1.80E-01	2.60E-26	5.69E-01	3.75E+00	6.58E+00	2.33E-02	
1_290947_T_G	3.67E-02	2.03E-04	8.37E-01	1.85E+00	8.96E+00	8.43E-03	
1_291416_G_C	1.83E-02	7.52E-02	6.91E-01	-5.66E+00	1.42E+01	1.63E-02	
1_291490_T_C	8.08E-01	3.73E-17	3.10E-01	5.96E+00	5.87E+00	4.15E-02	
1_291555_C_T	2.50E-02	3.41E-07	2.00E-01	1.80E+01	1.40E+01	5.24E-02	
1_292544_C_G	4.20E-01	1.68E-22	8.78E-01	8.98E-01	5.83E+00	6.30E-03	
1_294222_C_T	1.33E-02	3.93E-03	8.65E-01	-2.28E+00	1.34E+01	6.95E-03	
1_295820_T_A	1.50E-02	1.62E-01	8.15E-01	-2.80E+00	1.20E+01	9.57E-03	
1_296090_G_C	2.30E-01	1.33E-02	9.36E-01	-4.77E-01	5.93E+00	3.29E-03	
1_299514_T_G	1.33E-02	1.00E-02	1.56E-01	1.99E+01	1.40E+01	5.80E-02	
1_299727_T_C	1.83E-02	1.89E-07	2.66E-01	1.17E+01	1.05E+01	4.55E-02	
1_301474_T_A	2.17E-02	8.45E-03	3.15E-01	-1.38E+01	1.38E+01	4.11E-02	
1_302424_T_G	2.45E-01	3.92E-01	6.75E-01	-1.89E+00	4.52E+00	1.71E-02	
1_303041_A_C	5.25E-01	2.08E-01	5.87E-01	-2.71E+00	4.99E+00	2.22E-02	
1_306221_C_A	8.67E-01	4.38E-02	9.60E-01	-3.05E-01	6.10E+00	2.04E-03	
1_307963_C_T	1.17E-02	3.55E-03	1.12E-01	-1.51E+01	9.48E+00	6.49E-02	
1_308156_A_G	3.83E-02	7.09E-07	4.63E-01	6.60E+00	8.99E+00	3.00E-02	
1_309415_C_A	4.33E-02	3.72E-03	5.17E-01	6.63E+00	1.02E+01	2.65E-02	
1_309806_C_G	2.50E-02	2.83E-02	4.97E-01	-9.73E+00	1.43E+01	2.78E-02	
1_311598_G_C	1.67E-02	1.29E-04	2.59E-01	1.17E+01	1.04E+01	4.61E-02	
1_311925_A_C	3.80E-01	2.07E-26	3.97E-01	-3.19E+00	3.76E+00	3.46E-02	
1_313355_G_A	1.17E-02	5.72E-05	2.77E-01	1.41E+01	1.29E+01	4.45E-02	
1_314268_T_A	7.17E-02	4.02E-01	6.26E-01	-2.90E+00	5.95E+00	1.99E-02	
1_316126_A_G	4.65E-01	1.25E-13	5.57E-01	-2.34E+00	3.99E+00	2.40E-02	
1_317056_G_A	1.25E-01	7.02E-01	6.40E-01	-2.52E+00	5.38E+00	1.91E-02	
1_321136_A_G	3.17E-02	1.53E-06	3.04E-01	1.10E+01	1.06E+01	4.21E-02	
1_321662_T_A	2.67E-01	6.11E-31	7.88E-01	-1.64E+00	6.11E+00	1.10E-02	
1_321768_C_A	7.70E-01	4.41E-06	1.40E-01	6.72E+00	4.55E+00	6.03E-02	
1_321933_C_G	2.17E-02	1.27E-03	3.49E-01	8.90E+00	9.50E+00	3.83E-02	
1_323126_A_C	1.83E-02	7.52E-02	6.91E-01	-5.66E+00	1.42E+01	1.63E-02	
1_325522_G_T	3.00E-02	1.12E-01	2.53E-01	8.21E+00	7.17E+00	4.68E-02	
1_326112_T_A	3.50E-01	7.13E-23	3.05E-01	-5.19E+00	5.06E+00	4.20E-02	
1_331293_A_T	7.83E-02	2.75E-04	6.78E-01	2.46E+00	5.91E+00	1.70E-02	
1_332226_C_A	3.42E-01	1.26E-10	8.11E-01	-9.37E-01	3.92E+00	9.78E-03	
1_332332_G_T	3.17E-02	1.18E-06	5.24E-01	5.30E+00	8.31E+00	2.61E-02	
1_333156_A_C	3.93E-01	3.98E-23	6.80E-01	-1.84E+00	4.47E+00	1.69E-02	
1_335225_C_A	1.27E-01	3.60E-01	9.83E-01	-1.39E-01	6.36E+00	8.92E-04	
1_335608_A_C	5.40E-01	2.40E-18	2.60E-01	-5.47E+00	4.86E+00	4.61E-02	
1_336208_A_C	2.75E-01	3.03E-01	4.47E-01	3.86E+00	5.07E+00	3.11E-02	
1_336346_C_G	2.53E-01	4.95E-03	6.56E-01	2.44E+00	5.47E+00	1.82E-02	
1_337305_T_G	3.83E-01	1.25E-03	8.03E-01	1.15E+00	4.61E+00	1.02E-02	
1_338369_C_A	2.33E-02	1.99E-02	5.37E-02	2.59E+01	1.34E+01	7.88E-02	
1_338553_G_T	6.33E-02	2.43E-01	1.28E-01	-1.07E+01	7.00E+00	6.22E-02	
1_338640_T_G	8.12E-01	1.32E-01	7.94E-01	-1.55E+00	5.96E+00	1.07E-02	
1_338961_G_A	7.67E-02	2.42E-01	4.71E-01	-4.26E+00	5.90E+00	2.95E-02	
1_341630_C_T	3.08E-01	5.55E-01	3.96E-01	3.79E+00	4.46E+00	3.47E-02	
1_341885_A_G	1.17E-02	1.89E-01	7.10E-01	-4.33E+00	1.16E+01	1.52E-02	
1_342669_G_A	5.27E-01	7.02E-06	2.80E-01	-4.70E+00	4.35E+00	4.42E-02	
1_342847_A_C	2.12E-01	5.62E-01	4.39E-01	3.18E+00	4.11E+00	3.17E-02	
1_344165_C_T	3.35E-01	6.44E-01	8.86E-01	7.22E-01	5.02E+00	5.88E-03	
1_344207_T_C	1.75E-01	4.10E-14	4.91E-01	4.03E+00	5.84E+00	2.82E-02	
1_344553_T_G	1.00E-02	4.66E-02	5.44E-01	8.08E+00	1.33E+01	2.48E-02	
1_344585_C_T	2.00E-02	1.56E-02	4.25E-01	-9.62E+00	1.20E+01	3.27E-02	
1_345566_C_T	1.00E-02	1.42E-01	5.74E-01	7.01E+00	1.25E+01	2.30E-02	
1_346156_T_C	2.33E-02	6.59E-02	7.12E-01	2.71E+00	7.32E+00	1.51E-02	
1_347804_A_C	1.33E-02	3.01E-02	5.21E-01	-8.00E+00	1.25E+01	2.63E-02	
1_347933_A_T	8.50E-02	1.81E-02	4.88E-01	6.66E+00	9.59E+00	2.84E-02	
1_349174_G_T	3.63E-01	4.43E-18	9.73E-01	-2.10E-01	6.29E+00	1.37E-03	
1_351564_C_T	2.23E-01	4.09E-03	6.20E-01	3.48E+00	7.02E+00	2.03E-02	
1_351629_A_T	6.13E-01	4.06E-02	2.94E-01	-4.77E+00	4.54E+00	4.29E-02	
1_352904_A_T	1.17E-02	2.38E-03	4.72E-01	-9.73E+00	1.35E+01	2.94E-02	
1_354381_C_A	1.17E-02	2.38E-03	4.72E-01	-9.73E+00	1.35E+01	2.94E-02	
1_354532_G_A	3.17E-02	9.97E-07	3.93E-01	1.14E+01	1.33E+01	3.49E-02	
1_354937_T_C	2.67E-02	1.50E-05	7.02E-01	3.31E+00	8.64E+00	1.57E-02	
1_355215_G_A	4.35E-01	7.57E-14	1.15E-01	7.34E+00	4.65E+00	6.44E-02	
1_355413_G_A	1.80E-01	2.80E-14	5.41E-01	3.36E+00	5.49E+00	2.50E-02	
1_358028_T_G	2.93E-01	5.55E-09	5.37E-01	-3.19E+00	5.16E+00	2.53E-02	
1_359913_T_C	1.33E-02	3.93E-03	8.65E-01	-2.28E+00	1.34E+01	6.95E-03	
1_361255_T_C	2.00E-02	2.23E-01	3.74E-01	-1.02E+01	1.15E+01	3.64E-02	
1_361367_C_T	5.83E-02	3.28E-13	5.83E-04	3.36E+01	9.71E+00	1.40E-01	
1_363389_T_G	2.23E-01	2.22E-32	6.27E-02	1.67E+01	8.95E+00	7.60E-02	
1_364312_T_G	2.67E-02	6.59E-03	1.68E-01	-1.87E+01	1.35E+01	5.64E-02	
1_365645_A_C	9.83E-02	4.17E-01	9.47E-01	5.25E-01	7.89E+00	2.72E-03	
1_366092_C_A	2.82E-01	2.54E-05	9.72E-01	2.56E-01	7.34E+00	1.42E-03	
1_370000_C_A	8.52E-01	7.67E-01	6.31E-01	-2.91E+00	6.05E+00	1.97E-02	
1_370035_G_A	2.28E-01	1.90E-09	5.98E-01	3.30E+00	6.26E+00	2.16E-02	
1_370447_G_A	7.83E-02	3.25E-15	1.29E-01	1.04E+01	6.86E+00	6.20E-02	
1_372880_T_G	2.67E-02	1.09E-04	7.18E-01	-2.31E+00	6.40E+00	1.48E-02	
1_372956_G_C	1.33E-02	1.25E-02	4.67E-01	-6.81E+00	9.35E+00	2.98E-02	
1_373318_T_G	4.83E-02	1.59E-01	5.44E-01	-4.10E+00	6.75E+00	2.48E-02	
1_373782_G_C	9.38E-01	8.91E-02	9.71E-01	-2.68E-01	7.27E+00	1.51E-03	
1_374219_A_G	1.33E-02	3.93E-03	8.65E-01	-2.28E+00	1.34E+01	6.95E-03	
1_374502_A_T	8.47E-01	6.71E-04	8.72E-01	-7.71E-01	4.78E+00	6.59E-03	
1_375209_C_T	7.00E-02	5.95E-01	6.34E-01	-3.83E+00	8.05E+00	1.95E-02	
1_376566_G_A	3.50E-02	3.17E-02	8.85E-01	-1.11E+00	7.70E+00	5.89E-03	
1_377307_A_G	2.00E-02	6.44E-02	7.61E-01	3.08E+00	1.01E+01	1.25E-02	
1_377731_C_A	6.00E-02	2.24E-04	5.09E-01	6.62E+00	1.00E+01	2.70E-02	
1_378117_T_C	1.27E-01	1.18E-15	4.68E-01	-5.37E+00	7.40E+00	2.97E-02	
1_379597_T_G	1.33E-02	1.00E-02	1.56E-01	1.99E+01	1.40E+01	5.80E-02	
1_380453_G_T	2.00E-02	2.23E-01	3.74E-01	-1.02E+01	1.15E+01	3.64E-02	
1_381984_G_T	1.43E-01	1.37E-01	7.77E-01	1.58E+00	5.58E+00	1.16E-02	
1_382092_G_A	7.27E-01	6.69E-09	7.54E-01	1.90E+00	6.06E+00	1.28E-02	
1_384216_A_G	2.50E-02	2.83E-02	4.97E-01	-9.73E+00	1.43E+01	2.78E-02	
1_385489_T_C	6.67E-02	1.95E-01	8.50E-02	9.33E+00	5.41E+00	7.04E-02	
1_386335_A_T	2.83E-02	6.61E-02	4.68E-01	-7.80E+00	1.07E+01	2.97E-02	
1_387052_G_T	1.67E-02	2.12E-04	3.12E-03	-2.49E+01	8.40E+00	1.20E-01	
1_387789_A_G	9.10E-01	9.32E-01	2.90E-01	-7.22E+00	6.81E+00	4.33E-02	
1_389968_A_T	1.50E-02	1.44E-02	4.38E-01	-1.04E+01	1.33E+01	3.17E-02	
1_391065_C_A	6.27E-01	4.37E-04	6.69E-01	1.81E+00	4.24E+00	1.75E-02	
1_392563_G_C	1.58E-01	1.34E-01	1.86E-01	9.75E+00	7.36E+00	5.41E-02	
1_392945_A_T	1.33E-01	4.30E-01	9.92E-01	-6.42E-02	6.12E+00	4.29E-04	
1_393382_C_A	2.00E-02	1.37E-03	7.67E-01	-3.04E+00	1.02E+01	1.21E-02	
1_393946_A_T	1.17E-02	2.50E-02	7.03E-01	5.58E+00	1.47E+01	1.56E-02	
1_396069_A_G	6.50E-01	2.42E-20	8.79E-01	8.48E-01	5.58E+00	6.22E-03	
1_396159_T_G	3.00E-02	1.45E-05	2.66E-01	1.26E+01	1.13E+01	4.55E-02	
1_396624_A_C	2.53E-01	1.07E-30	7.43E-01	-2.24E+00	6.82E+00	1.34E-02	
1_398044_T_A	6.93E-01	8.22E-36	1.56E-01	7.79E+00	5.48E+00	5.80E-02	
1_398503_A_C	2.83E-02	4.57E-02	4.40E-01	7.38E+00	9.56E+00	3.16E-02	
1_398741_C_T	2.50E-02	2.83E-02	4.97E-01	-9.73E+00	1.43E+01	2.78E-02	
1_399697_C_G	5.83E-01	2.96E-29	1.58E-02	-1.10E+01	4.56E+00	9.85E-02	
1_399761_T_G	3.35E-01	9.29E-21	9.09E-01	-5.26E-01	4.59E+00	4.68E-03	
1_400208_T_G	4.50E-02	1.75E-03	2.78E-01	9.33E+00	8.59E+00	4.44E-02	
1_400738_G_C	1.65E-01	1.01E-14	3.12E-01	4.66E+00	4.61E+00	4.13E-02	
1_401185_C_A	1.83E-02	2.68E-03	6.00E-01	4.58E+00	8.72E+00	2.15E-02	
1_401857_G_C	1.83E-02	7.52E-02	6.91E-01	-5.66E+00	1.42E+01	1.63E-02	
1_402749_C_T	6.93E-01	2.78E-03	3.44E-01	-3.96E+00	4.17E+00	3.87E-02	
1_403049_T_A	3.33E-02	3.68E-05	3.65E-01	-7.42E+00	8.19E+00	3.70E-02	
1_404614_G_A	5.83E-02	2.97E-13	2.46E-01	1.53E+01	1.31E+01	4.74E-02	
1_405483_C_G	1.83E-01	1.05E-17	1.76E-02	1.19E+01	5.00E+00	9.68E-02	
1_405744_T_A	2.17E-02	5.18E-02	8.52E-01	-2.02E+00	1.08E+01	7.64E-03	
1_407636_G_A	1.00E-02	1.44E-01	6.06E-02	1.66E+01	8.83E+00	7.66E-02	
1_408011_A_G	2.83E-02	9.32E-01	4.81E-01	-5.27E+00	7.49E+00	2.88E-02	
1_408610_G_C	2.00E-02	1.37E-03	7.67E-01	-3.04E+00	1.02E+01	1.21E-02	
1_409102_G_C	4.50E-02	4.19E-03	8.94E-01	-1.33E+00	9.98E+00	5.45E-03	
1_409573_G_A	4.00E-01	2.59E-35	6.59E-01	2.63E+00	5.96E+00	1.80E-02	
1_410176_G_A	2.67E-02	4.55E-01	7.26E-01	3.12E+00	8.93E+00	1.43E-02	
1_410347_G_T	6.00E-02	1.98E-07	6.78E-01	-3.46E+00	8.33E+00	1.70E-02	
1_410878_G_C	1.05E-01	1.68E-18	6.82E-02	1.46E+01	8.01E+00	7.45E-02	
1_411213_A_G	1.42E-01	2.79E-13	8.45E-01	-1.29E+00	6.61E+00	8.00E-03	
1_412328_G_C	8.37E-01	2.71E-02	9.80E-01	-1.55E-01	6.27E+00	1.01E-03	
1_414396_A_G	5.18E-01	6.60E-07	6.57E-01	2.68E+00	6.03E+00	1.82E-02	
1_415226_G_A	8.60E-01	1.13E-02	5.27E-01	-3.62E+00	5.72E+00	2.59E-02	
1_416012_T_G	1.70E-01	4.15E-02	1.88E-01	1.07E+01	8.12E+00	5.38E-02	
1_416753_C_G	4.98E-01	2.76E-40	3.46E-02	9.85E+00	4.65E+00	8.63E-02	
1_416768_G_T	1.42E-01	5.16E-09	2.16E-02	1.43E+01	6.20E+00	9.38E-02	
1_418237_C_A	1.83E-02	3.56E-04	4.75E-01	7.76E+00	1.08E+01	2.92E-02	
1_418950_C_T	1.22E-01	5.37E-02	5.87E-01	4.13E+00	7.60E+00	2.22E-02	
1_420475_C_A	6.00E-02	3.09E-03	9.68E-01	3.27E-01	8.20E+00	1.63E-03	
1_420845_T_G	4.40E-01	1.02E-14	5.03E-01	3.03E+00	4.52E+00	2.74E-02	
1_421700_T_A	7.33E-02	5.00E-03	8.68E-01	-1.25E+00	7.54E+00	6.77E-03	
1_421718_C_A	1.43E-01	6.00E-06	3.53E-01	5.14E+00	5.53E+00	3.80E-02	
1_422607_C_G	4.90E-01	5.90E-01	5.64E-01	2.31E+00	4.00E+00	2.36E-02	
1_423458_G_A	2.00E-02	9.43E-02	8.74E-01	1.85E+00	1.16E+01	6.51E-03	
1_423944_C_T	3.00E-02	2.22E-03	3.13E-01	7.21E+00	7.15E+00	4.12E-02	
1_424195_T_G	1.67E-02	1.56E-04	4.59E-01	1.11E+01	1.49E+01	3.03E-02	
1_424509_C_G	2.33E-02	1.19E-01	3.79E-01	-7.75E+00	8.80E+00	3.60E-02	
1_425609_C_T	3.12E-01	7.79E-01	5.61E-01	-3.01E+00	5.18E+00	2.38E-02	
1_425670_A_T	8.75E-01	9.60E-02	4.56E-01	5.17E+00	6.93E+00	3.05E-02	
1_426797_G_C	2.50E-02	2.20E-05	3.60E-01	7.35E+00	8.02E+00	3.74E-02	
1_428604_C_T	8.85E-01	1.90E-01	3.50E-01	7.41E+00	7.92E+00	3.82E-02	
1_430398_C_A	7.83E-02	5.58E-01	1.69E-01	1.31E+01	9.50E+00	5.62E-02	
1_432138_C_A	1.88E-01	7.97E-01	4.56E-01	-6.34E+00	8.50E+00	3.05E-02	
1_432260_T_G	2.17E-02	8.00E-01	6.32E-01	-3.46E+00	7.23E+00	1.96E-02	
1_432537_A_T	1.67E-01	1.28E-01	8.85E-01	-1.41E+00	9.71E+00	5.93E-03	
1_432727_G_C	4.53E-01	5.98E-28	4.14E-01	3.64E+00	4.45E+00	3.34E-02	
1_435275_T_G	1.50E-02	1.54E-01	1.32E-01	1.26E+01	8.35E+00	6.15E-02	
1_436793_T_A	1.83E-02	7.52E-02	6.91E-01	-5.66E+00	1.42E+01	1.63E-02	
1_437717_G_C	2.60E-01	3.46E-02	9.59E-01	2.63E-01	5.11E+00	2.10E-03	
1_438013_G_T	6.97E-01	3.68E-04	2.87E-01	5.45E+00	5.11E+00	4.35E-02	
1_439207_C_T	4.00E-02	3.11E-04	9.89E-01	1.72E-01	1.22E+01	5.76E-04	
1_439770_G_T	4.12E-01	4.51E-07	2.03E-01	-5.08E+00	3.99E+00	5.20E-02	
1_441052_T_C	1.83E-01	2.79E-15	8.21E-01	2.48E+00	1.09E+01	9.27E-03	
1_443616_G_A	1.33E-02	2.04E-01	8.40E-01	2.00E+00	9.89E+00	8.28E-03	
1_444495_T_C	1.17E-02	4.12E-01	8.51E-01	1.85E+00	9.85E+00	7.68E-03	
1_446364_T_C	3.00E-02	1.28E-06	1.46E-01	1.72E+01	1.18E+01	5.95E-02	
1_446448_A_G	2.10E-01	5.59E-23	1.21E-01	9.64E+00	6.21E+00	6.33E-02	
1_447628_T_A	4.00E-02	7.95E-05	4.92E-01	9.88E+00	1.44E+01	2.81E-02	
1_448507_G_T	2.50E-02	4.98E-03	8.13E-01	-2.65E+00	1.12E+01	9.66E-03	
1_449317_T_G	6.17E-02	1.07E-10	5.46E-01	4.04E+00	6.69E+00	2.47E-02	
1_449475_A_C	1.00E-02	2.49E-01	7.11E-01	-4.70E+00	1.27E+01	1.52E-02	
1_449882_G_C	7.00E-02	3.98E-10	3.61E-01	6.05E+00	6.61E+00	3.74E-02	
1_450436_T_G	2.00E-02	1.37E-03	7.67E-01	-3.04E+00	1.02E+01	1.21E-02	
1_450486_T_C	4.00E-02	7.95E-05	4.92E-01	9.88E+00	1.44E+01	2.81E-02	
1_451017_C_T	2.67E-02	1.33E-04	3.55E-01	-8.44E+00	9.11E+00	3.79E-02	
1_451773_G_T	7.70E-01	2.50E-16	8.24E-01	-1.36E+00	6.11E+00	9.11E-03	
1_455566_A_T	5.17E-02	4.56E-01	5.99E-01	-4.31E+00	8.19E+00	2.15E-02	
1_456278_G_T	8.50E-02	1.22E-13	5.19E-01	5.00E+00	7.75E+00	2.64E-02	
1_457145_T_G	4.17E-02	1.91E-08	4.81E-01	7.66E+00	1.09E+01	2.88E-02	
1_459726_T_A	5.33E-02	1.07E-03	2.73E-01	7.04E+00	6.41E+00	4.48E-02	
1_460780_G_T	2.80E-01	2.73E-32	9.87E-01	-1.07E-01	6.64E+00	6.57E-04	
1_463240_T_G	8.37E-01	3.75E-11	2.62E-01	-8.37E+00	7.46E+00	4.58E-02	
1_463591_C_A	1.92E-01	3.34E-16	7.69E-01	1.52E+00	5.17E+00	1.20E-02	
1_464087_A_G	1.50E-02	5.08E-01	7.06E-01	-3.21E+00	8.49E+00	1.54E-02	
1_467212_A_C	2.50E-02	2.14E-02	3.84E-02	2.32E+01	1.12E+01	8.45E-02	
1_468039_G_A	3.53E-01	7.91E-20	6.13E-01	2.97E+00	5.87E+00	2.07E-02	
1_468438_G_C	8.67E-02	3.07E-01	2.61E-01	-5.99E+00	5.32E+00	4.60E-02	
1_469936_T_A	1.33E-02	1.00E-02	1.56E-01	1.99E+01	1.40E+01	5.80E-02	
1_473906_A_G	2.43E-01	1.83E-06	5.31E-01	-2.86E+00	4.57E+00	2.56E-02	
1_474302_C_G	1.30E-01	8.59E-06	9.63E-01	-2.55E-01	5.47E+00	1.91E-03	
1_475320_A_G	1.67E-02	2.49E-01	2.75E-01	-1.13E+01	1.04E+01	4.46E-02	
1_475747_A_C	2.75E-01	9.17E-01	6.10E-01	-3.10E+00	6.08E+00	2.08E-02	
1_477524_A_G	2.83E-01	1.09E-08	6.82E-01	2.41E+00	5.88E+00	1.67E-02	
1_478409_C_G	3.60E-01	5.27E-10	8.96E-01	-7.65E-01	5.83E+00	5.37E-03	
1_478832_G_T	4.33E-02	4.37E-02	2.19E-01	-8.29E+00	6.74E+00	5.02E-02	
1_480991_A_T	2.83E-02	7.96E-05	7.88E-01	2.15E+00	8.00E+00	1.10E-02	
1_481467_G_T	1.50E-02	2.39E-02	5.74E-01	5.98E+00	1.06E+01	2.30E-02	
1_482794_G_T	2.83E-02	1.06E-05	8.27E-01	2.22E+00	1.02E+01	8.94E-03	
1_483500_C_A	1.33E-02	6.90E-02	6.99E-01	-3.16E+00	8.16E+00	1.58E-02	
1_483723_A_T	2.50E-02	2.83E-02	4.97E-01	-9.73E+00	1.43E+01	2.78E-02	
1_484521_G_C	2.00E-02	3.52E-03	7.81E-01	2.78E+00	9.98E+00	1.14E-02	
1_485884_C_T	1.33E-02	1.00E-02	1.56E-01	1.99E+01	1.40E+01	5.80E-02	
1_489499_A_T	7.33E-01	3.51E-11	9.72E-01	-3.02E-01	8.56E+00	1.44E-03	
1_489521_A_G	7.30E-01	6.17E-12	2.57E-01	-7.59E+00	6.69E+00	4.63E-02	
1_489687_A_G	4.00E-02	1.46E-05	6.92E-01	4.02E+00	1.02E+01	1.62E-02	
1_491515_A_C	2.17E-01	6.95E-02	6.27E-01	-3.66E+00	7.54E+00	1.99E-02	
1_491999_T_C	4.17E-02	4.35E-10	9.98E-02	1.61E+01	9.79E+00	6.73E-02	
1_492979_T_A	6.33E-02	3.90E-06	5.03E-02	2.00E+01	1.02E+01	8.00E-02	
1_494076_G_T	2.33E-02	1.02E-01	2.23E-01	1.07E+01	8.78E+00	4.99E-02	
1_495985_G_C	1.53E-01	1.27E-17	8.91E-01	-9.82E-01	7.17E+00	5.60E-03	
1_496183_T_C	5.97E-01	3.20E-24	2.07E-01	6.70E+00	5.30E+00	5.16E-02	
1_496529_T_C	3.67E-02	3.26E-08	1.10E-01	1.73E+01	1.08E+01	6.53E-02	
1_498279_G_T	4.83E-02	9.50E-07	6.22E-01	-4.31E+00	8.74E+00	2.02E-02	
1_499568_T_G	1.33E-01	3.63E-08	9.79E-01	1.51E-01	5.67E+00	1.09E-03	
1_501736_G_C	1.08E-01	8.52E-06	4.95E-01	4.63E+00	6.78E+00	2.79E-02	
1_502540_A_T	4.23E-01	1.01E-12	7.89E-01	-1.11E+00	4.13E+00	1.10E-02	
1_503231_C_G	4.18E-01	3.33E-10	5.41E-01	2.97E+00	4.85E+00	2.50E-02	
1_504821_C_T	5.93E-01	9.86E-06	7.42E-01	-1.70E+00	5.15E+00	1.35E-02	
1_505718_G_T	7.83E-02	1.50E-05	5.97E-01	-3.31E+00	6.26E+00	2.16E-02	
1_506394_T_C	2.67E-02	1.20E-03	3.37E-01	-9.97E+00	1.04E+01	3.92E-02	
1_506592_C_A	9.83E-02	6.23E-12	5.48E-01	-4.59E+00	7.63E+00	2.46E-02	
1_506874_G_T	1.67E-02	2.65E-01	8.49E-01	-1.48E+00	7.77E+00	7.80E-03	
1_508797_G_C	5.33E-02	2.79E-12	9.55E-02	2.08E+01	1.25E+01	6.81E-02	
1_509980_C_A	7.50E-02	4.20E-03	8.73E-01	1.43E+00	8.96E+00	6.53E-03	
1_510679_C_G	4.83E-02	2.18E-05	8.91E-01	1.17E+00	8.55E+00	5.61E-03	
1_511481_T_C	2.10E-01	1.12E-15	4.84E-01	3.89E+00	5.55E+00	2.86E-02	
1_513593_T_A	3.67E-02	1.95E-05	6.64E-02	1.50E+01	8.18E+00	7.50E-02	
1_516084_A_T	5.33E-02	5.02E-04	9.62E-01	-4.11E-01	8.61E+00	1.95E-03	
1_518102_C_T	4.50E-02	4.17E-06	9.92E-01	8.70E-02	9.11E+00	3.91E-04	
1_518435_G_T	8.92E-01	3.20E-01	6.06E-01	4.92E+00	9.54E+00	2.11E-02	
1_518696_G_T	9.00E-02	1.57E-09	4.61E-01	4.76E+00	6.45E+00	3.02E-02	
1_519099_C_A	1.33E-02	1.00E-02	1.56E-01	1.99E+01	1.40E+01	5.80E-02	
1_520373_C_A	5.02E-01	1.36E-05	4.26E-01	-3.91E+00	4.91E+00	3.25E-02	
1_522224_G_T	6.82E-01	3.27E-09	5.77E-01	2.69E+00	4.81E+00	2.28E-02	
1_523807_C_T	4.67E-02	5.61E-02	3.89E-01	5.54E+00	6.43E+00	3.52E-02	
1_523965_G_A	5.50E-02	7.16E-13	6.12E-01	6.86E+00	1.35E+01	2.08E-02	
1_524387_T_G	9.62E-01	8.19E-01	1.84E-01	1.16E+01	8.70E+00	5.43E-02	
1_525012_A_T	4.82E-01	2.82E-36	1.69E-01	5.80E+00	4.22E+00	5.62E-02	
1_525912_G_C	2.00E-02	1.37E-03	7.67E-01	-3.04E+00	1.02E+01	1.21E-02	
1_528172_A_C	3.33E-02	1.91E-03	3.83E-01	-8.85E+00	1.01E+01	3.57E-02	
1_528350_C_T	1.00E-01	2.43E-04	6.22E-01	2.80E+00	5.67E+00	2.02E-02	
1_528568_A_T	1.17E-02	2.38E-03	4.72E-01	-9.73E+00	1.35E+01	2.94E-02	
1_528734_C_G	4.18E-01	1.99E-16	7.89E-01	-1.13E+00	4.20E+00	1.09E-02	
1_529325_T_G	5.50E-02	2.39E-01	3.70E-01	6.96E+00	7.76E+00	3.66E-02	
1_529880_A_C	1.17E-01	1.36E-15	5.08E-01	6.00E+00	9.07E+00	2.71E-02	
1_530540_G_T	2.83E-02	4.57E-02	4.40E-01	7.38E+00	9.56E+00	3.16E-02	
1_531031_G_C	2.43E-01	4.24E-13	2.49E-01	6.37E+00	5.51E+00	4.72E-02	
1_533039_T_A	2.50E-02	3.41E-07	2.00E-01	1.80E+01	1.40E+01	5.24E-02	
1_533684_T_C	7.83E-02	1.78E-10	7.53E-03	1.90E+01	7.07E+00	1.09E-01	
1_536261_G_T	9.50E-02	9.59E-04	4.95E-01	-3.97E+00	5.81E+00	2.79E-02	
1_536279_T_G	1.75E-01	6.25E-13	2.35E-01	7.06E+00	5.93E+00	4.86E-02	
1_536937_A_T	2.83E-02	3.33E-08	3.35E-01	1.17E+01	1.21E+01	3.94E-02	
1_537034_T_A	1.85E-01	2.85E-18	6.70E-01	2.32E+00	5.45E+00	1.74E-02	
1_537892_G_A	8.42E-01	8.21E-05	1.43E-01	7.47E+00	5.09E+00	5.99E-02	
1_537897_G_A	5.83E-02	2.73E-04	6.85E-01	4.11E+00	1.01E+01	1.66E-02	
1_539204_T_A	4.13E-01	1.29E-18	1.35E-01	6.05E+00	4.04E+00	6.11E-02	
1_540051_T_G	2.33E-02	6.81E-01	2.76E-01	-1.02E+01	9.32E+00	4.45E-02	
1_540085_A_T	5.33E-02	5.75E-01	2.56E-01	7.66E+00	6.74E+00	4.64E-02	
1_541560_C_T	2.52E-01	3.15E-10	6.71E-01	2.03E+00	4.78E+00	1.73E-02	
1_543547_A_T	3.67E-02	7.13E-01	7.46E-01	2.60E+00	8.01E+00	1.33E-02	
1_543824_T_C	3.00E-02	1.41E-03	9.41E-01	8.96E-01	1.22E+01	3.01E-03	
1_544507_G_A	5.50E-02	2.72E-04	1.09E-01	-1.33E+01	8.27E+00	6.55E-02	
1_545511_G_A	8.97E-01	1.62E-01	5.34E-01	8.77E+00	1.41E+01	2.54E-02	
1_546488_G_T	1.50E-02	1.52E-04	1.35E-01	2.06E+01	1.38E+01	6.11E-02	
1_548355_G_T	5.92E-01	1.14E-06	3.94E-01	3.87E+00	4.54E+00	3.49E-02	
1_550048_C_T	4.00E-02	5.68E-01	6.75E-01	-3.71E+00	8.83E+00	1.72E-02	
1_550374_C_A	1.10E-01	8.39E-14	8.39E-02	1.38E+01	7.99E+00	7.06E-02	
1_550645_G_A	3.62E-01	3.75E-32	1.64E-01	-7.17E+00	5.15E+00	5.69E-02	
1_551919_C_T	1.17E-02	1.90E-01	3.33E-01	9.32E+00	9.62E+00	3.96E-02	
1_552855_G_T	3.67E-01	6.44E-21	8.30E-01	-1.31E+00	6.11E+00	8.76E-03	
1_554836_G_C	1.67E-02	8.01E-03	4.53E-01	6.43E+00	8.57E+00	3.07E-02	
1_556304_C_A	1.78E-01	1.84E-22	1.76E-02	1.46E+01	6.14E+00	9.69E-02	
1_556422_G_T	3.50E-02	9.01E-05	6.94E-01	4.60E+00	1.17E+01	1.61E-02	
1_556452_A_G	7.17E-02	1.74E-04	9.70E-01	2.02E-01	5.33E+00	1.55E-03	
1_556934_A_C	1.50E-02	2.08E-02	2.38E-01	1.00E+01	8.48E+00	4.82E-02	
1_558149_T_G	1.00E-02	2.69E-02	2.85E-01	-9.66E+00	9.03E+00	4.37E-02	
1_558252_A_G	6.88E-01	1.89E-10	4.40E-01	3.69E+00	4.77E+00	3.16E-02	
1_558357_T_C	5.83E-02	2.73E-04	6.85E-01	4.11E+00	1.01E+01	1.66E-02	
1_560516_A_G	8.50E-01	1.35E-05	1.96E-01	6.31E+00	4.87E+00	5.29E-02	
1_560779_A_C	8.75E-01	4.58E-06	6.97E-01	-2.06E+00	5.29E+00	1.59E-02	
1_561377_T_G	1.50E-02	1.26E-02	9.58E-01	5.42E-01	1.02E+01	2.16E-03	
1_562555_A_G	9.27E-01	5.11E-01	4.59E-01	-4.53E+00	6.11E+00	3.03E-02	
1_562904_A_T	8.67E-02	2.99E-02	7.73E-01	1.69E+00	5.85E+00	1.18E-02	
1_564677_T_A	9.50E-01	5.28E-01	2.79E-02	1.83E+01	8.30E+00	8.98E-02	
1_564961_G_A	1.77E-01	6.09E-21	6.02E-01	3.71E+00	7.10E+00	2.13E-02	
1_565886_G_T	6.33E-02	6.89E-04	7.43E-01	3.21E+00	9.76E+00	1.34E-02	
1_567604_T_C	4.50E-02	8.91E-03	8.36E-01	1.53E+00	7.39E+00	8.49E-03	
1_571100_C_T	8.33E-02	1.15E-02	7.01E-01	2.76E+00	7.17E+00	1.57E-02	
1_572285_C_G	2.50E-02	8.65E-03	1.99E-02	-2.72E+01	1.16E+01	9.51E-02	
1_573019_A_G	1.02E-01	3.42E-12	2.47E-01	8.21E+00	7.09E+00	4.73E-02	
1_573635_C_A	1.33E-02	1.00E-02	1.56E-01	1.99E+01	1.40E+01	5.80E-02	
1_575266_G_C	3.58E-01	3.73E-29	8.49E-01	1.24E+00	6.53E+00	7.76E-03	
1_576323_A_C	7.67E-02	4.18E-02	7.78E-01	2.20E+00	7.79E+00	1.15E-02	
1_578829_T_A	6.07E-01	3.03E-07	6.17E-01	-2.60E+00	5.19E+00	2.05E-02	
1_579469_G_T	1.33E-02	3.93E-03	8.65E-01	-2.28E+00	1.34E+01	6.95E-03	
1_580681_G_T	3.95E-01	6.33E-14	1.73E-01	6.15E+00	4.51E+00	5.57E-02	
1_581020_T_C	1.52E-01	7.67E-22	8.74E-01	1.27E+00	7.98E+00	6.51E-03	
1_582141_G_T	8.57E-01	2.30E-01	7.29E-01	1.62E+00	4.67E+00	1.42E-02	
1_582182_A_G	8.57E-01	2.30E-01	7.29E-01	1.62E+00	4.67E+00	1.42E-02	
1_582890_C_T	4.33E-02	3.12E-04	3.33E-01	-6.95E+00	7.18E+00	3.96E-02	
1_582969_C_T	1.42E-01	7.76E-22	9.68E-02	1.55E+01	9.34E+00	6.79E-02	
1_583262_C_A	8.48E-01	9.48E-04	2.61E-01	7.38E+00	6.56E+00	4.60E-02	
1_584449_C_A	2.00E-02	6.01E-02	9.61E-01	5.60E-01	1.15E+01	1.99E-03	
1_585913_C_A	5.33E-02	7.83E-01	8.82E-01	1.17E+00	7.85E+00	6.08E-03	
1_586603_G_C	4.23E-01	5.61E-01	6.42E-01	-2.02E+00	4.34E+00	1.90E-02	
1_586656_A_C	1.35E-01	5.33E-01	9.51E-01	-4.29E-01	7.00E+00	2.50E-03	
1_587288_T_G	1.28E-01	2.38E-15	1.02E-01	9.86E+00	6.02E+00	6.68E-02	
1_589122_G_C	7.83E-02	7.24E-02	8.78E-01	1.15E+00	7.50E+00	6.27E-03	
1_589921_C_G	9.33E-02	2.45E-02	8.46E-01	-1.12E+00	5.74E+00	7.96E-03	
1_591625_G_T	2.33E-02	1.99E-02	5.37E-02	2.59E+01	1.34E+01	7.88E-02	
1_592040_A_C	4.67E-02	1.51E-06	7.96E-01	-2.50E+00	9.67E+00	1.06E-02	
1_592850_A_G	6.17E-02	1.39E-04	3.82E-01	9.90E+00	1.13E+01	3.57E-02	
1_593207_A_C	2.97E-01	1.42E-01	9.34E-01	4.07E-01	4.91E+00	3.39E-03	
1_593496_G_A	1.67E-02	4.50E-01	9.70E-02	1.63E+01	9.80E+00	6.78E-02	
1_596262_A_C	2.53E-01	1.11E-06	2.99E-01	5.15E+00	4.95E+00	4.25E-02	
1_598839_T_A	1.60E-01	2.96E-21	8.44E-02	1.60E+01	9.26E+00	7.05E-02	
1_601031_C_T	2.47E-01	5.48E-13	1.02E-01	8.90E+00	5.43E+00	6.69E-02	
1_601719_G_C	7.45E-01	1.90E-21	5.26E-01	-3.20E+00	5.04E+00	2.60E-02	
1_602056_G_A	7.25E-01	2.33E-21	6.05E-01	-2.52E+00	4.86E+00	2.12E-02	
1_602914_C_T	1.00E-02	8.65E-01	7.12E-01	-3.98E+00	1.08E+01	1.51E-02	
1_604429_C_G	5.50E-02	1.31E-07	2.85E-01	-8.56E+00	8.01E+00	4.37E-02	
1_607468_C_A	1.00E-02	1.42E-01	5.74E-01	7.01E+00	1.25E+01	2.30E-02	
1_607565_G_A	2.83E-02	3.04E-03	4.85E-01	-1.08E+01	1.55E+01	2.86E-02	
1_607938_G_C	4.15E-01	1.19E-09	7.68E-01	1.10E+00	3.74E+00	1.21E-02	
1_607985_G_A	1.50E-02	4.49E-03	8.39E-01	2.87E+00	1.42E+01	8.29E-03	
1_609621_G_A	7.77E-01	7.02E-05	5.56E-01	-2.82E+00	4.78E+00	2.41E-02	
1_613745_T_A	4.67E-02	1.51E-06	7.96E-01	-2.50E+00	9.67E+00	1.06E-02	
1_614042_T_G	2.17E-02	1.21E-01	6.43E-01	4.06E+00	8.76E+00	1.89E-02	
1_615262_A_G	2.83E-02	3.04E-03	4.85E-01	-1.08E+01	1.55E+01	2.86E-02	
1_615558_C_G	1.83E-02	7.52E-02	6.91E-01	-5.66E+00	1.42E+01	1.63E-02	
1_616998_C_A	3.17E-01	8.01E-02	7.71E-01	-1.55E+00	5.34E+00	1.19E-02	
1_618351_A_T	1.17E-01	1.62E-14	1.56E-01	1.22E+01	8.60E+00	5.79E-02	
1_618774_G_T	8.50E-02	7.36E-01	8.79E-01	-1.58E+00	1.04E+01	6.21E-03	
1_620059_A_T	2.87E-01	8.31E-20	8.77E-01	-8.30E-01	5.35E+00	6.34E-03	
1_620143_T_C	2.65E-01	1.02E-27	7.12E-01	-1.93E+00	5.22E+00	1.51E-02	
1_620487_G_C	3.50E-02	7.76E-09	2.49E-01	1.15E+01	9.98E+00	4.72E-02	
1_621122_C_T	3.43E-01	5.16E-41	1.52E-01	-8.34E+00	5.82E+00	5.86E-02	
1_621630_A_G	2.33E-02	2.38E-05	3.41E-01	8.88E+00	9.32E+00	3.90E-02	
1_628674_C_T	3.17E-01	4.15E-34	8.46E-01	-1.14E+00	5.88E+00	7.95E-03	
1_629131_T_A	1.18E-01	1.30E-15	9.11E-01	-1.13E+00	1.00E+01	4.58E-03	
1_629528_A_C	8.20E-01	2.43E-01	7.20E-01	2.15E+00	6.00E+00	1.46E-02	
1_629894_A_C	1.85E-01	3.53E-21	1.44E-01	1.09E+01	7.46E+00	5.97E-02	
1_630047_T_C	1.87E-01	3.75E-01	4.92E-01	-4.22E+00	6.14E+00	2.81E-02	
1_630338_C_G	3.20E-01	4.84E-37	2.92E-01	-6.09E+00	5.77E+00	4.31E-02	
1_630810_C_G	2.30E-01	1.69E-22	6.36E-01	2.67E+00	5.64E+00	1.93E-02	
1_632192_A_T	6.00E-01	7.51E-07	9.51E-01	2.76E-01	4.47E+00	2.53E-03	
1_632330_C_T	1.42E-01	8.41E-17	1.52E-01	7.26E+00	5.07E+00	5.85E-02	
1_632349_G_A	4.08E-01	1.37E-10	4.77E-01	3.26E+00	4.59E+00	2.91E-02	
1_633537_G_T	4.00E-02	7.95E-05	4.92E-01	9.88E+00	1.44E+01	2.81E-02	
1_635664_A_G	2.27E-01	1.84E-01	5.55E-01	-3.99E+00	6.75E+00	2.41E-02	
1_636108_A_C	2.00E-02	1.37E-03	7.67E-01	-3.04E+00	1.02E+01	1.21E-02	
1_636435_C_T	5.33E-02	1.89E-07	2.81E-01	7.54E+00	6.99E+00	4.41E-02	
1_636445_A_C	4.33E-02	3.61E-05	9.90E-01	1.04E-01	8.55E+00	4.95E-04	
1_637004_T_A	1.08E-01	1.49E-01	8.06E-01	-1.59E+00	6.49E+00	1.00E-02	
1_637698_A_T	8.85E-01	3.74E-01	2.61E-01	-8.10E+00	7.20E+00	4.59E-02	
1_639586_A_T	1.17E-02	2.38E-03	4.72E-01	-9.73E+00	1.35E+01	2.94E-02	
1_639981_G_T	8.77E-01	6.23E-01	5.70E-01	2.79E+00	4.91E+00	2.33E-02	
1_641516_C_T	6.83E-02	2.78E-01	9.27E-01	-7.85E-01	8.57E+00	3.75E-03	
1_642206_A_T	1.17E-02	2.38E-03	4.72E-01	-9.73E+00	1.35E+01	2.94E-02	
1_642902_T_G	4.67E-02	1.51E-06	7.96E-01	-2.50E+00	9.67E+00	1.06E-02	
1_643185_A_G	7.67E-02	4.20E-08	2.16E-01	1.21E+01	9.75E+00	5.06E-02	
1_644115_C_T	2.83E-01	1.41E-10	8.14E-02	9.19E+00	5.26E+00	7.12E-02	
1_647109_A_G	1.05E-01	6.54E-04	7.04E-01	2.23E+00	5.86E+00	1.56E-02	
1_647174_T_G	2.17E-02	8.45E-03	3.15E-01	-1.38E+01	1.38E+01	4.11E-02	
1_647690_A_C	1.00E-02	6.13E-02	8.53E-01	1.62E+00	8.76E+00	7.55E-03	
1_649896_C_T	1.00E-02	3.79E-01	2.66E-01	-1.06E+01	9.52E+00	4.55E-02	
1_650558_A_T	3.83E-01	6.41E-01	3.17E-01	-4.12E+00	4.12E+00	4.09E-02	
1_656205_C_T	7.20E-01	5.56E-24	4.85E-01	-3.15E+00	4.50E+00	2.86E-02	
1_656405_A_C	4.07E-01	2.11E-02	6.62E-01	-2.37E+00	5.43E+00	1.79E-02	
1_656526_T_C	4.17E-02	1.53E-03	5.84E-01	5.12E+00	9.35E+00	2.24E-02	
1_657371_C_T	4.57E-01	1.28E-12	9.33E-02	9.29E+00	5.52E+00	6.86E-02	
1_657483_G_C	1.17E-02	5.72E-05	2.77E-01	1.41E+01	1.29E+01	4.45E-02	
1_658237_G_C	1.02E-01	2.59E-11	5.29E-01	4.90E+00	7.79E+00	2.57E-02	
1_658935_C_T	5.95E-01	1.86E-06	8.83E-01	6.36E-01	4.31E+00	6.04E-03	
1_659766_C_A	3.83E-02	1.97E-01	6.82E-01	-3.16E+00	7.69E+00	1.68E-02	
1_660671_T_A	1.08E-01	4.21E-04	4.60E-01	5.12E+00	6.93E+00	3.02E-02	
1_661855_G_A	1.93E-01	4.11E-05	8.40E-01	1.07E+00	5.28E+00	8.28E-03	
1_662660_A_G	1.85E-01	3.79E-24	2.98E-02	1.24E+01	5.69E+00	8.87E-02	
1_663013_T_C	2.23E-01	7.86E-22	1.35E-05	1.87E+01	4.27E+00	1.77E-01	
1_665386_C_A	1.83E-02	6.70E-01	2.25E-01	1.22E+01	1.01E+01	4.96E-02	
1_665452_G_C	2.17E-02	8.45E-03	3.15E-01	-1.38E+01	1.38E+01	4.11E-02	
1_665504_T_C	1.17E-02	5.27E-04	5.38E-01	-5.93E+00	9.63E+00	2.52E-02	
1_665553_T_C	6.63E-01	4.18E-10	6.30E-01	-2.46E+00	5.11E+00	1.97E-02	
1_666701_T_C	4.33E-02	3.04E-01	9.54E-01	-4.48E-01	7.69E+00	2.38E-03	
1_667168_T_C	1.17E-02	4.58E-02	9.45E-01	-5.81E-01	8.46E+00	2.81E-03	
1_667414_A_G	1.68E-01	1.38E-01	5.48E-01	-5.30E+00	8.82E+00	2.46E-02	
1_668503_C_A	1.00E-02	1.29E-01	5.45E-01	-6.60E+00	1.09E+01	2.48E-02	
1_668721_G_A	2.83E-02	3.04E-03	4.85E-01	-1.08E+01	1.55E+01	2.86E-02	
1_669064_C_A	1.57E-01	8.97E-01	5.86E-01	2.65E+00	4.86E+00	2.23E-02	
1_671998_C_G	1.83E-02	7.52E-02	6.91E-01	-5.66E+00	1.42E+01	1.63E-02	
1_672737_T_C	2.50E-02	3.41E-07	2.00E-01	1.80E+01	1.40E+01	5.24E-02	
1_677308_C_G	8.83E-01	3.92E-03	2.64E-01	6.19E+00	5.54E+00	4.56E-02	
1_677798_G_C	1.17E-02	2.38E-03	4.72E-01	-9.73E+00	1.35E+01	2.94E-02	
1_678134_C_A	4.33E-02	6.41E-02	5.21E-01	-6.59E+00	1.03E+01	2.62E-02	
1_680118_T_C	3.00E-02	1.01E-03	3.12E-01	7.82E+00	7.72E+00	4.13E-02	
1_682750_T_G	6.62E-01	1.72E-20	5.38E-02	9.65E+00	4.99E+00	7.88E-02	
1_683396_T_C	4.00E-02	7.95E-05	4.92E-01	9.88E+00	1.44E+01	2.81E-02	
1_684360_A_T	1.83E-02	7.52E-02	6.91E-01	-5.66E+00	1.42E+01	1.63E-02	
1_685390_T_G	7.67E-02	3.09E-02	1.61E-01	-9.94E+00	7.09E+00	5.73E-02	
1_685930_T_G	2.83E-02	3.04E-03	4.85E-01	-1.08E+01	1.55E+01	2.86E-02	
1_686052_G_T	7.00E-02	6.92E-03	1.31E-01	8.62E+00	5.70E+00	6.17E-02	
1_686117_G_C	1.98E-01	1.33E-27	3.49E-01	5.09E+00	5.42E+00	3.83E-02	
1_687022_G_A	4.97E-01	1.62E-01	2.89E-01	5.16E+00	4.86E+00	4.34E-02	
1_687739_T_A	8.03E-01	1.46E-01	7.23E-01	1.79E+00	5.05E+00	1.45E-02	
1_688342_A_T	2.22E-01	3.95E-13	9.93E-01	-4.66E-02	5.61E+00	3.40E-04	
1_688718_C_A	1.83E-02	7.52E-02	6.91E-01	-5.66E+00	1.42E+01	1.63E-02	
1_688860_G_C	2.15E-01	3.31E-19	4.09E-01	4.53E+00	5.49E+00	3.37E-02	
1_688896_T_A	4.50E-02	1.06E-07	3.38E-01	6.70E+00	6.99E+00	3.92E-02	
1_691730_C_G	4.65E-01	6.84E-07	3.98E-01	-3.92E+00	4.64E+00	3.45E-02	
1_692200_T_A	2.17E-02	8.45E-03	3.15E-01	-1.38E+01	1.38E+01	4.11E-02	
1_693392_A_C	2.28E-01	7.12E-27	6.72E-01	2.73E+00	6.45E+00	1.73E-02	
1_693740_T_C	5.33E-02	5.68E-13	2.03E-02	2.32E+01	9.96E+00	9.47E-02	
1_696843_C_G	2.67E-02	5.81E-03	1.39E-03	3.17E+01	9.86E+00	1.30E-01	
1_696969_G_A	2.83E-02	7.93E-03	5.26E-01	5.25E+00	8.27E+00	2.60E-02	
1_696989_C_G	8.33E-02	1.47E-10	1.22E-01	1.04E+01	6.71E+00	6.32E-02	
1_698319_A_G	5.00E-02	3.40E-01	6.55E-01	-4.03E+00	9.03E+00	1.83E-02	
1_699491_G_T	1.92E-01	3.56E-03	7.91E-01	1.27E+00	4.77E+00	1.09E-02	
1_699812_A_G	1.83E-02	7.52E-02	6.91E-01	-5.66E+00	1.42E+01	1.63E-02	
1_700261_A_T	1.02E-01	1.03E-11	1.16E-01	9.16E+00	5.82E+00	6.43E-02	
1_700483_C_A	1.00E-02	2.49E-01	7.11E-01	-4.70E+00	1.27E+01	1.52E-02	
1_701386_A_C	1.33E-02	3.46E-01	2.99E-01	1.05E+01	1.01E+01	4.25E-02	
1_701708_T_C	1.75E-01	1.92E-15	5.47E-01	-4.66E+00	7.73E+00	2.46E-02	
1_703671_G_C	3.50E-02	1.18E-04	3.88E-01	-8.73E+00	1.01E+01	3.53E-02	
1_703781_T_C	5.37E-01	4.75E-01	3.34E-01	4.55E+00	4.71E+00	3.95E-02	
1_704321_C_T	1.28E-01	6.19E-13	8.33E-01	-1.48E+00	7.02E+00	8.61E-03	
1_709118_T_G	1.17E-02	6.38E-01	5.14E-01	-5.99E+00	9.16E+00	2.67E-02	
1_709516_G_C	2.00E-02	9.43E-02	8.74E-01	1.85E+00	1.16E+01	6.51E-03	
1_712112_C_G	1.17E-02	2.38E-03	4.72E-01	-9.73E+00	1.35E+01	2.94E-02	
1_713884_G_T	1.70E-01	2.33E-17	7.33E-01	2.24E+00	6.57E+00	1.40E-02	
1_714644_A_T	1.50E-02	3.63E-03	8.13E-01	-2.33E+00	9.83E+00	9.70E-03	
1_715168_T_G	3.83E-01	7.69E-01	9.76E-01	-1.50E-01	4.92E+00	1.25E-03	
1_715186_G_A	3.00E-02	5.10E-04	8.37E-01	-2.16E+00	1.05E+01	8.42E-03	
1_715659_T_A	9.83E-02	9.44E-08	7.15E-01	-2.25E+00	6.15E+00	1.49E-02	
1_716314_A_C	1.00E-02	6.25E-01	7.38E-01	3.81E+00	1.14E+01	1.37E-02	
1_717750_A_G	1.55E-01	7.84E-06	3.38E-01	4.65E+00	4.85E+00	3.92E-02	
1_717796_A_T	1.73E-01	3.89E-14	9.47E-01	3.52E-01	5.32E+00	2.71E-03	
1_720898_C_G	2.33E-01	6.54E-17	2.14E-01	7.04E+00	5.65E+00	5.08E-02	
1_721663_T_C	7.03E-01	1.13E-34	6.71E-01	2.20E+00	5.18E+00	1.74E-02	
1_722361_A_C	2.33E-02	4.43E-03	1.55E-01	-1.61E+01	1.13E+01	5.82E-02	
1_722444_C_T	1.30E-01	2.52E-05	8.73E-01	7.79E-01	4.86E+00	6.55E-03	
1_723429_G_C	2.50E-02	2.83E-02	4.97E-01	-9.73E+00	1.43E+01	2.78E-02	
1_724515_T_C	9.83E-02	4.07E-01	1.73E-01	7.99E+00	5.85E+00	5.57E-02	
1_727702_C_T	1.83E-02	1.89E-07	2.66E-01	1.17E+01	1.05E+01	4.55E-02	
1_729644_A_C	1.50E-02	6.21E-04	3.37E-01	9.89E+00	1.03E+01	3.93E-02	
1_730178_A_T	7.00E-02	1.42E-06	5.61E-01	4.57E+00	7.85E+00	2.38E-02	
1_730558_A_C	4.05E-01	2.20E-04	5.76E-01	-2.12E+00	3.79E+00	2.29E-02	
1_731371_G_C	8.17E-01	4.16E-01	7.25E-01	-2.21E+00	6.26E+00	1.44E-02	
1_732200_C_A	1.00E-02	6.34E-03	4.72E-01	-7.63E+00	1.06E+01	2.94E-02	
1_733486_C_T	5.50E-02	4.58E-06	8.25E-01	-2.15E+00	9.74E+00	9.04E-03	
1_737092_A_T	1.83E-02	3.56E-04	4.75E-01	7.76E+00	1.08E+01	2.92E-02	
1_737821_A_C	2.50E-02	1.06E-04	5.27E-01	5.41E+00	8.55E+00	2.59E-02	
1_737979_A_C	4.32E-01	7.98E-08	8.22E-01	9.35E-01	4.15E+00	9.20E-03	
1_738030_T_C	4.00E-02	3.11E-04	9.89E-01	1.72E-01	1.22E+01	5.76E-04	
1_741342_T_A	1.83E-02	3.11E-02	6.13E-01	-5.05E+00	9.96E+00	2.07E-02	
1_741836_T_G	9.17E-02	1.71E-02	9.70E-01	2.10E-01	5.67E+00	1.51E-03	
1_742243_G_A	1.50E-02	1.44E-02	4.38E-01	-1.04E+01	1.33E+01	3.17E-02	
1_742356_C_A	1.50E-02	1.44E-02	4.38E-01	-1.04E+01	1.33E+01	3.17E-02	
1_742896_G_C	3.22E-01	3.21E-05	4.61E-01	-3.01E+00	4.08E+00	3.01E-02	
1_743510_G_C	2.72E-01	6.48E-34	5.01E-01	-3.67E+00	5.44E+00	2.76E-02	
1_744369_T_C	1.83E-02	1.89E-07	2.66E-01	1.17E+01	1.05E+01	4.55E-02	
1_745364_C_T	2.17E-02	8.45E-03	3.15E-01	-1.38E+01	1.38E+01	4.11E-02	
1_745873_G_C	1.25E-01	1.66E-16	5.15E-01	6.12E+00	9.41E+00	2.66E-02	
1_746904_G_T	1.52E-01	1.57E-16	5.77E-01	-4.24E+00	7.61E+00	2.28E-02	
1_746921_C_G	7.00E-01	4.72E-32	4.30E-01	-4.61E+00	5.84E+00	3.23E-02	
1_748155_C_T	5.50E-02	4.17E-07	1.18E-01	1.57E+01	1.00E+01	6.40E-02	
1_752282_A_G	2.50E-02	4.60E-01	6.80E-01	-3.46E+00	8.37E+00	1.69E-02	
1_753119_T_G	1.63E-01	9.21E-01	2.73E-01	-5.59E+00	5.10E+00	4.48E-02	
1_754154_G_C	1.67E-02	1.56E-04	4.59E-01	1.11E+01	1.49E+01	3.03E-02	
1_758214_T_G	1.03E-01	4.61E-09	1.01E-01	9.68E+00	5.89E+00	6.70E-02	
1_759142_C_A	8.17E-02	1.59E-02	4.12E-01	6.80E+00	8.28E+00	3.36E-02	
1_759657_C_G	4.50E-02	2.95E-05	6.88E-01	-2.83E+00	7.06E+00	1.64E-02	
1_760014_A_T	1.50E-02	4.74E-04	6.97E-01	-4.97E+00	1.27E+01	1.59E-02	
1_761382_T_A	7.25E-01	1.06E-27	3.44E-01	-4.77E+00	5.04E+00	3.87E-02	
1_761705_G_C	3.48E-01	7.41E-08	2.92E-01	4.57E+00	4.33E+00	4.31E-02	
1_761797_T_A	4.00E-02	3.11E-04	9.89E-01	1.72E-01	1.22E+01	5.76E-04	
1_761966_A_G	2.50E-02	3.41E-07	2.00E-01	1.80E+01	1.40E+01	5.24E-02	
1_762148_C_G	4.00E-02	4.10E-02	4.61E-01	5.73E+00	7.77E+00	3.01E-02	
1_762869_A_G	2.00E-02	2.23E-01	3.74E-01	-1.02E+01	1.15E+01	3.64E-02	
1_763057_T_C	9.15E-01	9.72E-02	1.56E-01	1.22E+01	8.59E+00	5.80E-02	
1_763300_C_T	9.00E-02	8.32E-05	6.67E-01	-2.22E+00	5.15E+00	1.76E-02	
1_763329_A_T	5.78E-01	8.44E-17	7.70E-01	1.18E+00	4.05E+00	1.20E-02	
1_763367_A_T	2.17E-02	9.01E-04	8.91E-01	1.25E+00	9.10E+00	5.63E-03	
1_763373_A_G	3.50E-02	1.84E-02	4.64E-01	-6.66E+00	9.10E+00	2.99E-02	
1_764752_G_A	1.67E-02	6.82E-02	8.89E-01	-1.34E+00	9.63E+00	5.71E-03	
1_765115_A_G	3.13E-01	2.43E-38	3.01E-01	-6.83E+00	6.59E+00	4.23E-02	
1_766304_A_C	1.50E-02	1.30E-03	1.52E-01	1.37E+01	9.57E+00	5.86E-02	
1_766753_A_G	5.50E-02	1.60E-02	8.55E-01	1.17E+00	6.45E+00	7.45E-03	
1_766879_G_A	3.17E-02	9.97E-07	3.93E-01	1.14E+01	1.33E+01	3.49E-02	
1_767383_G_C	3.17E-02	1.48E-05	4.24E-01	7.85E+00	9.81E+00	3.27E-02	
1_768154_A_C	2.08E-01	6.43E-06	7.39E-01	-1.39E+00	4.15E+00	1.36E-02	
1_768452_C_A	6.67E-02	1.25E-05	9.04E-01	-1.03E+00	8.52E+00	4.95E-03	
1_770460_C_G	1.12E-01	1.59E-06	1.05E-01	1.37E+01	8.45E+00	6.62E-02	
1_770461_G_A	2.17E-02	1.31E-02	5.06E-01	6.06E+00	9.12E+00	2.72E-02	
1_771366_G_T	4.50E-02	1.67E-09	4.26E-01	8.90E+00	1.12E+01	3.25E-02	
1_772054_G_A	9.65E-01	9.21E-01	7.30E-01	-3.75E+00	1.09E+01	1.41E-02	
1_772338_G_C	1.33E-02	3.46E-01	2.99E-01	1.05E+01	1.01E+01	4.25E-02	
1_773040_C_G	4.17E-02	7.88E-02	7.42E-01	-3.06E+00	9.32E+00	1.34E-02	
1_773347_T_C	6.00E-02	1.58E-04	9.42E-01	3.70E-01	5.12E+00	2.96E-03	
1_773894_T_C	6.40E-01	8.65E-07	8.61E-01	-6.99E-01	3.98E+00	7.17E-03	
1_777734_C_G	1.50E-02	5.18E-01	1.97E-01	-1.12E+01	8.68E+00	5.28E-02	
1_777986_A_C	4.00E-02	7.95E-05	4.92E-01	9.88E+00	1.44E+01	2.81E-02	
1_778395_G_A	5.33E-02	2.98E-12	7.22E-01	-4.19E+00	1.18E+01	1.46E-02	
1_778514_G_A	3.17E-02	3.07E-04	4.70E-01	7.13E+00	9.87E+00	2.95E-02	
1_780017_G_T	3.33E-02	6.84E-01	8.49E-01	1.58E+00	8.29E+00	7.81E-03	
1_780604_A_T	5.67E-02	2.37E-01	2.46E-01	6.62E+00	5.70E+00	4.74E-02	
1_781031_A_G	5.92E-01	3.06E-01	3.99E-01	-3.52E+00	4.17E+00	3.45E-02	
1_782826_C_A	3.13E-01	2.25E-12	1.35E-01	6.83E+00	4.57E+00	6.10E-02	
1_783649_G_C	2.02E-01	1.45E-15	7.22E-01	2.42E+00	6.80E+00	1.45E-02	
1_785179_C_A	7.87E-01	1.92E-01	8.07E-01	-1.84E+00	7.53E+00	1.00E-02	
1_785306_T_A	5.50E-01	7.60E-33	3.00E-01	-5.58E+00	5.38E+00	4.24E-02	
1_785579_T_A	7.87E-01	2.38E-15	5.51E-01	2.71E+00	4.55E+00	2.44E-02	
1_786151_A_C	2.87E-01	1.14E-33	1.91E-01	-5.89E+00	4.50E+00	5.35E-02	
1_787051_T_A	2.17E-02	9.61E-03	7.91E-01	2.35E+00	8.85E+00	1.08E-02	
1_788581_G_C	8.13E-01	2.01E-01	1.67E-01	6.06E+00	4.39E+00	5.64E-02	
1_788786_A_C	1.17E-02	2.38E-03	4.72E-01	-9.73E+00	1.35E+01	2.94E-02	
1_789990_A_C	4.83E-02	5.32E-02	7.64E-01	-2.57E+00	8.56E+00	1.23E-02	
1_790544_G_T	6.33E-02	1.81E-01	3.34E-01	1.02E+01	1.06E+01	3.95E-02	
1_790872_T_A	1.33E-02	3.93E-03	8.65E-01	-2.28E+00	1.34E+01	6.95E-03	
1_792474_C_G	8.02E-01	1.95E-13	9.82E-01	1.15E-01	5.21E+00	9.02E-04	
1_793230_A_G	9.33E-02	4.31E-08	9.40E-01	5.04E-01	6.69E+00	3.08E-03	
1_795074_T_A	8.00E-02	3.86E-02	5.36E-01	5.59E+00	9.02E+00	2.53E-02	
1_795472_A_T	1.42E-01	6.54E-08	8.83E-01	8.61E-01	5.83E+00	6.03E-03	
1_795645_T_A	9.67E-02	8.94E-01	4.34E-01	6.43E+00	8.22E+00	3.20E-02	
1_796466_T_C	2.50E-02	2.83E-02	4.97E-01	-9.73E+00	1.43E+01	2.78E-02	
1_799682_G_T	2.83E-02	3.04E-03	4.85E-01	-1.08E+01	1.55E+01	2.86E-02	
1_800048_T_A	5.00E-02	2.85E-02	8.63E-01	1.42E+00	8.20E+00	7.07E-03	
1_804445_C_T	1.50E-02	6.57E-01	4.16E-02	-1.95E+01	9.55E+00	8.32E-02	
1_805485_G_A	1.27E-01	2.18E-01	6.09E-01	2.69E+00	5.26E+00	2.09E-02	
1_805871_T_C	1.32E-01	2.29E-15	5.17E-01	4.40E+00	6.79E+00	2.65E-02	
1_807377_G_A	1.52E-01	2.50E-17	8.59E-01	-1.24E+00	6.99E+00	7.28E-03	
1_808632_C_G	3.95E-01	4.55E-08	8.74E-01	-6.05E-01	3.83E+00	6.47E-03	
1_809197_A_G	1.53E-01	2.75E-08	1.18E-01	-8.36E+00	5.34E+00	6.39E-02	
1_810107_A_G	9.05E-01	8.70E-05	2.55E-01	7.53E+00	6.61E+00	4.65E-02	
1_810730_G_A	1.55E-01	6.87E-14	8.35E-01	-1.41E+00	6.76E+00	8.50E-03	
1_811127_C_T	5.33E-02	3.40E-02	5.63E-01	-5.29E+00	9.13E+00	2.37E-02	
1_813338_A_T	1.27E-01	9.23E-16	2.90E-01	6.18E+00	5.84E+00	4.32E-02	
1_814597_T_G	3.00E-02	1.12E-01	2.53E-01	8.21E+00	7.17E+00	4.68E-02	
1_815778_T_G	2.88E-01	7.78E-01	8.93E-01	-5.39E-01	4.01E+00	5.50E-03	
1_816356_C_G	3.10E-01	7.34E-01	8.37E-01	-8.62E-01	4.20E+00	8.39E-03	
1_816753_G_A	1.17E-02	1.62E-01	3.96E-01	-9.97E+00	1.17E+01	3.47E-02	
1_817330_A_T	4.33E-02	9.77E-02	9.49E-01	-5.67E-01	8.81E+00	2.63E-03	
1_819545_G_A	1.50E-02	1.52E-04	1.35E-01	2.06E+01	1.38E+01	6.11E-02	
1_821162_G_A	1.27E-01	2.22E-04	7.88E-02	9.97E+00	5.66E+00	7.18E-02	
1_824549_T_G	6.17E-01	1.44E-15	9.66E-01	-1.81E-01	4.25E+00	1.74E-03	
1_827686_C_G	5.93E-01	3.28E-26	1.05E-01	-6.87E+00	4.23E+00	6.62E-02	
1_829504_T_A	2.00E-02	3.02E-03	2.30E-01	-1.23E+01	1.03E+01	4.91E-02	
1_829710_C_T	3.33E-02	1.05E-04	5.46E-01	8.59E+00	1.42E+01	2.47E-02	
1_830118_C_G	1.33E-02	9.22E-01	9.77E-01	2.91E-01	1.01E+01	1.17E-03	
1_830909_T_A	2.90E-01	7.91E-34	7.90E-01	1.27E+00	4.79E+00	1.09E-02	
1_831338_A_T	3.33E-02	1.05E-04	5.46E-01	8.59E+00	1.42E+01	2.47E-02	
1_831826_C_A	2.17E-02	4.51E-06	2.45E-01	1.29E+01	1.11E+01	4.76E-02	
1_832673_C_A	1.60E-01	2.79E-01	6.72E-01	2.25E+00	5.30E+00	1.73E-02	
1_834342_G_T	8.82E-01	8.96E-01	3.82E-01	-6.80E+00	7.78E+00	3.57E-02	
1_836084_G_A	2.00E-02	1.94E-02	9.00E-01	1.53E+00	1.22E+01	5.15E-03	
1_837300_C_T	4.35E-01	2.01E-07	8.73E-01	-8.47E-01	5.28E+00	6.56E-03	
1_837422_C_T	1.17E-02	6.38E-01	5.14E-01	-5.99E+00	9.16E+00	2.67E-02	
1_839470_G_A	2.37E-01	5.85E-05	6.58E-01	1.97E+00	4.45E+00	1.81E-02	
1_839940_G_T	8.90E-01	2.04E-07	5.64E-01	-4.00E+00	6.94E+00	2.36E-02	
1_841040_C_T	3.33E-02	1.05E-04	5.46E-01	8.59E+00	1.42E+01	2.47E-02	
1_841905_G_A	1.32E-01	6.39E-07	5.14E-01	3.18E+00	4.87E+00	2.67E-02	
1_842804_A_T	1.43E-01	6.72E-10	8.61E-01	-1.31E+00	7.47E+00	7.15E-03	
1_842991_G_T	1.53E-01	1.36E-03	3.80E-01	-4.76E+00	5.41E+00	3.59E-02	
1_843660_C_G	1.68E-01	1.17E-01	7.33E-01	2.11E+00	6.17E+00	1.40E-02	
1_843858_T_A	1.52E-01	8.55E-01	9.48E-01	3.20E-01	4.89E+00	2.67E-03	
1_845791_G_C	2.08E-01	5.18E-22	9.34E-01	-5.33E-01	6.42E+00	3.40E-03	
1_848255_T_G	1.32E-01	3.40E-18	4.19E-02	2.43E+01	1.19E+01	8.31E-02	
1_851563_C_T	8.33E-02	4.59E-02	5.19E-01	4.52E+00	7.01E+00	2.63E-02	
1_851904_T_G	3.73E-01	1.43E-38	5.09E-01	-3.23E+00	4.90E+00	2.70E-02	
1_852487_A_C	5.83E-02	2.47E-05	8.83E-02	1.22E+01	7.13E+00	6.96E-02	
1_852943_C_A	2.17E-01	2.95E-20	9.10E-01	-6.35E-01	5.64E+00	4.60E-03	
1_853318_C_A	1.00E-01	1.76E-01	7.75E-01	1.67E+00	5.86E+00	1.17E-02	
1_855144_A_C	7.17E-02	1.87E-06	3.16E-01	-8.31E+00	8.29E+00	4.10E-02	
1_855893_C_G	1.67E-02	2.49E-01	2.75E-01	-1.13E+01	1.04E+01	4.46E-02	
1_856204_G_C	1.33E-02	3.93E-03	8.65E-01	-2.28E+00	1.34E+01	6.95E-03	
1_856253_A_C	2.70E-01	6.43E-34	5.46E-01	-5.30E+00	8.78E+00	2.47E-02	
1_860737_C_G	7.33E-02	9.99E-01	6.22E-01	-3.82E+00	7.73E+00	2.02E-02	
1_862001_C_T	4.33E-02	7.27E-08	3.54E-01	7.65E+00	8.24E+00	3.79E-02	
1_862228_G_A	1.77E-01	9.43E-04	1.57E-01	-8.79E+00	6.21E+00	5.78E-02	
1_862974_C_A	8.10E-01	3.83E-04	2.17E-01	5.50E+00	4.45E+00	5.04E-02	
1_863783_T_A	1.17E-02	2.50E-02	7.03E-01	5.58E+00	1.47E+01	1.56E-02	
1_863896_A_C	5.50E-01	1.30E-27	2.90E-01	5.60E+00	5.28E+00	4.33E-02	
1_865247_C_A	7.62E-01	8.72E-06	5.93E-01	-3.18E+00	5.94E+00	2.19E-02	
1_865263_C_T	2.00E-02	2.23E-01	3.74E-01	-1.02E+01	1.15E+01	3.64E-02	
1_866255_A_C	7.85E-01	6.02E-02	4.90E-01	-3.76E+00	5.44E+00	2.82E-02	
1_866776_G_A	8.15E-01	3.41E-05	2.05E-01	7.69E+00	6.05E+00	5.18E-02	
1_866778_C_G	8.33E-01	1.98E-04	2.40E-01	7.64E+00	6.49E+00	4.81E-02	
1_869890_C_G	1.67E-02	1.56E-04	4.59E-01	1.11E+01	1.49E+01	3.03E-02	
1_869917_A_T	1.33E-02	1.00E-02	1.56E-01	1.99E+01	1.40E+01	5.80E-02	
1_870943_G_T	5.67E-02	2.07E-01	6.67E-01	4.51E+00	1.05E+01	1.76E-02	
1_871584_C_T	3.50E-02	1.12E-01	5.02E-01	5.37E+00	7.99E+00	2.75E-02	
1_872827_C_T	1.50E-02	1.62E-01	8.15E-01	-2.80E+00	1.20E+01	9.57E-03	
1_878635_A_T	7.17E-02	1.49E-07	5.47E-01	-4.89E+00	8.12E+00	2.46E-02	
1_878653_G_T	1.52E-01	1.06E-04	6.56E-01	2.38E+00	5.34E+00	1.82E-02	
1_879241_T_A	5.17E-02	1.14E-11	3.82E-01	1.06E+01	1.21E+01	3.58E-02	
1_879243_T_G	1.17E-02	3.02E-02	9.14E-01	1.06E+00	9.76E+00	4.43E-03	
1_880118_A_T	3.13E-01	2.11E-09	4.47E-01	3.99E+00	5.24E+00	3.11E-02	
1_880306_A_C	2.50E-02	2.83E-02	4.97E-01	-9.73E+00	1.43E+01	2.78E-02	
1_880524_T_G	2.67E-02	8.33E-04	8.10E-01	1.86E+00	7.75E+00	9.82E-03	
1_880560_C_T	2.67E-02	3.28E-02	9.87E-01	-1.86E-01	1.15E+01	6.63E-04	
1_881819_A_C	3.95E-01	2.59E-11	6.26E-01	2.91E+00	5.98E+00	1.99E-02	
1_883590_C_G	7.17E-02	1.12E-05	8.19E-01	1.83E+00	7.98E+00	9.38E-03	
1_886011_A_G	1.67E-02	3.14E-02	5.24E-01	-7.06E+00	1.11E+01	2.61E-02	
1_886034_G_T	5.17E-02	1.85E-08	4.11E-01	5.44E+00	6.62E+00	3.36E-02	
1_886545_C_G	1.92E-01	3.87E-16	2.48E-01	6.19E+00	5.36E+00	4.72E-02	
1_887635_C_T	9.80E-01	1.19E-02	3.04E-01	9.67E+00	9.39E+00	4.21E-02	
1_888075_C_A	3.33E-02	4.70E-05	8.28E-01	-2.45E+00	1.13E+01	8.88E-03	
1_888102_T_A	1.98E-01	7.72E-22	3.88E-01	4.67E+00	5.41E+00	3.53E-02	
1_888103_G_C	1.98E-01	7.72E-22	3.88E-01	4.67E+00	5.41E+00	3.53E-02	
1_888326_G_A	2.67E-02	1.20E-03	3.37E-01	-9.97E+00	1.04E+01	3.92E-02	
1_889029_G_T	7.93E-01	2.74E-17	3.23E-01	6.02E+00	6.09E+00	4.04E-02	
1_889721_T_G	4.00E-02	3.16E-09	1.71E-01	1.77E+01	1.29E+01	5.59E-02	
1_894416_A_T	1.43E-01	9.27E-08	2.03E-01	7.49E+00	5.88E+00	5.20E-02	
1_897512_C_A	1.33E-01	6.38E-19	4.51E-01	5.23E+00	6.94E+00	3.08E-02	
1_898212_T_C	1.00E-02	6.34E-03	4.72E-01	-7.63E+00	1.06E+01	2.94E-02	
1_898442_T_G	4.63E-01	4.35E-02	7.32E-01	1.49E+00	4.35E+00	1.40E-02	
1_899078_T_C	4.22E-01	2.16E-05	7.29E-01	1.43E+00	4.14E+00	1.42E-02	
1_901304_C_T	5.83E-02	3.31E-11	1.55E-03	2.51E+01	7.91E+00	1.29E-01	
1_901567_A_C	1.97E-01	9.38E-35	5.30E-05	1.79E+01	4.40E+00	1.64E-01	
1_901683_A_T	1.18E-01	1.36E-12	1.66E-01	7.86E+00	5.67E+00	5.66E-02	
1_901992_A_C	9.17E-02	6.82E-01	4.82E-01	7.34E+00	1.04E+01	2.88E-02	
1_903749_C_T	6.67E-02	3.47E-07	1.68E-01	1.12E+01	8.14E+00	5.63E-02	
1_904290_G_T	2.17E-02	8.45E-03	3.15E-01	-1.38E+01	1.38E+01	4.11E-02	
1_904808_G_C	2.13E-01	2.31E-09	8.19E-01	-1.18E+00	5.17E+00	9.36E-03	
1_904878_T_G	7.07E-01	7.69E-07	1.72E-01	4.96E+00	3.62E+00	5.58E-02	
1_906867_T_A	6.17E-02	4.61E-02	6.28E-01	3.12E+00	6.45E+00	1.98E-02	
1_907300_C_A	9.37E-01	3.25E-03	1.74E-02	1.83E+01	7.67E+00	9.71E-02	
1_913123_G_A	5.83E-02	5.84E-02	8.33E-01	2.25E+00	1.07E+01	8.60E-03	
1_915397_T_C	2.33E-02	1.99E-02	5.37E-02	2.59E+01	1.34E+01	7.88E-02	
1_917075_A_C	2.50E-01	2.59E-35	2.59E-02	1.17E+01	5.26E+00	9.09E-02	
1_917386_A_G	4.67E-02	1.51E-06	7.96E-01	-2.50E+00	9.67E+00	1.06E-02	
1_917494_A_C	6.83E-02	6.82E-07	6.65E-01	3.28E+00	7.57E+00	1.77E-02	
1_918730_G_T	1.67E-02	1.56E-04	4.59E-01	1.11E+01	1.49E+01	3.03E-02	
1_919821_T_A	1.00E-01	9.46E-16	3.87E-01	6.19E+00	7.14E+00	3.54E-02	
1_921052_T_A	1.17E-02	3.02E-02	9.14E-01	1.06E+00	9.76E+00	4.43E-03	
1_922508_C_A	2.00E-02	1.37E-01	7.09E-01	3.76E+00	1.01E+01	1.52E-02	
1_923573_C_T	6.67E-02	3.97E-11	7.02E-02	1.49E+01	8.24E+00	7.40E-02	
1_923905_G_T	8.50E-01	1.29E-04	8.69E-01	-1.30E+00	7.87E+00	6.77E-03	
1_924370_T_G	9.33E-02	1.88E-04	9.87E-01	-9.32E-02	5.93E+00	6.43E-04	
1_929091_G_C	1.10E-01	1.41E-13	5.07E-01	4.79E+00	7.23E+00	2.71E-02	
1_929202_A_C	9.68E-01	4.54E-01	4.67E-01	6.56E+00	9.01E+00	2.98E-02	
1_929507_A_T	3.50E-02	3.86E-05	2.96E-02	2.50E+01	1.15E+01	8.88E-02	
1_929577_T_C	2.17E-02	2.85E-03	8.38E-01	2.15E+00	1.05E+01	8.38E-03	
1_930135_G_T	7.67E-02	3.17E-03	2.39E-01	9.12E+00	7.73E+00	4.82E-02	
1_931617_T_G	9.00E-02	1.18E-15	1.19E-01	1.24E+01	7.96E+00	6.37E-02	
1_932543_T_A	1.57E-01	5.52E-04	9.14E-01	4.87E-01	4.52E+00	4.41E-03	
1_932701_G_A	5.00E-02	3.91E-05	6.37E-01	4.00E+00	8.46E+00	1.93E-02	
1_933147_T_A	5.02E-01	9.46E-08	2.22E-02	1.00E+01	4.38E+00	9.33E-02	
1_933630_A_G	1.50E-02	1.44E-02	4.38E-01	-1.04E+01	1.33E+01	3.17E-02	
1_935154_T_C	4.00E-02	2.28E-07	4.34E-01	5.93E+00	7.58E+00	3.20E-02	
1_938560_C_G	7.33E-02	4.19E-06	8.74E-01	9.59E-01	6.06E+00	6.46E-03	
1_938934_C_G	1.12E-01	6.93E-10	2.63E-01	-6.55E+00	5.85E+00	4.57E-02	
1_942239_T_C	1.67E-02	2.15E-01	9.89E-01	1.56E-01	1.11E+01	5.72E-04	
1_943235_T_G	3.02E-01	2.67E-26	1.94E-01	-6.09E+00	4.69E+00	5.31E-02	
1_943552_A_C	2.67E-02	6.65E-03	2.24E-01	1.07E+01	8.80E+00	4.97E-02	
1_943562_G_A	1.00E-02	8.95E-01	3.36E-01	9.94E+00	1.03E+01	3.93E-02	
1_944667_A_T	7.33E-02	3.44E-10	2.17E-01	1.06E+01	8.61E+00	5.04E-02	
1_948251_C_G	1.83E-02	1.28E-02	4.58E-01	5.68E+00	7.65E+00	3.03E-02	
1_948353_G_A	4.00E-02	7.95E-05	4.92E-01	9.88E+00	1.44E+01	2.81E-02	
1_948626_T_A	2.17E-02	7.90E-03	1.06E-01	-1.79E+01	1.11E+01	6.60E-02	
1_948926_A_C	2.63E-01	1.16E-08	7.82E-01	-1.75E+00	6.31E+00	1.13E-02	
1_953035_G_T	5.18E-01	1.63E-29	1.09E-01	-7.94E+00	4.96E+00	6.54E-02	
1_954461_A_C	5.33E-02	1.31E-05	7.24E-01	2.44E+00	6.90E+00	1.44E-02	
1_956163_A_G	3.15E-01	7.00E-39	9.03E-01	-1.14E+00	9.32E+00	4.99E-03	
1_956278_T_G	4.83E-02	2.64E-07	5.92E-01	4.69E+00	8.73E+00	2.19E-02	
1_957192_C_T	2.33E-02	1.99E-02	5.37E-02	2.59E+01	1.34E+01	7.88E-02	
1_957569_T_C	9.83E-02	7.92E-10	7.81E-01	2.29E+00	8.23E+00	1.14E-02	
1_958103_T_A	2.67E-02	1.20E-03	3.37E-01	-9.97E+00	1.04E+01	3.92E-02	
1_958606_A_T	1.83E-02	6.70E-01	2.25E-01	1.22E+01	1.01E+01	4.96E-02	
1_960867_G_T	4.77E-01	1.82E-07	7.71E-01	1.12E+00	3.85E+00	1.19E-02	
1_961109_A_C	4.00E-02	3.11E-04	9.89E-01	1.72E-01	1.22E+01	5.76E-04	
1_961257_A_C	3.83E-02	2.37E-06	6.59E-02	1.44E+01	7.83E+00	7.51E-02	
1_961882_T_C	3.17E-02	6.01E-01	1.54E-02	-1.82E+01	7.51E+00	9.89E-02	
1_962305_C_T	1.50E-02	4.49E-03	8.39E-01	2.87E+00	1.42E+01	8.29E-03	
1_964259_G_A	1.28E-01	3.88E-26	1.37E-02	1.55E+01	6.28E+00	1.01E-01	
1_964774_A_T	1.00E-02	3.67E-01	7.26E-01	3.51E+00	1.00E+01	1.43E-02	
1_965750_G_C	1.83E-02	3.56E-04	4.75E-01	7.76E+00	1.08E+01	2.92E-02	
1_966421_C_A	4.00E-02	7.95E-05	4.92E-01	9.88E+00	1.44E+01	2.81E-02	
1_968063_A_G	3.48E-01	2.08E-25	7.53E-01	1.48E+00	4.68E+00	1.29E-02	
1_970391_T_A	1.50E-02	1.44E-02	4.38E-01	-1.04E+01	1.33E+01	3.17E-02	
1_972043_G_A	2.83E-02	3.04E-03	4.85E-01	-1.08E+01	1.55E+01	2.86E-02	
1_972507_G_C	2.80E-01	4.87E-04	4.77E-01	5.06E+00	7.12E+00	2.91E-02	
1_974739_T_C	8.38E-01	1.73E-10	3.54E-01	5.85E+00	6.31E+00	3.79E-02	
1_974889_A_T	1.15E-01	3.78E-16	1.49E-02	1.74E+01	7.11E+00	9.94E-02	
1_976561_C_A	1.30E-01	2.65E-05	3.27E-01	6.49E+00	6.61E+00	4.01E-02	
1_977642_A_G	8.22E-01	6.51E-01	9.35E-01	5.68E-01	6.91E+00	3.36E-03	
1_977821_A_T	4.50E-02	6.67E-02	4.32E-01	-5.83E+00	7.42E+00	3.21E-02	
1_978932_T_A	2.38E-01	1.27E-25	9.42E-02	1.06E+01	6.30E+00	6.84E-02	
1_980782_T_C	1.67E-01	6.82E-21	2.59E-01	6.87E+00	6.08E+00	4.62E-02	
1_982318_T_A	6.47E-01	2.79E-25	2.19E-01	-5.94E+00	4.83E+00	5.03E-02	
1_984551_T_A	7.45E-01	5.09E-16	4.65E-01	-3.41E+00	4.66E+00	2.99E-02	
1_985081_A_C	6.38E-01	3.74E-11	4.79E-01	-3.11E+00	4.40E+00	2.89E-02	
1_985440_T_A	7.87E-01	4.83E-04	2.93E-01	6.00E+00	5.70E+00	4.30E-02	
1_985753_C_G	9.02E-01	3.32E-01	5.73E-01	-5.39E+00	9.55E+00	2.31E-02	
1_988357_A_G	2.65E-01	8.07E-29	8.34E-01	1.21E+00	5.75E+00	8.58E-03	
1_989578_C_T	5.83E-02	7.82E-13	7.35E-03	3.65E+01	1.36E+01	1.09E-01	
1_989950_T_C	2.33E-01	2.24E-09	8.64E-01	8.72E-01	5.09E+00	7.00E-03	
1_990392_A_T	2.67E-02	3.10E-03	8.19E-01	-2.88E+00	1.26E+01	9.35E-03	
1_992820_C_A	2.50E-02	2.83E-02	4.97E-01	-9.73E+00	1.43E+01	2.78E-02	
1_992953_C_T	6.15E-01	5.51E-08	5.66E-01	-2.61E+00	4.55E+00	2.35E-02	
1_993293_T_A	5.17E-02	5.83E-06	8.26E-01	-2.14E+00	9.75E+00	8.99E-03	
1_993805_T_C	2.67E-02	8.33E-04	8.10E-01	1.86E+00	7.75E+00	9.82E-03	
1_994244_A_G	6.65E-01	1.90E-27	6.82E-03	-1.74E+01	6.41E+00	1.10E-01	
1_994592_C_A	9.00E-02	6.29E-01	7.33E-01	3.20E+00	9.39E+00	1.39E-02	
1_994673_A_G	1.00E-02	6.24E-01	5.62E-01	6.54E+00	1.13E+01	2.37E-02	
1_995657_T_C	2.12E-01	8.95E-29	1.39E-02	1.19E+01	4.81E+00	1.00E-01	
1_996925_C_A	9.60E-01	1.40E-04	7.22E-03	2.58E+01	9.57E+00	1.10E-01	
1_997780_C_G	4.50E-02	6.91E-08	4.73E-01	5.37E+00	7.46E+00	2.94E-02	
1_998787_T_A	9.88E-01	1.31E-02	1.62E-01	1.75E+01	1.25E+01	5.71E-02	
1_999459_A_C	9.47E-01	3.57E-03	2.36E-01	1.05E+01	8.85E+00	4.84E-02	
