sample_id	sample_id2	phensim
zero	zero	-23.6516
1	1	-19.4738
2	2	5.19119
3	3	20.3679
4	4	0.401016
5	5	-2.20726
6	6	-2.67721
7	7	-29.2545
8	8	6.10832
9	9	26.4438
10	10	5.37403
11	11	-12.2281
12	12	0.476751
13	13	2.10941
14	14	-17.3173
15	15	9.36444
16	16	30.3518
17	17	46.6181
18	18	-21.996
19	19	-18.0555
20	20	-21.8217
21	21	-23.0499
22	22	18.1304
23	23	7.34998
24	24	-34.0021
25	25	-21.2533
26	26	3.83351
27	27	1.67675
28	28	-39.6686
29	29	-8.91173
30	30	-50.3392
31	31	-17.1585
32	32	-8.65693
33	33	5.64889
34	34	-34.6718
35	35	-9.67055
36	36	-5.0663
37	37	-13.9733
38	38	-10.5827
39	39	-4.29899
40	40	-0.239344
41	41	-0.07272
42	42	-6.76226
43	43	-51.6244
44	44	15.1241
45	45	-14.6696
46	46	-13.7848
47	47	16.7419
48	48	-18.9427
49	49	-6.74883
50	50	-8.225
51	51	24.5728
52	52	-37.8495
53	53	-9.5418
54	54	13.4307
55	55	-2.04158
56	56	19.6891
57	57	30.2568
58	58	25.1865
59	59	1.74288
60	60	0.190038
61	61	-9.30402
62	62	-0.00342445
63	63	-5.26048
64	64	32.6618
65	65	-41.0117
66	66	-16.4918
67	67	-8.66885
68	68	-8.92225
69	69	-12.6676
70	70	-20.947
71	71	-29.4577
72	72	-10.1497
73	73	-19.9582
74	74	8.4097
75	75	7.63937
76	76	26.2065
77	77	-2.80789
78	78	8.6401
79	79	8.04803
80	80	-8.01775
81	81	11.5484
82	82	-2.38708
83	83	6.09476
84	84	35.1989
85	85	-9.99728
86	86	23.8343
87	87	23.0485
88	88	9.43091
89	89	18.1033
90	90	-7.4409
91	91	27.1445
92	92	-17.4613
93	93	6.59979
94	94	36.4838
95	95	-1.06049
96	96	-22.3072
97	97	41.1107
98	98	18.6761
99	99	-14.9154
100	100	5.60212
101	101	-1.21752
102	102	-16.0028
103	103	-6.50794
104	104	-8.42123
105	105	22.2865
106	106	-31.5133
107	107	8.16458
108	108	-11.1489
109	109	17.2279
110	110	4.71272
111	111	-24.3975
112	112	14.4066
113	113	18.164
114	114	14.2184
115	115	-25.9909
116	116	15.7588
117	117	8.7143
118	118	13.5917
119	119	30.7137
120	120	-15.0568
121	121	-14.161
122	122	5.79936
123	123	-32.2864
124	124	-7.70583
125	125	10.3025
126	126	6.33046
127	127	25.0363
128	128	-16.4916
129	129	6.78404
130	130	7.79388
131	131	2.64656
132	132	-36.1949
133	133	9.8825
134	134	12.8709
135	135	-34.6152
136	136	-1.69895
137	137	6.84833
138	138	1.06183
139	139	9.67482
140	140	17.4197
141	141	-8.83709
142	142	10.0713
143	143	2.85034
144	144	22.119
145	145	-2.66178
146	146	2.63823
147	147	-5.65403
148	148	5.67642
149	149	23.2096
150	150	24.3763
151	151	-19.8245
152	152	21.221
153	153	42.6464
154	154	14.969
155	155	-14.0456
156	156	28.0805
157	157	22.9699
158	158	-25.7126
159	159	14.9579
160	160	24.5206
161	161	-23.4895
162	162	-1.51193
163	163	-15.2504
164	164	-3.20197
165	165	10.5884
166	166	18.7041
167	167	9.68806
168	168	-8.42313
169	169	-21.6801
170	170	13.2386
171	171	25.9922
172	172	-15.9663
173	173	-8.58804
174	174	0.191575
175	175	-20.8397
176	176	9.55237
177	177	-7.11359
178	178	10.9301
179	179	1.12177
180	180	-16.4649
181	181	40.5258
182	182	18.0827
183	183	-19.9086
184	184	-18.2654
185	185	33.5407
186	186	14.1665
187	187	-3.28229
188	188	22.8551
189	189	13.171
190	190	-5.73862
191	191	6.68982
192	192	18.0971
193	193	-14.6133
194	194	-23.6692
195	195	-16.6829
196	196	-10.0289
197	197	-22.489
198	198	5.2367
199	199	-9.46003
200	200	9.60982
201	201	10.6901
202	202	12.7011
203	203	1.38886
204	204	0.0358468
205	205	8.17239
206	206	-15.9045
207	207	-8.98397
208	208	-7.2269
209	209	15.9835
210	210	-24.837
211	211	-10.1438
212	212	21.0293
213	213	-9.79293
214	214	-31.8765
215	215	24.4292
216	216	28.0109
217	217	-1.49185
218	218	14.1214
219	219	-1.24902
220	220	-12.8506
221	221	2.19624
222	222	2.32107
223	223	14.9342
224	224	7.72871
225	225	12.893
226	226	-41.5899
227	227	-4.91994
228	228	19.5182
229	229	0.781979
230	230	-5.30489
231	231	-2.08054
232	232	-5.16776
233	233	5.66542
234	234	-13.5319
235	235	3.48602
236	236	-6.99502
237	237	-3.6459
238	238	8.77569
239	239	4.59223
240	240	-22.203
241	241	-1.45796
242	242	-14.3651
243	243	17.1495
244	244	-4.46997
245	245	-10.9267
246	246	4.88638
247	247	-25.5286
248	248	-25.2251
249	249	-6.12465
250	250	10.811
251	251	-36.2025
252	252	37.7814
253	253	-5.31812
254	254	-4.28761
255	255	18.0731
256	256	-1.29688
257	257	-4.68737
258	258	12.542
259	259	-6.49457
260	260	14.21
261	261	20.9558
262	262	-15.8973
263	263	-8.95202
264	264	12.6824
265	265	-14.7793
266	266	15.8287
267	267	43.7017
268	268	11.3097
269	269	-23.8291
270	270	-9.47558
271	271	11.2044
272	272	-13.9556
273	273	-24.6193
274	274	-9.10327
275	275	11.9794
276	276	-13.9418
277	277	20.0898
278	278	-6.04835
279	279	29.7061
280	280	-9.57809
281	281	-27.787
282	282	-18.3304
283	283	-28.7986
284	284	-13.154
285	285	20.6649
286	286	-7.22477
287	287	-4.76164
288	288	-23.8688
289	289	7.19246
290	290	14.2909
291	291	3.27967
292	292	-8.75217
293	293	-12.7104
294	294	18.858
295	295	-9.63005
296	296	8.49459
297	297	-17.2421
298	298	-12.5016
299	299	5.83478
300	300	-16.1979
301	301	-35.0986
302	302	9.20139
303	303	10.4904
304	304	-5.86574
305	305	16.2863
306	306	11.2907
307	307	-13.3874
308	308	13.818
309	309	-4.86022
310	310	17.5518
311	311	34.4812
312	312	-15.178
313	313	-18.7759
314	314	-4.13231
315	315	0.180962
316	316	9.64211
317	317	8.01879
318	318	2.19023
319	319	-27.7905
320	320	-14.5542
321	321	6.41091
322	322	13.2835
323	323	-6.68329
324	324	19.2596
325	325	6.8854
326	326	-24.3657
327	327	-21.5702
328	328	-6.86647
329	329	7.58682
330	330	-20.5428
331	331	-3.51121
332	332	33.6829
333	333	-1.14835
334	334	16.6612
335	335	20.4971
336	336	-23.6272
337	337	-23.1517
338	338	-15.5709
339	339	-15.8307
340	340	-17.7778
341	341	6.38646
342	342	-38.3169
343	343	33.2138
344	344	-25.1013
345	345	-16.2961
346	346	21.3301
347	347	-1.18356
348	348	-34.1351
349	349	-2.72733
350	350	-10.2113
351	351	32.0405
352	352	-6.49142
353	353	-12.0768
354	354	3.68025
355	355	5.17321
356	356	-9.97692
357	357	-24.4983
358	358	1.29743
359	359	13.4839
360	360	-32.2041
361	361	37.0298
362	362	19.6432
363	363	-45.989
364	364	0.0489592
365	365	-33.661
366	366	-17.9673
367	367	-9.24699
368	368	4.85811
369	369	-32.9796
370	370	11.5304
371	371	25.8084
372	372	10.0039
373	373	12.115
374	374	7.24672
375	375	-1.04384
376	376	3.12536
377	377	-13.771
378	378	-1.12496
379	379	-2.54581
380	380	-1.35389
381	381	21.3365
382	382	-8.2125
383	383	33.8603
384	384	17.2605
385	385	1.58547
386	386	3.01705
387	387	36.2091
388	388	2.26589
389	389	20.8952
390	390	9.89255
391	391	22.3581
392	392	18.5304
393	393	3.20754
394	394	6.21472
395	395	-32.051
396	396	-22.1176
397	397	-10.3581
398	398	-2.68392
399	399	-19.9613
400	400	-17.8963
401	401	-23.9522
402	402	-12.3027
403	403	-20.1725
404	404	25.0965
405	405	42.8972
406	406	22.9263
407	407	30.5457
408	408	-3.73431
409	409	7.3309
410	410	40.5671
411	411	-2.92509
412	412	-6.26711
413	413	7.06717
414	414	8.65007
415	415	-11.9849
416	416	-0.534481
417	417	-12.5308
418	418	9.77233
419	419	-1.58297
420	420	-4.85822
421	421	-4.42016
422	422	31.7558
423	423	29.9703
424	424	3.48129
425	425	-40.4897
426	426	7.55299
427	427	10.2919
428	428	-13.4221
429	429	-3.43932
430	430	25.5899
431	431	-15.6102
432	432	5.49998
433	433	5.24055
434	434	5.90302
435	435	-21.0278
436	436	-6.3826
437	437	-23.0856
438	438	20.3953
439	439	13.5634
440	440	-9.83487
441	441	29.1713
442	442	23.6574
443	443	-4.45642
444	444	18.1064
445	445	8.36975
446	446	7.21934
447	447	8.02199
448	448	-1.23008
449	449	-11.938
450	450	10.842
451	451	2.47478
452	452	14.5565
453	453	-19.2239
454	454	14.7912
455	455	5.47746
456	456	11.029
457	457	-8.46142
458	458	3.80816
459	459	1.27222
460	460	-0.971361
461	461	-13.7766
462	462	11.2171
463	463	2.85807
464	464	-0.189959
465	465	27.4279
466	466	0.125152
467	467	-23.836
468	468	-15.8537
469	469	25.2281
470	470	10.1166
471	471	4.50901
472	472	-5.0139
473	473	39.7811
474	474	6.13356
475	475	-13.5609
476	476	-7.54566
477	477	-13.3787
478	478	-35.8698
479	479	18.4841
480	480	38.185
481	481	10.2415
482	482	-10.4422
483	483	9.77794
484	484	-5.74193
485	485	-9.04148
486	486	-7.69398
487	487	13.6575
488	488	-5.98389
489	489	16.2765
490	490	8.41518
491	491	1.43508
492	492	18.0886
493	493	25.0438
494	494	11.425
495	495	18.2896
496	496	-12.4941
497	497	28.788
498	498	-6.96913
499	499	-24.5368
500	500	-4.2677
501	501	29.9833
502	502	-10.7827
503	503	-11.8444
504	504	-16.1902
505	505	-38.4148
506	506	-22.2846
507	507	-7.32393
508	508	-3.19198
509	509	-13.1013
510	510	-13.9819
511	511	-3.99342
512	512	-15.5596
513	513	-15.3352
514	514	-17.4373
515	515	-4.58802
516	516	8.82648
517	517	5.87256
518	518	-18.3682
519	519	21.4465
520	520	31.1309
521	521	23.7348
522	522	30.3045
523	523	-8.2389
524	524	13.5882
525	525	-0.211873
526	526	2.89094
527	527	17.5957
528	528	24.6531
529	529	0.584773
530	530	17.5644
531	531	19.3518
532	532	-27.0365
533	533	-6.31972
534	534	-3.35814
535	535	0.874607
536	536	-10.6105
537	537	9.56286
538	538	-2.1746
539	539	14.1814
540	540	-17.527
541	541	-15.0871
542	542	-8.5474
543	543	-7.00142
544	544	21.3971
545	545	-12.6855
546	546	-13.6191
547	547	-2.3151
548	548	-8.73405
549	549	-18.268
550	550	-22.7372
551	551	43.2615
552	552	20.6544
553	553	-2.666
554	554	-3.04497
555	555	-12.2563
556	556	27.9168
557	557	18.1173
558	558	-15.5903
559	559	2.69095
560	560	-10.4002
561	561	3.3161
562	562	-4.05822
563	563	-13.3777
564	564	-3.74837
565	565	5.58076
566	566	-4.57765
567	567	21.13
568	568	-35.8221
569	569	17.0226
570	570	-43.0356
571	571	7.13691
572	572	-5.39947
573	573	12.4101
574	574	-18.1579
575	575	31.1413
576	576	19.449
577	577	52.0726
578	578	15.6323
579	579	3.59841
580	580	-9.06897
581	581	10.1185
582	582	8.23792
583	583	10.7648
584	584	18.8678
585	585	-9.53736
586	586	-8.13405
587	587	13.1144
588	588	6.46961
589	589	-20.1101
590	590	18.2713
591	591	30.3515
592	592	-6.63273
593	593	3.51795
594	594	2.46536
595	595	19.6895
596	596	-6.48017
597	597	-19.9698
598	598	-19.1577
599	599	15.6855
600	600	-10.5349
601	601	17.1945
602	602	-8.32383
603	603	16.0182
604	604	-22.0916
605	605	5.05154
606	606	7.53581
607	607	-14.6167
608	608	10.2439
609	609	17.1783
610	610	-37.0633
611	611	-17.7237
612	612	-7.88577
613	613	-28.8159
614	614	8.81183
615	615	-38.1983
616	616	-17.4535
617	617	-36.0665
618	618	15.0026
619	619	8.88474
620	620	7.91438
621	621	21.1567
622	622	-0.968957
623	623	-7.73341
624	624	26.5143
625	625	37.6628
626	626	-11.1907
627	627	-13.2299
628	628	-11.5647
629	629	9.53478
630	630	20.2063
631	631	-7.84102
632	632	4.08934
633	633	26.8716
634	634	-23.9828
635	635	-2.20908
636	636	-9.88012
637	637	-8.99034
638	638	26.1742
639	639	-19.7778
640	640	0.148933
641	641	4.28111
642	642	1.32119
643	643	-16.5233
644	644	21.8244
645	645	38.4578
646	646	-12.919
647	647	-7.92498
648	648	12.7469
649	649	-15.88
650	650	3.43998
651	651	-17.5819
652	652	17.2833
653	653	-22.9209
654	654	45.3427
655	655	-32.9762
656	656	0.124722
657	657	-2.85212
658	658	19.8811
659	659	20.4503
660	660	-17.2942
661	661	-3.71097
662	662	-19.7232
663	663	32.9373
664	664	3.21804
665	665	7.44523
666	666	-1.55754
667	667	-32.8445
668	668	12.9203
669	669	-36.8229
670	670	-16.4751
671	671	-6.26029
672	672	12.3202
673	673	-11.5008
674	674	25.1775
675	675	10.5253
676	676	-12.8491
677	677	20.1106
678	678	-16.249
679	679	37.9168
680	680	0.930628
681	681	-26.1699
682	682	-28.2362
683	683	14.4556
684	684	12.6258
685	685	-23.5314
686	686	-21.387
687	687	9.87193
688	688	-21.1135
689	689	7.72501
690	690	22.8852
691	691	-4.96669
692	692	21.0601
693	693	8.36206
694	694	-10.9514
695	695	-27.9377
696	696	38.868
697	697	-3.83946
698	698	12.0584
699	699	-4.53578
700	700	1.17719
701	701	4.74981
702	702	-37.0943
703	703	10.3336
704	704	22.9879
705	705	23.0063
706	706	15.9604
707	707	-5.88586
708	708	11.5691
709	709	-22.228
710	710	11.9728
711	711	35.1359
712	712	4.04905
713	713	1.33027
714	714	32.3427
715	715	-26.4971
716	716	4.90634
717	717	-9.09877
718	718	21.6184
719	719	-9.09849
720	720	-13.8562
721	721	-10.0107
722	722	-10.186
723	723	-2.34713
724	724	7.80534
725	725	-13.4372
726	726	-3.28241
727	727	-17.1566
728	728	9.82479
729	729	5.16301
730	730	-11.7618
731	731	-18.3392
732	732	-19.0017
733	733	-10.496
734	734	-12.0005
735	735	-18.0371
736	736	-17.6874
737	737	-7.68106
738	738	-6.56196
739	739	-3.62661
740	740	-17.7737
741	741	-38.8824
742	742	-7.09958
743	743	18.3287
744	744	5.37302
745	745	17.6607
746	746	-15.2977
747	747	-10.5057
748	748	0.542735
749	749	3.8581
750	750	14.3057
751	751	-19.5906
752	752	9.55479
753	753	3.87267
754	754	1.00003
755	755	-33.0859
756	756	0.808873
757	757	11.5262
758	758	35.5518
759	759	19.9421
760	760	-31.8558
761	761	-29.3018
762	762	9.8716
763	763	-30.5117
764	764	8.26587
765	765	16.693
766	766	22.5478
767	767	-12.1008
768	768	-23.6365
769	769	22.0935
770	770	17.4171
771	771	-11.5553
772	772	41.0338
773	773	26.6281
774	774	36.1622
775	775	55.1018
776	776	8.75333
777	777	-7.63269
778	778	9.90141
779	779	15.0947
780	780	-15.5682
781	781	39.4788
782	782	-5.91918
783	783	18.9035
784	784	-2.30149
785	785	0.22707
786	786	17.8378
787	787	15.95
788	788	-10.8602
789	789	32.7941
790	790	1.29701
791	791	29.9518
792	792	14.1701
793	793	-15.0681
794	794	-14.1699
795	795	47.4696
796	796	3.19969
797	797	2.51257
798	798	5.53701
799	799	0.54025
800	800	20.0418
801	801	-0.194908
802	802	-8.65594
803	803	-38.5976
804	804	-5.28205
805	805	9.52797
806	806	-5.14349
807	807	4.99479
808	808	-0.11231
809	809	-15.7651
810	810	15.5939
811	811	-18.1721
812	812	-15.755
813	813	4.43981
814	814	13.5978
815	815	-29.9916
816	816	26.6273
817	817	-0.307206
818	818	-5.32111
819	819	0.024609
820	820	-18.7644
821	821	10.5126
822	822	6.27975
823	823	-18.9674
824	824	-2.6057
825	825	25.4133
826	826	19.5132
827	827	4.40629
828	828	7.67752
829	829	-1.94656
830	830	-2.28155
831	831	-10.3489
832	832	10.088
833	833	-28.4923
834	834	11.5809
835	835	-21.1626
836	836	4.67367
837	837	-10.6495
838	838	-23.173
839	839	14.7659
840	840	-1.98084
841	841	-2.78245
842	842	-21.7072
843	843	18.3126
844	844	12.0921
845	845	4.02387
846	846	16.7646
847	847	-15.1176
848	848	0.528326
849	849	-6.96121
850	850	-15.7357
851	851	-0.925617
852	852	-3.88866
853	853	-17.6091
854	854	-9.31639
855	855	-1.94458
856	856	20.0234
857	857	19.7093
858	858	-25.0199
859	859	6.16183
860	860	5.9977
861	861	16.3352
862	862	10.9753
863	863	-21.288
864	864	-7.70268
865	865	-1.25569
866	866	1.17396
867	867	-30.2667
868	868	-20.9657
869	869	-34.3924
870	870	26.1977
871	871	3.99136
872	872	-4.26656
873	873	10.7344
874	874	-28.782
875	875	-3.20134
876	876	-6.55301
877	877	17.765
878	878	15.4685
879	879	11.0304
880	880	5.9988
881	881	-1.86438
882	882	2.34764
883	883	-6.63197
884	884	-5.58326
885	885	-3.8818
886	886	29.4738
887	887	-2.64224
888	888	16.3513
889	889	-30.2711
890	890	18.2604
891	891	59.5113
892	892	1.80338
893	893	-0.129765
894	894	-32.1063
895	895	-25.3328
896	896	4.90408
897	897	39.9718
898	898	6.5987
899	899	-0.260207
900	900	-1.957
901	901	16.8433
902	902	-11.2401
903	903	2.2154
904	904	32.0454
905	905	-15.3117
906	906	-20.1648
907	907	27.5642
908	908	-14.255
909	909	9.84055
910	910	-37.8485
911	911	7.28957
912	912	0.591266
913	913	-12.5169
914	914	-21.1276
915	915	4.4352
916	916	24.3272
917	917	-23.0521
918	918	-15.1935
919	919	-24.1776
920	920	-1.65264
921	921	-0.274087
922	922	26.5957
923	923	-14.3024
924	924	-3.34604
925	925	11.8377
926	926	-20.2978
927	927	5.0543
928	928	-5.67591
929	929	-3.77722
930	930	0.124284
931	931	7.45974
932	932	14.7662
933	933	-34.7266
934	934	-5.15456
935	935	-15.5813
936	936	-12.2559
937	937	35.8087
938	938	7.80822
939	939	9.03773
940	940	21.5571
941	941	10.6226
942	942	26.0871
943	943	-1.23178
944	944	28.3304
945	945	-26.3606
946	946	0.6689
947	947	27.7481
948	948	28.2009
949	949	23.9073
950	950	2.14751
951	951	-22.7471
952	952	44.2747
953	953	-18.5236
954	954	-42.5165
955	955	11.956
956	956	-3.1328
957	957	-34.6597
958	958	-31.1865
959	959	-16.0149
960	960	24.7382
961	961	7.16488
962	962	28.7761
963	963	29.8421
964	964	3.27613
965	965	-16.8477
966	966	-1.01979
967	967	-21.2777
968	968	-25.3091
969	969	6.74175
970	970	-6.87278
971	971	9.38021
972	972	5.06519
973	973	-27.927
974	974	26.252
975	975	-26.1943
976	976	12.2302
977	977	21.8873
978	978	11.2717
979	979	-23.0175
980	980	5.18194
981	981	9.69421
982	982	-4.22637
983	983	-11.7044
984	984	2.39844
985	985	-7.78365
986	986	10.7309
987	987	-19.4579
988	988	-0.198856
989	989	-10.4761
990	990	9.94808
991	991	-22.9951
992	992	30.4564
993	993	6.78908
994	994	-16.5001
995	995	-8.95413
996	996	18.8797
997	997	3.02821
998	998	6.79025
999	999	-7.73591
1000	1000	-12.331
1001	1001	12.8542
1002	1002	25.2621
1003	1003	0.463599
1004	1004	15.2156
1005	1005	-19.5166
1006	1006	9.71432
1007	1007	-8.28209
1008	1008	31.411
1009	1009	33.4242
1010	1010	32.3351
1011	1011	-9.54444
1012	1012	-7.43536
1013	1013	-32.421
1014	1014	-16.2754
1015	1015	-14.3924
1016	1016	14.415
1017	1017	27.4955
1018	1018	-8.47897
1019	1019	-12.7139
1020	1020	-20.1119
1021	1021	-17.9492
1022	1022	-24.3582
1023	1023	34.1282
1024	1024	5.3271
1025	1025	18.5699
1026	1026	-1.05853
1027	1027	-10.0835
1028	1028	18.6346
1029	1029	18.7442
1030	1030	13.3056
1031	1031	12.9718
1032	1032	-11.4604
1033	1033	29.7688
1034	1034	-11.9689
1035	1035	-10.7369
1036	1036	0.876975
1037	1037	-3.14627
1038	1038	-11.9432
1039	1039	-14.5733
1040	1040	-11.8869
1041	1041	-29.9094
1042	1042	3.79137
1043	1043	8.90525
1044	1044	6.95367
1045	1045	-12.8222
1046	1046	-11.0593
1047	1047	12.0739
1048	1048	-6.646
1049	1049	-1.32495
1050	1050	15.6514
1051	1051	8.1762
1052	1052	10.6589
1053	1053	3.70616
1054	1054	-3.80746
1055	1055	-18.8188
1056	1056	-22.5347
1057	1057	-15.1656
1058	1058	-29.0807
1059	1059	3.45159
1060	1060	1.74209
1061	1061	13.7099
1062	1062	21.6388
1063	1063	-9.77748
1064	1064	14.7651
1065	1065	-3.40435
1066	1066	-9.56815
1067	1067	-31.1584
1068	1068	3.40555
1069	1069	-9.77794
1070	1070	0.209284
1071	1071	-0.941436
1072	1072	-4.90833
1073	1073	34.3837
1074	1074	30.55
1075	1075	22.8761
1076	1076	-8.826
1077	1077	10.9593
1078	1078	21.246
1079	1079	-13.3359
1080	1080	24.7067
1081	1081	13.2383
1082	1082	-0.925099
1083	1083	14.4323
1084	1084	-17.2114
1085	1085	-28.7717
1086	1086	-2.03485
1087	1087	0.664048
1088	1088	-5.20572
1089	1089	-4.79214
1090	1090	9.71419
1091	1091	-14.1177
1092	1092	7.53196
1093	1093	-9.69234
1094	1094	-6.05526
1095	1095	-21.3038
1096	1096	-18.42
1097	1097	-24.9616
1098	1098	16.1645
1099	1099	13.5526
1100	1100	-14.5039
1101	1101	-26.7584
1102	1102	21.7147
1103	1103	12.992
1104	1104	30.0387
1105	1105	-1.03637
1106	1106	0.960335
1107	1107	17.3227
1108	1108	13.9593
1109	1109	12.226
1110	1110	10.3351
1111	1111	0.345825
1112	1112	-33.9072
1113	1113	24.2196
1114	1114	4.69102
1115	1115	1.796
1116	1116	-1.06647
1117	1117	9.68256
1118	1118	7.5507
1119	1119	-20.523
1120	1120	-12.4052
1121	1121	5.20436
1122	1122	1.34299
1123	1123	5.25344
1124	1124	8.01038
1125	1125	4.78218
1126	1126	8.50793
1127	1127	-1.30732
1128	1128	-8.73477
1129	1129	-23.9744
1130	1130	7.19331
1131	1131	17.2549
1132	1132	14.2514
1133	1133	13.0416
1134	1134	-4.56442
1135	1135	-14.1345
1136	1136	-6.65006
1137	1137	-9.91099
1138	1138	8.60282
1139	1139	-7.70159
1140	1140	-1.63968
1141	1141	46.8751
1142	1142	8.79992
1143	1143	-0.280714
1144	1144	-1.88113
1145	1145	-0.180045
1146	1146	10.905
1147	1147	-19.8814
1148	1148	-1.14342
1149	1149	-6.87724
1150	1150	24.6446
1151	1151	0.790807
1152	1152	-3.39147
1153	1153	10.6384
1154	1154	29.5808
1155	1155	8.10526
1156	1156	-8.45317
1157	1157	2.2059
1158	1158	-30.6277
1159	1159	19.4756
1160	1160	11.4201
1161	1161	-4.09543
1162	1162	29.3191
1163	1163	-0.990028
1164	1164	-27.117
1165	1165	-6.42299
1166	1166	-10.3228
1167	1167	-34.2364
1168	1168	6.62826
1169	1169	18.537
1170	1170	9.18322
1171	1171	4.07449
1172	1172	-14.2118
1173	1173	-6.41748
1174	1174	35.0764
1175	1175	1.12187
1176	1176	-26.8909
1177	1177	4.62192
1178	1178	-8.39728
1179	1179	-16.7877
1180	1180	5.76886
1181	1181	-16.3379
1182	1182	-24.6814
1183	1183	-22.7145
1184	1184	36.7583
1185	1185	35.0409
1186	1186	-31.6403
1187	1187	-1.9371
1188	1188	24.8215
1189	1189	-3.48583
1190	1190	8.27735
1191	1191	4.67232
1192	1192	-5.48219
1193	1193	-31.7958
1194	1194	26.6201
1195	1195	-36.5283
1196	1196	-11.4351
1197	1197	-31.2629
1198	1198	-33.9989
1199	1199	-15.268
1200	1200	-8.47729
1201	1201	-3.02518
1202	1202	19.175
1203	1203	3.79741
1204	1204	-10.2691
1205	1205	0.647473
1206	1206	29.7675
1207	1207	-20.8752
1208	1208	7.71593
1209	1209	16.4116
1210	1210	-30.4387
1211	1211	-10.8997
1212	1212	5.2717
1213	1213	-5.96112
1214	1214	0.733199
1215	1215	13.7375
1216	1216	26.9327
1217	1217	7.63598
1218	1218	7.30732
1219	1219	-31.2908
1220	1220	-7.6268
1221	1221	30.8265
1222	1222	-35.2721
1223	1223	15.1691
1224	1224	-35.7518
1225	1225	-7.71295
1226	1226	-1.42989
1227	1227	5.56531
1228	1228	6.20792
1229	1229	-2.58524
1230	1230	10.5799
1231	1231	14.0377
1232	1232	-35.4382
1233	1233	-14.2275
1234	1234	-16.474
1235	1235	-26.514
1236	1236	32.2298
1237	1237	-41.4593
1238	1238	6.61472
1239	1239	-18.4481
1240	1240	-23.3192
1241	1241	-12.6213
1242	1242	16.3691
1243	1243	14.8896
1244	1244	-15.2639
1245	1245	27.204
1246	1246	-15.4247
1247	1247	-2.44993
1248	1248	10.809
1249	1249	-10.8149
1250	1250	8.03419
1251	1251	0.800807
1252	1252	-14.6404
1253	1253	-20.1744
1254	1254	17.8205
1255	1255	-19.2515
1256	1256	-1.77469
1257	1257	-34.288
1258	1258	-16.7956
1259	1259	3.83621
1260	1260	31.009
1261	1261	-7.60131
1262	1262	31.88
1263	1263	5.9883
1264	1264	18.6346
1265	1265	-17.0567
1266	1266	-4.32996
1267	1267	-25.9545
1268	1268	-23.3137
1269	1269	-2.24971
1270	1270	-48.6653
1271	1271	6.90613
1272	1272	7.29312
1273	1273	-11.9673
1274	1274	-20.238
1275	1275	-19.3809
1276	1276	28.0396
1277	1277	-24.9926
1278	1278	-26.1047
1279	1279	15.8487
1280	1280	-12.8122
1281	1281	5.34935
1282	1282	-19.154
1283	1283	0.440057
1284	1284	1.13515
1285	1285	5.32206
1286	1286	-33.8266
1287	1287	-21.8724
1288	1288	-25.442
1289	1289	1.16123
1290	1290	2.14901
1291	1291	39.625
1292	1292	14.5067
1293	1293	11.8129
1294	1294	31.6774
1295	1295	18.4682
1296	1296	-17.7269
1297	1297	-3.10297
1298	1298	11.5132
1299	1299	-27.6265
1300	1300	-11.8301
1301	1301	1.87108
1302	1302	-6.83608
1303	1303	-12.6662
1304	1304	-3.43917
1305	1305	27.0096
1306	1306	-3.97657
1307	1307	-0.545666
1308	1308	-31.82
1309	1309	13.0581
1310	1310	-5.6526
1311	1311	15.6529
1312	1312	-11.7479
1313	1313	-5.21588
1314	1314	-2.17312
1315	1315	4.86955
1316	1316	2.52462
1317	1317	-21.5546
1318	1318	-29.1445
1319	1319	18.7835
1320	1320	-5.9793
1321	1321	6.38862
1322	1322	-30.6924
1323	1323	8.54642
1324	1324	-14.5089
1325	1325	8.82261
1326	1326	-4.7541
1327	1327	9.32373
1328	1328	16.2683
1329	1329	13.7278
1330	1330	-1.19473
1331	1331	-8.50515
1332	1332	9.57972
1333	1333	-8.86202
1334	1334	34.9692
1335	1335	-1.2738
1336	1336	15.9982
1337	1337	-8.59087
1338	1338	34.0601
1339	1339	-19.8737
1340	1340	-0.524028
1341	1341	7.80887
1342	1342	-7.01879
1343	1343	20.92
1344	1344	-5.41852
1345	1345	-0.961919
1346	1346	21.5716
1347	1347	33.1425
1348	1348	-22.6895
1349	1349	-19.2511
1350	1350	46.2925
1351	1351	-3.12354
1352	1352	-23.5249
1353	1353	-11.4592
1354	1354	-7.47605
1355	1355	9.85505
1356	1356	-10.793
1357	1357	-8.67384
1358	1358	-0.192302
1359	1359	-21.9585
1360	1360	5.41409
1361	1361	12.4632
1362	1362	0.312097
1363	1363	-12.2305
1364	1364	-12.1706
1365	1365	18.6174
1366	1366	16.7447
1367	1367	-22.4764
1368	1368	27.0057
1369	1369	-10.3936
1370	1370	37.6301
1371	1371	33.6113
1372	1372	-15.2907
1373	1373	-3.63595
1374	1374	-21.9226
1375	1375	7.63457
1376	1376	6.12821
1377	1377	-4.23847
1378	1378	28.1435
1379	1379	-21.2042
1380	1380	-22.8129
1381	1381	-2.64065
1382	1382	-7.85827
1383	1383	-24.5179
1384	1384	-11.9857
1385	1385	14.0904
1386	1386	22.2935
1387	1387	-0.959733
1388	1388	34.7591
1389	1389	-15.7462
1390	1390	14.4917
1391	1391	-8.05458
1392	1392	-10.1019
1393	1393	21.08
1394	1394	10.2562
1395	1395	-3.96305
1396	1396	-30.9689
1397	1397	-11.3786
1398	1398	4.1713
1399	1399	-2.0023
1400	1400	-24.077
1401	1401	24.7399
1402	1402	-6.7741
1403	1403	-5.67855
1404	1404	3.47865
1405	1405	4.58241
1406	1406	7.79988
1407	1407	18.5369
1408	1408	17.3777
1409	1409	7.58092
1410	1410	2.14141
1411	1411	3.25789
1412	1412	19.518
1413	1413	-11.1663
1414	1414	-5.81446
1415	1415	0.712812
1416	1416	5.59282
1417	1417	5.68296
1418	1418	-20.0025
1419	1419	-8.953
1420	1420	18.426
1421	1421	-35.0732
1422	1422	-11.2179
1423	1423	13.8443
1424	1424	34.7243
1425	1425	-9.19483
1426	1426	-19.4195
1427	1427	-8.65123
1428	1428	-0.231948
1429	1429	-32.8124
1430	1430	8.41906
1431	1431	7.17088
1432	1432	2.63917
1433	1433	-31.8301
1434	1434	12.7191
1435	1435	9.5216
1436	1436	3.33583
1437	1437	8.6348
1438	1438	19.9809
1439	1439	12.352
1440	1440	-4.47477
1441	1441	14.5099
1442	1442	15.8024
1443	1443	-8.77208
1444	1444	-2.25591
1445	1445	40.2577
1446	1446	-25.7033
1447	1447	23.2701
1448	1448	9.77457
1449	1449	-19.4754
1450	1450	-12.1566
1451	1451	-32.1699
1452	1452	4.09569
1453	1453	-7.51243
1454	1454	31.6285
1455	1455	10.9393
1456	1456	-33.6143
1457	1457	20.281
1458	1458	9.9997
1459	1459	-8.34284
1460	1460	-10.8371
1461	1461	-2.90739
1462	1462	-12.3457
1463	1463	19.8659
1464	1464	9.02641
1465	1465	-1.79496
1466	1466	2.17739
1467	1467	0.498398
1468	1468	9.00342
1469	1469	-38.1997
1470	1470	-10.4633
1471	1471	-8.32948
1472	1472	-4.37372
1473	1473	33.0604
1474	1474	4.89444
1475	1475	11.1353
1476	1476	-11.4312
1477	1477	-39.2751
1478	1478	28.5204
1479	1479	14.4767
1480	1480	40.2701
1481	1481	-15.6309
1482	1482	-1.59564
1483	1483	-27.7918
1484	1484	-0.832709
1485	1485	1.07219
1486	1486	36.9007
1487	1487	-35.0083
1488	1488	7.57649
1489	1489	20.2394
1490	1490	-44.4881
1491	1491	6.72802
1492	1492	-3.79655
1493	1493	50.4272
1494	1494	2.27464
1495	1495	-0.113647
1496	1496	9.85365
1497	1497	31.7963
1498	1498	20.8112
1499	1499	-10.5713
1500	1500	19.3864
1501	1501	14.5988
1502	1502	18.5897
1503	1503	-24.3047
1504	1504	-6.3257
1505	1505	8.53786
1506	1506	13.4747
1507	1507	21.4307
1508	1508	-20.8982
1509	1509	13.2271
1510	1510	-0.597572
1511	1511	-5.68475
1512	1512	-37.3067
1513	1513	24.7516
1514	1514	-8.39525
1515	1515	-20.7211
1516	1516	-5.19064
1517	1517	-4.47875
1518	1518	2.43009
1519	1519	-1.93829
1520	1520	-35.8355
1521	1521	20.0337
1522	1522	4.71257
1523	1523	-6.82263
1524	1524	27.9846
1525	1525	6.45325
1526	1526	43.8297
1527	1527	-32.9461
1528	1528	5.54887
1529	1529	-35.3109
1530	1530	47.4759
1531	1531	-17.0376
1532	1532	26.2932
1533	1533	4.17254
1534	1534	19.4813
1535	1535	-20.6722
1536	1536	-8.27694
1537	1537	37.5635
1538	1538	-23.9211
1539	1539	-18.7596
1540	1540	-28.7263
1541	1541	12.8002
1542	1542	2.924
1543	1543	-10.9543
1544	1544	14.8694
1545	1545	10.2375
1546	1546	-13.9048
1547	1547	-16.7369
1548	1548	-20.3694
1549	1549	15.289
1550	1550	-0.523165
1551	1551	31.7875
1552	1552	-22.0945
1553	1553	-0.752686
1554	1554	-13.8455
1555	1555	-9.17239
1556	1556	20.4665
1557	1557	6.83215
1558	1558	-26.7308
1559	1559	-5.75898
1560	1560	-18.0053
1561	1561	3.5058
1562	1562	-4.06754
1563	1563	-3.53075
1564	1564	15.4024
1565	1565	15.7145
1566	1566	-8.96482
1567	1567	-1.55809
1568	1568	-15.0902
1569	1569	3.69226
1570	1570	-6.56212
1571	1571	23.0321
1572	1572	1.6515
1573	1573	-10.3695
1574	1574	-6.40005
1575	1575	6.63999
1576	1576	-7.83685
1577	1577	-7.24684
1578	1578	-9.06243
1579	1579	5.43936
1580	1580	11.288
1581	1581	-11.9507
1582	1582	13.7307
1583	1583	-19.9557
1584	1584	0.248017
1585	1585	-3.24226
1586	1586	29.8769
1587	1587	-6.79443
1588	1588	-4.90197
1589	1589	-11.4997
1590	1590	-36.1443
1591	1591	-43.298
1592	1592	-0.0278756
1593	1593	-36.1283
1594	1594	2.09497
1595	1595	-8.04342
1596	1596	7.59127
1597	1597	-9.98089
1598	1598	37.2279
1599	1599	13.7757
1600	1600	11.3973
1601	1601	-10.7666
1602	1602	-20.3376
1603	1603	14.3147
1604	1604	0.870977
1605	1605	-26.9417
1606	1606	13.2497
1607	1607	4.9581
1608	1608	-21.1638
1609	1609	12.4774
1610	1610	-9.7446
1611	1611	22.9596
1612	1612	25.6717
1613	1613	15.3095
1614	1614	33.1764
1615	1615	5.18497
1616	1616	-13.5091
1617	1617	13.2812
1618	1618	20.5394
1619	1619	-23.8015
1620	1620	-15.3306
1621	1621	-4.19388
1622	1622	4.38019
1623	1623	-13.1373
1624	1624	-9.041
1625	1625	8.16636
1626	1626	16.2881
1627	1627	39.381
1628	1628	1.46422
1629	1629	-4.79223
1630	1630	26.2255
1631	1631	-34.5118
1632	1632	3.31735
1633	1633	-4.89293
1634	1634	7.53414
1635	1635	-3.89843
1636	1636	-7.6731
1637	1637	-25.1815
1638	1638	8.10465
1639	1639	12.3818
1640	1640	11.0001
1641	1641	-0.952585
1642	1642	4.15913
1643	1643	-7.45685
1644	1644	-1.70044
1645	1645	-28.35
1646	1646	-1.81907
1647	1647	0.583678
1648	1648	1.7037
1649	1649	15.3726
1650	1650	-6.25244
1651	1651	-22.644
1652	1652	7.55344
1653	1653	23.9745
1654	1654	-4.97431
1655	1655	-27.037
1656	1656	8.63091
1657	1657	-5.35287
1658	1658	-2.50683
1659	1659	2.83977
1660	1660	9.60764
1661	1661	34.2383
1662	1662	-19.2735
1663	1663	15.6483
1664	1664	-12.9657
1665	1665	4.01218
1666	1666	-8.922
1667	1667	-17.5264
1668	1668	-3.74562
1669	1669	-9.98407
1670	1670	-0.737138
1671	1671	-2.61746
1672	1672	-36.0292
1673	1673	-23.2959
1674	1674	1.51584
1675	1675	-20.3388
1676	1676	-6.38521
1677	1677	-0.81361
1678	1678	-25.5629
1679	1679	9.62412
1680	1680	11.0601
1681	1681	8.51817
1682	1682	-2.45121
1683	1683	-12.8832
1684	1684	-5.0232
1685	1685	30.217
1686	1686	-14.7249
1687	1687	-10.4608
1688	1688	-10.8111
1689	1689	-4.61371
1690	1690	-5.95566
1691	1691	-19.0222
1692	1692	23.5249
1693	1693	28.3588
1694	1694	20.6823
1695	1695	22.1352
1696	1696	-0.943607
1697	1697	0.0195996
1698	1698	-19.1524
1699	1699	-18.6556
1700	1700	2.41817
1701	1701	-6.95208
1702	1702	-13.7787
1703	1703	29.6371
1704	1704	-21.6581
1705	1705	24.6781
1706	1706	-22.3019
1707	1707	-17.6924
1708	1708	-2.14159
1709	1709	0.242907
1710	1710	-18.4401
1711	1711	-5.07185
1712	1712	-10.9488
1713	1713	59.2016
1714	1714	24.38
1715	1715	25.3299
1716	1716	6.6394
1717	1717	-25.4157
1718	1718	-10.4906
1719	1719	9.84365
1720	1720	37.1094
1721	1721	13.3227
1722	1722	-25.8877
1723	1723	27.5041
1724	1724	-7.29582
1725	1725	-8.88524
1726	1726	1.63118
1727	1727	-27.4583
1728	1728	10.4564
1729	1729	17.3209
1730	1730	2.38871
1731	1731	-5.81954
1732	1732	-3.08865
1733	1733	32.3364
1734	1734	-8.80464
1735	1735	-29.5253
1736	1736	-3.73303
1737	1737	15.5648
1738	1738	-10.6416
1739	1739	8.79243
1740	1740	19.7473
1741	1741	-27.7091
1742	1742	1.21545
1743	1743	-21.7872
1744	1744	-9.36028
1745	1745	3.81075
1746	1746	7.58786
1747	1747	-46.6656
1748	1748	-14.5868
1749	1749	1.57182
1750	1750	13.0038
1751	1751	-0.147339
1752	1752	-8.00315
1753	1753	-19.2588
1754	1754	26.4305
1755	1755	8.34051
1756	1756	-4.94729
1757	1757	-14.2715
1758	1758	-3.82593
1759	1759	-9.96717
1760	1760	23.0117
1761	1761	-30.7326
1762	1762	-11.6854
1763	1763	-27.0011
1764	1764	23.2564
1765	1765	6.65816
1766	1766	26.072
1767	1767	-11.4838
1768	1768	-9.34258
1769	1769	-37.4467
1770	1770	-32.7489
1771	1771	-14.2459
1772	1772	26.6886
1773	1773	12.2889
1774	1774	-27.6905
1775	1775	7.9118
1776	1776	-12.9464
1777	1777	19.0345
1778	1778	14.838
1779	1779	4.20582
1780	1780	18.1807
1781	1781	-26.7294
1782	1782	0.687125
1783	1783	-1.32329
1784	1784	2.87281
1785	1785	-1.51918
1786	1786	4.18567
1787	1787	39.4778
1788	1788	19.7168
1789	1789	-15.4229
1790	1790	-1.44605
1791	1791	-6.50479
1792	1792	-1.28226
1793	1793	34.0952
1794	1794	6.09655
1795	1795	20.5241
1796	1796	-12.2233
1797	1797	16.4505
1798	1798	23.0247
1799	1799	-21.1667
1800	1800	11.3761
1801	1801	-20.147
1802	1802	-3.78482
1803	1803	-18.3655
1804	1804	-20.5299
1805	1805	-14.6215
1806	1806	-15.3945
1807	1807	37.6166
1808	1808	-19.2972
1809	1809	-26.8049
1810	1810	-8.0466
1811	1811	-29.8663
1812	1812	-18.3351
1813	1813	-12.3287
1814	1814	-7.1577
1815	1815	9.31872
1816	1816	-6.23048
1817	1817	3.7555
1818	1818	3.26089
1819	1819	-29.1514
1820	1820	-25.4937
1821	1821	24.1656
1822	1822	-13.3138
1823	1823	-16.0464
1824	1824	12.8975
1825	1825	-16.2418
1826	1826	-14.8004
1827	1827	-9.91203
1828	1828	25.3415
1829	1829	26.8507
1830	1830	14.301
1831	1831	8.97242
1832	1832	-5.55928
1833	1833	-37.8873
1834	1834	-27.541
1835	1835	-9.32942
1836	1836	-0.617579
1837	1837	-12.1265
1838	1838	8.31302
1839	1839	7.05544
1840	1840	-4.5032
1841	1841	21.2588
1842	1842	-24.5589
1843	1843	24.4323
1844	1844	-2.39302
1845	1845	11.9278
1846	1846	1.14523
1847	1847	-12.0944
1848	1848	-2.6635
1849	1849	-23.8231
1850	1850	1.30325
1851	1851	24.2134
1852	1852	1.42954
1853	1853	-59.3407
1854	1854	-9.78705
1855	1855	7.14324
1856	1856	8.48081
1857	1857	-4.47947
1858	1858	-16.9638
1859	1859	-5.15678
1860	1860	-4.70728
1861	1861	8.61055
1862	1862	-9.25308
1863	1863	29.8266
1864	1864	8.70557
1865	1865	-13.6777
1866	1866	16.6971
1867	1867	6.72338
1868	1868	-23.9885
1869	1869	-23.88
1870	1870	6.11633
1871	1871	-5.44007
1872	1872	-35.1849
1873	1873	-6.09907
1874	1874	1.88906
1875	1875	-5.7793
1876	1876	-9.97469
1877	1877	6.4355
1878	1878	0.11241
1879	1879	-7.96219
1880	1880	12.4237
1881	1881	8.05211
1882	1882	-12.4997
1883	1883	16.7473
1884	1884	-7.45585
1885	1885	1.29652
1886	1886	-23.7928
1887	1887	-16.3056
1888	1888	16.9209
1889	1889	0.370508
1890	1890	1.4267
1891	1891	-24.2761
1892	1892	-3.69023
1893	1893	-7.17423
1894	1894	23.8431
1895	1895	29.6941
1896	1896	-20.9802
1897	1897	-22.7773
1898	1898	-24.2549
1899	1899	12.7409
1900	1900	-5.3228
1901	1901	-32.811
1902	1902	-13.6392
1903	1903	-25.4857
1904	1904	-50.836
1905	1905	18.6357
1906	1906	9.22852
1907	1907	30.7896
1908	1908	-12.4517
1909	1909	51.6868
1910	1910	-19.7678
1911	1911	37.7408
1912	1912	0.414675
1913	1913	7.22808
1914	1914	4.17567
1915	1915	-23.1575
1916	1916	33.9004
1917	1917	12.1887
1918	1918	-2.19503
1919	1919	0.517945
1920	1920	7.75517
1921	1921	2.26213
1922	1922	21.1352
1923	1923	9.15125
1924	1924	37.6996
1925	1925	37.2142
1926	1926	21.3954
1927	1927	59.4212
1928	1928	51.9829
1929	1929	-14.5652
1930	1930	8.9451
1931	1931	-6.51019
1932	1932	1.47975
1933	1933	-30.2242
1934	1934	1.42016
1935	1935	3.45941
1936	1936	4.00876
1937	1937	1.51534
1938	1938	21.0982
1939	1939	-15.0911
1940	1940	-1.43848
1941	1941	-3.8955
1942	1942	-1.39685
1943	1943	-12.601
1944	1944	-10.2554
1945	1945	18.1662
1946	1946	11.9906
1947	1947	0.503633
1948	1948	-16.7037
1949	1949	-23.0819
1950	1950	-14.0071
1951	1951	-28.5445
1952	1952	5.51054
1953	1953	2.72901
1954	1954	12.1746
1955	1955	25.2714
1956	1956	-11.6285
1957	1957	6.65238
1958	1958	-1.1522
1959	1959	-0.15989
1960	1960	-21.9169
1961	1961	17.5108
1962	1962	-15.233
1963	1963	10.2423
1964	1964	-16.4949
1965	1965	17.3918
1966	1966	4.07048
1967	1967	23.3767
1968	1968	11.0244
1969	1969	12.8528
1970	1970	-7.93451
1971	1971	-13.3847
1972	1972	-40.1545
1973	1973	40.5115
1974	1974	-29.1643
1975	1975	-2.85834
1976	1976	-2.12916
1977	1977	15.5589
1978	1978	-5.41551
1979	1979	9.6851
1980	1980	-16.1935
1981	1981	-7.65766
1982	1982	-15.3957
1983	1983	-37.2457
1984	1984	1.68034
1985	1985	30.4702
1986	1986	12.1002
1987	1987	-15.6553
1988	1988	7.62793
1989	1989	8.91782
1990	1990	2.51042
1991	1991	-3.67684
1992	1992	20.3656
1993	1993	11.687
1994	1994	-7.83563
1995	1995	-9.75785
1996	1996	26.2413
1997	1997	-6.59242
1998	1998	-36.6425
1999	1999	7.54981
2000	2000	3.40584
2001	2001	6.99679
2002	2002	-7.44348
2003	2003	-1.70115
2004	2004	-3.26972
2005	2005	-5.79085
2006	2006	-5.15249
2007	2007	-22.6572
2008	2008	4.17779
2009	2009	-10.8895
2010	2010	-12.2146
2011	2011	13.5898
2012	2012	-11.4564
2013	2013	6.9098
2014	2014	4.35403
2015	2015	-19.4352
2016	2016	-5.59083
2017	2017	21.0423
2018	2018	-7.39646
2019	2019	1.808
2020	2020	-7.64924
2021	2021	-23.4113
2022	2022	10.2298
2023	2023	-10.1633
2024	2024	8.74025
2025	2025	-14.3374
2026	2026	-27.2072
2027	2027	9.77399
2028	2028	-5.15071
2029	2029	7.07345
2030	2030	-25.5183
2031	2031	9.19265
2032	2032	-21.1616
2033	2033	-15.8544
2034	2034	-10.1417
2035	2035	-4.01576
2036	2036	33.1048
2037	2037	-1.05982
2038	2038	-7.7179
2039	2039	12.1363
2040	2040	-8.39862
2041	2041	-12.5271
2042	2042	-4.48312
2043	2043	-1.28379
2044	2044	-2.87792
2045	2045	-3.43275
2046	2046	-6.65846
2047	2047	-12.7617
2048	2048	15.1769
2049	2049	-17.6044
2050	2050	-6.97889
2051	2051	45.0387
2052	2052	-16.7264
2053	2053	7.08972
2054	2054	-1.016
2055	2055	8.30501
2056	2056	-15.287
2057	2057	-32.2171
2058	2058	-12.7278
2059	2059	-14.0623
2060	2060	6.15337
2061	2061	15.5861
2062	2062	2.66821
2063	2063	28.7973
2064	2064	-11.8627
2065	2065	10.6017
2066	2066	21.2854
2067	2067	-8.05448
2068	2068	5.99458
2069	2069	-8.54805
2070	2070	-15.2577
2071	2071	9.64046
2072	2072	-40.7764
2073	2073	49.4213
2074	2074	8.14668
2075	2075	-8.18453
2076	2076	1.60118
2077	2077	-18.1432
2078	2078	13.2048
2079	2079	14.533
2080	2080	4.34617
2081	2081	4.86449
2082	2082	1.58746
2083	2083	-1.18083
2084	2084	-7.36984
2085	2085	-5.64296
2086	2086	-1.30439
2087	2087	28.8112
2088	2088	3.28316
2089	2089	8.31763
2090	2090	-24.6962
2091	2091	-10.7551
2092	2092	-32.4725
2093	2093	35.0811
2094	2094	-18.966
2095	2095	1.36896
2096	2096	-16.6342
2097	2097	-20.7656
2098	2098	8.77442
2099	2099	-14.2664
2100	2100	-24.1302
2101	2101	-9.78526
2102	2102	1.88598
2103	2103	-8.29413
2104	2104	9.38701
2105	2105	24.8883
2106	2106	-4.65517
2107	2107	8.41889
2108	2108	-2.12883
2109	2109	46.9223
2110	2110	23.9747
2111	2111	-22.2199
2112	2112	18.6371
2113	2113	-16.8988
2114	2114	16.1225
2115	2115	-8.41004
2116	2116	-9.07757
2117	2117	-17.1255
2118	2118	10.364
2119	2119	-4.57257
2120	2120	19.5295
2121	2121	33.3463
2122	2122	12.4906
2123	2123	10.2868
2124	2124	3.15971
2125	2125	-32.036
2126	2126	8.10985
2127	2127	-16.4755
2128	2128	-26.9671
2129	2129	-6.896
2130	2130	18.2968
2131	2131	-22.8727
2132	2132	-8.7177
2133	2133	9.35349
2134	2134	16.0409
2135	2135	8.16454
2136	2136	2.51631
2137	2137	-25.2458
2138	2138	-26.5553
2139	2139	-0.955746
2140	2140	-11.9422
2141	2141	10.6432
2142	2142	23.8196
2143	2143	-17.7016
2144	2144	0.909292
2145	2145	27.9849
2146	2146	-4.13374
2147	2147	-12.0574
2148	2148	21.1522
2149	2149	-5.88847
2150	2150	-44.4234
2151	2151	11.028
2152	2152	18.4097
2153	2153	19.9378
2154	2154	8.16407
2155	2155	26.769
2156	2156	-10.391
2157	2157	6.56301
2158	2158	7.8691
2159	2159	15.2431
2160	2160	-21.1918
2161	2161	-18.8199
2162	2162	40.4003
2163	2163	7.0238
2164	2164	-33.7652
2165	2165	-5.79461
2166	2166	-6.50472
2167	2167	-6.37759
2168	2168	-24.806
2169	2169	-13.3006
2170	2170	-1.17257
2171	2171	-20.2318
2172	2172	-20.9603
2173	2173	6.8117
2174	2174	32.6453
2175	2175	11.8686
2176	2176	2.34903
2177	2177	2.16274
2178	2178	-14.3153
2179	2179	11.4257
2180	2180	-22.3961
2181	2181	5.74847
2182	2182	15.0223
2183	2183	-1.46487
2184	2184	-3.95443
2185	2185	13.9628
2186	2186	-6.67378
2187	2187	-7.79861
2188	2188	-9.13684
2189	2189	-8.87159
2190	2190	29.8319
2191	2191	-23.0238
2192	2192	-16.6664
2193	2193	36.3049
2194	2194	21.283
2195	2195	10.7515
2196	2196	-19.412
2197	2197	9.93822
2198	2198	-18.9623
2199	2199	21.9027
2200	2200	-8.56937
2201	2201	-16.9727
2202	2202	-6.63381
2203	2203	31.1551
2204	2204	8.92571
2205	2205	47.8117
2206	2206	-1.58374
2207	2207	-0.586257
2208	2208	5.20035
2209	2209	-13.7431
2210	2210	1.31136
2211	2211	8.79458
2212	2212	-7.86159
2213	2213	20.7701
2214	2214	-20.6324
2215	2215	-0.262571
2216	2216	-13.4264
2217	2217	-15.6621
2218	2218	-6.95643
2219	2219	-3.86896
2220	2220	-40.3612
2221	2221	23.648
2222	2222	-14.3453
2223	2223	-15.6911
2224	2224	0.0608926
2225	2225	-6.16038
2226	2226	-10.606
2227	2227	-2.95847
2228	2228	-8.11797
2229	2229	-29.3633
2230	2230	-3.55513
2231	2231	12.8853
2232	2232	7.55553
2233	2233	15.9347
2234	2234	-2.83154
2235	2235	-17.0687
2236	2236	-1.11233
2237	2237	-18.4178
2238	2238	36.0065
2239	2239	2.88374
2240	2240	-0.0237641
2241	2241	5.06773
2242	2242	14.51
2243	2243	10.9008
2244	2244	-2.83294
2245	2245	-25.8581
2246	2246	7.50423
2247	2247	24.4973
2248	2248	19.9488
2249	2249	-0.704936
2250	2250	10.4409
2251	2251	-15.8123
2252	2252	-14.6798
2253	2253	-16.2338
2254	2254	4.05524
2255	2255	-33.0037
2256	2256	-3.93487
2257	2257	-3.74247
2258	2258	-8.4607
2259	2259	-10.0985
2260	2260	-6.48529
2261	2261	-3.94597
2262	2262	-3.37057
2263	2263	20.5684
2264	2264	7.54825
2265	2265	-27.0129
2266	2266	20.4168
2267	2267	-25.285
2268	2268	-17.5377
2269	2269	1.91293
2270	2270	-23.7541
2271	2271	-20.2994
2272	2272	-4.80702
2273	2273	-1.4085
2274	2274	3.53822
2275	2275	13.642
2276	2276	25.2553
2277	2277	-5.9601
2278	2278	-6.37021
2279	2279	1.53459
2280	2280	1.96196
2281	2281	-11.512
2282	2282	9.0536
2283	2283	7.62159
2284	2284	31.4674
2285	2285	-7.16015
2286	2286	4.36981
2287	2287	-14.869
2288	2288	21.4666
2289	2289	-34.8448
2290	2290	12.4325
2291	2291	37.5528
2292	2292	-5.05839
2293	2293	-18.6182
2294	2294	21.898
2295	2295	15.669
2296	2296	-2.22911
2297	2297	1.64073
2298	2298	-9.75727
2299	2299	-17.8395
2300	2300	-16.4483
2301	2301	4.42558
2302	2302	-3.7963
2303	2303	-21.7809
2304	2304	-7.52029
2305	2305	4.80998
2306	2306	5.34541
2307	2307	-19.5508
2308	2308	-6.83598
2309	2309	33.6009
2310	2310	32.1731
2311	2311	11.3014
2312	2312	23.4434
2313	2313	-7.36434
2314	2314	0.00914747
2315	2315	11.0509
2316	2316	-11.729
2317	2317	-3.27052
2318	2318	-7.77987
2319	2319	-21.5191
2320	2320	-27.1651
2321	2321	45.3695
2322	2322	23.1711
2323	2323	-13.6659
2324	2324	-4.58128
2325	2325	-7.15799
2326	2326	15.8081
2327	2327	28.1339
2328	2328	-18.9485
2329	2329	-22.8698
2330	2330	-22.075
2331	2331	13.7066
2332	2332	-29.2767
2333	2333	2.07119
2334	2334	18.5266
2335	2335	-10.5221
2336	2336	-18.2384
2337	2337	12.1612
2338	2338	0.654976
2339	2339	-39.0126
2340	2340	-18.9617
2341	2341	-1.23515
2342	2342	-10.7183
2343	2343	0.934725
2344	2344	-20.9502
2345	2345	23.3395
2346	2346	-8.8919
2347	2347	-17.814
2348	2348	33.8534
2349	2349	5.49768
2350	2350	2.30909
2351	2351	-5.92508
2352	2352	-7.20505
2353	2353	-12.9036
2354	2354	-8.32389
2355	2355	-19.3513
2356	2356	-17.9816
2357	2357	20.3279
2358	2358	-8.54618
2359	2359	-17.4993
2360	2360	6.22589
2361	2361	-14.9365
2362	2362	-9.10196
2363	2363	10.8264
2364	2364	-29.7315
2365	2365	-5.77562
2366	2366	-26.6747
2367	2367	35.2732
2368	2368	18.4167
2369	2369	-9.64542
2370	2370	-15.6926
2371	2371	2.75135
2372	2372	-4.89365
2373	2373	16.7394
2374	2374	3.78338
2375	2375	22.6792
2376	2376	19.4627
2377	2377	-1.76481
2378	2378	3.92899
2379	2379	-4.69521
2380	2380	20.5997
2381	2381	8.4613
2382	2382	-8.56463
2383	2383	3.92203
2384	2384	-8.5117
2385	2385	16.6801
2386	2386	-9.93099
2387	2387	-0.146833
2388	2388	-17.6246
2389	2389	19.4488
2390	2390	-11.4431
2391	2391	0.558634
2392	2392	11.2541
2393	2393	-16.0066
2394	2394	-0.955696
2395	2395	12.6053
2396	2396	24.2433
2397	2397	4.11541
2398	2398	24.5492
2399	2399	-25.8769
2400	2400	23.421
2401	2401	18.7071
2402	2402	36.0215
2403	2403	13.0336
2404	2404	-38.4609
2405	2405	-7.41402
2406	2406	-1.12321
2407	2407	9.18061
2408	2408	-1.68752
2409	2409	-12.278
2410	2410	-3.78859
2411	2411	13.5921
2412	2412	-17.3681
2413	2413	23.4813
2414	2414	-3.55705
2415	2415	-10.1934
2416	2416	-22.7225
2417	2417	9.37787
2418	2418	-17.1294
2419	2419	23.6662
2420	2420	-17.8589
2421	2421	26.4574
2422	2422	17.3728
2423	2423	-7.48605
2424	2424	-10.0477
2425	2425	12.7734
2426	2426	-13.6488
2427	2427	5.14718
2428	2428	-10.6064
2429	2429	-6.3122
2430	2430	6.53908
2431	2431	-11.7391
2432	2432	-9.17566
2433	2433	-10.8055
2434	2434	-28.2871
2435	2435	0.423289
2436	2436	-18.274
2437	2437	-21.9911
2438	2438	-5.48875
2439	2439	-2.81659
2440	2440	-4.41009
2441	2441	6.37273
2442	2442	9.30204
2443	2443	16.3874
2444	2444	5.79813
2445	2445	24.463
2446	2446	-4.87067
2447	2447	-36.1116
2448	2448	15.5323
2449	2449	-28.1164
2450	2450	18.9021
2451	2451	7.99068
2452	2452	-34.6396
2453	2453	-28.521
2454	2454	17.6298
2455	2455	41.2908
2456	2456	-8.34419
2457	2457	-24.329
2458	2458	3.24112
2459	2459	31.2449
2460	2460	19.0258
2461	2461	32.1043
2462	2462	-20.665
2463	2463	-30.7478
2464	2464	-4.28017
2465	2465	-12.3317
2466	2466	1.16674
2467	2467	-3.02008
2468	2468	-4.13043
2469	2469	50.4107
2470	2470	-9.42596
2471	2471	12.8882
2472	2472	25.8711
2473	2473	-12.629
2474	2474	-15.9603
2475	2475	-15.8518
2476	2476	-5.04775
2477	2477	35.146
2478	2478	-5.21843
2479	2479	-6.83005
2480	2480	-9.1334
2481	2481	-10.9468
2482	2482	-11.9154
2483	2483	-8.86945
2484	2484	-7.61474
2485	2485	-19.8173
2486	2486	-3.7907
2487	2487	-11.2969
2488	2488	23.2515
2489	2489	11.9027
2490	2490	-34.1327
2491	2491	9.65786
2492	2492	13.3081
2493	2493	-4.80677
2494	2494	9.97529
2495	2495	22.5379
2496	2496	-5.46757
2497	2497	-17.8847
2498	2498	9.37147
2499	2499	-8.37751
2500	2500	-15.9964
2501	2501	8.23605
2502	2502	-9.61679
2503	2503	-12.4134
2504	2504	32.0032
2505	2505	-6.99679
2506	2506	-34.2324
2507	2507	3.70002
2508	2508	-17.0996
2509	2509	28.9443
2510	2510	10.0255
2511	2511	39.2812
2512	2512	-18.3037
2513	2513	-3.55097
2514	2514	-3.05452
2515	2515	-33.1097
2516	2516	6.94765
2517	2517	11.0397
2518	2518	7.38043
2519	2519	2.05848
2520	2520	41.0138
2521	2521	47.3029
2522	2522	30.7488
2523	2523	-3.6855
2524	2524	-10.9148
2525	2525	-7.06169
2526	2526	-13.7634
2527	2527	-31.794
2528	2528	-2.15869
2529	2529	-6.41762
2530	2530	14.1639
2531	2531	20.8041
2532	2532	-3.76551
2533	2533	-14.5289
2534	2534	36.3903
2535	2535	-36.9577
2536	2536	-8.12116
2537	2537	5.45238
2538	2538	-23.5864
2539	2539	12.5353
2540	2540	8.47443
2541	2541	1.47059
2542	2542	13.5985
2543	2543	-18.9695
2544	2544	4.1486
2545	2545	-3.23948
2546	2546	-1.87287
2547	2547	-2.29618
2548	2548	-20.3796
2549	2549	-3.84193
2550	2550	-2.5856
2551	2551	5.47131
2552	2552	-12.7975
2553	2553	-22.2753
2554	2554	34.8725
2555	2555	0.380749
2556	2556	-18.422
2557	2557	-7.42628
2558	2558	-5.00445
2559	2559	-22.2094
2560	2560	10.2525
2561	2561	-7.84005
2562	2562	63.8971
2563	2563	-9.55173
2564	2564	-1.57417
2565	2565	7.83991
2566	2566	0.321393
2567	2567	25.5039
2568	2568	-27.1421
2569	2569	-15.1579
2570	2570	-19.3134
2571	2571	1.40023
2572	2572	-37.9431
2573	2573	-38.2445
2574	2574	28.9351
2575	2575	-12.7587
2576	2576	-42.9625
2577	2577	-15.6429
2578	2578	44.162
2579	2579	7.17798
2580	2580	2.34488
2581	2581	12.2532
2582	2582	10.1487
2583	2583	-13.306
2584	2584	13.5054
2585	2585	-1.18489
2586	2586	59.9352
2587	2587	20.3012
2588	2588	4.03026
2589	2589	25.4688
2590	2590	1.55038
2591	2591	31.8176
2592	2592	-18.8396
2593	2593	35.2274
2594	2594	-11.9917
2595	2595	2.89853
2596	2596	18.8639
2597	2597	19.8511
2598	2598	-25.0675
2599	2599	3.22803
2600	2600	37.6049
2601	2601	32.8671
2602	2602	-8.78794
2603	2603	-5.21688
2604	2604	-7.23248
2605	2605	30.7364
2606	2606	5.06394
2607	2607	24.7553
2608	2608	2.17913
2609	2609	-26.4677
2610	2610	18.6617
2611	2611	-3.96706
2612	2612	1.2539
2613	2613	37.201
2614	2614	-35.1206
2615	2615	7.17227
2616	2616	-30.0561
2617	2617	16.2675
2618	2618	-15.2385
2619	2619	-3.9705
2620	2620	8.29338
2621	2621	7.25997
2622	2622	23.3232
2623	2623	-2.43411
2624	2624	-1.42278
2625	2625	8.46489
2626	2626	-7.07958
2627	2627	8.44831
2628	2628	3.25374
2629	2629	-17.2797
2630	2630	4.55726
2631	2631	1.77661
2632	2632	6.64877
2633	2633	8.81241
2634	2634	16.9113
2635	2635	-22.0509
2636	2636	-39.0423
2637	2637	4.26495
2638	2638	-32.9933
2639	2639	-6.61828
2640	2640	21.6482
2641	2641	47.4125
2642	2642	12.6422
2643	2643	-8.28882
2644	2644	-18.0593
2645	2645	10.1783
2646	2646	20.5674
2647	2647	13.8572
2648	2648	0.553927
2649	2649	3.52264
2650	2650	-5.45238
2651	2651	-21.0945
2652	2652	-9.09766
2653	2653	-2.79011
2654	2654	16.9029
2655	2655	-9.28729
2656	2656	-5.14498
2657	2657	-5.18582
2658	2658	37.1591
2659	2659	36.9963
2660	2660	12.7366
2661	2661	2.6738
2662	2662	-40.5027
2663	2663	-4.78791
2664	2664	-19.7459
2665	2665	8.13581
2666	2666	4.17183
2667	2667	-29.4668
2668	2668	-1.86641
2669	2669	-29.4428
2670	2670	1.25269
2671	2671	24.4786
2672	2672	14.6181
2673	2673	-8.93415
2674	2674	-5.65319
2675	2675	-6.87069
2676	2676	-4.24615
2677	2677	0.842841
2678	2678	-21.0161
2679	2679	25.7599
2680	2680	-2.58569
2681	2681	10.3896
2682	2682	-11.9235
2683	2683	26.9713
2684	2684	-34.4467
2685	2685	-7.16525
2686	2686	2.37946
2687	2687	-51.5072
2688	2688	21.4798
2689	2689	-1.45733
2690	2690	28.5083
2691	2691	-6.5508
2692	2692	-11.5554
2693	2693	-1.40381
2694	2694	-6.33018
2695	2695	17.3437
2696	2696	-27.2429
2697	2697	-29.2133
2698	2698	-11.4504
2699	2699	-32.9106
2700	2700	7.05566
2701	2701	45.5615
2702	2702	-15.6154
2703	2703	-4.0229
2704	2704	33.1173
2705	2705	-17.7188
2706	2706	-0.835507
2707	2707	8.56203
2708	2708	-11.6116
2709	2709	4.49103
2710	2710	-16.4036
2711	2711	-8.45618
2712	2712	-0.784329
2713	2713	-7.7274
2714	2714	-5.36639
2715	2715	-7.18527
2716	2716	-1.27406
2717	2717	-9.15824
2718	2718	1.03437
2719	2719	-11.746
2720	2720	-6.48895
2721	2721	-9.08411
2722	2722	-5.89713
2723	2723	11.7077
2724	2724	-17.3988
2725	2725	1.75709
2726	2726	-7.71037
2727	2727	17.7575
2728	2728	28.0566
2729	2729	0.0201225
2730	2730	32.4159
2731	2731	2.40964
2732	2732	48.6925
2733	2733	11.2222
2734	2734	6.08408
2735	2735	26.9918
2736	2736	5.65503
2737	2737	-16.6844
2738	2738	17.4354
2739	2739	1.57128
2740	2740	-14.6629
2741	2741	33.2469
2742	2742	7.23833
2743	2743	26.8935
2744	2744	9.67874
2745	2745	18.2598
2746	2746	-37.1582
2747	2747	-23.1057
2748	2748	-0.481403
2749	2749	-16.8763
2750	2750	-0.920237
2751	2751	8.37216
2752	2752	1.77006
2753	2753	21.6066
2754	2754	7.59017
2755	2755	9.81456
2756	2756	11.2188
2757	2757	2.35149
2758	2758	7.70483
2759	2759	-4.27037
2760	2760	-37.591
2761	2761	45.888
2762	2762	4.33653
2763	2763	-28.0947
2764	2764	1.15224
2765	2765	15.342
2766	2766	10.4195
2767	2767	-28.7492
2768	2768	16.7583
2769	2769	32.3031
2770	2770	37.0739
2771	2771	35.9905
2772	2772	-12.1295
2773	2773	-6.37928
2774	2774	16.849
2775	2775	-1.56191
2776	2776	4.31866
2777	2777	-31.8485
2778	2778	47.4908
2779	2779	6.18786
2780	2780	-12.845
2781	2781	25.572
2782	2782	-22.0731
2783	2783	19.4453
2784	2784	-17.3943
2785	2785	-4.18046
2786	2786	12.7096
2787	2787	-29.2463
2788	2788	-14.9532
2789	2789	-23.1908
2790	2790	4.31489
2791	2791	20.1336
2792	2792	-6.34245
2793	2793	54.4587
2794	2794	18.0695
2795	2795	21.1353
2796	2796	3.00298
2797	2797	27.7646
2798	2798	1.54574
2799	2799	-3.0124
2800	2800	-27.2804
2801	2801	0.293498
2802	2802	12.9447
2803	2803	32.6713
2804	2804	-4.81204
2805	2805	-4.14036
2806	2806	-1.80075
2807	2807	-39.8358
2808	2808	-23.5471
2809	2809	5.46789
2810	2810	23.619
2811	2811	-28.5744
2812	2812	45.2155
2813	2813	-19.4938
2814	2814	-22.7989
2815	2815	-11.7397
2816	2816	8.14579
2817	2817	-9.7655
2818	2818	15.4582
2819	2819	2.08148
2820	2820	1.22108
2821	2821	-9.51049
2822	2822	-12.2746
2823	2823	-5.40824
2824	2824	-8.32038
2825	2825	-26.1095
2826	2826	-3.51634
2827	2827	-2.51255
2828	2828	-27.7489
2829	2829	-20.4352
2830	2830	0.925979
2831	2831	-6.06276
2832	2832	-15.042
2833	2833	-21.6175
2834	2834	-26.0235
2835	2835	-3.2538
2836	2836	9.91977
2837	2837	8.17532
2838	2838	26.2569
2839	2839	-4.01927
2840	2840	2.54665
2841	2841	-11.3341
2842	2842	10.8846
2843	2843	13.2334
2844	2844	-4.53227
2845	2845	17.4201
2846	2846	-1.28785
2847	2847	18.7436
2848	2848	-2.43941
2849	2849	-2.89024
2850	2850	-12.9607
2851	2851	9.032
2852	2852	9.92764
2853	2853	4.50295
2854	2854	-11.9526
2855	2855	4.58686
2856	2856	-23.3338
2857	2857	-24.2734
2858	2858	-8.56757
2859	2859	-21.1595
2860	2860	-10.5063
2861	2861	-5.11956
2862	2862	-1.85888
2863	2863	6.29512
2864	2864	3.22876
2865	2865	16.6744
2866	2866	16.8439
2867	2867	6.1317
2868	2868	31.3906
2869	2869	-2.66754
2870	2870	-20.8136
2871	2871	-4.85949
2872	2872	20.9438
2873	2873	-0.553592
2874	2874	1.32311
2875	2875	-28.6104
2876	2876	8.86269
2877	2877	-16.0942
2878	2878	-4.48631
2879	2879	-8.59159
2880	2880	-11.145
2881	2881	28.2216
2882	2882	18.2869
2883	2883	-12.2216
2884	2884	21.8714
2885	2885	26.7958
2886	2886	34.495
2887	2887	-17.7842
2888	2888	11.6108
2889	2889	52.6833
2890	2890	7.65173
2891	2891	26.5162
2892	2892	6.72402
2893	2893	-2.7877
2894	2894	-11.5547
2895	2895	-7.58978
2896	2896	-8.57231
2897	2897	-5.86325
2898	2898	-4.70599
2899	2899	-12.703
2900	2900	-17.1068
2901	2901	21.2271
2902	2902	30.2551
2903	2903	-15.3085
2904	2904	11.647
2905	2905	8.51371
2906	2906	5.31282
2907	2907	-15.9332
2908	2908	-4.59364
2909	2909	-2.95619
2910	2910	-22.1864
2911	2911	-14.706
2912	2912	-10.0945
2913	2913	-14.3139
2914	2914	-55.9065
2915	2915	-18.3365
2916	2916	13.2235
2917	2917	41.2159
2918	2918	-27.1465
2919	2919	36.5661
2920	2920	-9.64874
2921	2921	6.02859
2922	2922	-22.5501
2923	2923	11.3002
2924	2924	8.58069
2925	2925	-9.74887
2926	2926	8.18719
2927	2927	-36.0515
2928	2928	-31.4613
2929	2929	3.25668
2930	2930	-12.4851
2931	2931	6.79982
2932	2932	-3.33417
2933	2933	-28.5862
2934	2934	14.6445
2935	2935	-4.8767
2936	2936	10.2506
2937	2937	-7.8534
2938	2938	20.6288
2939	2939	0.898365
2940	2940	6.13537
2941	2941	-10.451
2942	2942	15.9851
2943	2943	34.2292
2944	2944	31.3715
2945	2945	-10.2948
2946	2946	32.1236
2947	2947	-24.0937
2948	2948	-0.866767
2949	2949	-12.7209
2950	2950	-23.675
2951	2951	4.03402
2952	2952	-12.5208
2953	2953	14.2112
2954	2954	15.8275
2955	2955	22.1939
2956	2956	19.0387
2957	2957	5.81044
2958	2958	12.5787
2959	2959	-41.4877
2960	2960	9.74435
2961	2961	31.249
2962	2962	24.8347
2963	2963	3.1841
2964	2964	-2.57861
2965	2965	8.94401
2966	2966	25.934
2967	2967	-50.4724
2968	2968	-21.2972
2969	2969	18.4199
2970	2970	22.1437
2971	2971	-17.5492
2972	2972	7.05067
2973	2973	-7.24167
2974	2974	0.276829
2975	2975	4.46244
2976	2976	8.43112
2977	2977	7.47827
2978	2978	-2.35295
2979	2979	-17.6278
2980	2980	-7.81836
2981	2981	-1.92547
2982	2982	23.724
2983	2983	-16.4246
2984	2984	-8.37569
2985	2985	8.35999
2986	2986	-8.85616
2987	2987	29.2296
2988	2988	41.3995
2989	2989	0.175088
2990	2990	16.0025
2991	2991	11.4209
2992	2992	13.716
2993	2993	3.56831
2994	2994	-2.31277
2995	2995	0.602501
2996	2996	10.0596
2997	2997	6.44696
2998	2998	16.8941
2999	2999	-4.77385
3000	3000	24.6483
3001	3001	-5.44847
3002	3002	1.47099
3003	3003	-0.548841
3004	3004	7.16664
3005	3005	-18.6677
3006	3006	-1.6801
3007	3007	6.41164
3008	3008	12.5319
3009	3009	2.11273
3010	3010	-11.1456
3011	3011	-14.9707
3012	3012	-4.5613
3013	3013	9.28982
3014	3014	-25.9763
3015	3015	12.4703
3016	3016	-10.8542
3017	3017	31.773
3018	3018	37.5045
3019	3019	3.30689
3020	3020	-5.45109
3021	3021	-9.97486
3022	3022	-41.7352
3023	3023	27.8003
3024	3024	-25.4794
3025	3025	-26.6874
3026	3026	-21.8864
3027	3027	29.1485
3028	3028	12.3634
3029	3029	-9.52603
3030	3030	18.4271
3031	3031	0.0382829
3032	3032	-12.3918
3033	3033	-6.85452
3034	3034	26.0573
3035	3035	-3.20498
3036	3036	-14.0626
3037	3037	-27.3432
3038	3038	-5.00743
3039	3039	-20.6951
3040	3040	-8.97925
3041	3041	-14.8056
3042	3042	15.7437
3043	3043	-6.58287
3044	3044	4.10361
3045	3045	-41.2183
3046	3046	-7.47212
3047	3047	3.12694
3048	3048	-11.7872
3049	3049	-19.9266
3050	3050	20.5919
3051	3051	10.8113
3052	3052	-8.3297
3053	3053	3.78677
3054	3054	32.809
3055	3055	19.1224
3056	3056	4.79992
3057	3057	-1.74239
3058	3058	-5.34333
3059	3059	21.7643
3060	3060	2.38676
3061	3061	-11.1724
3062	3062	12.6428
3063	3063	-30.4842
3064	3064	8.09099
3065	3065	-16.4344
3066	3066	-34.5359
3067	3067	21.2573
3068	3068	11.6679
3069	3069	38.7688
3070	3070	0.650141
3071	3071	-31.1257
3072	3072	-18.8779
3073	3073	21.4334
3074	3074	-7.97699
3075	3075	-6.54971
3076	3076	4.07549
3077	3077	49.8189
3078	3078	63.6052
3079	3079	8.43134
3080	3080	7.41062
3081	3081	-29.358
3082	3082	0.374185
3083	3083	-6.77679
3084	3084	-34.7623
3085	3085	-4.19147
3086	3086	0.591619
3087	3087	-20.0987
3088	3088	22.3055
3089	3089	18.5094
3090	3090	-15.8555
3091	3091	11.9293
3092	3092	1.58133
3093	3093	20.0095
3094	3094	-27.1634
3095	3095	5.56208
3096	3096	1.14052
3097	3097	-14.4432
3098	3098	3.37416
3099	3099	12.5112
3100	3100	-12.4455
3101	3101	12.7549
3102	3102	20.4295
3103	3103	7.2957
3104	3104	-45.0724
3105	3105	-5.67501
3106	3106	23.8057
3107	3107	15.7163
3108	3108	41.0211
3109	3109	24.3704
3110	3110	3.57387
3111	3111	24.2668
3112	3112	11.8911
3113	3113	-11.3508
3114	3114	-21.4224
3115	3115	-6.73029
3116	3116	-6.10384
3117	3117	9.29111
3118	3118	-21.8965
3119	3119	16.4048
3120	3120	5.85722
3121	3121	17.0525
3122	3122	6.77195
3123	3123	-9.03332
3124	3124	-4.70935
3125	3125	-22.173
3126	3126	17.7525
3127	3127	22.7014
3128	3128	1.45766
3129	3129	6.41947
3130	3130	19.3559
3131	3131	-11.341
3132	3132	-8.98005
3133	3133	10.4276
3134	3134	11.4067
3135	3135	16.518
3136	3136	8.62029
3137	3137	-18.9477
3138	3138	6.81921
3139	3139	22.9567
3140	3140	14.255
3141	3141	3.49968
3142	3142	-0.666739
3143	3143	-6.39041
3144	3144	18.7264
3145	3145	-16.7417
3146	3146	0.406226
3147	3147	-1.61063
3148	3148	-11.9503
3149	3149	-9.87038
3150	3150	-6.31544
3151	3151	-0.00839171
3152	3152	3.42583
3153	3153	27.4939
3154	3154	1.58505
3155	3155	27.696
3156	3156	-0.0611485
3157	3157	25.6459
3158	3158	-6.71117
3159	3159	-4.40532
3160	3160	3.94802
3161	3161	-9.35569
3162	3162	3.86982
3163	3163	13.4325
3164	3164	27.2583
3165	3165	-25.3675
3166	3166	-5.07026
3167	3167	-4.81261
3168	3168	28.3672
3169	3169	-20.679
3170	3170	0.620955
3171	3171	-0.0570706
3172	3172	15.8319
3173	3173	-22.9906
3174	3174	5.05752
3175	3175	1.18108
3176	3176	-2.76803
3177	3177	-6.28763
3178	3178	5.60889
3179	3179	17.1218
3180	3180	8.71053
3181	3181	39.5942
3182	3182	10.2861
3183	3183	-2.78866
3184	3184	12.2307
3185	3185	0.0957325
3186	3186	-45.711
3187	3187	-10.3075
3188	3188	-12.045
3189	3189	43.9063
3190	3190	-15.9466
3191	3191	29.478
3192	3192	-7.00448
3193	3193	-28.3367
3194	3194	-20.8949
3195	3195	-29.0609
3196	3196	-27.4001
3197	3197	12.6043
3198	3198	-17.5232
3199	3199	-10.762
3200	3200	2.43344
3201	3201	-5.46264
3202	3202	57.3535
3203	3203	28.7421
3204	3204	7.74993
3205	3205	-25.7386
3206	3206	-4.69728
3207	3207	13.8518
3208	3208	-4.3842
3209	3209	9.89988
3210	3210	-20.5729
3211	3211	3.92294
3212	3212	-11.0152
3213	3213	-3.14302
3214	3214	1.0854
3215	3215	-22.1068
3216	3216	-1.42067
3217	3217	9.01371
3218	3218	-36.8231
3219	3219	13.0943
3220	3220	-22.4959
3221	3221	-2.13662
3222	3222	28.2997
3223	3223	4.99579
3224	3224	-9.40242
3225	3225	-31.4748
3226	3226	-7.83665
3227	3227	0.579041
3228	3228	-12.2564
3229	3229	-7.55524
3230	3230	4.65836
3231	3231	-2.93534
3232	3232	3.36963
3233	3233	-2.34597
3234	3234	-9.19882
3235	3235	17.1516
3236	3236	0.480368
3237	3237	-0.523099
3238	3238	-13.9173
3239	3239	17.381
3240	3240	13.8894
3241	3241	22.1863
3242	3242	-13.8123
3243	3243	2.03554
3244	3244	-9.8712
3245	3245	-1.93395
3246	3246	-15.3055
3247	3247	-24.9574
3248	3248	-9.49609
3249	3249	-27.8805
3250	3250	-37.2838
3251	3251	27.8005
3252	3252	11.3455
3253	3253	3.70088
3254	3254	27.3719
3255	3255	15.3981
3256	3256	5.82076
3257	3257	-24.8863
3258	3258	-26.6178
3259	3259	-23.1147
3260	3260	0.657415
3261	3261	4.73576
3262	3262	16.3414
3263	3263	7.77305
3264	3264	16.249
3265	3265	32.1777
3266	3266	-1.00144
3267	3267	1.62698
3268	3268	-13.8728
3269	3269	20.0442
3270	3270	-3.41769
3271	3271	35.7771
3272	3272	-11.1024
3273	3273	-3.54944
3274	3274	20.5946
3275	3275	-11.5042
3276	3276	-6.41297
3277	3277	-11.0529
3278	3278	21.3747
3279	3279	14.3097
3280	3280	-4.62011
3281	3281	-30.789
3282	3282	2.21426
3283	3283	8.80764
3284	3284	8.9686
3285	3285	-25.3034
3286	3286	-14.4281
3287	3287	-21.7717
3288	3288	-1.67804
3289	3289	1.99058
3290	3290	-6.75906
3291	3291	-5.3653
3292	3292	-34.852
3293	3293	8.65869
3294	3294	-14.1341
3295	3295	28.8951
3296	3296	12.5854
3297	3297	1.00476
3298	3298	28.0227
3299	3299	24.4606
3300	3300	28.0197
3301	3301	-16.1845
3302	3302	8.84913
3303	3303	25.6762
3304	3304	-0.522667
3305	3305	-21.1305
3306	3306	-29.382
3307	3307	26.0818
3308	3308	0.274717
3309	3309	17.5362
3310	3310	-4.29746
3311	3311	1.88638
3312	3312	5.95799
3313	3313	14.2932
3314	3314	3.61177
3315	3315	-35.2617
3316	3316	12.1958
3317	3317	-30.1645
3318	3318	-40.8401
3319	3319	-25.473
3320	3320	-19.5668
3321	3321	-1.85054
3322	3322	14.1153
3323	3323	4.71873
3324	3324	-0.312396
3325	3325	4.5896
3326	3326	23.0769
3327	3327	-27.1339
3328	3328	2.96018
3329	3329	-29.5223
3330	3330	12.847
3331	3331	11.1622
3332	3332	-33.7154
3333	3333	-4.25366
3334	3334	-15.6561
3335	3335	32.0454
3336	3336	8.47809
3337	3337	30.8386
3338	3338	10.5778
3339	3339	19.8865
3340	3340	20.5624
3341	3341	-12.4663
3342	3342	25.9707
3343	3343	5.18709
3344	3344	9.79694
3345	3345	-12.4623
3346	3346	26.2099
3347	3347	-26.2222
3348	3348	-0.353591
3349	3349	11.605
3350	3350	12.7715
3351	3351	29.1504
3352	3352	-6.02388
3353	3353	-0.828664
3354	3354	-13.5109
3355	3355	26.3986
3356	3356	36.7214
3357	3357	-11.6558
3358	3358	1.81378
3359	3359	-14.4915
3360	3360	-20.7939
3361	3361	-4.49243
3362	3362	-15.1848
3363	3363	-8.42853
3364	3364	12.0481
3365	3365	35.2174
3366	3366	-5.39508
3367	3367	2.54658
3368	3368	-16.7743
3369	3369	6.34102
3370	3370	19.1225
3371	3371	1.12372
3372	3372	14.3702
3373	3373	-4.02048
3374	3374	26.1835
3375	3375	-4.31278
3376	3376	-10.4796
3377	3377	6.65196
3378	3378	-10.1992
3379	3379	-16.5016
3380	3380	-1.94664
3381	3381	3.81407
3382	3382	8.80278
3383	3383	5.55919
3384	3384	-16.1337
3385	3385	46.7182
3386	3386	3.953
3387	3387	-21.2976
3388	3388	13.6437
3389	3389	-11.0581
3390	3390	-18.9487
3391	3391	-25.6118
3392	3392	7.91449
3393	3393	-20.226
3394	3394	-50.111
3395	3395	3.4228
3396	3396	0.0274972
3397	3397	-23.7188
3398	3398	-28.2916
3399	3399	18.85
3400	3400	0.926986
3401	3401	-19.5424
3402	3402	15.4989
3403	3403	-11.5079
3404	3404	18.7
3405	3405	-4.94522
3406	3406	13.8102
3407	3407	-8.88665
3408	3408	5.86606
3409	3409	-5.68714
3410	3410	21.2309
3411	3411	-16.2473
3412	3412	0.661343
3413	3413	2.96679
3414	3414	-23.4773
3415	3415	10.281
3416	3416	-9.77861
3417	3417	-28.8758
3418	3418	-8.4815
3419	3419	19.4191
3420	3420	-35.2572
3421	3421	6.37397
3422	3422	13.38
3423	3423	25.0499
3424	3424	0.351433
3425	3425	-3.19099
3426	3426	40.6115
3427	3427	-22.9971
3428	3428	-19.0392
3429	3429	14.7902
3430	3430	3.24627
3431	3431	1.92099
3432	3432	-11.8388
3433	3433	31.3021
3434	3434	-0.617348
3435	3435	-8.89515
3436	3436	-2.50806
3437	3437	-33.9504
3438	3438	-5.68865
3439	3439	6.01533
3440	3440	35.9736
3441	3441	0.541358
3442	3442	-7.72538
3443	3443	-7.09193
3444	3444	-7.44593
3445	3445	-3.33529
3446	3446	24.2297
3447	3447	3.96048
3448	3448	-21.5636
3449	3449	22.2628
3450	3450	-8.05807
3451	3451	-21.6685
3452	3452	-39.5107
3453	3453	22.8457
3454	3454	12.3806
3455	3455	2.73907
3456	3456	25.4822
3457	3457	4.26501
3458	3458	14.3519
3459	3459	-7.365
3460	3460	-1.63939
3461	3461	-20.6652
3462	3462	-31.9562
3463	3463	5.53585
3464	3464	-6.32735
3465	3465	-12.1017
3466	3466	-10.1498
3467	3467	22.7222
3468	3468	-20.2931
3469	3469	-33.8186
3470	3470	6.33672
3471	3471	-6.92885
3472	3472	-1.49149
3473	3473	-17.549
3474	3474	4.86703
3475	3475	8.76164
3476	3476	-18.2874
3477	3477	-5.84844
3478	3478	-21.9275
3479	3479	-11.9228
3480	3480	-12.2015
3481	3481	26.5252
3482	3482	16.0681
3483	3483	18.9566
3484	3484	10.2117
3485	3485	27.0193
3486	3486	2.57627
3487	3487	42.9961
3488	3488	14.7141
3489	3489	15.2901
3490	3490	-15.8573
3491	3491	-4.0843
3492	3492	13.448
3493	3493	23.615
3494	3494	8.74375
3495	3495	-13.2096
3496	3496	-20.3255
3497	3497	-16.9572
3498	3498	5.10724
3499	3499	10.7434
3500	3500	46.4369
3501	3501	-11.0576
3502	3502	3.65619
3503	3503	0.891544
3504	3504	40.4792
3505	3505	2.79384
3506	3506	6.79325
3507	3507	-12.8225
3508	3508	20.5811
3509	3509	8.74414
3510	3510	-3.12801
3511	3511	7.63586
3512	3512	-15.6045
3513	3513	-4.36388
3514	3514	13.1662
3515	3515	2.63305
3516	3516	26.4718
3517	3517	7.26725
3518	3518	-20.6026
3519	3519	10.3632
3520	3520	-23.9556
3521	3521	-27.4166
3522	3522	-32.7166
3523	3523	-10.1899
3524	3524	-17.7156
3525	3525	-23.0552
3526	3526	-8.43676
3527	3527	8.24969
3528	3528	-10.5353
3529	3529	16.4638
3530	3530	3.81517
3531	3531	-21.6204
3532	3532	-0.683053
3533	3533	-13.8881
3534	3534	-11.2491
3535	3535	13.7806
3536	3536	-9.96953
3537	3537	7.25979
3538	3538	4.69623
3539	3539	32.108
3540	3540	-0.517284
3541	3541	-6.22472
3542	3542	5.18393
3543	3543	-29.9285
3544	3544	-28.7364
3545	3545	-0.809613
3546	3546	-11.2788
3547	3547	-2.86069
3548	3548	-14.9461
3549	3549	-37.541
3550	3550	-16.3744
3551	3551	-5.82309
3552	3552	-2.48226
3553	3553	12.1882
3554	3554	39.3291
3555	3555	8.55975
3556	3556	-17.2365
3557	3557	-13.4786
3558	3558	13.397
3559	3559	-20.2948
3560	3560	4.09823
3561	3561	18.2636
3562	3562	1.89524
3563	3563	-4.57878
3564	3564	-0.887863
3565	3565	-15.2419
3566	3566	-36.2791
3567	3567	24.7
3568	3568	31.7783
3569	3569	0.031412
3570	3570	-10.7849
3571	3571	20.0833
3572	3572	-32.8794
3573	3573	-9.09127
3574	3574	-20.141
3575	3575	-10.1658
3576	3576	0.786524
3577	3577	15.8065
3578	3578	-4.81338
3579	3579	-3.43725
3580	3580	9.86554
3581	3581	-31.1881
3582	3582	-17.3226
3583	3583	14.1393
3584	3584	38.8204
3585	3585	17.6987
3586	3586	-7.69325
3587	3587	-5.80666
3588	3588	5.53516
3589	3589	27.1886
3590	3590	19.9749
3591	3591	-14.2439
3592	3592	14.6149
3593	3593	28.3577
3594	3594	7.14426
3595	3595	1.66217
3596	3596	-16.0971
3597	3597	-17.3637
3598	3598	15.4133
3599	3599	27.2807
3600	3600	3.77645
3601	3601	-8.36036
3602	3602	28.2295
3603	3603	-7.67578
3604	3604	-26.3581
3605	3605	-20.6334
3606	3606	-1.80382
3607	3607	18.352
3608	3608	-2.6628
3609	3609	-10.0699
3610	3610	-17.2387
3611	3611	3.60855
3612	3612	15.5905
3613	3613	24.5347
3614	3614	14.4609
3615	3615	-16.7584
3616	3616	18.0859
3617	3617	-6.56239
3618	3618	-22.4532
3619	3619	13.1999
3620	3620	-3.40519
3621	3621	3.34285
3622	3622	-40.6479
3623	3623	4.08028
3624	3624	11.6015
3625	3625	12.0039
3626	3626	3.53305
3627	3627	-5.28246
3628	3628	35.1064
3629	3629	48.2226
3630	3630	-1.59018
3631	3631	10.8873
3632	3632	4.7785
3633	3633	-29.6078
3634	3634	8.01643
3635	3635	-8.32253
3636	3636	20.8153
3637	3637	-0.69387
3638	3638	-23.67
3639	3639	9.11162
3640	3640	-3.60009
3641	3641	-13.3264
3642	3642	-10.3212
3643	3643	-24.4448
3644	3644	-9.55709
3645	3645	-18.0473
3646	3646	27.346
3647	3647	-7.60832
3648	3648	16.2082
3649	3649	7.50426
3650	3650	-21.5088
3651	3651	-24.5949
3652	3652	4.10676
3653	3653	-24.8957
3654	3654	-14.2043
3655	3655	-6.22854
3656	3656	6.8446
3657	3657	3.8269
3658	3658	-10.8372
3659	3659	-18.4987
3660	3660	0.490337
3661	3661	5.09619
3662	3662	-11.8898
3663	3663	-11.5318
3664	3664	-25.8923
3665	3665	-20.6592
3666	3666	-30.2358
3667	3667	17.2252
3668	3668	-1.31776
3669	3669	-20.0655
3670	3670	-3.82657
3671	3671	21.7598
3672	3672	-21.8006
3673	3673	12.8577
3674	3674	0.246745
3675	3675	3.95122
3676	3676	26.9894
3677	3677	-28.1475
3678	3678	12.914
3679	3679	9.64646
3680	3680	-9.38411
3681	3681	6.78574
3682	3682	18.1799
3683	3683	16.4191
3684	3684	-5.72702
3685	3685	-20.8525
3686	3686	-32.9256
3687	3687	19.8584
3688	3688	-16.3841
3689	3689	17.0901
3690	3690	6.56155
3691	3691	5.26656
3692	3692	2.18594
3693	3693	-29.2731
3694	3694	26.2508
3695	3695	-16.6227
3696	3696	-7.97432
3697	3697	1.87501
3698	3698	1.32994
3699	3699	-6.73158
3700	3700	-29.3151
3701	3701	4.21767
3702	3702	-17.9923
3703	3703	29.4763
3704	3704	2.60709
3705	3705	-27.7901
3706	3706	-10.8396
3707	3707	-38.1073
3708	3708	16.3756
3709	3709	-36.296
3710	3710	28.0803
3711	3711	9.89888
3712	3712	17.5971
3713	3713	11.2732
3714	3714	-4.56279
3715	3715	3.75731
3716	3716	21.1252
3717	3717	-25.3359
3718	3718	14.3118
3719	3719	-15.1888
3720	3720	23.0962
3721	3721	-12.742
3722	3722	20.2864
3723	3723	-21.8681
3724	3724	-6.09223
3725	3725	1.45174
3726	3726	12.2723
3727	3727	-35.4292
3728	3728	-45.5209
3729	3729	-1.89064
3730	3730	8.44025
3731	3731	11.288
3732	3732	-1.3647
3733	3733	20.6832
3734	3734	17.8657
3735	3735	33.7425
3736	3736	7.59387
3737	3737	-0.997305
3738	3738	31.4417
3739	3739	-2.25455
3740	3740	-37.6039
3741	3741	46.1139
3742	3742	25.1139
3743	3743	-7.78204
3744	3744	-6.42898
3745	3745	-28.6162
3746	3746	17.2759
3747	3747	18.0664
3748	3748	-54.8805
3749	3749	-41.6327
3750	3750	23.0962
3751	3751	1.00221
3752	3752	34.739
3753	3753	-4.27283
3754	3754	15.6626
3755	3755	0.8337
3756	3756	-21.0622
3757	3757	18.372
3758	3758	-2.96765
3759	3759	32.8094
3760	3760	7.39731
3761	3761	13.0559
3762	3762	12.6561
3763	3763	-6.32634
3764	3764	-28.0537
3765	3765	-22.5419
3766	3766	-12.4045
3767	3767	7.09046
3768	3768	-13.5208
3769	3769	1.62706
3770	3770	20.7001
3771	3771	15.1364
3772	3772	-15.3544
3773	3773	-1.86183
3774	3774	20.598
3775	3775	-19.2362
3776	3776	28.1274
3777	3777	-4.06758
3778	3778	-15.3684
3779	3779	4.98411
3780	3780	18.1311
3781	3781	-12.8239
3782	3782	-51.7242
3783	3783	22.8797
3784	3784	-15.7139
3785	3785	-33.2547
3786	3786	11.0552
3787	3787	10.4449
3788	3788	-0.961028
3789	3789	-12.0702
3790	3790	1.45124
3791	3791	-18.774
3792	3792	13.5896
3793	3793	-14.4555
3794	3794	-6.91412
3795	3795	-11.6135
3796	3796	-0.459613
3797	3797	6.82649
3798	3798	14.5055
3799	3799	-20.1983
3800	3800	32.7449
3801	3801	15.5093
3802	3802	20.6011
3803	3803	-22.5674
3804	3804	-14.1117
3805	3805	-7.5685
3806	3806	-4.19554
3807	3807	8.82166
3808	3808	15.9278
3809	3809	10.2315
3810	3810	-21.0508
3811	3811	-12.3052
3812	3812	12.8221
3813	3813	25.1857
3814	3814	-11.603
3815	3815	-18.63
3816	3816	22.5295
3817	3817	-11.4567
3818	3818	-38.3645
3819	3819	-9.358
3820	3820	-33.7789
3821	3821	4.7427
3822	3822	17.6497
3823	3823	10.365
3824	3824	15.5046
3825	3825	11.8641
3826	3826	11.3586
3827	3827	-1.9658
3828	3828	-16.4613
3829	3829	27.6949
3830	3830	-13.7095
3831	3831	-31.0209
3832	3832	-20.4477
3833	3833	-10.4854
3834	3834	43.3167
3835	3835	-15.8766
3836	3836	9.5894
3837	3837	1.25217
3838	3838	15.5951
3839	3839	-8.65898
3840	3840	-16.3631
3841	3841	10.0842
3842	3842	33.1106
3843	3843	-0.801796
3844	3844	-0.173977
3845	3845	39.9091
3846	3846	38.9883
3847	3847	-19.8097
3848	3848	19.0989
3849	3849	27.6738
3850	3850	37.1408
3851	3851	-13.2218
3852	3852	8.57769
3853	3853	-16.7153
3854	3854	4.79879
3855	3855	23.7413
3856	3856	-14.8033
3857	3857	-4.32649
3858	3858	26.022
3859	3859	0.836729
3860	3860	13.8897
3861	3861	13.6083
3862	3862	25.3982
3863	3863	-11.3293
3864	3864	48.1993
3865	3865	-2.50144
3866	3866	-1.97703
3867	3867	13.7709
3868	3868	13.4355
3869	3869	-2.60757
3870	3870	-32.7525
3871	3871	24.3283
3872	3872	1.43804
3873	3873	-3.00791
3874	3874	-21.0741
3875	3875	-16.5059
3876	3876	3.21191
3877	3877	3.57777
3878	3878	2.76654
3879	3879	26.9999
3880	3880	1.06688
3881	3881	19.1518
3882	3882	21.8517
3883	3883	-0.962938
3884	3884	-11.731
3885	3885	3.4819
3886	3886	4.39769
3887	3887	6.86459
3888	3888	-1.85762
3889	3889	-2.38643
3890	3890	26.1848
3891	3891	43.943
3892	3892	3.80017
3893	3893	7.96033
3894	3894	25.1834
3895	3895	11.3893
3896	3896	11.9588
3897	3897	-6.82136
3898	3898	-26.2501
3899	3899	-32.4714
3900	3900	-28.1925
3901	3901	19.668
3902	3902	-6.37819
3903	3903	25.7893
3904	3904	-1.44699
3905	3905	1.27929
3906	3906	-19.5132
3907	3907	-13.4177
3908	3908	-11.9055
3909	3909	5.46734
3910	3910	-3.87282
3911	3911	-15.0174
3912	3912	-6.08718
3913	3913	40.6078
3914	3914	-4.12347
3915	3915	10.2465
3916	3916	-7.42111
3917	3917	-6.46215
3918	3918	-11.6326
3919	3919	-21.216
3920	3920	-18.7792
3921	3921	0.363506
3922	3922	-38.0035
3923	3923	6.3848
3924	3924	-33.9814
3925	3925	-3.93376
3926	3926	-23.6576
3927	3927	-9.03822
3928	3928	11.1024
3929	3929	0.995699
3930	3930	23.5909
3931	3931	-31.7488
3932	3932	7.09556
3933	3933	-6.78737
3934	3934	-30.3991
3935	3935	29.9687
3936	3936	7.99772
3937	3937	29.1455
3938	3938	53.2089
3939	3939	-11.2532
3940	3940	-4.17413
3941	3941	-0.834714
3942	3942	1.98036
3943	3943	3.60678
3944	3944	-17.8965
3945	3945	-10.2366
3946	3946	-14.3913
3947	3947	-3.2213
3948	3948	0.639655
3949	3949	4.27848
3950	3950	-7.25627
3951	3951	14.9451
3952	3952	-38.5268
3953	3953	-3.03644
3954	3954	28.188
3955	3955	45.9688
3956	3956	8.58274
3957	3957	-10.3405
3958	3958	-1.96239
3959	3959	-6.91419
3960	3960	32.5049
3961	3961	4.34367
3962	3962	-2.02354
3963	3963	-9.71281
3964	3964	35.8381
3965	3965	-1.41117
3966	3966	7.94916
3967	3967	31.7775
3968	3968	38.3668
3969	3969	26.7679
3970	3970	-16.6914
3971	3971	-16.4865
3972	3972	-1.07872
3973	3973	-42.3605
3974	3974	33.8716
3975	3975	-4.39036
3976	3976	-15.5011
3977	3977	-29.7707
3978	3978	-8.02491
3979	3979	-15.2478
3980	3980	7.5097
3981	3981	27.4727
3982	3982	28.7406
3983	3983	-3.78393
3984	3984	15.1975
3985	3985	6.90726
3986	3986	-23.9984
3987	3987	22.6608
3988	3988	23.0919
3989	3989	14.5235
3990	3990	13.2135
3991	3991	11.9532
3992	3992	-13.3097
3993	3993	-3.21889
3994	3994	2.75476
3995	3995	16.0727
3996	3996	-6.20128
3997	3997	2.81135
3998	3998	-1.54929
3999	3999	0.739764
4000	4000	7.24927
4001	4001	-29.3297
4002	4002	8.59448
4003	4003	8.56376
4004	4004	2.58917
4005	4005	-1.89419
4006	4006	-31.1281
4007	4007	32.637
4008	4008	5.80072
4009	4009	-31.3316
4010	4010	20.4609
4011	4011	-0.687531
4012	4012	-12.6221
4013	4013	-2.90748
4014	4014	23.5117
4015	4015	2.33771
4016	4016	24.2698
4017	4017	22.8241
4018	4018	-15.4394
4019	4019	-14.3403
4020	4020	-2.08219
4021	4021	-10.353
4022	4022	0.727825
4023	4023	-29.602
4024	4024	-5.17212
4025	4025	12.0248
4026	4026	-21.5368
4027	4027	8.63019
4028	4028	6.23
4029	4029	-19.1596
4030	4030	-36.5303
4031	4031	-28.9737
4032	4032	13.992
4033	4033	-2.72545
4034	4034	-34.2662
4035	4035	8.38191
4036	4036	24.6907
4037	4037	37.1566
4038	4038	-7.78587
4039	4039	4.92955
4040	4040	-10.0462
4041	4041	-12.1807
4042	4042	11.3775
4043	4043	7.06462
4044	4044	11.3861
4045	4045	7.89243
4046	4046	-16.3202
4047	4047	-4.89351
4048	4048	14.4549
4049	4049	32.9712
4050	4050	3.10727
4051	4051	3.14642
4052	4052	9.2817
4053	4053	-22.6874
4054	4054	-8.81953
4055	4055	19.4164
4056	4056	19.5042
4057	4057	-6.93601
4058	4058	21.4338
4059	4059	-11.5669
4060	4060	6.44935
4061	4061	-31.7032
4062	4062	-26.015
4063	4063	-2.60794
4064	4064	2.15852
4065	4065	1.47003
4066	4066	21.1561
4067	4067	-16.1349
4068	4068	-46.7233
4069	4069	34.5417
4070	4070	5.08665
4071	4071	46.3756
4072	4072	-3.9279
4073	4073	17.4621
4074	4074	13.6638
4075	4075	28.8615
4076	4076	21.6388
4077	4077	27.0047
4078	4078	-8.70447
4079	4079	8.28213
4080	4080	-4.61773
4081	4081	-21.2088
4082	4082	-9.01465
4083	4083	-20.9891
4084	4084	-23.8549
4085	4085	-2.55865
4086	4086	2.33914
4087	4087	-21.4049
4088	4088	-22.7461
4089	4089	24.4031
4090	4090	-18.5514
4091	4091	-11.0108
4092	4092	12.4853
4093	4093	-41.5942
4094	4094	28.9485
4095	4095	-21.2636
4096	4096	9.7052
4097	4097	-20.6939
4098	4098	11.7061
4099	4099	-9.63185
4100	4100	25.645
4101	4101	-16.9858
4102	4102	6.76439
4103	4103	-13.3202
4104	4104	2.46562
4105	4105	15.1739
4106	4106	16.1242
4107	4107	-0.126674
4108	4108	-26.6756
4109	4109	-28.2525
4110	4110	-21.4204
4111	4111	-6.60659
4112	4112	-8.28583
4113	4113	-4.13085
4114	4114	-10.5365
4115	4115	-13.2842
4116	4116	-2.53721
4117	4117	20.6743
4118	4118	19.5808
4119	4119	8.20567
4120	4120	4.01546
4121	4121	-24.2875
4122	4122	-10.4908
4123	4123	-15.8412
4124	4124	-12.1382
4125	4125	-3.56282
4126	4126	9.07613
4127	4127	4.51497
4128	4128	-15.7342
4129	4129	13.7274
4130	4130	14.8045
4131	4131	-16.5704
4132	4132	-16.1102
4133	4133	8.06513
4134	4134	3.15143
4135	4135	-13.702
4136	4136	-11.7363
4137	4137	14.7394
4138	4138	-8.19295
4139	4139	-5.67675
4140	4140	21.1358
4141	4141	14.7148
4142	4142	12.5422
4143	4143	16.3074
4144	4144	0.524629
4145	4145	3.56309
4146	4146	36.8345
4147	4147	15.9453
4148	4148	15.5609
4149	4149	5.95259
4150	4150	-2.3092
4151	4151	-13.2523
4152	4152	2.75282
4153	4153	-24.6694
4154	4154	-12.4582
4155	4155	9.63422
4156	4156	23.5229
4157	4157	-17.5488
4158	4158	-17.0817
4159	4159	2.80181
4160	4160	3.2236
4161	4161	-20.5024
4162	4162	-45.6308
4163	4163	-11.7762
4164	4164	-14.0998
4165	4165	11.3646
4166	4166	18.5876
4167	4167	7.29121
4168	4168	6.88736
4169	4169	0.135378
4170	4170	37.2756
4171	4171	1.7905
4172	4172	-20.9789
4173	4173	15.4396
4174	4174	-1.57131
4175	4175	25.5395
4176	4176	-1.3769
4177	4177	-14.5719
4178	4178	-10.4496
4179	4179	-9.71316
4180	4180	-28.2681
4181	4181	-26.5277
4182	4182	-4.02394
4183	4183	30.0838
4184	4184	-8.29824
4185	4185	5.00889
4186	4186	25.2429
4187	4187	-15.5716
4188	4188	-3.92632
4189	4189	10.5184
4190	4190	19.838
4191	4191	1.06052
4192	4192	48.5422
4193	4193	20.207
4194	4194	18.4794
4195	4195	-25.7527
4196	4196	12.4761
4197	4197	-18.1746
4198	4198	8.31049
4199	4199	0.922139
4200	4200	7.77877
4201	4201	-0.830666
4202	4202	-14.8449
4203	4203	-29.9972
4204	4204	30.4237
4205	4205	-28.0306
4206	4206	-15.1473
4207	4207	20.237
4208	4208	-11.5347
4209	4209	14.926
4210	4210	-0.875436
4211	4211	-1.21826
4212	4212	-17.239
4213	4213	4.75561
4214	4214	19.3303
4215	4215	-44.9289
4216	4216	-10.826
4217	4217	-6.76977
4218	4218	-5.64384
4219	4219	-21.7672
4220	4220	19.3106
4221	4221	-11.8369
4222	4222	10.559
4223	4223	3.45262
4224	4224	42.4655
4225	4225	5.41174
4226	4226	15.0937
4227	4227	-14.8729
4228	4228	30.5432
4229	4229	-1.5124
4230	4230	-11.4211
4231	4231	-14.953
4232	4232	4.74147
4233	4233	-8.57363
4234	4234	-6.77412
4235	4235	-27.7311
4236	4236	10.1578
4237	4237	22.6332
4238	4238	-10.4018
4239	4239	12.0848
4240	4240	-6.21268
4241	4241	-26.1213
4242	4242	3.36617
4243	4243	-0.982769
4244	4244	-17.6422
4245	4245	-2.77792
4246	4246	-10.5236
4247	4247	-26.8854
4248	4248	-10.8924
4249	4249	27.3151
4250	4250	-15.7177
4251	4251	-22.8896
4252	4252	23.2121
4253	4253	-18.4281
4254	4254	8.09233
4255	4255	4.68903
4256	4256	2.87492
4257	4257	-9.07195
4258	4258	20.4641
4259	4259	11.0581
4260	4260	-12.8191
4261	4261	-27.8887
4262	4262	39.8987
4263	4263	7.52159
4264	4264	2.89639
4265	4265	-38.5628
4266	4266	5.0918
4267	4267	3.81702
4268	4268	10.51
4269	4269	42.3183
4270	4270	8.83236
4271	4271	6.70851
4272	4272	-9.37296
4273	4273	3.67166
4274	4274	5.22764
4275	4275	0.169451
4276	4276	6.57553
4277	4277	-6.59986
4278	4278	2.28059
4279	4279	-6.31854
4280	4280	-30.1069
4281	4281	-5.31571
4282	4282	16.5239
4283	4283	28.9155
4284	4284	-0.354346
4285	4285	-32.754
4286	4286	11.8487
4287	4287	-1.4701
4288	4288	-10.7994
4289	4289	-23.5257
4290	4290	41.0053
4291	4291	8.99577
4292	4292	17.5284
4293	4293	1.64585
4294	4294	-9.2892
4295	4295	29.0839
4296	4296	-30.7096
4297	4297	5.29548
4298	4298	1.14244
4299	4299	-7.13922
4300	4300	7.2208
4301	4301	-26.0379
4302	4302	-19.3451
4303	4303	7.04887
4304	4304	-10.58
4305	4305	19.3102
4306	4306	37.7136
4307	4307	-7.52697
4308	4308	32.6343
4309	4309	8.47436
4310	4310	19.748
4311	4311	7.3687
4312	4312	-12.443
4313	4313	-2.68238
4314	4314	-9.40981
4315	4315	9.93895
4316	4316	-8.33777
4317	4317	2.24181
4318	4318	-14.8057
4319	4319	13.7466
4320	4320	-21.6507
4321	4321	-31.4432
4322	4322	-26.6114
4323	4323	-14.1544
4324	4324	5.2957
4325	4325	-17.6189
4326	4326	-4.33249
4327	4327	-2.61423
4328	4328	21.9562
4329	4329	3.6592
4330	4330	28.8596
4331	4331	-15.0161
4332	4332	-1.72142
4333	4333	14.1364
4334	4334	-27.7382
4335	4335	-3.45095
4336	4336	22.3267
4337	4337	-2.10926
4338	4338	-15.6987
4339	4339	42.9054
4340	4340	-35.7532
4341	4341	-15.8804
4342	4342	-11.3943
4343	4343	12.9437
4344	4344	5.79162
4345	4345	9.70843
4346	4346	28.0843
4347	4347	-2.71554
4348	4348	22.089
4349	4349	7.5305
4350	4350	0.159643
4351	4351	24.5548
4352	4352	8.81556
4353	4353	11.9263
4354	4354	-13.4264
4355	4355	-33.3307
4356	4356	-8.54974
4357	4357	-0.77266
4358	4358	-23.3805
4359	4359	10.4124
4360	4360	3.84823
4361	4361	34.5837
4362	4362	23.4036
4363	4363	-10.4303
4364	4364	8.33824
4365	4365	-10.5377
4366	4366	1.2715
4367	4367	-12.1754
4368	4368	17.3155
4369	4369	-24.0069
4370	4370	-14.5164
4371	4371	7.74086
4372	4372	-2.20355
4373	4373	-4.34221
4374	4374	-6.27031
4375	4375	21.8308
4376	4376	6.49772
4377	4377	23.8678
4378	4378	-9.98224
4379	4379	11.0977
4380	4380	14.7793
4381	4381	-0.697093
4382	4382	-8.9572
4383	4383	8.61803
4384	4384	-24.3752
4385	4385	-16.1504
4386	4386	-28.7918
4387	4387	13.9875
4388	4388	-4.33769
4389	4389	51.2388
4390	4390	-18.8798
4391	4391	30.6411
4392	4392	-49.6558
4393	4393	6.05944
4394	4394	-2.15055
4395	4395	18.0491
4396	4396	28.709
4397	4397	0.296977
4398	4398	-15.0229
4399	4399	13.0947
4400	4400	18.244
4401	4401	-2.64811
4402	4402	3.96505
4403	4403	-25.6962
4404	4404	8.17007
4405	4405	2.74756
4406	4406	19.3931
4407	4407	17.2238
4408	4408	-32.0563
4409	4409	-9.63312
4410	4410	18.6838
4411	4411	-2.12994
4412	4412	-23.8451
4413	4413	-56.4081
4414	4414	1.16739
4415	4415	-18.1447
4416	4416	41.2115
4417	4417	-9.68615
4418	4418	-11.5433
4419	4419	-32.2372
4420	4420	5.17778
4421	4421	-19.6928
4422	4422	5.85026
4423	4423	4.04362
4424	4424	-6.95884
4425	4425	30.5894
4426	4426	-18.7449
4427	4427	0.139638
4428	4428	-3.7171
4429	4429	28.5272
4430	4430	-7.93565
4431	4431	9.97313
4432	4432	-33.2219
4433	4433	9.82497
4434	4434	38.0804
4435	4435	24.2164
4436	4436	-10.411
4437	4437	-2.10445
4438	4438	15.7725
4439	4439	11.9811
4440	4440	-2.64948
4441	4441	-14.6881
4442	4442	5.61879
4443	4443	4.73954
4444	4444	7.36918
4445	4445	14.1902
4446	4446	-33.6077
4447	4447	-8.57649
4448	4448	-41.8254
4449	4449	-24.2971
4450	4450	-15.8709
4451	4451	-12.7919
4452	4452	-2.88397
4453	4453	-16.9348
4454	4454	-5.89137
4455	4455	-19.8774
4456	4456	11.7576
4457	4457	-4.66245
4458	4458	-5.28453
4459	4459	-16.7961
4460	4460	-22.28
4461	4461	-54.2674
4462	4462	9.19314
4463	4463	-39.0253
4464	4464	-3.98342
4465	4465	-21.4407
4466	4466	2.18817
4467	4467	20.4317
4468	4468	-18.052
4469	4469	13.663
4470	4470	24.9555
4471	4471	-21.5929
4472	4472	-14.2124
4473	4473	13.3999
4474	4474	-35.7314
4475	4475	15.6642
4476	4476	-11.4039
4477	4477	-5.129
4478	4478	18.5544
4479	4479	14.1642
4480	4480	-8.87888
4481	4481	-22.8798
4482	4482	-6.50803
4483	4483	-6.33677
4484	4484	14.6635
4485	4485	-38.5936
4486	4486	5.41719
4487	4487	10.7154
4488	4488	5.07911
4489	4489	11.8011
4490	4490	-16.5729
4491	4491	5.19804
4492	4492	-7.30318
4493	4493	21.2708
4494	4494	-20.8779
4495	4495	30.6249
4496	4496	-20.9851
4497	4497	-16.7608
4498	4498	0.731673
4499	4499	29.417
4500	4500	18.3204
4501	4501	-4.77108
4502	4502	9.70423
4503	4503	-26.87
4504	4504	2.76731
4505	4505	25.0711
4506	4506	-2.14445
4507	4507	-31.4458
4508	4508	15.2297
4509	4509	-1.18489
4510	4510	-4.23368
4511	4511	-39.089
4512	4512	-13.935
4513	4513	8.05123
4514	4514	11.8749
4515	4515	-9.97484
4516	4516	20.5716
4517	4517	0.676106
4518	4518	5.78529
4519	4519	26.1929
4520	4520	-28.6447
4521	4521	-23.3602
4522	4522	-1.26382
4523	4523	-6.68152
4524	4524	-1.13191
4525	4525	30.287
4526	4526	5.5542
4527	4527	-0.842756
4528	4528	-14.2006
4529	4529	1.08043
4530	4530	8.10185
4531	4531	8.59688
4532	4532	14.2283
4533	4533	-5.67399
4534	4534	18.6168
4535	4535	-2.31126
4536	4536	-50.9125
4537	4537	15.389
4538	4538	-14.1426
4539	4539	7.67991
4540	4540	2.36801
4541	4541	29.2474
4542	4542	12.3308
4543	4543	13.5357
4544	4544	-25.9232
4545	4545	-1.81655
4546	4546	30.1925
4547	4547	9.40936
4548	4548	-13.7239
4549	4549	-5.84864
4550	4550	7.04109
4551	4551	25.3607
4552	4552	-22.946
4553	4553	-3.03264
4554	4554	-0.689323
4555	4555	-0.695436
4556	4556	8.64009
4557	4557	-15.004
4558	4558	-19.3268
4559	4559	34.7741
4560	4560	2.08942
4561	4561	10.7953
4562	4562	2.1716
4563	4563	-35.1204
4564	4564	-5.39737
4565	4565	-4.80562
4566	4566	10.9382
4567	4567	1.07062
4568	4568	10.3321
4569	4569	36.8808
4570	4570	24.5954
4571	4571	21.5557
4572	4572	5.1714
4573	4573	0.87725
4574	4574	39.8392
4575	4575	25.6295
4576	4576	-0.822011
4577	4577	-19.0387
4578	4578	9.65014
4579	4579	-13.9842
4580	4580	-15.7281
4581	4581	-34.1516
4582	4582	-4.00625
4583	4583	1.01665
4584	4584	-15.1052
4585	4585	5.44511
4586	4586	1.24585
4587	4587	31.2366
4588	4588	-7.5255
4589	4589	-2.78069
4590	4590	-25.9915
4591	4591	11.8529
4592	4592	-5.28993
4593	4593	-28.5404
4594	4594	-14.1396
4595	4595	7.59163
4596	4596	2.11542
4597	4597	-13.1846
4598	4598	-4.06661
4599	4599	-9.66172
4600	4600	-11.5697
4601	4601	-4.14395
4602	4602	17.4277
4603	4603	-42.778
4604	4604	13.7145
4605	4605	27.7343
4606	4606	11.4018
4607	4607	-27.9344
4608	4608	28.3518
4609	4609	13.3869
4610	4610	2.7109
4611	4611	3.40517
4612	4612	11.6093
4613	4613	-0.681834
4614	4614	0.658675
4615	4615	10.8453
4616	4616	3.50888
4617	4617	9.59683
4618	4618	9.27633
4619	4619	3.49928
4620	4620	-25.0918
4621	4621	-11.6289
4622	4622	1.09803
4623	4623	5.60277
4624	4624	-17.6874
4625	4625	15.1445
4626	4626	-4.06006
4627	4627	7.08372
4628	4628	18.2265
4629	4629	-6.26743
4630	4630	23.3566
4631	4631	-10.9714
4632	4632	9.01626
4633	4633	-34.2832
4634	4634	-20.038
4635	4635	11.4967
4636	4636	11.68
4637	4637	-3.35319
4638	4638	1.47854
4639	4639	-6.04752
4640	4640	-27.5037
4641	4641	-1.79561
4642	4642	-0.206061
4643	4643	10.1573
4644	4644	-12.6914
4645	4645	-21.5839
4646	4646	-22.629
4647	4647	21.7375
4648	4648	-5.40419
4649	4649	8.78976
4650	4650	16.5005
4651	4651	-4.74247
4652	4652	4.65894
4653	4653	18.7465
4654	4654	32.6595
4655	4655	-5.09417
4656	4656	2.46054
4657	4657	-52.2515
4658	4658	10.1567
4659	4659	34.2512
4660	4660	-4.2519
4661	4661	-4.09901
4662	4662	7.01444
4663	4663	15.6913
4664	4664	26.8224
4665	4665	6.80939
4666	4666	-21.5093
4667	4667	-4.00469
4668	4668	3.96087
4669	4669	14.5145
4670	4670	6.23478
4671	4671	3.29064
4672	4672	-1.17544
4673	4673	36.1628
4674	4674	21.9142
4675	4675	-13.2371
4676	4676	25.6962
4677	4677	-33.0004
4678	4678	1.1631
4679	4679	15.3792
4680	4680	2.90826
4681	4681	17.2531
4682	4682	12.528
4683	4683	-19.9053
4684	4684	0.970833
4685	4685	40.9039
4686	4686	-7.02347
4687	4687	-30.6749
4688	4688	19.3352
4689	4689	-4.95998
4690	4690	36.0347
4691	4691	-19.2904
4692	4692	-8.33952
4693	4693	-7.85088
4694	4694	-22.999
4695	4695	-4.77949
4696	4696	1.71459
4697	4697	-8.98365
4698	4698	-2.75609
4699	4699	1.61425
4700	4700	-10.3474
4701	4701	5.55405
4702	4702	11.0311
4703	4703	-15.3931
4704	4704	-23.8096
4705	4705	-4.54692
4706	4706	21.8317
4707	4707	-13.9173
4708	4708	1.02425
4709	4709	19.2128
4710	4710	-17.2139
4711	4711	11.638
4712	4712	-7.9408
4713	4713	23.8333
4714	4714	-6.49226
4715	4715	3.09767
4716	4716	-2.88925
4717	4717	-11.9694
4718	4718	-18.7258
4719	4719	9.50758
4720	4720	11.166
4721	4721	4.50001
4722	4722	-2.64862
4723	4723	-35.9832
4724	4724	-7.11785
4725	4725	17.0738
4726	4726	-8.83302
4727	4727	-13.0546
4728	4728	-7.08184
4729	4729	-15.8233
4730	4730	13.586
4731	4731	29.1734
4732	4732	-0.844697
4733	4733	-4.22363
4734	4734	-10.4495
4735	4735	-3.21043
4736	4736	-7.89076
4737	4737	13.9334
4738	4738	1.69015
4739	4739	8.61859
4740	4740	6.82834
4741	4741	-6.68567
4742	4742	-18.8118
4743	4743	-0.162695
4744	4744	-8.47096
4745	4745	20.9085
4746	4746	-20.0581
4747	4747	42.4953
4748	4748	-9.98132
4749	4749	-3.26306
4750	4750	6.91524
4751	4751	-8.34398
4752	4752	-20.5698
4753	4753	1.5303
4754	4754	-25.0769
4755	4755	19.0414
4756	4756	9.96358
4757	4757	16.876
4758	4758	-31.6319
4759	4759	-2.82819
4760	4760	39.4875
4761	4761	25.0936
4762	4762	-35.3493
4763	4763	23.2842
4764	4764	-15.8002
4765	4765	12.9123
4766	4766	-21.8255
4767	4767	-32.4437
4768	4768	-4.20501
4769	4769	10.4064
4770	4770	-19.6599
4771	4771	25.7623
4772	4772	-5.94328
4773	4773	-15.9182
4774	4774	6.8597
4775	4775	0.493644
4776	4776	16.5104
4777	4777	1.00417
4778	4778	-8.41102
4779	4779	14.0788
4780	4780	11.6797
4781	4781	26.8163
4782	4782	-9.30853
4783	4783	-17.4313
4784	4784	-14.4697
4785	4785	-11.1873
4786	4786	-19.155
4787	4787	-7.93489
4788	4788	-22.5712
4789	4789	-3.91298
4790	4790	-26.379
4791	4791	11.9129
4792	4792	-14.1466
4793	4793	-3.51264
4794	4794	-13.0653
4795	4795	28.9515
4796	4796	-29.4738
4797	4797	14.2419
4798	4798	13.9724
4799	4799	0.191026
