sample_id	sample_id2	phensim
zero	zero	-9.5319
1	1	-4.83265
2	2	0.494012
3	3	8.46956
4	4	-33.509
5	5	-19.5107
6	6	-14.1497
7	7	15.0839
8	8	15.4831
9	9	1.28375
10	10	-1.49442
11	11	10.8721
12	12	8.07857
13	13	-22.6215
14	14	-11.8293
15	15	62.7745
16	16	55.8219
17	17	22.5187
18	18	7.62212
19	19	-22.4373
20	20	-19.1903
21	21	1.86352
22	22	6.70543
23	23	-31.1233
24	24	22.2682
25	25	10.4763
26	26	32.411
27	27	5.28053
28	28	-16.9035
29	29	6.93569
30	30	-26.7583
31	31	11.547
32	32	2.64001
33	33	-49.5083
34	34	-18.8123
35	35	-10.9563
36	36	-11.9537
37	37	2.52784
38	38	-49.7402
39	39	-19.5837
40	40	32.3115
41	41	-2.33263
42	42	23.4241
43	43	-2.95993
44	44	-8.90011
45	45	-46.7894
46	46	6.4903
47	47	-17.7335
48	48	-5.74931
49	49	-26.1743
50	50	-31.8697
51	51	29.4824
52	52	-33.5808
53	53	-6.91542
54	54	23.6823
55	55	38.6108
56	56	-22.2532
57	57	10.5001
58	58	-22.1464
59	59	9.50527
60	60	20.1835
61	61	-21.0847
62	62	-22.6603
63	63	-32.6039
64	64	-8.99177
65	65	-7.65923
66	66	-14.673
67	67	-5.10123
68	68	16.8102
69	69	-21.8183
70	70	-16.0161
71	71	-7.15059
72	72	-35.7025
73	73	-6.91904
74	74	-37.5578
75	75	-3.31823
76	76	37.5145
77	77	45.2577
78	78	-20.6358
79	79	-15.7284
80	80	-15.2336
81	81	-18.8632
82	82	-4.89247
83	83	-13.9631
84	84	-11.4048
85	85	3.1778
86	86	11.9963
87	87	-9.85707
88	88	-4.07742
89	89	-23.7119
90	90	-20.3892
91	91	-21.3171
92	92	26.1683
93	93	25.7055
94	94	-7.63957
95	95	-5.06488
96	96	62.5324
97	97	-27.2399
98	98	20.601
99	99	-25.6557
100	100	9.92956
101	101	-2.27614
102	102	-2.11866
103	103	51.074
104	104	17.5006
105	105	-22.0067
106	106	-18.9606
107	107	-24.5697
108	108	-27.3958
109	109	-16.8482
110	110	45.2967
111	111	-7.69175
112	112	45.1129
113	113	11.3936
114	114	34.6133
115	115	9.80831
116	116	11.9036
117	117	-23.8236
118	118	7.42778
119	119	26.9957
120	120	32.8021
121	121	-21.5577
122	122	-42.0766
123	123	-11.8903
124	124	29.1024
125	125	-3.03863
126	126	-9.73628
127	127	3.85298
128	128	19.0532
129	129	14.6234
130	130	7.01818
131	131	40.408
132	132	4.74754
133	133	1.46569
134	134	61.7371
135	135	9.66488
136	136	-15.3343
137	137	-0.829573
138	138	-5.10566
139	139	46.473
140	140	-16.1406
141	141	3.58006
142	142	3.66781
143	143	-2.53656
144	144	38.6829
145	145	-6.18066
146	146	23.7619
147	147	6.06111
148	148	-34.0244
149	149	-21.7692
150	150	-43.0697
151	151	-6.65123
152	152	38.2812
153	153	-19.2646
154	154	-7.71685
155	155	23.6154
156	156	-6.79145
157	157	11.368
158	158	-14.5982
159	159	7.18297
160	160	-7.34387
161	161	-25.866
162	162	-25.9669
163	163	-10.2687
164	164	1.45832
165	165	-5.04841
166	166	-13.2375
167	167	-2.33127
168	168	9.75252
169	169	-33.3527
170	170	60.7639
171	171	-10.3834
172	172	-2.75969
173	173	-2.24482
174	174	3.74542
175	175	-14.2508
176	176	-1.43577
177	177	2.60189
178	178	-11.6323
179	179	20.1197
180	180	-9.36552
181	181	-6.06163
182	182	-26.5975
183	183	33.3994
184	184	-9.79869
185	185	-32.0017
186	186	37.9034
187	187	30.7099
188	188	-31.578
189	189	34.7104
190	190	2.71579
191	191	54.8716
192	192	-7.01555
193	193	0.177019
194	194	-23.2958
195	195	19.8398
196	196	8.90146
197	197	20.5697
198	198	-27.587
199	199	-56.136
200	200	66.6887
201	201	-24.7945
202	202	-4.89707
203	203	27.5951
204	204	36.961
205	205	-15.775
206	206	25.3225
207	207	29.1619
208	208	-37.3539
209	209	-19.7581
210	210	31.31
211	211	17.3236
212	212	-1.51142
213	213	15.4304
214	214	-10.3414
215	215	6.47934
216	216	6.02774
217	217	-10.8298
218	218	41.5977
219	219	30.8315
220	220	21.957
221	221	6.3503
222	222	-6.55303
223	223	4.73937
224	224	13.3633
225	225	-13.5349
226	226	-30.1111
227	227	-0.314155
228	228	-11.2093
229	229	11.6631
230	230	-33.8903
231	231	7.73897
232	232	25.0242
233	233	-22.3304
234	234	10.7487
235	235	-19.9923
236	236	57.1322
237	237	38.0767
238	238	-4.80628
239	239	-54.2088
240	240	19.0196
241	241	6.41885
242	242	-22.506
243	243	30.5435
244	244	12.0727
245	245	-20.4369
246	246	21.1186
247	247	-38.9673
248	248	-8.62454
249	249	12.6438
250	250	53.6682
251	251	42.9051
252	252	22.3501
253	253	49.0017
254	254	-8.8875
255	255	49.0331
256	256	-36.7963
257	257	-40.9937
258	258	-20.8454
259	259	1.12302
260	260	-31.0351
261	261	-23.1403
262	262	36.0378
263	263	68.8323
264	264	17.5919
265	265	-34.1116
266	266	13.5837
267	267	33.3501
268	268	11.1284
269	269	-29.1397
270	270	1.01441
271	271	-17.355
272	272	13.5649
273	273	-18.2659
274	274	-31.043
275	275	-37.1907
276	276	42.9623
277	277	-18.4528
278	278	-5.99382
279	279	57.7833
280	280	35.1348
281	281	51.6936
282	282	11.4686
283	283	-11.9406
284	284	-23.3595
285	285	-0.541288
286	286	12.7633
287	287	-23.4792
288	288	-24.8454
289	289	-7.22831
290	290	-19.8538
291	291	-3.00361
292	292	-13.6258
293	293	-24.6353
294	294	32.0124
295	295	1.18568
296	296	-7.86806
297	297	15.9454
298	298	2.78776
299	299	4.67165
300	300	-7.1683
301	301	13.6021
302	302	-14.2554
303	303	-21.6975
304	304	-22.802
305	305	13.8755
306	306	24.2318
307	307	18.0901
308	308	17.8969
309	309	19.8492
310	310	27.305
311	311	47.6884
312	312	13.4513
313	313	21.6888
314	314	-3.68066
315	315	-32.4677
316	316	13.2343
317	317	24.3089
318	318	-9.70804
319	319	19.0162
320	320	-19.9557
321	321	-4.61322
322	322	-5.25787
323	323	27.4555
324	324	-3.62199
325	325	19.1681
326	326	32.4021
327	327	23.0767
328	328	0.489328
329	329	26.2777
330	330	-10.9936
331	331	-5.00798
332	332	-28.8604
333	333	-14.626
334	334	-9.39863
335	335	-16.9874
336	336	7.74136
337	337	9.6753
338	338	2.00333
339	339	1.34682
340	340	-18.2244
341	341	3.93641
342	342	-3.56624
343	343	1.42573
344	344	-16.4579
345	345	-4.74388
346	346	-23.8817
347	347	-23.8864
348	348	39.65
349	349	17.4096
350	350	11.0046
351	351	14.1826
352	352	-4.42171
353	353	-17.9885
354	354	-3.39448
355	355	8.21823
356	356	-46.5142
357	357	5.57566
358	358	0.968783
359	359	-21.7923
360	360	28.4117
361	361	29.4791
362	362	-0.376241
363	363	0.491231
364	364	13.5249
365	365	17.7465
366	366	1.96294
367	367	0.873801
368	368	35.8602
369	369	-6.52762
370	370	-6.47528
371	371	6.93428
372	372	-12.5188
373	373	17.4095
374	374	-18.4872
375	375	4.46993
376	376	-26.4439
377	377	6.44316
378	378	-56.7014
379	379	-28.1092
380	380	-6.90667
381	381	-9.88915
382	382	-18.3727
383	383	40.4863
384	384	10.6779
385	385	-14.2255
386	386	28.118
387	387	-3.11883
388	388	-29.2842
389	389	-10.9211
390	390	22.5351
391	391	9.27113
392	392	39.329
393	393	-18.7568
394	394	33.4489
395	395	28.5679
396	396	38.1691
397	397	-33.8141
398	398	-2.19762
399	399	-23.0136
400	400	-9.41659
401	401	21.152
402	402	-14.6176
403	403	-17.8712
404	404	17.2463
405	405	-26.9716
406	406	2.88496
407	407	-21.5094
408	408	81.8705
409	409	-11.6102
410	410	-6.85859
411	411	7.47242
412	412	5.58727
413	413	5.65693
414	414	-5.29946
415	415	6.25772
416	416	-11.1569
417	417	20.3953
418	418	10.6675
419	419	-21.0532
420	420	-19.5854
421	421	13.5721
422	422	-15.5859
423	423	13.1916
424	424	-18.3991
425	425	-5.85888
426	426	2.69079
427	427	-32.4482
428	428	-50.9125
429	429	19.898
430	430	-22.4702
431	431	16.5974
432	432	-32.563
433	433	-2.98114
434	434	-33.3246
435	435	-3.94589
436	436	-1.4306
437	437	-8.77835
438	438	-25.7157
439	439	-2.8372
440	440	9.22871
441	441	-7.38948
442	442	53.1228
443	443	4.70725
444	444	-2.17646
445	445	-15.066
446	446	10.7157
447	447	-7.45729
448	448	-9.74361
449	449	-1.72648
450	450	29.1584
451	451	25.3757
452	452	-10.096
453	453	-23.9827
454	454	-10.9898
455	455	-7.95168
456	456	-7.4848
457	457	32.8284
458	458	-11.28
459	459	36.2861
460	460	1.25396
461	461	7.43708
462	462	-11.3454
463	463	-37.0153
464	464	39.7749
465	465	28.0545
466	466	5.98674
467	467	5.32586
468	468	-4.39172
469	469	-41.1903
470	470	-48.2772
471	471	5.067
472	472	-28.2388
473	473	-9.13948
474	474	-32.065
475	475	40.9571
476	476	56.1081
477	477	-6.56169
478	478	-17.3331
479	479	8.97144
480	480	8.91801
481	481	-14.615
482	482	15.2093
483	483	-12.6701
484	484	-31.8502
485	485	30.1001
486	486	-19.4021
487	487	-11.4672
488	488	-17.7708
489	489	-8.93839
490	490	7.3968
491	491	-7.43341
492	492	29.1873
493	493	-18.5355
494	494	8.44002
495	495	50.4749
496	496	14.1575
497	497	-7.86442
498	498	45.427
499	499	-20.3071
500	500	-1.06188
501	501	1.5863
502	502	0.0607968
503	503	-13.143
504	504	8.30849
505	505	-15.2034
506	506	-21.361
507	507	34.1609
508	508	-42.0825
509	509	37.2828
510	510	35.758
511	511	22.0873
512	512	14.3302
513	513	-7.16631
514	514	64.5487
515	515	-4.77714
516	516	-24.1859
517	517	8.22951
518	518	19.0133
519	519	11.4954
520	520	30.1262
521	521	32.4739
522	522	65.5763
523	523	-27.6901
524	524	-7.22332
525	525	5.71848
526	526	-32.3858
527	527	1.1721
528	528	-57.8658
529	529	1.37227
530	530	-11.0758
531	531	-6.02346
532	532	-47.1508
533	533	13.3336
534	534	10.0414
535	535	50.5529
536	536	5.69081
537	537	4.67527
538	538	3.7144
539	539	-14.2811
540	540	-11.2732
541	541	-8.0381
542	542	-12.8259
543	543	34.5855
544	544	9.32444
545	545	39.1576
546	546	0.164429
547	547	12.5661
548	548	7.05586
549	549	-8.58206
550	550	-37.1257
551	551	18.0158
552	552	-11.9931
553	553	6.91725
554	554	-30.5952
555	555	-7.38022
556	556	-20.0315
557	557	-12.5863
558	558	-23.57
559	559	23.4245
560	560	42.1398
561	561	14.4178
562	562	-40.1329
563	563	-5.11633
564	564	15.0443
565	565	22.8092
566	566	25.2623
567	567	-9.95868
568	568	11.4861
569	569	54.4135
570	570	10.0487
571	571	4.42135
572	572	26.049
573	573	-30.7961
574	574	15.8127
575	575	-7.11282
576	576	-1.74145
577	577	-6.40641
578	578	-34.1787
579	579	47.0403
580	580	20.9195
581	581	-13.3673
582	582	-1.91361
583	583	35.2858
584	584	-27.0664
585	585	-4.62294
586	586	-16.5298
587	587	25.8848
588	588	-28.4783
589	589	32.142
590	590	-36.8681
591	591	-27.4089
592	592	43.1188
593	593	13.1817
594	594	27.51
595	595	3.98557
596	596	64.981
597	597	28.6041
598	598	-24.494
599	599	55.0945
