sample_id	sample_id2	phensim
zero	zero	-32.4406
1	1	-3.16515
2	2	8.48839
3	3	33.3462
4	4	17.879
5	5	-6.27351
6	6	-5.67061
7	7	5.55008
8	8	17.5451
9	9	22.351
10	10	10.3614
11	11	-3.84953
12	12	-26.4841
13	13	6.77174
14	14	-19.0638
15	15	-4.11117
16	16	21.8772
17	17	-1.34589
18	18	-25.1915
19	19	-7.5036
20	20	36.5165
21	21	33.381
22	22	-19.4997
23	23	6.75998
24	24	18.8724
25	25	-27.0737
26	26	-18.953
27	27	-3.25535
28	28	-4.39598
29	29	13.4112
30	30	-35.3117
31	31	25.392
32	32	12.7115
33	33	-34.2983
34	34	7.55226
35	35	-23.7375
36	36	10.0677
37	37	-5.2999
38	38	-10.3083
39	39	16.9135
40	40	28.1848
41	41	38.5409
42	42	18.6432
43	43	20.8746
44	44	16.3984
45	45	-11.0301
46	46	-18.1939
47	47	19.7609
48	48	-35.3526
49	49	13.819
50	50	-1.95063
51	51	-11.0155
52	52	-7.69473
53	53	15.9889
54	54	-6.71985
55	55	-21.4426
56	56	22.0466
57	57	-1.0312
58	58	-20.2369
59	59	13.4429
60	60	31.54
61	61	7.8329
62	62	-20.5459
63	63	-28.7087
64	64	2.61125
65	65	21.8162
66	66	-11.0153
67	67	-11.298
68	68	10.7335
69	69	16.84
70	70	-19.6371
71	71	6.93032
72	72	-10.3442
73	73	-12.0329
74	74	-0.970436
75	75	-9.37173
76	76	3.10211
77	77	12.7749
78	78	0.623758
79	79	-11.7034
80	80	-4.30305
81	81	-21.2376
82	82	26.541
83	83	16.0309
84	84	-30.892
85	85	24.9986
86	86	7.55788
87	87	6.23474
88	88	4.6936
89	89	11.7904
90	90	-1.79672
91	91	17.1098
92	92	8.51849
93	93	13.68
94	94	13.0184
95	95	7.03944
96	96	-13.9466
97	97	21.492
98	98	41.7138
99	99	2.56961
100	100	-20.3439
101	101	-31.0485
102	102	14.7291
103	103	-29.449
104	104	6.86406
105	105	-24.8998
106	106	-1.17313
107	107	-6.78236
108	108	-2.44831
109	109	7.23295
110	110	-10.5147
111	111	-1.17626
112	112	4.3892
113	113	-23.5452
114	114	-31.1999
115	115	-7.3618
116	116	9.23748
117	117	-5.85781
118	118	-11.7234
119	119	-32.9458
120	120	-25.1313
121	121	28.2324
122	122	10.1207
123	123	3.4565
124	124	15.8218
125	125	12.0517
126	126	-3.38995
127	127	-17.9934
128	128	-13.7486
129	129	4.66505
130	130	5.81414
131	131	-44.4585
132	132	50.5836
133	133	-22.3574
134	134	17.0465
135	135	23.2047
136	136	-6.99824
137	137	7.61458
138	138	-11.581
139	139	3.5146
140	140	11.6172
141	141	17.6241
142	142	-17.6838
143	143	-46.9271
144	144	-23.9004
145	145	1.18841
146	146	-41.5402
147	147	14.7274
148	148	30.8656
149	149	9.20416
150	150	-13.7445
151	151	22.2496
152	152	-35.2362
153	153	0.839239
154	154	-6.90847
155	155	-45.9374
156	156	-8.32932
157	157	2.73835
158	158	15.2187
159	159	-17.1229
160	160	6.73676
161	161	-2.60237
162	162	3.36069
163	163	16.9259
164	164	-41.7575
165	165	-5.74583
166	166	-7.76472
167	167	38.1055
168	168	-2.71481
169	169	-4.13124
170	170	3.46786
171	171	-37.5274
172	172	4.87664
173	173	2.92041
174	174	-11.7689
175	175	8.22974
176	176	-34.1314
177	177	-12.72
178	178	12.3558
179	179	8.43496
180	180	6.05252
181	181	33.2842
182	182	12.3228
183	183	-25.2337
184	184	-22.6264
185	185	6.12071
186	186	-9.31986
187	187	-33.1793
188	188	-26.6832
189	189	-29.931
190	190	19.9303
191	191	14.3057
192	192	-10.956
193	193	1.96951
194	194	8.24379
195	195	15.421
196	196	-6.9682
197	197	-7.37239
198	198	45.5044
199	199	-38.0836
200	200	31.9671
201	201	14.5613
202	202	6.32756
203	203	-4.18828
204	204	7.8523
205	205	7.65896
206	206	22.9212
207	207	-18.5058
208	208	-9.90469
209	209	-4.51853
210	210	-0.769835
211	211	-4.25353
212	212	18.5114
213	213	1.17929
214	214	-6.42199
215	215	14.1495
216	216	-27.397
217	217	6.077
218	218	14.7472
219	219	22.6199
220	220	9.56185
221	221	6.93694
222	222	0.472393
223	223	-26.7361
224	224	-14.5701
225	225	-36.4735
226	226	14.5516
227	227	-14.8286
228	228	-5.50201
229	229	40.8672
230	230	-14.5962
231	231	24.421
232	232	12.6245
233	233	-28.2195
234	234	14.8717
235	235	-26.8556
236	236	22.309
237	237	26.0498
238	238	-19.5206
239	239	27.1072
240	240	15.5018
241	241	8.01967
242	242	29.3385
243	243	-17.0788
244	244	5.03697
245	245	-8.45703
246	246	31.4578
247	247	1.30965
248	248	7.39139
249	249	-31.0763
250	250	23.5801
251	251	3.45286
252	252	-11.1992
253	253	-10.6971
254	254	13.6836
255	255	-25.3941
256	256	24.0105
257	257	-23.1069
258	258	-1.22798
259	259	21.846
260	260	-21.945
261	261	-8.58744
262	262	28.9673
263	263	28.2217
264	264	18.0973
265	265	-10.3103
266	266	-12.6421
267	267	-28.181
268	268	0.790282
269	269	36.039
270	270	-11.9728
271	271	18.2841
272	272	-11.8601
273	273	-33.993
274	274	5.41859
275	275	-4.31645
276	276	-28.4921
277	277	11.835
278	278	10.4512
279	279	-3.03125
280	280	41.603
281	281	-10.168
282	282	-13.1968
283	283	-7.96874
284	284	-7.48072
285	285	-3.72197
286	286	-18.0602
287	287	1.25874
288	288	8.65935
289	289	-18.8922
290	290	-10.0638
291	291	5.98077
292	292	16.5791
293	293	-19.0454
294	294	22.955
295	295	-7.01763
296	296	-7.48366
297	297	12.1633
298	298	6.83684
299	299	-2.48651
300	300	3.05752
301	301	14.3461
302	302	-16.5884
303	303	-15.9019
304	304	-4.16673
305	305	2.46157
306	306	-5.33893
307	307	-12.4439
308	308	15.0091
309	309	-42.3318
310	310	-5.86369
311	311	15.7602
312	312	9.59593
313	313	19.9197
314	314	-9.17903
315	315	-16.3334
316	316	1.81133
317	317	16.483
318	318	-6.74907
319	319	-19.5954
320	320	18.0214
321	321	0.66596
322	322	-1.14465
323	323	-13.661
324	324	-18.7244
325	325	-4.05365
326	326	16.4325
327	327	18.5372
328	328	-4.40174
329	329	-47.4446
330	330	9.54758
331	331	-12.2376
332	332	8.21909
333	333	-1.17548
334	334	-25.5813
335	335	-17.7689
336	336	35.1481
337	337	-1.94104
338	338	30.5207
339	339	17.6464
340	340	11.5529
341	341	-4.54915
342	342	-22.9839
343	343	6.5352
344	344	22.8889
345	345	10.5954
346	346	40.5388
347	347	-52.0752
348	348	3.71608
349	349	-13.8012
350	350	-18.2439
351	351	-9.21574
352	352	3.72413
353	353	3.95459
354	354	-7.50882
355	355	-38.3785
356	356	9.9177
357	357	-38.7453
358	358	-10.5929
359	359	-32.1721
360	360	1.19347
361	361	-9.27967
362	362	0.080312
363	363	-14.5064
364	364	-34.4718
365	365	7.66157
366	366	3.55994
367	367	-2.9122
368	368	-19.9614
369	369	3.12187
370	370	-16.2627
371	371	-16.9695
372	372	5.09358
373	373	-10.3912
374	374	1.58949
375	375	-38.6357
376	376	1.28217
377	377	-6.00151
378	378	-3.1312
379	379	-9.20047
380	380	-12.408
381	381	-32.3775
382	382	7.53599
383	383	15.3632
384	384	-3.58366
385	385	-27.241
386	386	18.9459
387	387	-11.0592
388	388	-22.1584
389	389	24.6543
390	390	16.9278
391	391	8.87859
392	392	42.1645
393	393	13.093
394	394	9.2603
395	395	-32.3789
396	396	13.6988
397	397	-4.41592
398	398	26.4286
399	399	13.8249
400	400	17.2313
401	401	5.52846
402	402	18.3029
403	403	18.9629
404	404	18.1695
405	405	-4.24359
406	406	56.3711
407	407	-18.9909
408	408	9.90881
409	409	1.80594
410	410	22.2682
411	411	23.013
412	412	-44.2967
413	413	26.373
414	414	20.4182
415	415	-3.42559
416	416	-17.6154
417	417	-14.239
418	418	15.2877
419	419	14.4696
420	420	-16.5666
421	421	3.28037
422	422	39.2751
423	423	38.1446
424	424	5.89953
425	425	9.05863
426	426	-1.23682
427	427	38.5832
428	428	9.56309
429	429	-5.32848
430	430	38.2545
431	431	-20.4673
432	432	-10.1606
433	433	-1.27921
434	434	21.3039
435	435	-42.4603
436	436	17.0163
437	437	17.2024
438	438	-34.4804
439	439	-15.6399
440	440	12.7215
441	441	43.7978
442	442	6.40103
443	443	-5.67765
444	444	7.58785
445	445	1.32573
446	446	-19.2327
447	447	-18.6727
448	448	-4.84976
449	449	-57.2126
450	450	18.5008
451	451	4.39655
452	452	41.4637
453	453	28.7728
454	454	10.0018
455	455	-7.73604
456	456	-16.3794
457	457	-14.4326
458	458	-6.51208
459	459	-7.64169
460	460	-36.7769
461	461	18.8792
462	462	-22.7236
463	463	-9.85978
464	464	7.3917
465	465	-5.54936
466	466	-7.03889
467	467	28.0341
468	468	-29.216
469	469	-4.5861
470	470	-1.94886
471	471	-44.7951
472	472	-23.0274
473	473	25.0747
474	474	16.4791
475	475	-14.5456
476	476	-8.40441
477	477	-20.295
478	478	-29.4943
479	479	-4.45425
480	480	-17.0802
481	481	5.52934
482	482	-3.54324
483	483	-7.79114
484	484	-6.61795
485	485	-5.27358
486	486	19.0187
487	487	14.1609
488	488	0.0159632
489	489	8.67986
490	490	15.0894
491	491	1.61462
492	492	21.3412
493	493	-16.0858
494	494	27.4743
495	495	7.83911
496	496	-4.39151
497	497	-26.5346
498	498	14.7596
499	499	-10.1999
500	500	-12.752
501	501	18.1673
502	502	-5.7121
503	503	24.0022
504	504	-5.64701
505	505	8.23127
506	506	20.2026
507	507	12.3668
508	508	14.553
509	509	-9.47979
510	510	-25.7545
511	511	-31.398
512	512	1.22054
513	513	33.0059
514	514	-18.0176
515	515	11.674
516	516	10.5505
517	517	13.725
518	518	19.6906
519	519	27.7111
520	520	-36.5354
521	521	6.73625
522	522	-12.1093
523	523	18.0764
524	524	22.1463
525	525	28.1532
526	526	-16.9323
527	527	-8.43516
528	528	5.48718
529	529	-13.421
530	530	6.53957
531	531	1.90024
532	532	5.47075
533	533	-21.1602
534	534	22.3581
535	535	39.7614
536	536	29.5263
537	537	-13.3417
538	538	47.192
539	539	5.06642
540	540	3.61577
541	541	4.90051
542	542	7.54638
543	543	-9.90695
544	544	-0.776252
545	545	-1.37862
546	546	-28.0796
547	547	-11.3075
548	548	-0.779496
549	549	-5.49288
550	550	35.8881
551	551	21.5064
552	552	32.5703
553	553	15.4016
554	554	20.4595
555	555	31.2498
556	556	-18.6969
557	557	15.1963
558	558	30.5267
559	559	9.28705
560	560	17.4899
561	561	7.97993
562	562	-4.73129
563	563	5.7361
564	564	0.380605
565	565	25.7935
566	566	24.0476
567	567	-13.4688
568	568	-5.23983
569	569	-44.1271
570	570	-21.3214
571	571	19.6326
572	572	4.49498
573	573	13.244
574	574	-4.91891
575	575	3.40203
576	576	-2.32047
577	577	0.414489
578	578	-14.9461
579	579	-47.9374
580	580	15.3908
581	581	14.2293
582	582	32.8163
583	583	-15.5797
584	584	4.60037
585	585	-18.7171
586	586	30.3335
587	587	-19.9788
588	588	25.0482
589	589	38.561
590	590	16.5182
591	591	-26.6598
592	592	6.01633
593	593	-19.8059
594	594	-17.3109
595	595	30.8473
596	596	-27.5141
597	597	32.1584
598	598	36.532
599	599	35.072
600	600	33.0511
601	601	-48.2933
602	602	-7.72476
603	603	-1.33178
604	604	-11.7094
605	605	-26.5265
606	606	-17.1287
607	607	12.1703
608	608	34.5926
609	609	-14.7768
610	610	26.2557
611	611	-0.608522
612	612	-35.2016
613	613	13.3868
614	614	0.451603
615	615	-1.00083
616	616	-18.9166
617	617	16.4486
618	618	-11.934
619	619	17.438
620	620	-4.70544
621	621	7.10757
622	622	20.8767
623	623	2.7672
624	624	27.8456
625	625	-15.3316
626	626	5.16393
627	627	7.84322
628	628	26.1413
629	629	2.80348
630	630	-16.7857
631	631	-23.3867
632	632	4.11162
633	633	13.6498
634	634	-1.70668
635	635	1.60398
636	636	19.0552
637	637	33.9586
638	638	-12.1446
639	639	-5.21172
640	640	-19.1878
641	641	31.3116
642	642	-13.2638
643	643	29.7806
644	644	5.18033
645	645	-31.1891
646	646	-0.38581
647	647	-5.4946
648	648	-28.5724
649	649	11.7735
650	650	-9.8975
651	651	-15.7816
652	652	23.1356
653	653	25.9395
654	654	-28.8207
655	655	-26.6043
656	656	-2.07907
657	657	12.4493
658	658	25.2312
659	659	-28.2397
660	660	-17.0132
661	661	-0.299866
662	662	-16.7367
663	663	31.1093
664	664	-11.41
665	665	-21.9455
666	666	10.003
667	667	47.732
668	668	-18.4236
669	669	-22.2079
670	670	23.7717
671	671	13.8155
672	672	14.6974
673	673	-43.313
674	674	19.1648
675	675	5.38386
676	676	15.3421
677	677	7.11913
678	678	20.1459
679	679	-20.1126
680	680	26.1226
681	681	-0.59386
682	682	-46.8046
683	683	21.1996
684	684	16.7511
685	685	-35.8149
686	686	9.20205
687	687	13.5734
688	688	-15.8874
689	689	3.22
690	690	-22.5687
691	691	-37.9129
692	692	34.3324
693	693	-13.9467
694	694	-18.9144
695	695	2.41219
696	696	-42.7635
697	697	-15.2425
698	698	-17.6698
699	699	-13.6326
700	700	34.5224
701	701	6.39169
702	702	7.32414
703	703	-20.5004
704	704	2.0006
705	705	-40.5619
706	706	-5.05352
707	707	-5.82255
708	708	-1.93976
709	709	18.6716
710	710	17.9563
711	711	15.5947
712	712	-15.9027
713	713	-45.2191
714	714	-9.26314
715	715	-4.25656
716	716	30.1308
717	717	-2.04716
718	718	-2.33029
719	719	-27.2795
720	720	-25.0722
721	721	-18.235
722	722	-50.9041
723	723	11.3351
724	724	-29.8044
725	725	6.44899
726	726	10.2051
727	727	8.25532
728	728	-13.6547
729	729	-6.14927
730	730	-8.61888
731	731	-35.8946
732	732	-19.1647
733	733	14.2261
734	734	2.96403
735	735	29.8525
736	736	22.3678
737	737	-14.3405
738	738	-10.51
739	739	15.1514
740	740	-25.5588
741	741	5.73539
742	742	13.4593
743	743	-6.79912
744	744	-14.8461
745	745	23.229
746	746	31.291
747	747	-15.5659
748	748	9.81197
749	749	42.2284
750	750	12.6111
751	751	17.431
752	752	-17.4874
753	753	5.16177
754	754	10.924
755	755	20.6537
756	756	-4.82874
757	757	29.7234
758	758	-0.354009
759	759	-6.27261
760	760	-34.2454
761	761	-1.25188
762	762	1.08889
763	763	1.25743
764	764	29.2508
765	765	-4.66296
766	766	2.41149
767	767	18.0182
768	768	31.2182
769	769	28.5984
770	770	-5.24374
771	771	-24.899
772	772	-14.3373
773	773	41.05
774	774	-34.3636
775	775	4.36377
776	776	12.7114
777	777	7.69945
778	778	-22.1946
779	779	-10.8824
780	780	-45.5382
781	781	-26.5884
782	782	-2.03227
783	783	11.0619
784	784	-21.6593
785	785	-5.70246
786	786	-18.6395
787	787	12.512
788	788	-0.893245
789	789	-2.62216
790	790	0.171708
791	791	-13.1922
792	792	-10.3892
793	793	32.6439
794	794	-11.6889
795	795	15.7424
796	796	-29.5148
797	797	56.9878
798	798	-10.3377
799	799	-5.88336
800	800	1.68216
801	801	6.60429
802	802	33.8697
803	803	-40.3875
804	804	8.0288
805	805	-36.0605
806	806	9.67165
807	807	7.90998
808	808	5.21432
809	809	16.2974
810	810	-3.21442
811	811	-17.1015
812	812	-13.278
813	813	17.871
814	814	3.26224
815	815	-25.0006
816	816	5.00116
817	817	-11.0266
818	818	-5.35971
819	819	-8.97775
820	820	-39.8859
821	821	-44.3768
822	822	-1.74068
823	823	26.8026
824	824	-7.87735
825	825	5.90145
826	826	-2.02646
827	827	13.5767
828	828	-6.24284
829	829	-17.9451
830	830	4.26585
831	831	-21.3841
832	832	27.2613
833	833	3.53505
834	834	35.3416
835	835	11.7142
836	836	-27.5247
837	837	-4.20864
838	838	-27.7797
839	839	-15.1131
840	840	-1.96717
841	841	19.9079
842	842	-9.4428
843	843	17.5539
844	844	11.4744
845	845	-14.249
846	846	-34.9959
847	847	-34.4378
848	848	2.87732
849	849	-25.1753
850	850	47.6918
851	851	-10.5726
852	852	3.76423
853	853	34.7809
854	854	-31.4379
855	855	20.2315
856	856	10.8177
857	857	-7.37725
858	858	0.0270615
859	859	11.655
860	860	-11.4432
861	861	-11.8348
862	862	-4.09598
863	863	-0.644183
864	864	30.4576
865	865	2.32961
866	866	47.1002
867	867	-22.6345
868	868	2.77309
869	869	-10.2732
870	870	5.53876
871	871	-13.9697
872	872	4.82688
873	873	-14.9081
874	874	7.7144
875	875	6.58792
876	876	5.19654
877	877	14.5768
878	878	28.4079
879	879	3.25301
880	880	6.91815
881	881	10.2264
882	882	-13.5866
883	883	-0.94953
884	884	26.6835
885	885	2.64729
886	886	17.8109
887	887	24.9553
888	888	-8.8248
889	889	25.6164
890	890	6.63114
891	891	-12.501
892	892	15.1015
893	893	4.16363
894	894	4.93004
895	895	-11.5747
896	896	-39.2023
897	897	2.90555
898	898	2.41537
899	899	-4.39245
900	900	-13.4609
901	901	-4.2841
902	902	-16.5712
903	903	25.8762
904	904	-14.5265
905	905	5.05849
906	906	24.5363
907	907	-18.6464
908	908	-7.73614
909	909	-12.3828
910	910	-10.5944
911	911	5.65133
912	912	0.513233
913	913	4.24621
914	914	24.9741
915	915	-6.95382
916	916	-18.3236
917	917	41.3254
918	918	-1.69252
919	919	-18.9233
920	920	30.5664
921	921	-12.0017
922	922	-0.936978
923	923	-6.93584
924	924	9.37167
925	925	14.6223
926	926	10.137
927	927	-3.41296
928	928	8.24976
929	929	27.2969
930	930	-7.33294
931	931	23.6431
932	932	-32.5769
933	933	-10.6701
934	934	-22.0578
935	935	15.6382
936	936	-9.41414
937	937	7.35541
938	938	11.3153
939	939	-18.6545
940	940	4.90359
941	941	-12.9448
942	942	-13.7271
943	943	18.433
944	944	5.09235
945	945	-25.5484
946	946	4.81551
947	947	-9.14376
948	948	14.614
949	949	2.50802
950	950	-30.0523
951	951	-34.5764
952	952	22.0064
953	953	-14.3562
954	954	-32.835
955	955	-3.33735
956	956	-17.3553
957	957	-27.2146
958	958	-17.3476
959	959	-8.06668
960	960	10.5809
961	961	0.0372996
962	962	12.2474
963	963	9.80514
964	964	-2.2857
965	965	-20.4939
966	966	2.61806
967	967	-5.29149
968	968	-18.0531
969	969	-1.11441
970	970	9.23258
971	971	6.29757
972	972	11.1791
973	973	2.77088
974	974	14.0428
975	975	23.6964
976	976	-23.4548
977	977	-21.3272
978	978	-6.12265
979	979	-3.44894
980	980	-10.3337
981	981	2.32323
982	982	12.722
983	983	-25.2721
984	984	29.8689
985	985	-34.1249
986	986	11.8632
987	987	12.1284
988	988	-8.58181
989	989	-10.1096
990	990	-1.17986
991	991	-17.98
992	992	-10.296
993	993	-1.63229
994	994	-8.48915
995	995	-0.384534
996	996	-6.0902
997	997	-18.9606
998	998	14.9938
999	999	19.9809
1000	1000	-38.661
1001	1001	-9.49312
1002	1002	-30.9597
1003	1003	-35.4721
1004	1004	6.16579
1005	1005	13.4366
1006	1006	24.9519
1007	1007	-2.77297
1008	1008	29.3087
1009	1009	5.18244
1010	1010	-29.9079
1011	1011	14.8623
1012	1012	-6.43068
1013	1013	-24.0483
1014	1014	8.06734
1015	1015	6.78682
1016	1016	19.6931
1017	1017	-19.656
1018	1018	-3.29643
1019	1019	-2.71642
1020	1020	-12.9131
1021	1021	25.7575
1022	1022	-9.61255
1023	1023	-33.4162
1024	1024	17.9748
1025	1025	-13.9811
1026	1026	-6.45647
1027	1027	-19.3333
1028	1028	-19.4685
1029	1029	-26.5435
1030	1030	5.93733
1031	1031	-2.99699
1032	1032	-22.8369
1033	1033	26.9735
1034	1034	-13.6429
1035	1035	-10.0344
1036	1036	-10.8186
1037	1037	-8.22227
1038	1038	-18.3239
1039	1039	7.80717
1040	1040	-12.5496
1041	1041	-20.3434
1042	1042	31.3322
1043	1043	14.1074
1044	1044	5.50725
1045	1045	-11.3123
1046	1046	40.2268
1047	1047	1.63732
1048	1048	11.1587
1049	1049	36.9112
1050	1050	-9.07992
1051	1051	0.471568
1052	1052	-19.7357
1053	1053	19.8932
1054	1054	-19.5311
1055	1055	2.27601
1056	1056	17.2767
1057	1057	-37.36
1058	1058	15.2132
1059	1059	25.575
1060	1060	4.00276
1061	1061	-16.4825
1062	1062	0.973201
1063	1063	7.04722
1064	1064	-14.6545
1065	1065	3.35044
1066	1066	0.635548
1067	1067	8.30985
1068	1068	35.9113
1069	1069	-9.29406
1070	1070	-2.77771
1071	1071	-22.775
1072	1072	-7.90817
1073	1073	35.8926
1074	1074	25.1887
1075	1075	-12.4066
1076	1076	-22.6149
1077	1077	14.2125
1078	1078	37.2561
1079	1079	-9.22549
1080	1080	-43.836
1081	1081	4.1882
1082	1082	0.230113
1083	1083	-18.8909
1084	1084	16.2461
1085	1085	-17.1277
1086	1086	-16.3969
1087	1087	-36.3871
1088	1088	-1.91722
1089	1089	7.36696
1090	1090	4.64923
1091	1091	28.0312
1092	1092	12.6649
1093	1093	-12.551
1094	1094	-4.64047
1095	1095	29.9359
1096	1096	27.7463
1097	1097	-13.8105
1098	1098	-3.54843
1099	1099	13.4072
1100	1100	-1.66749
1101	1101	28.8165
1102	1102	-4.67718
1103	1103	-38.8967
1104	1104	-9.31737
1105	1105	-5.84909
1106	1106	-38.3362
1107	1107	15.4711
1108	1108	-39.2697
1109	1109	14.6667
1110	1110	-1.79357
1111	1111	5.85348
1112	1112	4.48179
1113	1113	-4.59348
1114	1114	-46.1929
1115	1115	10.4001
1116	1116	-14.4976
1117	1117	-7.84497
1118	1118	0.875422
1119	1119	5.48955
1120	1120	-27.3409
1121	1121	-23.2511
1122	1122	14.5912
1123	1123	6.03421
1124	1124	26.2587
1125	1125	15.7086
1126	1126	3.93574
1127	1127	30.7724
1128	1128	15.0079
1129	1129	-8.82762
1130	1130	-43.868
1131	1131	-0.326391
1132	1132	-22.9602
1133	1133	4.01088
1134	1134	-13.699
1135	1135	-12.5761
1136	1136	-0.493978
1137	1137	19.8042
1138	1138	-6.08042
1139	1139	11.4548
1140	1140	25.3354
1141	1141	-6.09631
1142	1142	12.0793
1143	1143	-9.81697
1144	1144	30.0435
1145	1145	-22.9949
1146	1146	-16.0456
1147	1147	15.6515
1148	1148	38.1102
1149	1149	-7.20952
1150	1150	-0.929988
1151	1151	4.19985
1152	1152	-3.92467
1153	1153	14.8537
1154	1154	-5.45493
1155	1155	-4.96554
1156	1156	1.47144
1157	1157	2.34665
1158	1158	6.68463
1159	1159	-3.07409
1160	1160	7.56252
1161	1161	15.4271
1162	1162	-24.9042
1163	1163	4.01741
1164	1164	-13.3486
1165	1165	23.3501
1166	1166	-11.2471
1167	1167	6.18356
1168	1168	31.029
1169	1169	-1.06277
1170	1170	-27.4751
1171	1171	-9.31815
1172	1172	5.28349
1173	1173	15.236
1174	1174	9.49802
1175	1175	0.264297
1176	1176	-10.415
1177	1177	-7.22097
1178	1178	-7.4291
1179	1179	-19.3465
1180	1180	23.581
1181	1181	1.79351
1182	1182	-0.373318
1183	1183	-5.04284
1184	1184	8.48363
1185	1185	-6.88459
1186	1186	7.03804
1187	1187	41.2646
1188	1188	-7.48281
1189	1189	34.6551
1190	1190	7.24104
1191	1191	-20.8877
1192	1192	0.370352
1193	1193	30.211
1194	1194	28.2491
1195	1195	5.81226
1196	1196	4.6949
1197	1197	16.4287
1198	1198	11.1678
1199	1199	15.7862
