sample_id	sample_id2	phensim
zero	zero	-50.2525
1	1	-0.069283
2	2	6.99351
3	3	-39.9642
4	4	-14.7218
5	5	-9.65853
6	6	6.10011
7	7	-15.0224
8	8	-33.0255
9	9	-6.95335
10	10	1.54867
11	11	-3.42143
12	12	5.78941
13	13	-37.0162
14	14	-12.7464
15	15	25.9019
16	16	-17.9495
17	17	12.4967
18	18	37.2937
19	19	-14.5456
20	20	-6.13382
21	21	34.1106
22	22	-1.9414
23	23	-28.0485
24	24	-6.49528
25	25	-1.30495
26	26	-11.8306
27	27	25.305
28	28	-15.0644
29	29	4.52115
30	30	23.4053
31	31	28.2801
32	32	-15.4017
33	33	-18.3768
34	34	-8.09114
35	35	5.47562
36	36	-28.4006
37	37	-3.74736
38	38	3.38503
39	39	-13.6003
40	40	-7.02525
41	41	-0.0494245
42	42	-4.63224
43	43	15.4106
44	44	-11.1677
45	45	-9.94612
46	46	7.80133
47	47	34.5401
48	48	27.2574
49	49	9.49033
50	50	8.27959
51	51	-2.73019
52	52	-10.6872
53	53	-30.2264
54	54	17.6019
55	55	-15.805
56	56	-51.8394
57	57	2.61932
58	58	20.7817
59	59	-6.5056
60	60	-4.80084
61	61	17.5655
62	62	-32.8317
63	63	3.01699
64	64	2.14565
65	65	16.461
66	66	2.94047
67	67	22.37
68	68	-5.95488
69	69	-35.5347
70	70	-12.0196
71	71	-0.00395679
72	72	41.7651
73	73	-12.3428
74	74	3.33691
75	75	25.5293
76	76	11.5483
77	77	-7.08755
78	78	10.274
79	79	2.43733
80	80	2.24065
81	81	30.8764
82	82	5.20692
83	83	-11.2453
84	84	23.297
85	85	-0.383822
86	86	10.6171
87	87	-8.46455
88	88	-14.2168
89	89	9.41668
90	90	-32.5047
91	91	31.8979
92	92	47.4208
93	93	-22.5855
94	94	-37.8046
95	95	33.2377
96	96	6.38393
97	97	-48.7494
98	98	-5.5264
99	99	0.424271
100	100	-11.0567
101	101	1.98608
102	102	2.56268
103	103	-0.290097
104	104	32.2095
105	105	0.880667
106	106	12.157
107	107	8.00473
108	108	28.3306
109	109	-7.23509
110	110	-24.4662
111	111	-19.5143
112	112	6.64837
113	113	6.02261
114	114	28.1823
115	115	0.134822
116	116	18.6698
117	117	7.13481
118	118	-13.5642
119	119	-14.4912
120	120	11.7928
121	121	-14.9811
122	122	-36.4141
123	123	-2.14645
124	124	-3.5655
125	125	31.3919
126	126	9.50486
127	127	9.22108
128	128	-37.1116
129	129	23.5221
130	130	18.8658
131	131	-19.9364
132	132	8.42048
133	133	13.6593
134	134	3.91425
135	135	-4.02955
136	136	-9.99987
137	137	-7.85414
138	138	-15.3727
139	139	23.0863
140	140	7.53717
141	141	8.01696
142	142	12.2911
143	143	-24.0828
144	144	28.1345
145	145	20.3294
146	146	-33.5444
147	147	-6.92286
148	148	-20.1357
149	149	-9.9492
150	150	2.01626
151	151	-34.6383
152	152	17.0082
153	153	26.1575
154	154	-28.1545
155	155	-26.9987
156	156	-1.54487
157	157	-14.8096
158	158	30.0276
159	159	-5.9535
160	160	-24.4999
161	161	-4.91926
162	162	-8.79946
163	163	0.427338
164	164	15.7807
165	165	-2.32025
166	166	3.01315
167	167	-32.8268
168	168	-6.65403
169	169	28.7509
170	170	47.3537
171	171	-0.189842
172	172	-9.72865
173	173	0.699912
174	174	-8.47938
175	175	21.8813
176	176	-10.6802
177	177	2.7271
178	178	18.5774
179	179	-12.8458
180	180	-37.935
181	181	-8.27637
182	182	-11.8094
183	183	24.4618
184	184	-12.7489
185	185	28.7476
186	186	-11.658
187	187	19.8067
188	188	-48.8724
189	189	-15.6299
190	190	-1.26072
191	191	-25.8922
192	192	-9.8193
193	193	8.50627
194	194	-9.17297
195	195	-22.7003
196	196	27.4093
197	197	9.13554
198	198	19.8266
199	199	-21.7515
200	200	3.10341
201	201	51.7205
202	202	-4.08041
203	203	-13.9724
204	204	-23.8954
205	205	18.4192
206	206	10.5305
207	207	-12.6543
208	208	8.19896
209	209	0.435422
210	210	0.124324
211	211	-4.0755
212	212	-12.9707
213	213	35.6114
214	214	-7.27995
215	215	-4.02168
216	216	-18.6265
217	217	-3.5605
218	218	28.2914
219	219	16.0552
220	220	-4.83655
221	221	5.50532
222	222	26.3999
223	223	31.294
224	224	21.8488
225	225	-0.850906
226	226	0.753657
227	227	-17.8925
228	228	-61.2033
229	229	13.9274
230	230	-34.8646
231	231	14.7167
232	232	17.6672
233	233	12.5398
234	234	34.5921
235	235	-17.2325
236	236	20.0751
237	237	1.54341
238	238	1.08619
239	239	23.8147
240	240	-11.4444
241	241	17.124
242	242	-56.9886
243	243	-9.85341
244	244	2.62115
245	245	13.0871
246	246	18.6717
247	247	3.53917
248	248	8.92505
249	249	-8.86326
250	250	-11.882
251	251	54.0772
252	252	-1.87989
253	253	5.82811
254	254	20.222
255	255	14.1129
256	256	4.0526
257	257	-5.34594
258	258	-42.1911
259	259	4.43441
260	260	4.0742
261	261	-24.278
262	262	-16.4484
263	263	-17.7646
264	264	11.8708
265	265	-5.60477
266	266	-20.1461
267	267	-19.0826
268	268	24.8931
269	269	-21.063
270	270	-34.2174
271	271	22.8092
272	272	-19.4988
273	273	25.755
274	274	11.9986
275	275	11.4044
276	276	-9.27491
277	277	-37.6395
278	278	-33.0106
279	279	-20.2569
280	280	-32.248
281	281	-38.5251
282	282	-9.82903
283	283	22.628
284	284	35.0521
285	285	-2.20955
286	286	-25.8022
287	287	21.057
288	288	21.5447
289	289	1.37939
290	290	-17.9329
291	291	-23.5367
292	292	6.19571
293	293	-3.19491
294	294	20.2691
295	295	-24.5194
296	296	2.68572
297	297	-10.7755
298	298	-18.5449
299	299	-7.80439
300	300	14.2235
301	301	-24.3735
302	302	-9.02502
303	303	-1.00214
304	304	18.5461
305	305	15.855
306	306	-2.03167
307	307	12.086
308	308	-7.53949
309	309	7.41562
310	310	-5.38494
311	311	-1.23691
312	312	21.3112
313	313	-31.1752
314	314	6.20485
315	315	-7.79734
316	316	23.1106
317	317	-3.67425
318	318	3.27629
319	319	6.55013
320	320	26.5115
321	321	-5.33856
322	322	-3.23826
323	323	24.7022
324	324	13.5322
325	325	-1.93501
326	326	44.7255
327	327	-17.7186
328	328	-38.7393
329	329	0.125755
330	330	21.5009
331	331	57.9355
332	332	-8.88226
333	333	5.37932
334	334	7.8347
335	335	-39.6886
336	336	-2.52768
337	337	-25.08
338	338	3.77721
339	339	-12.6563
340	340	50.4253
341	341	10.3474
342	342	28.527
343	343	-5.45064
344	344	10.335
345	345	27.2286
346	346	13.5065
347	347	-12.9306
348	348	-25.7156
349	349	-17.2215
350	350	-32.5565
351	351	-32.1029
352	352	-1.36492
353	353	32.9511
354	354	-4.75517
355	355	6.49915
356	356	41.4178
357	357	-16.6681
358	358	-15.7229
359	359	13.5652
360	360	-16.8206
361	361	-12.8159
362	362	30.0998
363	363	-21.4564
364	364	-11.493
365	365	-33.868
366	366	1.47473
367	367	-15.4985
368	368	12.1504
369	369	14.6463
370	370	17.633
371	371	-3.54059
372	372	18.9176
373	373	-15.3856
374	374	6.78382
375	375	-13.3507
376	376	36.1018
377	377	-23.1487
378	378	-24.6005
379	379	-19.262
380	380	-1.2118
381	381	8.69815
382	382	13.5153
383	383	-46.1225
384	384	-13.4215
385	385	-26.3573
386	386	-21.0409
387	387	-10.166
388	388	-18.1649
389	389	-27.3127
390	390	-23.7331
391	391	-14.9971
392	392	-13.2082
393	393	-32.1722
394	394	-23.8606
395	395	4.96128
396	396	7.5339
397	397	-33.3941
398	398	-28.3628
399	399	32.4153
400	400	12.1216
401	401	-14.2399
402	402	18.781
403	403	-13.6984
404	404	2.92795
405	405	0.81387
406	406	-27.1748
407	407	44.0557
408	408	0.28884
409	409	5.38006
410	410	-9.84338
411	411	-30.011
412	412	6.43714
413	413	-26.2091
414	414	18.3689
415	415	-14.414
416	416	5.44673
417	417	-18.5449
418	418	-21.0672
419	419	-30.2994
420	420	3.4148
421	421	-38.0021
422	422	11.3561
423	423	15.3885
424	424	-27.432
425	425	15.5227
426	426	-3.5992
427	427	-21.5245
428	428	-25.0123
429	429	-28.1186
430	430	-25.9567
431	431	22.3385
432	432	-22.5593
433	433	2.2762
434	434	-11.5576
435	435	4.04854
436	436	-7.29288
437	437	-10.819
438	438	19.1597
439	439	13.1181
440	440	39.3071
441	441	3.83078
442	442	4.76829
443	443	-9.08627
444	444	-28.6929
445	445	-0.876067
446	446	23.6188
447	447	16.664
448	448	4.78785
449	449	4.50298
450	450	-11.3139
451	451	39.0768
452	452	15.1901
453	453	7.51731
454	454	4.65298
455	455	-1.29615
456	456	-1.5277
457	457	6.04262
458	458	-15.3811
459	459	-10.1756
460	460	8.92301
461	461	9.1807
462	462	0.767382
463	463	-6.14087
464	464	4.85815
465	465	-12.3817
466	466	-9.21872
467	467	4.10228
468	468	-34.9994
469	469	-25.5223
470	470	-9.29483
471	471	13.4634
472	472	-22.5042
473	473	-25.3698
474	474	14.2643
475	475	-9.05444
476	476	4.95339
477	477	-2.87926
478	478	-34.5414
479	479	2.2019
480	480	0.644691
481	481	31.2714
482	482	-9.42899
483	483	1.96756
484	484	16.3253
485	485	10.7362
486	486	-26.1769
487	487	20.815
488	488	33.1361
489	489	20.7166
490	490	-24.4501
491	491	-36.9043
492	492	-41.6153
493	493	11.8933
494	494	-1.05665
495	495	1.48385
496	496	-32.8831
497	497	22.4196
498	498	14.1845
499	499	-19.8459
500	500	33.4083
501	501	25.2507
502	502	12.5859
503	503	6.63494
504	504	-9.99665
505	505	17.4867
506	506	-5.8292
507	507	2.26466
508	508	2.17208
509	509	-0.226945
510	510	5.3961
511	511	-12.7021
512	512	17.6915
513	513	-16.9275
514	514	12.3693
515	515	16.2863
516	516	-7.80482
517	517	0.260345
518	518	4.13874
519	519	-6.34632
520	520	14.6037
521	521	26.3982
522	522	8.56839
523	523	-36.0282
524	524	28.0054
525	525	42.8647
526	526	20.6445
527	527	6.04266
528	528	-31.232
529	529	-9.25981
530	530	-26.4969
531	531	17.6857
532	532	-7.57747
533	533	18.2042
534	534	-16.0351
535	535	-12.9506
536	536	36.7957
537	537	14.1826
538	538	18.8433
539	539	-1.01762
540	540	-41.2399
541	541	-16.4991
542	542	11.7585
543	543	18.4925
544	544	32.9006
545	545	20.4976
546	546	-43.955
547	547	35.627
548	548	-8.12679
549	549	8.2526
550	550	34.6464
551	551	30.4536
552	552	40.9062
553	553	20.0924
554	554	-22.1007
555	555	-14.6398
556	556	-4.83207
557	557	16.8268
558	558	-2.23907
559	559	12.8899
560	560	-1.7035
561	561	14.9142
562	562	-8.28059
563	563	26.666
564	564	8.34068
565	565	-15.1226
566	566	35.188
567	567	49.0506
568	568	22.2461
569	569	0.0877082
570	570	-33.5535
571	571	-8.32949
572	572	-7.07744
573	573	-2.46994
574	574	25.975
575	575	3.94588
576	576	28.6462
577	577	22.837
578	578	5.59746
579	579	-9.9388
580	580	16.8295
581	581	-22.6332
582	582	-16.075
583	583	11.3397
584	584	-13.6791
585	585	17.3642
586	586	-13.6999
587	587	-25.1691
588	588	15.9904
589	589	-11.4773
590	590	-24.2074
591	591	3.69465
592	592	-3.21764
593	593	1.03112
594	594	17.1629
595	595	12.7785
596	596	37.3032
597	597	-0.175763
598	598	14.3753
599	599	-2.04762
600	600	-11.7751
601	601	-15.6487
602	602	-17.6505
603	603	-15.7195
604	604	44.297
605	605	9.82064
606	606	-12.3475
607	607	-4.00505
608	608	20.6956
609	609	-13.3265
610	610	1.84147
611	611	-9.51435
612	612	34.7046
613	613	-12.0319
614	614	-34.6327
615	615	11.915
616	616	-13.2333
617	617	-50.0792
618	618	3.86444
619	619	-26.0098
620	620	29.0917
621	621	-31.0169
622	622	3.2867
623	623	-1.52552
624	624	9.88408
625	625	2.23393
626	626	-28.0045
627	627	-17.1865
628	628	4.42432
629	629	12.058
630	630	-21.218
631	631	-2.86191
632	632	24.5435
633	633	27.759
634	634	15.0653
635	635	15.4077
636	636	-19.0665
637	637	11.1611
638	638	23.3546
639	639	5.90947
640	640	25.2507
641	641	-26.5791
642	642	32.2581
643	643	25.3857
644	644	-7.77906
645	645	17.2599
646	646	-20.229
647	647	-7.54285
648	648	-16.9588
649	649	-13.3362
650	650	4.88911
651	651	24.4759
652	652	1.31509
653	653	21.6902
654	654	6.94282
655	655	-31.1143
656	656	-32.9318
657	657	-37.5333
658	658	3.59198
659	659	5.72045
660	660	20.3013
661	661	-8.0438
662	662	-18.5837
663	663	-9.63372
664	664	11.2876
665	665	30.4922
666	666	-33.7976
667	667	-32.217
668	668	-6.81505
669	669	8.13043
670	670	-13.8223
671	671	-16.4706
672	672	5.9569
673	673	-23.0387
674	674	40.7927
675	675	-25.1361
676	676	7.74227
677	677	32.5621
678	678	4.34755
679	679	40.8538
680	680	-0.928991
681	681	4.21917
682	682	4.53658
683	683	-6.95766
684	684	11.2318
685	685	17.5501
686	686	-13.5602
687	687	-9.19773
688	688	2.95714
689	689	-31.4743
690	690	16.8506
691	691	0.153402
692	692	5.61957
693	693	-12.4993
694	694	19.9307
695	695	0.236789
696	696	8.98207
697	697	-24.8148
698	698	4.56121
699	699	-4.06797
700	700	-7.29001
701	701	-2.17158
702	702	22.1379
703	703	26.0508
704	704	6.85918
705	705	-32.3813
706	706	-13.4593
707	707	-29.3135
708	708	-26.438
709	709	11.1127
710	710	-21.111
711	711	24.2315
712	712	32.435
713	713	-10.7585
714	714	1.97814
715	715	-13.3105
716	716	16.3265
717	717	29.3764
718	718	-8.35801
719	719	-3.72096
720	720	-4.21751
721	721	10.9024
722	722	9.18491
723	723	-5.75737
724	724	-1.19906
725	725	4.2487
726	726	14.0452
727	727	-12.0419
728	728	7.19492
729	729	-17.1869
730	730	33.1174
731	731	-5.46099
732	732	22.9476
733	733	-21.4525
734	734	33.941
735	735	-48.5631
736	736	17.7702
737	737	7.95071
738	738	-16.9853
739	739	-8.20504
740	740	1.10793
741	741	14.91
742	742	19.6351
743	743	12.6988
744	744	-4.92074
745	745	16.6894
746	746	-21.2743
747	747	16.2628
748	748	2.07533
749	749	-7.50697
750	750	3.51107
751	751	3.71354
752	752	-18.097
753	753	5.10848
754	754	26.3273
755	755	3.38027
756	756	4.55794
757	757	14.0715
758	758	30.7248
759	759	-7.1384
760	760	1.63922
761	761	-28.8727
762	762	15.6894
763	763	7.29951
764	764	17.5111
765	765	35.3252
766	766	-10.3693
767	767	-13.8857
768	768	31.5314
769	769	26.733
770	770	-2.71158
771	771	-15.8225
772	772	21.7918
773	773	-30.5324
774	774	-36.9739
775	775	-11.1252
776	776	18.0103
777	777	2.02753
778	778	-15.6488
779	779	-18.4513
780	780	16.0008
781	781	12.7443
782	782	-18.3748
783	783	15.2443
784	784	-19.0438
785	785	-13.7537
786	786	-12.6756
787	787	-17.3785
788	788	4.34047
789	789	1.01658
790	790	-14.1558
791	791	5.76669
792	792	-1.09284
793	793	12.6924
794	794	-6.73741
795	795	-8.21229
796	796	-32.3249
797	797	32.048
798	798	-18.3084
799	799	2.28382
800	800	-3.97717
801	801	15.6991
802	802	-33.6441
803	803	-3.48947
804	804	-1.77856
805	805	1.80493
806	806	-10.4266
807	807	18.1162
808	808	-13.5947
809	809	-12.8734
810	810	-3.38683
811	811	-17.123
812	812	34.6599
813	813	8.00702
814	814	20.1156
815	815	-5.06996
816	816	24.3511
817	817	-20.7817
818	818	-19.6965
819	819	5.68801
820	820	-28.5733
821	821	-2.15962
822	822	1.84497
823	823	-50.9614
824	824	3.93298
825	825	-35.5868
826	826	13.0112
827	827	19.8098
828	828	-16.0981
829	829	44.6765
830	830	9.62444
831	831	-21.6465
832	832	-2.18678
833	833	-9.54011
834	834	-9.71277
835	835	32.0248
836	836	4.09759
837	837	9.02213
838	838	2.6421
839	839	-3.57633
840	840	-3.5549
841	841	-5.06319
842	842	17.8198
843	843	15.2017
844	844	29.0984
845	845	6.28409
846	846	-27.9496
847	847	-6.5288
848	848	-13.6676
849	849	7.94501
850	850	9.64345
851	851	-11.0475
852	852	-11.2872
853	853	-7.57507
854	854	-11.7435
855	855	-16.5441
856	856	31.9702
857	857	33.36
858	858	-19.688
859	859	20.699
860	860	-18.5716
861	861	24.3963
862	862	42.2934
863	863	10.8768
864	864	-14.0918
865	865	-3.88642
866	866	-15.1597
867	867	17.7067
868	868	4.60849
869	869	-9.57612
870	870	-1.47936
871	871	-0.821907
872	872	-21.7561
873	873	24.4399
874	874	-6.00003
875	875	-2.84957
876	876	18.1985
877	877	-39.928
878	878	29.9152
879	879	-5.43644
880	880	-6.11874
881	881	-41.6271
882	882	10.0378
883	883	10.3208
884	884	-11.5175
885	885	-11.8314
886	886	22.1593
887	887	-3.96567
888	888	4.98993
889	889	-13.438
890	890	-3.97303
891	891	-23.1014
892	892	13.145
893	893	-26.4402
894	894	-22.5647
895	895	-9.5596
896	896	9.38039
897	897	-38.3297
898	898	24.3557
899	899	-1.41691
900	900	-14.3858
901	901	-11.603
902	902	-39.9222
903	903	-17.0663
904	904	-17.6639
905	905	3.38241
906	906	-21.5954
907	907	6.4433
908	908	-43.4449
909	909	13.4111
910	910	4.4315
911	911	-17.5631
912	912	5.99406
913	913	32.1535
914	914	11.0448
915	915	1.36347
916	916	-0.701823
917	917	-10.7806
918	918	-10.7811
919	919	13.533
920	920	-23.0667
921	921	-26.1091
922	922	-25.2676
923	923	11.2132
924	924	13.4638
925	925	5.3752
926	926	23.2386
927	927	18.228
928	928	18.5578
929	929	10.5184
930	930	-3.8573
931	931	22.9371
932	932	-15.2385
933	933	12.2483
934	934	11.5519
935	935	-36.4502
936	936	-45.2715
937	937	10.3348
938	938	-24.5476
939	939	-15.8666
940	940	-8.55525
941	941	42.1323
942	942	-1.9263
943	943	3.85223
944	944	-27.2994
945	945	-6.6647
946	946	25.8791
947	947	-10.8999
948	948	-22.7239
949	949	26.4349
950	950	-38.7986
951	951	-0.479579
952	952	32.3494
953	953	37.9304
954	954	26.0989
955	955	-3.34648
956	956	23.5893
957	957	56.3717
958	958	-8.5226
959	959	43.2359
960	960	-8.6158
961	961	-1.14901
962	962	-8.56409
963	963	-5.83405
964	964	-45.3343
965	965	16.8853
966	966	9.25062
967	967	-14.4207
968	968	-2.19241
969	969	-7.04907
970	970	-10.0194
971	971	-1.90303
972	972	-22.4803
973	973	13.1643
974	974	-10.3469
975	975	36.7127
976	976	24.4865
977	977	-10.2496
978	978	-44.7786
979	979	3.54398
980	980	-7.11221
981	981	-23.4106
982	982	-11.5754
983	983	19.6701
984	984	-17.0517
985	985	-21.6926
986	986	-23.77
987	987	9.82556
988	988	-5.54175
989	989	-19.9286
990	990	52.2149
991	991	1.85521
992	992	-2.65944
993	993	-18.4043
994	994	21.8932
995	995	9.26115
996	996	-30.6636
997	997	18.6294
998	998	1.81968
999	999	1.15878
1000	1000	-3.23174
1001	1001	20.8324
1002	1002	20.1799
1003	1003	-11.5718
1004	1004	-13.7788
1005	1005	-9.59017
1006	1006	7.46922
1007	1007	-7.03679
1008	1008	33.2404
1009	1009	-35.0736
1010	1010	16.7698
1011	1011	20.9458
1012	1012	-29.2206
1013	1013	-5.18443
1014	1014	11.7723
1015	1015	8.4297
1016	1016	-15.8603
1017	1017	7.84211
1018	1018	12.3669
1019	1019	24.9127
1020	1020	-18.8586
1021	1021	5.77627
1022	1022	16.873
1023	1023	19.6704
1024	1024	6.9171
1025	1025	-0.322284
1026	1026	-23.6296
1027	1027	-3.19635
1028	1028	1.66892
1029	1029	6.61173
1030	1030	23.8001
1031	1031	2.53837
1032	1032	6.57703
1033	1033	-3.43667
1034	1034	-37.2464
1035	1035	-27.7383
1036	1036	-2.2999
1037	1037	26.3358
1038	1038	-31.0402
1039	1039	38.9653
1040	1040	-8.7942
1041	1041	-0.206087
1042	1042	-31.9323
1043	1043	14.689
1044	1044	6.66956
1045	1045	10.6613
1046	1046	-9.39887
1047	1047	1.32366
1048	1048	-41.1144
1049	1049	14.6178
1050	1050	39.3437
1051	1051	7.47497
1052	1052	7.53877
1053	1053	31.501
1054	1054	-2.27034
1055	1055	-22.9608
1056	1056	17.6351
1057	1057	-12.8632
1058	1058	-0.15441
1059	1059	0.497522
1060	1060	-5.73234
1061	1061	21.7211
1062	1062	-27.4457
1063	1063	4.81809
1064	1064	4.63556
1065	1065	0.683886
1066	1066	-14.2611
1067	1067	-12.435
1068	1068	-19.3574
1069	1069	33.5298
1070	1070	-18.1925
1071	1071	-15.0418
1072	1072	-7.41364
1073	1073	-30.261
1074	1074	5.21042
1075	1075	6.99769
1076	1076	11.8973
1077	1077	20.1078
1078	1078	-34.3307
1079	1079	-2.55013
1080	1080	4.2384
1081	1081	17.026
1082	1082	19.4329
1083	1083	-7.40827
1084	1084	-5.50621
1085	1085	15.9405
1086	1086	9.12121
1087	1087	22.7704
1088	1088	-6.81074
1089	1089	-11.7159
1090	1090	-24.2021
1091	1091	39.4829
1092	1092	39.8789
1093	1093	3.61077
1094	1094	-7.87629
1095	1095	3.03999
1096	1096	3.49666
1097	1097	-23.9333
1098	1098	-1.0347
1099	1099	15.9035
1100	1100	-3.83855
1101	1101	-17.7083
1102	1102	3.07663
1103	1103	-20.3753
1104	1104	34.543
1105	1105	10.3106
1106	1106	27.9844
1107	1107	56.8367
1108	1108	4.8309
1109	1109	9.74689
1110	1110	10.1163
1111	1111	7.05566
1112	1112	-12.2921
1113	1113	-18.2031
1114	1114	19.1421
1115	1115	-0.240559
1116	1116	9.14101
1117	1117	1.25827
1118	1118	5.4641
1119	1119	2.03019
1120	1120	-34.6532
1121	1121	-9.88443
1122	1122	-24.201
1123	1123	-34.1781
1124	1124	21.7287
1125	1125	-14.9078
1126	1126	-2.58315
1127	1127	-19.0623
1128	1128	3.76336
1129	1129	33.8349
1130	1130	-23.873
1131	1131	-20.6755
1132	1132	-28.0841
1133	1133	-31.4526
1134	1134	-48.1304
1135	1135	-9.98568
1136	1136	44.939
1137	1137	8.93934
1138	1138	-10.9257
1139	1139	-25.5792
1140	1140	12.439
1141	1141	-21.0735
1142	1142	5.9036
1143	1143	-22.0437
1144	1144	-5.32149
1145	1145	-7.08116
1146	1146	51.4067
1147	1147	2.21525
1148	1148	-11.7027
1149	1149	-19.7078
1150	1150	-20.7723
1151	1151	-15.0626
1152	1152	26.475
1153	1153	8.77507
1154	1154	18.8398
1155	1155	-16.5819
1156	1156	-22.3452
1157	1157	-39.0146
1158	1158	28.2131
1159	1159	13.3096
1160	1160	-4.52378
1161	1161	44.1414
1162	1162	-10.8389
1163	1163	-22.209
1164	1164	-25.159
1165	1165	-23.2692
1166	1166	8.19557
1167	1167	10.4518
1168	1168	-17.3908
1169	1169	-20.0266
1170	1170	-32.4426
1171	1171	-8.13252
1172	1172	12.1029
1173	1173	14.5221
1174	1174	10.7951
1175	1175	3.00433
1176	1176	23.4166
1177	1177	-1.0621
1178	1178	13.2485
1179	1179	-39.508
1180	1180	-12.07
1181	1181	-4.46216
1182	1182	3.16095
1183	1183	-13.9189
1184	1184	-8.89305
1185	1185	-1.68851
1186	1186	11.0456
1187	1187	-49.6195
1188	1188	-21.2188
1189	1189	-15.5102
1190	1190	13.926
1191	1191	-34.4007
1192	1192	44.7684
1193	1193	10.0014
1194	1194	-44.5152
1195	1195	-19.2289
1196	1196	16.7297
1197	1197	30.2675
1198	1198	-25.7553
1199	1199	9.50715
1200	1200	1.63118
1201	1201	38.0715
1202	1202	-17.5287
1203	1203	20.4716
1204	1204	5.54024
1205	1205	21.6316
1206	1206	-3.72646
1207	1207	-14.2564
1208	1208	36.1083
1209	1209	22.5268
1210	1210	13.4557
1211	1211	-42.0109
1212	1212	36.3095
1213	1213	2.04414
1214	1214	21.2439
1215	1215	1.84236
1216	1216	-29.7105
1217	1217	-15.1448
1218	1218	41.7554
1219	1219	-48.3978
1220	1220	37.0915
1221	1221	36.2892
1222	1222	14.5764
1223	1223	-37.8631
1224	1224	20.6737
1225	1225	-29.2983
1226	1226	5.35575
1227	1227	-5.79872
1228	1228	-4.21385
1229	1229	17.2639
1230	1230	37.1053
1231	1231	10.0652
1232	1232	27.9429
1233	1233	-50.2565
1234	1234	21.2126
1235	1235	-33.1709
1236	1236	34.6252
1237	1237	-15.2814
1238	1238	16.193
1239	1239	27.8217
1240	1240	6.85964
1241	1241	-13.9404
1242	1242	2.2407
1243	1243	-2.54093
1244	1244	30.7399
1245	1245	-12.3789
1246	1246	-25.3927
1247	1247	-11.185
1248	1248	16.7777
1249	1249	1.70284
1250	1250	-29.1041
1251	1251	-2.02573
1252	1252	13.5675
1253	1253	24.2011
1254	1254	-7.06002
1255	1255	-2.72151
1256	1256	-8.56043
1257	1257	8.624
1258	1258	-20.0694
1259	1259	20.3214
1260	1260	35.1022
1261	1261	-3.38444
1262	1262	17.2583
1263	1263	-15.0809
1264	1264	13.4653
1265	1265	-36.6493
1266	1266	-3.79051
1267	1267	17.4549
1268	1268	42.2962
1269	1269	-16.5523
1270	1270	-6.47078
1271	1271	-6.0197
1272	1272	-9.4181
1273	1273	-4.5346
1274	1274	-0.841646
1275	1275	3.21921
1276	1276	-5.0063
1277	1277	-0.837745
1278	1278	-12.0649
1279	1279	-19.2163
1280	1280	-4.60477
1281	1281	-33.088
1282	1282	-15.223
1283	1283	15.6303
1284	1284	-20.6172
1285	1285	-0.968936
1286	1286	2.19402
1287	1287	4.38661
1288	1288	-0.643347
1289	1289	3.40707
1290	1290	-4.69548
1291	1291	-29.4824
1292	1292	0.930567
1293	1293	-30.0354
1294	1294	6.75937
1295	1295	3.32475
1296	1296	16.3424
1297	1297	-19.2206
1298	1298	38.6088
1299	1299	7.36449
1300	1300	0.363996
1301	1301	25.0278
1302	1302	66.7037
1303	1303	9.63741
1304	1304	-23.0218
1305	1305	-9.6098
1306	1306	-18.4597
1307	1307	6.8099
1308	1308	-10.4886
1309	1309	4.54601
1310	1310	29.7191
1311	1311	2.35971
1312	1312	-11.8083
1313	1313	38.2263
1314	1314	24.5493
1315	1315	6.30101
1316	1316	-4.22364
1317	1317	-17.0283
1318	1318	-25.4199
1319	1319	-15.2591
1320	1320	17.5408
1321	1321	19.9661
1322	1322	2.86365
1323	1323	-46.2304
1324	1324	-32.0891
1325	1325	32.7121
1326	1326	18.7464
1327	1327	-2.99936
1328	1328	-15.2911
1329	1329	1.07545
1330	1330	-0.65718
1331	1331	10.3322
1332	1332	-4.72552
1333	1333	-9.59339
1334	1334	-28.8383
1335	1335	6.22737
1336	1336	19.4106
1337	1337	-16.7561
1338	1338	-16.6902
1339	1339	-13.4297
1340	1340	-21.4385
1341	1341	15.7819
1342	1342	22.0002
1343	1343	-13.4467
1344	1344	39.1382
1345	1345	-33.578
1346	1346	9.36036
1347	1347	5.35648
1348	1348	47.5495
1349	1349	-11.2226
1350	1350	27.0489
1351	1351	28.2135
1352	1352	8.94897
1353	1353	-24.5913
1354	1354	25.7126
1355	1355	-34.9316
1356	1356	-1.37753
1357	1357	10.725
1358	1358	-3.20309
1359	1359	-8.83957
1360	1360	43.598
1361	1361	0.961921
1362	1362	12.0967
1363	1363	-4.82447
1364	1364	60.9964
1365	1365	1.81827
1366	1366	-22.8291
1367	1367	6.83756
1368	1368	6.98715
1369	1369	-18.7041
1370	1370	64.4426
1371	1371	-15.8176
1372	1372	-10.6498
1373	1373	-26.2176
1374	1374	-15.8816
1375	1375	-9.89169
1376	1376	28.0808
1377	1377	10.2493
1378	1378	20.5056
1379	1379	42.753
1380	1380	-17.8105
1381	1381	23.8715
1382	1382	26.4726
1383	1383	16.9517
1384	1384	30.6326
1385	1385	51.6822
1386	1386	-33.0796
1387	1387	16.1616
1388	1388	8.25551
1389	1389	-12.8734
1390	1390	13.7875
1391	1391	6.18081
1392	1392	-12.6282
1393	1393	-39.7641
1394	1394	9.28328
1395	1395	-28.188
1396	1396	39.5906
1397	1397	9.92614
1398	1398	29.8876
1399	1399	44.1247
1400	1400	-2.78409
1401	1401	26.7484
1402	1402	-1.72474
1403	1403	23.1099
1404	1404	33.5023
1405	1405	-21.7776
1406	1406	29.7942
1407	1407	36.2237
1408	1408	-34.508
1409	1409	0.426177
1410	1410	7.88198
1411	1411	-30.0769
1412	1412	-7.22349
1413	1413	-30.2644
1414	1414	22.1574
1415	1415	-25.8295
1416	1416	-13.4593
1417	1417	5.46095
1418	1418	-6.74595
1419	1419	-12.2052
1420	1420	19.0072
1421	1421	11.2957
1422	1422	5.2464
1423	1423	14.1435
1424	1424	-36.1784
1425	1425	20.7162
1426	1426	-0.205669
1427	1427	-13.4368
1428	1428	37.5642
1429	1429	-37.5791
1430	1430	-18.7161
1431	1431	26.877
1432	1432	11.5491
1433	1433	15.3175
1434	1434	-9.04413
1435	1435	-7.38014
1436	1436	-22.8163
1437	1437	11.8688
1438	1438	-3.52589
1439	1439	15.4765
1440	1440	28.6713
1441	1441	19.2817
1442	1442	-9.35639
1443	1443	-9.57329
1444	1444	-30.2527
1445	1445	-1.32682
1446	1446	3.44941
1447	1447	23.5247
1448	1448	9.36822
1449	1449	-23.454
1450	1450	0.0919315
1451	1451	5.8164
1452	1452	-7.54257
1453	1453	-28.5105
1454	1454	13.9935
1455	1455	6.65862
1456	1456	-42.6778
1457	1457	4.24312
1458	1458	10.23
1459	1459	-27.2737
1460	1460	-13.8795
1461	1461	22.8622
1462	1462	-39.9611
1463	1463	-3.07331
1464	1464	13.4495
1465	1465	49.534
1466	1466	-10.4029
1467	1467	-17.1617
1468	1468	2.57882
1469	1469	1.57803
1470	1470	-32.8517
1471	1471	20.8815
1472	1472	-10.1291
1473	1473	-9.24374
1474	1474	-19.9508
1475	1475	38.0186
1476	1476	-29.6718
1477	1477	-23.4411
1478	1478	-11.93
1479	1479	16.1361
1480	1480	14.1073
1481	1481	-0.546762
1482	1482	8.28455
1483	1483	-18.072
1484	1484	31.6429
1485	1485	-1.69435
1486	1486	-7.09617
1487	1487	4.41072
1488	1488	-12.3263
1489	1489	-6.5432
1490	1490	4.29926
1491	1491	-17.2042
1492	1492	32.8604
1493	1493	-7.64781
1494	1494	-21.6068
1495	1495	20.4421
1496	1496	22.6893
1497	1497	-5.19859
1498	1498	20.7648
1499	1499	26.0484
1500	1500	-49.7699
1501	1501	27.3708
1502	1502	-5.92198
1503	1503	-2.4919
1504	1504	24.5753
1505	1505	-17.3386
1506	1506	6.49625
1507	1507	-7.29214
1508	1508	-11.1311
1509	1509	1.99734
1510	1510	5.33129
1511	1511	-8.71262
1512	1512	6.5534
1513	1513	-25.761
1514	1514	-18.4396
1515	1515	21.4582
1516	1516	-23.342
1517	1517	-12.7118
1518	1518	-4.02869
1519	1519	-15.87
1520	1520	-1.99426
1521	1521	41.9435
1522	1522	-24.9426
1523	1523	11.6455
1524	1524	12.1667
1525	1525	5.03147
1526	1526	3.92326
1527	1527	-1.20466
1528	1528	46.2406
1529	1529	27.2535
1530	1530	19.0484
1531	1531	-15.0931
1532	1532	-23.7039
1533	1533	-16.5816
1534	1534	-1.41648
1535	1535	-28.3235
1536	1536	12.8431
1537	1537	-7.49036
1538	1538	19.9049
1539	1539	25.514
1540	1540	4.82184
1541	1541	32.3926
1542	1542	-1.44139
1543	1543	-14.8023
1544	1544	2.06454
1545	1545	22.6038
1546	1546	24.0507
1547	1547	11.2864
1548	1548	0.258065
1549	1549	24.616
1550	1550	3.1207
1551	1551	8.46861
1552	1552	-37.495
1553	1553	18.0741
1554	1554	19.3697
1555	1555	6.27569
1556	1556	42.4408
1557	1557	-24.5094
1558	1558	-4.31256
1559	1559	-2.89958
1560	1560	2.72531
1561	1561	8.73378
1562	1562	21.5464
1563	1563	-14.1941
1564	1564	13.7636
1565	1565	0.361886
1566	1566	18.1467
1567	1567	-9.36514
1568	1568	10.9983
1569	1569	-27.5153
1570	1570	25.1052
1571	1571	23.4236
1572	1572	11.1756
1573	1573	-16.4194
1574	1574	-14.9903
1575	1575	-17.528
1576	1576	10.6131
1577	1577	2.54659
1578	1578	-11.647
1579	1579	-39.3202
1580	1580	-16.145
1581	1581	-2.54041
1582	1582	-11.6504
1583	1583	-10.506
1584	1584	-7.41598
1585	1585	-51.5613
1586	1586	-2.56184
1587	1587	-31.2332
1588	1588	3.27664
1589	1589	21.5461
1590	1590	6.52289
1591	1591	-14.7401
1592	1592	26.2133
1593	1593	-4.99223
1594	1594	-44.6614
1595	1595	-21.0313
1596	1596	-26.0223
1597	1597	-33.9598
1598	1598	14.0244
1599	1599	-7.40693
1600	1600	-0.351572
1601	1601	2.83093
1602	1602	21.3689
1603	1603	-47.9133
1604	1604	32.8878
1605	1605	-18.2932
1606	1606	-0.405645
1607	1607	5.5837
1608	1608	-9.62252
1609	1609	-8.43866
1610	1610	-18.5087
1611	1611	0.223227
1612	1612	-10.8016
1613	1613	-51.0168
1614	1614	8.64883
1615	1615	8.04345
1616	1616	28.2857
1617	1617	14.8738
1618	1618	-2.30957
1619	1619	1.60873
1620	1620	-21.1297
1621	1621	5.78144
1622	1622	-15.3381
1623	1623	-0.865183
1624	1624	-2.31169
1625	1625	-12.7678
1626	1626	-26.8633
1627	1627	13.9395
1628	1628	-11.4002
1629	1629	-22.1524
1630	1630	-3.3717
1631	1631	9.25505
1632	1632	-5.16035
1633	1633	-30.8613
1634	1634	11.2858
1635	1635	13.3874
1636	1636	9.26841
1637	1637	-27.3492
1638	1638	11.1203
1639	1639	0.470546
1640	1640	17.1043
1641	1641	-27.6325
1642	1642	11.5366
1643	1643	15.0255
1644	1644	19.2978
1645	1645	8.27417
1646	1646	-49.5568
1647	1647	35.6007
1648	1648	-53.4493
1649	1649	-6.01702
1650	1650	-17.7828
1651	1651	-5.85009
1652	1652	-21.7553
1653	1653	22.0419
1654	1654	-20.8545
1655	1655	0.673192
1656	1656	-15.1257
1657	1657	-6.48212
1658	1658	-16.6055
1659	1659	17.9469
1660	1660	12.9545
1661	1661	-11.4386
1662	1662	-24.2171
1663	1663	20.266
1664	1664	-4.48609
1665	1665	3.79468
1666	1666	22.226
1667	1667	-24.5391
1668	1668	4.55968
1669	1669	11.2371
1670	1670	18.5181
1671	1671	9.25415
1672	1672	-15.1722
1673	1673	-14.9496
1674	1674	18.9887
1675	1675	16.3405
1676	1676	8.42926
1677	1677	35.0074
1678	1678	17.9847
1679	1679	17.9455
1680	1680	-23.4799
1681	1681	-11.712
1682	1682	0.917494
1683	1683	20.6628
1684	1684	-33.8505
1685	1685	-11.6994
1686	1686	6.61993
1687	1687	-1.46405
1688	1688	41.9021
1689	1689	5.33621
1690	1690	14.8928
1691	1691	-0.911252
1692	1692	-34.0581
1693	1693	19.9808
1694	1694	-31.3971
1695	1695	25.5937
1696	1696	-40.5188
1697	1697	-41.1735
1698	1698	-12.2578
1699	1699	14.6709
1700	1700	-15.8128
1701	1701	0.196272
1702	1702	23.799
1703	1703	-11.0173
1704	1704	3.63703
1705	1705	-21.8834
1706	1706	11.2503
1707	1707	20.779
1708	1708	1.84999
1709	1709	12.4912
1710	1710	-8.01213
1711	1711	10.5104
1712	1712	-14.3513
1713	1713	3.14917
1714	1714	-7.77309
1715	1715	28.5797
1716	1716	-10.8548
1717	1717	3.12039
1718	1718	-19.0548
1719	1719	-5.3905
1720	1720	2.77078
1721	1721	31.7438
1722	1722	0.575895
1723	1723	-10.6379
1724	1724	-37.2121
1725	1725	-17.8643
1726	1726	24.3254
1727	1727	6.24347
1728	1728	-25.0257
1729	1729	-9.41566
1730	1730	0.214458
1731	1731	23.2128
1732	1732	13.1093
1733	1733	-7.62091
1734	1734	6.59459
1735	1735	16.4545
1736	1736	9.03115
1737	1737	-0.433023
1738	1738	-6.34525
1739	1739	4.72106
1740	1740	9.77682
1741	1741	-12.6417
1742	1742	-11.7094
1743	1743	12.2074
1744	1744	0.325725
1745	1745	25.4732
1746	1746	-15.135
1747	1747	-26.6821
1748	1748	-32.7174
1749	1749	27.0601
1750	1750	-11.2063
1751	1751	6.01038
1752	1752	8.89982
1753	1753	22.7923
1754	1754	-7.82163
1755	1755	-15.9231
1756	1756	-6.65329
1757	1757	-28.4244
1758	1758	-18.1339
1759	1759	10.3351
1760	1760	13.7585
1761	1761	28.0372
1762	1762	-15.6661
1763	1763	10.2922
1764	1764	2.43926
1765	1765	-0.289542
1766	1766	-9.11748
1767	1767	-19.1234
1768	1768	-24.9558
1769	1769	23.7341
1770	1770	-13.5989
1771	1771	-9.76828
1772	1772	31.6838
1773	1773	-13.191
1774	1774	19.4534
1775	1775	-38.6491
1776	1776	-25.5167
1777	1777	-0.314581
1778	1778	-15.5733
1779	1779	-7.48511
1780	1780	-13.7433
1781	1781	-23.1465
1782	1782	-18.7549
1783	1783	-18.5264
1784	1784	-19.9724
1785	1785	-24.4354
1786	1786	6.07941
1787	1787	1.622
1788	1788	3.15907
1789	1789	-19.3326
1790	1790	0.535761
1791	1791	-6.63267
1792	1792	24.1984
1793	1793	22.9742
1794	1794	-9.52544
1795	1795	11.2954
1796	1796	20.6696
1797	1797	-13.6823
1798	1798	-2.88428
1799	1799	12.7788
1800	1800	-11.45
1801	1801	4.22984
1802	1802	-24.2764
1803	1803	24.4757
1804	1804	11.9361
1805	1805	44.8541
1806	1806	6.72252
1807	1807	-15.8382
1808	1808	-22.447
1809	1809	29.5789
1810	1810	-2.63722
1811	1811	-5.38023
1812	1812	-20.578
1813	1813	-2.01841
1814	1814	-21.8521
1815	1815	49.8382
1816	1816	52.945
1817	1817	36.0699
1818	1818	31.9222
1819	1819	-0.00639148
1820	1820	13.8619
1821	1821	1.50378
1822	1822	15.9193
1823	1823	-18.7204
1824	1824	17.3307
1825	1825	-22.8452
1826	1826	6.61023
1827	1827	-29.7997
1828	1828	4.92599
1829	1829	0.373221
1830	1830	-3.77703
1831	1831	-24.3145
1832	1832	-15.7371
1833	1833	13.9629
1834	1834	30.4781
1835	1835	-44.8546
1836	1836	-17.6257
1837	1837	44.6368
1838	1838	31.4517
1839	1839	-38.0294
1840	1840	0.78574
1841	1841	9.18593
1842	1842	25.3986
1843	1843	22.6402
1844	1844	9.41641
1845	1845	44.8065
1846	1846	-8.21734
1847	1847	23.5885
1848	1848	16.106
1849	1849	-14.3967
1850	1850	1.55411
1851	1851	14.2945
1852	1852	17.8082
1853	1853	26.1139
1854	1854	-11.5464
1855	1855	3.7285
1856	1856	-8.68342
1857	1857	3.36567
1858	1858	29.8944
1859	1859	18.5782
1860	1860	-9.87757
1861	1861	-38.3327
1862	1862	-10.5014
1863	1863	-45.0558
1864	1864	-9.36905
1865	1865	14.0503
1866	1866	0.590136
1867	1867	35.6532
1868	1868	-12.9884
1869	1869	-9.18786
1870	1870	-32.633
1871	1871	-0.0440704
1872	1872	-5.18743
1873	1873	20.4419
1874	1874	18.8534
1875	1875	-14.1887
1876	1876	-30.2214
1877	1877	10.9433
1878	1878	40.1836
1879	1879	-31.0186
1880	1880	-0.0389321
1881	1881	31.6569
1882	1882	30.9937
1883	1883	-21.2855
1884	1884	-40.3746
1885	1885	-33.0173
1886	1886	-24.1477
1887	1887	15.3476
1888	1888	22.0502
1889	1889	-40.6945
1890	1890	25.6191
1891	1891	17.6206
1892	1892	-3.59796
1893	1893	-3.47957
1894	1894	-46.8886
1895	1895	-13.4335
1896	1896	27.6171
1897	1897	10.5878
1898	1898	-40.4234
1899	1899	-15.0409
1900	1900	-2.58721
1901	1901	5.09023
1902	1902	-35.8818
1903	1903	-23.0655
1904	1904	-17.1068
1905	1905	-11.1647
1906	1906	-39.7504
1907	1907	6.27277
1908	1908	-5.91841
1909	1909	0.190865
1910	1910	7.44628
1911	1911	-8.59554
1912	1912	-6.14607
1913	1913	46.4942
1914	1914	20.4783
1915	1915	10.9947
1916	1916	-19.4036
1917	1917	-2.66925
1918	1918	-7.46613
1919	1919	8.76236
1920	1920	-16.6405
1921	1921	3.55803
1922	1922	27.4215
1923	1923	-30.4647
1924	1924	7.78996
1925	1925	-3.80388
1926	1926	21.9504
1927	1927	35.2898
1928	1928	-35.5724
1929	1929	21.0944
1930	1930	37.8181
1931	1931	-0.466448
1932	1932	-3.8374
1933	1933	6.77562
1934	1934	34.1716
1935	1935	24.6039
1936	1936	10.631
1937	1937	1.9584
1938	1938	14.3844
1939	1939	40.4124
1940	1940	-0.305551
1941	1941	37.4208
1942	1942	-20.0452
1943	1943	17.5436
1944	1944	4.20894
1945	1945	-3.98003
1946	1946	-3.86386
1947	1947	1.41448
1948	1948	-6.91556
1949	1949	18.3475
1950	1950	3.45857
1951	1951	1.20241
1952	1952	-34.995
1953	1953	12.6958
1954	1954	-17.7366
1955	1955	-7.40045
1956	1956	10.7225
1957	1957	-2.67785
1958	1958	1.20918
1959	1959	-23.1091
1960	1960	-0.439217
1961	1961	-0.0253568
1962	1962	9.50158
1963	1963	12.3539
1964	1964	-20.5706
1965	1965	13.5073
1966	1966	-9.79594
1967	1967	-6.95744
1968	1968	2.89969
1969	1969	-2.01358
1970	1970	-11.8001
1971	1971	11.5374
1972	1972	6.39801
1973	1973	9.38996
1974	1974	13.9282
1975	1975	-2.1908
1976	1976	-14.1085
1977	1977	41.5096
1978	1978	19.8726
1979	1979	10.4884
1980	1980	-20.2441
1981	1981	13.408
1982	1982	12.1499
1983	1983	26.7096
1984	1984	30.4995
1985	1985	-28.216
1986	1986	-28.3666
1987	1987	-39.5738
1988	1988	24.2495
1989	1989	-34.9158
1990	1990	16.0053
1991	1991	-10.9716
1992	1992	-20.0503
1993	1993	-8.61692
1994	1994	-20.6218
1995	1995	-25.3561
1996	1996	15.9968
1997	1997	-12.889
1998	1998	43.5146
1999	1999	7.59614
2000	2000	44.9266
2001	2001	-1.6411
2002	2002	-7.86701
2003	2003	15.3709
2004	2004	20.4329
2005	2005	-24.2189
2006	2006	-9.23978
2007	2007	38.1755
2008	2008	-21.6969
2009	2009	23.0639
2010	2010	-30.2262
2011	2011	16.1281
2012	2012	33.8509
2013	2013	-23.3141
2014	2014	-22.1441
2015	2015	7.00961
2016	2016	-2.66135
2017	2017	18.0605
2018	2018	-6.73561
2019	2019	28.7583
2020	2020	-13.979
2021	2021	4.12246
2022	2022	2.77436
2023	2023	3.43291
2024	2024	3.17155
2025	2025	5.177
2026	2026	16.664
2027	2027	-11.8152
2028	2028	-10.2723
2029	2029	47.5774
2030	2030	7.63019
2031	2031	20.0271
2032	2032	27.8696
2033	2033	17.1515
2034	2034	-11.1424
2035	2035	-12.3742
2036	2036	-29.8776
2037	2037	35.8381
2038	2038	-11.5848
2039	2039	-3.03538
2040	2040	3.68207
2041	2041	39.4221
2042	2042	-24.7499
2043	2043	-23.7546
2044	2044	1.26289
2045	2045	32.5332
2046	2046	-34.0425
2047	2047	18.3492
2048	2048	31.6642
2049	2049	-1.32578
2050	2050	-19.7404
2051	2051	0.728303
2052	2052	16.6592
2053	2053	-9.31197
2054	2054	-0.405879
2055	2055	-15.6949
2056	2056	-14.8588
2057	2057	-12.8388
2058	2058	12.3116
2059	2059	38.6678
2060	2060	17.8192
2061	2061	10.1668
2062	2062	-28.1909
2063	2063	4.02919
2064	2064	12.3346
2065	2065	-4.01961
2066	2066	8.56427
2067	2067	-1.91292
2068	2068	42.7916
2069	2069	4.87698
2070	2070	12.217
2071	2071	-8.35842
2072	2072	8.28679
2073	2073	19.4531
2074	2074	17.3083
2075	2075	-29.5904
2076	2076	-35.5603
2077	2077	4.96592
2078	2078	26.8856
2079	2079	32.0127
2080	2080	4.88241
2081	2081	4.0338
2082	2082	-8.40125
2083	2083	31.0541
2084	2084	24.9917
2085	2085	-7.17437
2086	2086	-36.5088
2087	2087	39.563
2088	2088	32.4459
2089	2089	7.24136
2090	2090	38.0382
2091	2091	-48.463
2092	2092	23.8698
2093	2093	-7.54405
2094	2094	30.2989
2095	2095	24.6604
2096	2096	19.5025
2097	2097	-6.35602
2098	2098	-10.403
2099	2099	-9.04036
2100	2100	-23.6782
2101	2101	42.5969
2102	2102	44.1519
2103	2103	-25.7811
2104	2104	-25.0614
2105	2105	25.252
2106	2106	4.28369
2107	2107	-31.6252
2108	2108	22.7533
2109	2109	28.7569
2110	2110	-20.4228
2111	2111	-16.8828
2112	2112	34.937
2113	2113	0.223524
2114	2114	-15.2773
2115	2115	17.7651
2116	2116	7.30977
2117	2117	-2.92799
2118	2118	-29.9753
2119	2119	-18.3807
2120	2120	-33.5694
2121	2121	-19.4767
2122	2122	27.8075
2123	2123	-6.36211
2124	2124	-7.38875
2125	2125	21.2073
2126	2126	3.0752
2127	2127	-38.7637
2128	2128	10.0704
2129	2129	-14.3367
2130	2130	-1.13456
2131	2131	2.47503
2132	2132	-2.00572
2133	2133	-7.59926
2134	2134	9.10978
2135	2135	-27.5871
2136	2136	10.3716
2137	2137	18.0441
2138	2138	-19.1655
2139	2139	16.3517
2140	2140	-46.011
2141	2141	-33.6511
2142	2142	-28.4323
2143	2143	-19.4098
2144	2144	-11.4478
2145	2145	-27.4602
2146	2146	-46.4668
2147	2147	-20.1344
2148	2148	-9.86922
2149	2149	27.0124
2150	2150	-60.6006
2151	2151	-7.66223
2152	2152	6.16765
2153	2153	33.663
2154	2154	-4.93746
2155	2155	-17.8879
2156	2156	35.2897
2157	2157	36.8563
2158	2158	-2.38429
2159	2159	7.29503
2160	2160	-33.2796
2161	2161	-7.51716
2162	2162	-28.2445
2163	2163	29.7162
2164	2164	-0.353619
2165	2165	2.94064
2166	2166	-23.3357
2167	2167	-23.5962
2168	2168	-14.044
2169	2169	-8.22758
2170	2170	32.631
2171	2171	-35.9487
2172	2172	27.4074
2173	2173	-1.29211
2174	2174	-6.69235
2175	2175	-10.7873
2176	2176	7.72328
2177	2177	-7.58313
2178	2178	-18.0802
2179	2179	-12.8218
2180	2180	-14.24
2181	2181	-35.1069
2182	2182	1.24952
2183	2183	-7.78503
2184	2184	1.37525
2185	2185	-13.132
2186	2186	34.1756
2187	2187	27.877
2188	2188	17.3541
2189	2189	-11.4125
2190	2190	-42.3169
2191	2191	-21.7252
2192	2192	30.8525
2193	2193	-2.58185
2194	2194	-0.156176
2195	2195	-16.3945
2196	2196	17.6188
2197	2197	-30.4493
2198	2198	-3.61795
2199	2199	40.6357
2200	2200	6.84666
2201	2201	-20.6158
2202	2202	-0.585536
2203	2203	20.7797
2204	2204	17.0231
2205	2205	-4.85916
2206	2206	23.4551
2207	2207	-8.48002
2208	2208	21.3707
2209	2209	9.76918
2210	2210	-17.3367
2211	2211	-21.3695
2212	2212	-33.461
2213	2213	13.5509
2214	2214	2.6346
2215	2215	5.48314
2216	2216	15.4966
2217	2217	-16.3759
2218	2218	0.396121
2219	2219	-11.1923
2220	2220	-24.3853
2221	2221	-5.47837
2222	2222	7.89174
2223	2223	14.6475
2224	2224	-16.3402
2225	2225	34.1469
2226	2226	5.97584
2227	2227	-2.12062
2228	2228	-35.2869
2229	2229	-14.8979
2230	2230	-17.0791
2231	2231	33.9117
2232	2232	-7.69877
2233	2233	30.9562
2234	2234	9.78186
2235	2235	-6.19831
2236	2236	-9.04555
2237	2237	-20.8245
2238	2238	25.1931
2239	2239	-7.21245
2240	2240	-13.2966
2241	2241	33.453
2242	2242	13.8294
2243	2243	-10.7712
2244	2244	38.9167
2245	2245	-3.74508
2246	2246	24.2174
2247	2247	-49.7787
2248	2248	-11.1992
2249	2249	-28.6686
2250	2250	-7.79423
2251	2251	-12.239
2252	2252	16.6756
2253	2253	22.0689
2254	2254	1.78772
2255	2255	-23.6754
2256	2256	-10.6005
2257	2257	0.762694
2258	2258	40.408
2259	2259	-1.76206
2260	2260	-0.330409
2261	2261	-12.4241
2262	2262	-26.1901
2263	2263	-5.54818
2264	2264	-9.47167
2265	2265	-10.5924
2266	2266	18.1169
2267	2267	15.2506
2268	2268	33.7319
2269	2269	-3.46032
2270	2270	-10.2384
2271	2271	-15.9749
2272	2272	37.2362
2273	2273	-7.35201
2274	2274	15.2048
2275	2275	13.4383
2276	2276	13.3196
2277	2277	5.49028
2278	2278	-18.5058
2279	2279	20.0137
2280	2280	-18.0178
2281	2281	6.6566
2282	2282	23.2772
2283	2283	6.38496
2284	2284	11.0188
2285	2285	3.8794
2286	2286	-15.9852
2287	2287	11.5107
2288	2288	0.949146
2289	2289	-1.41806
2290	2290	-33.5389
2291	2291	12.4452
2292	2292	36.8607
2293	2293	68.0715
2294	2294	-21.5214
2295	2295	3.97552
2296	2296	49.4574
2297	2297	-20.4042
2298	2298	-15.0222
2299	2299	-0.25521
2300	2300	-5.44384
2301	2301	-16.8393
2302	2302	-14.1719
2303	2303	-21.9695
2304	2304	7.54019
2305	2305	18.5238
2306	2306	-4.61682
2307	2307	-27.9769
2308	2308	28.1189
2309	2309	-22.1247
2310	2310	-14.3035
2311	2311	10.3105
2312	2312	-17.7346
2313	2313	-30.1225
2314	2314	39.5718
2315	2315	-1.20899
2316	2316	-1.09054
2317	2317	2.65492
2318	2318	-14.9077
2319	2319	-24.8073
2320	2320	22.0385
2321	2321	13.7603
2322	2322	-9.7076
2323	2323	-22.1208
2324	2324	-8.61669
2325	2325	-53.3285
2326	2326	4.67295
2327	2327	21.3588
2328	2328	-20.1207
2329	2329	10.3132
2330	2330	-14.8494
2331	2331	-5.9782
2332	2332	6.75963
2333	2333	20.9731
2334	2334	9.72462
2335	2335	-11.3109
2336	2336	-14.418
2337	2337	35.9032
2338	2338	14.9043
2339	2339	20.1282
2340	2340	14.1258
2341	2341	-35.0082
2342	2342	-13.5472
2343	2343	20.2906
2344	2344	-1.22765
2345	2345	3.78959
2346	2346	-37.4711
2347	2347	15.4255
2348	2348	7.40991
2349	2349	-25.1444
2350	2350	-22.2959
2351	2351	23.8415
2352	2352	26.8656
2353	2353	-2.29447
2354	2354	-14.5451
2355	2355	-0.725531
2356	2356	16.2008
2357	2357	-25.4067
2358	2358	10.5521
2359	2359	3.0384
2360	2360	19.9432
2361	2361	-19.8342
2362	2362	4.1297
2363	2363	-6.60999
2364	2364	-0.600055
2365	2365	-9.65333
2366	2366	15.5294
2367	2367	33.6269
2368	2368	-21.791
2369	2369	12.0219
2370	2370	1.14567
2371	2371	-11.8797
2372	2372	-19.2022
2373	2373	27.1448
2374	2374	-4.09454
2375	2375	28.9369
2376	2376	-13.0848
2377	2377	-12.4678
2378	2378	0.946121
2379	2379	-36.1002
2380	2380	4.38087
2381	2381	-5.82119
2382	2382	1.83749
2383	2383	48.0736
2384	2384	-8.37578
2385	2385	-41.2519
2386	2386	10.2906
2387	2387	-2.72175
2388	2388	-4.35285
2389	2389	-4.1211
2390	2390	-7.68803
2391	2391	42.2598
2392	2392	-57.5827
2393	2393	17.8156
2394	2394	-10.0532
2395	2395	-9.55588
2396	2396	-14.8519
2397	2397	-15.7277
2398	2398	-24.9388
2399	2399	-14.0618
