PAIR_ID	n_snippy	n_noref	n_mask
GP-0001	1	0	0
GP-0002	24	22	0
GP-0003	3	0	0
GP-0004	23	21	1
GP-0005	164	159	45
GP-0006	118	113	48
GP-0007	154	148	70
GP-0008	100	94	52
GP-0009	95	89	29
GP-0010	109	103	45
GP-0011	133	127	41
GP-0012	62	60	2
GP-0013	2	2	2
GP-0014	60	54	52
GP-0015	60	54	52
GP-0016	60	54	52
GP-0017	52	46	46
GP-0018	24	20	16
GP-0019	78	74	68
GP-0020	39	35	33
GP-0021	88	84	79
GP-0022	83	79	75
GP-0023	25	25	17
GP-0024	74	74	66
GP-0025	38	38	31
GP-0026	77	77	74
GP-0027	75	75	72
GP-0028	96	96	87
GP-0029	17	15	5
GP-0030	2	1	0
GP-0031	9	9	6
GP-0032	6	6	6
GP-0033	69	65	0
GP-0034	75	71	5
GP-0035	7	4	1
GP-0036	52	51	1
GP-0037	55	14	1
GP-0038	39	33	2
GP-0039	5	4	2
GP-0040	4	4	1
GP-0041	28	22	0
GP-0042	1	0	0
GP-0043	32	30	29
GP-0044	47	41	30
GP-0045	7	3	2
GP-0046	5	3	2
GP-0047	11	0	0
GP-0048	2	0	0
GP-0049	39	38	38
GP-0050	50	47	47
GP-0051	6	2	2
GP-0052	70	68	67
GP-0053	46	44	44
GP-0054	21	19	18
GP-0055	37	35	35
GP-0056	37	35	35
GP-0057	581	578	577
GP-0058	74	72	70
GP-0059	71	67	65
GP-0060	63	61	59
GP-0061	121	119	33
GP-0062	62	62	58
GP-0063	64	64	60
GP-0064	58	58	56
GP-0065	64	64	61
GP-0066	59	59	56
GP-0067	77	77	70
GP-0068	45	45	42
GP-0069	55	55	51
GP-0070	58	58	55
GP-0071	58	58	55
GP-0072	57	57	53
GP-0073	57	57	54
GP-0074	89	89	82
GP-0075	71	71	67
GP-0076	36	36	32
GP-0077	35	35	33
GP-0078	73	73	70
GP-0079	40	40	37
GP-0080	82	82	78
GP-0081	53	53	51
GP-0082	81	81	79
GP-0083	81	81	78
GP-0084	95	95	93
GP-0085	55	55	54
GP-0086	57	57	54
GP-0087	52	52	49
GP-0088	54	54	50
GP-0089	75	75	72
GP-0090	51	51	48
GP-0091	49	49	46
GP-0092	53	53	51
GP-0093	56	56	54
GP-0094	52	52	50
GP-0095	78	78	74
GP-0096	54	54	51
GP-0097	55	55	53
GP-0098	53	52	47
GP-0099	3	1	0
GP-0100	3	1	0
GP-0101	54	52	51
GP-0102	52	51	47
GP-0103	2	0	0
GP-0104	2	0	0
GP-0105	53	51	51
GP-0106	57	52	47
GP-0107	5	0	0
GP-0108	5	0	0
GP-0109	58	52	52
GP-0110	10	10	9
GP-0111	28	28	25
GP-0112	15	11	9
GP-0113	36	32	30
GP-0114	26	26	24
GP-0115	31	31	29
GP-0116	2	0	0
GP-0117	2	0	0
GP-0118	13	10	0
GP-0119	13	10	0
GP-0120	13	10	0
GP-0121	2	0	0
GP-0122	2	0	0
GP-0123	2	0	0
GP-0124	6	0	0
GP-0125	6	0	0
GP-0126	6	0	0
GP-0127	1	0	0
GP-0128	1	0	0
GP-0129	1	0	0
GP-0130	7	2	2
GP-0131	2	2	2
GP-0132	2	0	0
GP-0133	2	0	0
GP-0134	27	21	0
GP-0135	27	21	0
GP-0136	2	0	0
GP-0137	4	2	0
GP-0138	16	3	0
GP-0139	13	1	0
GP-0140	25	6	0
GP-0141	9	7	0
GP-0142	24	22	0
GP-0143	8	2	0
GP-0144	44	43	42
GP-0145	70	62	1
GP-0146	2	2	1
GP-0147	4	4	1
GP-0148	2	2	1
GP-0149	40	36	35
GP-0150	42	37	36
GP-0151	2	2	1
GP-0152	32	20	2
GP-0153	4	4	0
GP-0154	2	2	0
GP-0155	11	11	1
GP-0156	24	12	2
GP-0157	64	64	60
GP-0158	61	61	59
GP-0159	82	82	77
GP-0160	73	73	71
GP-0161	75	75	72
GP-0162	79	79	76
GP-0163	77	77	74
GP-0164	50	50	48
GP-0165	45	45	42
GP-0166	49	49	46
GP-0167	56	56	50
GP-0168	51	51	48
GP-0169	48	48	44
GP-0170	52	52	49
GP-0171	50	50	47
GP-0172	48	48	45
GP-0173	49	49	47
GP-0174	69	69	62
GP-0175	52	52	49
GP-0176	51	51	50
GP-0177	76	76	76
GP-0178	49	49	47
GP-0179	82	82	79
GP-0180	63	63	57
GP-0181	44	44	43
GP-0182	58	58	57
GP-0183	298	298	298
GP-0184	74	74	73
GP-0185	44	44	42
GP-0186	49	49	48
GP-0187	44	44	43
GP-0188	45	45	44
GP-0189	54	54	53
GP-0190	42	42	40
GP-0191	44	44	43
GP-0192	46	46	44
GP-0193	47	47	46
GP-0194	43	43	42
GP-0195	57	57	54
GP-0196	44	44	42
GP-0197	46	46	45
GP-0198	0	0	0
GP-0199	0	0	0
GP-0200	14	8	4
GP-0201	22	13	4
GP-0202	16	14	12
GP-0203	46	40	13
GP-0204	13	13	0
GP-0205	32	11	0
GP-0206	2	0	0
GP-0207	4	0	0
GP-0208	7	1	0
GP-0209	4	0	0
GP-0210	55	55	51
GP-0211	17	17	2
GP-0212	81	81	68
GP-0213	49	49	44
GP-0214	26	26	20
GP-0215	40	40	37
GP-0216	47	47	38
GP-0217	2	2	0
GP-0218	0	0	0
GP-0219	203	201	201
GP-0220	220	209	206
GP-0221	112	102	93
GP-0222	100	93	89
GP-0223	99	89	82
GP-0224	95	87	79
GP-0225	4	2	2
GP-0226	5	3	3
GP-0227	5	3	3
GP-0228	7	5	5
GP-0229	4	4	2
GP-0230	5	5	3
GP-0231	6	6	3
GP-0232	6	6	3
GP-0233	6	4	3
GP-0234	5	4	3
GP-0235	3	1	0
GP-0236	7	5	4
GP-0237	6	3	3
GP-0238	6	3	3
GP-0239	3	0	0
GP-0240	8	4	4
GP-0241	5	5	5
GP-0242	3	3	3
GP-0243	4	4	4
GP-0244	4	4	4
GP-0245	18	16	0
GP-0246	1	1	0
GP-0247	51	50	46
GP-0248	62	60	57
GP-0249	62	60	57
GP-0250	62	60	57
GP-0251	6	2	0
GP-0252	63	60	57
GP-0253	2	0	0
GP-0254	60	58	57
GP-0255	4	2	2
GP-0256	4	2	2
GP-0257	0	0	0
GP-0258	0	0	0
GP-0259	0	0	0
GP-0260	0	0	0
GP-0261	0	0	0
GP-0262	0	0	0
GP-0263	5	5	5
GP-0264	0	0	0
GP-0265	7	5	5
GP-0266	7	5	5
GP-0267	2	0	0
GP-0268	6	5	5
GP-0269	0	0	0
GP-0270	3	0	0
GP-0271	3	1	0
GP-0272	3	1	0
GP-0273	4	0	0
GP-0274	4	0	0
GP-0275	4	0	0
GP-0276	5	1	0
GP-0277	1	0	0
GP-0278	3	2	1
GP-0279	4	2	1
GP-0280	4	2	1
GP-0281	13	11	11
GP-0282	18	16	16
GP-0283	1	0	0
GP-0284	3	2	1
GP-0285	3	2	1
GP-0286	3	2	2
GP-0287	12	11	11
GP-0288	17	16	16
GP-0289	3	2	1
GP-0290	2	1	1
GP-0291	5	3	2
GP-0292	5	4	3
GP-0293	14	13	12
GP-0294	19	18	17
GP-0295	2	2	1
GP-0296	3	3	1
GP-0297	3	3	2
GP-0298	3	3	3
GP-0299	13	13	12
GP-0300	18	18	17
GP-0301	3	1	1
GP-0302	3	2	2
GP-0303	5	4	3
GP-0304	6	4	3
GP-0305	15	13	13
GP-0306	20	18	18
GP-0307	13	11	11
GP-0308	12	11	11
GP-0309	14	13	12
GP-0310	15	13	12
GP-0311	15	13	13
GP-0312	15	13	13
GP-0313	455	454	453
GP-0314	578	572	569
GP-0315	41	35	16
GP-0316	40	35	16
GP-0317	42	37	17
GP-0318	43	37	17
GP-0319	43	37	18
GP-0320	38	32	13
GP-0321	444	441	440
GP-0322	451	448	446
GP-0323	450	447	445
GP-0324	0	0	0
GP-0325	0	0	0
GP-0326	0	0	0
GP-0327	0	0	0
GP-0328	0	0	0
GP-0329	0	0	0
GP-0330	0	0	0
GP-0331	0	0	0
GP-0332	83	72	60
GP-0333	85	72	60
GP-0334	67	56	46
GP-0335	64	51	38
GP-0336	67	55	45
GP-0337	71	59	45
GP-0338	65	52	41
GP-0339	92	79	67
GP-0340	73	60	47
GP-0341	74	60	45
GP-0342	71	57	43
GP-0343	70	58	45
GP-0344	84	72	58
GP-0345	76	64	50
GP-0346	68	55	45
GP-0347	86	76	69
GP-0348	74	60	49
GP-0349	97	84	73
GP-0350	78	66	53
GP-0351	65	53	40
GP-0352	73	60	52
GP-0353	313	300	292
GP-0354	92	78	63
GP-0355	60	48	43
GP-0356	72	58	45
GP-0357	67	53	41
GP-0358	87	74	68
GP-0359	63	52	47
GP-0360	57	45	38
GP-0361	60	48	41
GP-0362	88	76	68
GP-0363	67	55	44
GP-0364	54	42	36
GP-0365	76	63	51
GP-0366	63	50	40
GP-0367	88	77	68
GP-0368	9	8	6
GP-0369	9	8	7
GP-0370	37	36	34
GP-0371	80	74	70
GP-0372	15	10	8
GP-0373	8	2	2
GP-0374	9	3	3
GP-0375	15	9	9
GP-0376	10	5	3
GP-0377	64	59	55
GP-0378	58	54	51
GP-0379	67	61	55
GP-0380	67	62	57
GP-0381	73	67	62
GP-0382	72	66	62
GP-0383	68	62	58
GP-0384	69	63	59
GP-0385	70	66	62
GP-0386	65	59	57
GP-0387	68	62	59
GP-0388	75	69	66
GP-0389	71	65	62
GP-0390	71	65	62
GP-0391	66	60	56
GP-0392	66	60	58
GP-0393	70	65	61
GP-0394	79	73	68
GP-0395	62	57	56
GP-0396	69	63	60
GP-0397	65	59	55
GP-0398	64	59	56
GP-0399	67	62	56
GP-0400	62	57	54
GP-0401	66	61	56
GP-0402	66	60	57
GP-0403	66	60	57
GP-0404	57	52	51
GP-0405	66	60	57
GP-0406	65	59	56
GP-0407	12	3	2
GP-0408	22	13	12
GP-0409	16	8	6
GP-0410	21	11	8
GP-0411	30	19	16
GP-0412	20	10	7
GP-0413	79	68	62
GP-0414	69	62	59
GP-0415	79	68	62
GP-0416	80	69	65
GP-0417	82	70	66
GP-0418	83	74	70
GP-0419	79	68	65
GP-0420	89	77	72
GP-0421	86	75	70
GP-0422	79	68	63
GP-0423	79	68	66
GP-0424	84	72	69
GP-0425	92	81	76
GP-0426	75	66	63
GP-0427	75	64	63
GP-0428	77	65	64
GP-0429	72	62	61
GP-0430	75	64	63
GP-0431	72	61	59
GP-0432	82	70	65
GP-0433	75	64	63
GP-0434	70	40	4
GP-0435	46	20	5
GP-0436	74	48	36
GP-0437	14	1	0
GP-0438	129	116	95
GP-0439	42	20	4
GP-0440	58	37	5
GP-0441	61	32	8
GP-0442	125	112	69
GP-0443	64	51	6
GP-0444	75	62	6
GP-0445	52	38	1
GP-0446	50	38	9
GP-0447	53	39	1
GP-0448	99	86	52
GP-0449	105	92	49
GP-0450	117	104	53
GP-0451	115	102	55
GP-0452	115	102	60
GP-0453	120	107	60
GP-0454	115	102	56
GP-0455	107	94	57
GP-0456	110	97	60
GP-0457	104	91	56
GP-0458	98	87	58
GP-0459	107	95	63
GP-0460	120	107	60
GP-0461	122	109	61
GP-0462	95	84	56
GP-0463	90	79	58
GP-0464	101	89	60
GP-0465	99	88	67
GP-0466	68	60	55
GP-0467	100	90	58
GP-0468	90	77	54
GP-0469	93	81	54
GP-0470	99	86	54
GP-0471	97	85	53
GP-0472	89	78	55
GP-0473	94	83	54
GP-0474	90	77	56
GP-0475	87	74	51
GP-0476	100	87	59
GP-0477	92	80	55
GP-0478	58	39	5
GP-0479	137	119	94
GP-0480	142	97	71
GP-0481	94	42	6
GP-0482	106	53	6
GP-0483	61	11	1
GP-0484	77	26	10
GP-0485	79	25	2
GP-0486	142	89	53
GP-0487	134	84	51
GP-0488	148	95	52
GP-0489	143	89	57
GP-0490	146	93	63
GP-0491	150	97	59
GP-0492	137	85	61
GP-0493	148	98	62
GP-0494	148	94	58
GP-0495	123	73	60
GP-0496	146	95	63
GP-0497	154	100	63
GP-0498	153	101	60
GP-0499	126	73	57
GP-0500	112	66	60
GP-0501	136	82	62
GP-0502	128	83	71
GP-0503	129	75	58
GP-0504	116	67	56
GP-0505	128	75	55
GP-0506	125	72	54
GP-0507	125	72	57
GP-0508	124	73	59
GP-0509	120	69	53
GP-0510	135	86	59
GP-0511	125	72	58
GP-0512	129	105	72
GP-0513	92	68	12
GP-0514	95	72	15
GP-0515	49	29	9
GP-0516	58	36	10
GP-0517	64	41	10
GP-0518	119	95	56
GP-0519	120	98	53
GP-0520	136	112	55
GP-0521	133	109	58
GP-0522	138	114	62
GP-0523	139	115	62
GP-0524	129	106	59
GP-0525	129	106	60
GP-0526	131	109	63
GP-0527	132	108	58
GP-0528	107	87	59
GP-0529	138	114	65
GP-0530	136	112	61
GP-0531	141	117	62
GP-0532	110	87	56
GP-0533	97	76	60
GP-0534	112	90	63
GP-0535	108	89	71
GP-0536	79	62	57
GP-0537	101	80	61
GP-0538	99	78	56
GP-0539	105	82	57
GP-0540	108	86	58
GP-0541	109	85	55
GP-0542	99	78	58
GP-0543	104	82	58
GP-0544	104	82	59
GP-0545	95	73	53
GP-0546	109	85	59
GP-0547	109	85	58
GP-0548	51	20	2
GP-0549	98	50	2
GP-0550	41	20	5
GP-0551	66	44	10
GP-0552	11	5	1
GP-0553	35	23	3
GP-0554	38	20	5
GP-0555	38	20	9
GP-0556	40	26	7
GP-0557	31	18	6
GP-0558	56	46	39
GP-0559	69	16	6
GP-0560	63	13	2
GP-0561	116	95	71
GP-0562	51	31	7
GP-0563	52	31	7
GP-0564	26	6	1
GP-0565	34	13	2
GP-0566	40	19	10
GP-0567	101	79	56
GP-0568	86	67	53
GP-0569	103	81	55
GP-0570	103	81	58
GP-0571	106	84	62
GP-0572	102	80	59
GP-0573	100	79	60
GP-0574	107	87	64
GP-0575	103	81	58
GP-0576	88	69	59
GP-0577	105	84	64
GP-0578	110	88	62
GP-0579	101	82	62
GP-0580	91	70	56
GP-0581	82	65	60
GP-0582	95	75	62
GP-0583	95	77	70
GP-0584	88	68	56
GP-0585	87	67	57
GP-0586	90	69	57
GP-0587	93	72	55
GP-0588	85	64	58
GP-0589	84	65	59
GP-0590	83	64	53
GP-0591	84	66	59
GP-0592	92	71	58
GP-0593	140	127	99
GP-0594	130	116	98
GP-0595	102	71	35
GP-0596	100	69	38
GP-0597	100	70	40
GP-0598	72	47	39
GP-0599	67	41	35
GP-0600	124	99	87
GP-0601	115	90	83
GP-0602	129	100	72
GP-0603	45	14	2
GP-0604	42	18	4
GP-0605	52	38	7
GP-0606	23	12	6
GP-0607	122	109	61
GP-0608	133	121	71
GP-0609	123	109	64
GP-0610	32	17	3
GP-0611	46	23	2
GP-0612	124	106	91
GP-0613	119	101	75
GP-0614	105	87	70
GP-0615	103	87	62
GP-0616	102	88	64
GP-0617	27	9	0
GP-0618	44	23	18
GP-0619	92	72	66
GP-0620	90	68	63
GP-0621	93	72	59
GP-0622	101	47	17
GP-0623	119	71	55
GP-0624	134	79	53
GP-0625	120	64	47
GP-0626	154	94	61
GP-0627	118	83	65
GP-0628	104	72	62
GP-0629	133	104	79
GP-0630	122	93	57
GP-0631	89	80	73
GP-0632	111	99	75
GP-0633	111	98	71
GP-0634	94	82	58
GP-0635	85	72	59
GP-0636	51	37	35
GP-0637	53	39	38
GP-0638	48	34	32
GP-0639	70	56	49
GP-0640	83	72	57
GP-0641	106	91	31
GP-0642	116	101	29
GP-0643	140	124	42
GP-0644	169	153	64
GP-0645	86	71	42
GP-0646	559	543	464
GP-0647	113	98	64
GP-0648	94	79	51
GP-0649	90	74	35
GP-0650	65	50	25
GP-0651	61	47	21
GP-0652	100	84	33
GP-0653	70	11	2
GP-0654	65	38	31
GP-0655	135	97	78
GP-0656	143	103	75
GP-0657	103	63	17
GP-0658	153	113	63
GP-0659	76	39	19
GP-0660	551	512	466
GP-0661	118	84	62
GP-0662	102	65	50
GP-0663	95	59	37
GP-0664	67	36	24
GP-0665	67	32	16
GP-0666	75	36	12
GP-0667	32	11	0
GP-0668	98	66	39
GP-0669	102	73	63
GP-0670	23	21	7
GP-0671	15	10	9
GP-0672	30	26	22
GP-0673	15	10	7
GP-0674	10	5	3
GP-0675	40	35	30
GP-0676	43	38	33
GP-0677	89	84	76
GP-0678	85	79	75
GP-0679	15	10	6
GP-0680	12	7	4
GP-0681	18	12	9
GP-0682	15	10	9
GP-0683	18	13	8
GP-0684	27	22	21
GP-0685	150	139	68
GP-0686	29	17	3
GP-0687	40	30	0
GP-0688	192	181	64
GP-0689	133	121	15
GP-0690	128	119	20
GP-0691	126	116	21
GP-0692	135	125	26
GP-0693	155	143	55
GP-0694	178	166	87
GP-0695	77	65	19
GP-0696	165	156	88
GP-0697	39	27	5
GP-0698	127	115	18
GP-0699	158	146	66
GP-0700	153	142	62
GP-0701	31	14	5
GP-0702	41	25	6
GP-0703	79	61	32
GP-0704	39	22	9
GP-0705	187	172	86
GP-0706	178	161	78
GP-0707	64	46	0
GP-0708	117	100	4
GP-0709	156	141	64
GP-0710	61	44	8
GP-0711	53	36	13
GP-0712	52	37	13
GP-0713	147	131	55
GP-0714	201	186	78
GP-0715	139	121	21
GP-0716	185	168	78
GP-0717	132	114	7
GP-0718	71	55	14
GP-0719	180	165	61
GP-0720	173	157	56
GP-0721	186	169	87
GP-0722	38	26	9
GP-0723	53	41	24
GP-0724	31	17	1
GP-0725	32	19	6
GP-0726	61	50	33
GP-0727	68	54	37
GP-0728	118	105	82
GP-0729	111	97	80
GP-0730	28	15	4
GP-0731	31	18	7
GP-0732	28	16	1
GP-0733	24	11	0
GP-0734	39	25	2
GP-0735	49	35	24
GP-0736	16	3	0
GP-0737	16	3	0
GP-0738	22	2	1
GP-0739	74	70	70
GP-0740	67	62	62
GP-0741	32	23	21
GP-0742	36	28	23
GP-0743	31	23	21
GP-0744	27	19	18
GP-0745	48	39	36
GP-0746	50	41	39
GP-0747	28	22	21
GP-0748	27	20	19
GP-0749	32	25	22
GP-0750	32	24	23
GP-0751	34	25	23
GP-0752	8	1	0
GP-0753	27	8	0
GP-0754	27	10	0
GP-0755	89	62	49
GP-0756	134	103	78
GP-0757	135	103	74
GP-0758	111	79	38
GP-0759	145	112	63
GP-0760	95	63	40
GP-0761	583	550	475
GP-0762	541	508	466
GP-0763	108	75	59
GP-0764	93	59	48
GP-0765	87	54	39
GP-0766	64	33	26
GP-0767	64	30	21
GP-0768	80	46	29
GP-0769	29	9	4
GP-0770	45	34	22
GP-0771	23	11	3
GP-0772	27	18	10
GP-0773	28	17	10
GP-0774	34	23	15
GP-0775	46	35	19
GP-0776	103	91	70
GP-0777	91	79	68
GP-0778	82	66	44
GP-0779	86	70	53
GP-0780	69	52	29
GP-0781	44	27	6
GP-0782	50	33	10
GP-0783	34	19	0
GP-0784	45	27	5
GP-0785	72	55	29
GP-0786	71	48	31
GP-0787	42	22	8
GP-0788	47	24	9
GP-0789	34	11	0
GP-0790	42	18	5
GP-0791	76	54	31
GP-0792	61	47	40
GP-0793	34	20	14
GP-0794	20	7	4
GP-0795	20	6	4
GP-0796	63	49	40
GP-0797	40	11	2
GP-0798	17	6	1
GP-0799	40	12	1
GP-0800	60	46	8
GP-0801	39	27	2
GP-0802	60	47	19
GP-0803	44	31	2
GP-0804	209	197	100
GP-0805	204	191	102
GP-0806	29	16	1
GP-0807	36	24	3
GP-0808	26	15	0
GP-0809	26	13	2
GP-0810	42	28	1
GP-0811	50	37	18
GP-0812	85	63	56
GP-0813	139	107	63
GP-0814	116	86	54
GP-0815	82	82	82
GP-0816	67	67	66
GP-0817	66	66	66
GP-0818	27	21	15
GP-0819	41	21	16
GP-0820	39	10	7
GP-0821	27	9	8
GP-0822	62	57	48
GP-0823	117	109	87
GP-0824	69	61	32
GP-0825	60	53	34
GP-0826	72	66	61
GP-0827	68	61	50
GP-0828	50	42	34
GP-0829	31	25	14
GP-0830	38	31	27
GP-0831	132	120	91
GP-0832	68	57	43
GP-0833	89	79	71
GP-0834	108	99	94
GP-0835	103	92	83
GP-0836	91	81	70
GP-0837	28	19	12
GP-0838	81	70	58
GP-0839	70	63	54
GP-0840	88	81	73
GP-0841	39	6	2
GP-0842	12	8	3
GP-0843	14	10	6
GP-0844	30	27	19
GP-0845	12	8	4
GP-0846	36	33	27
GP-0847	36	33	31
GP-0848	85	82	76
GP-0849	84	80	72
GP-0850	11	8	4
GP-0851	7	3	0
GP-0852	14	11	5
GP-0853	14	10	6
GP-0854	15	12	5
GP-0855	25	22	18
GP-0856	59	30	23
GP-0857	66	37	31
GP-0858	58	28	23
GP-0859	75	42	37
GP-0860	21	10	3
GP-0861	22	12	8
GP-0862	153	118	85
GP-0863	90	56	37
GP-0864	117	86	66
GP-0865	133	104	88
GP-0866	114	86	77
GP-0867	117	86	71
GP-0868	130	96	74
GP-0869	64	29	11
GP-0870	101	69	50
GP-0871	102	68	48
GP-0872	115	81	63
GP-0873	65	60	27
GP-0874	64	59	30
GP-0875	72	67	35
GP-0876	121	115	80
GP-0877	61	56	24
GP-0878	25	21	16
GP-0879	59	53	44
GP-0880	54	48	42
GP-0881	63	58	28
GP-0882	60	55	25
GP-0883	67	62	28
GP-0884	65	60	29
GP-0885	70	64	30
GP-0886	69	63	33
GP-0887	16	14	1
GP-0888	24	11	6
GP-0889	25	13	9
GP-0890	30	15	8
GP-0891	59	45	37
GP-0892	93	74	31
GP-0893	93	73	34
GP-0894	97	78	38
GP-0895	138	120	81
GP-0896	90	71	29
GP-0897	46	26	15
GP-0898	84	64	48
GP-0899	83	63	47
GP-0900	81	63	32
GP-0901	88	68	30
GP-0902	86	68	32
GP-0903	86	68	34
GP-0904	97	77	34
GP-0905	94	75	37
GP-0906	108	95	76
GP-0907	111	98	80
GP-0908	104	93	76
GP-0909	61	49	44
GP-0910	61	49	46
GP-0911	17	4	0
GP-0912	109	96	78
GP-0913	107	94	75
GP-0914	109	95	77
GP-0915	107	93	76
GP-0916	111	97	80
GP-0917	83	81	59
GP-0918	39	37	31
GP-0919	22	20	13
GP-0920	39	37	28
GP-0921	43	41	35
GP-0922	48	46	35
GP-0923	48	46	41
GP-0924	79	77	58
GP-0925	9	3	0
GP-0926	98	96	84
GP-0927	101	99	91
GP-0928	68	67	58
GP-0929	76	74	64
GP-0930	86	85	77
GP-0931	73	71	64
GP-0932	52	50	42
GP-0933	73	72	67
GP-0934	67	65	57
GP-0935	62	61	54
GP-0936	44	42	37
GP-0937	80	78	69
GP-0938	99	93	83
GP-0939	101	94	82
GP-0940	84	76	65
GP-0941	81	74	65
GP-0942	83	75	69
GP-0943	91	83	78
GP-0944	81	73	66
GP-0945	68	61	55
GP-0946	80	72	65
GP-0947	73	66	58
GP-0948	69	61	54
GP-0949	52	45	40
GP-0950	82	75	66
GP-0951	6	0	0
GP-0952	43	41	37
GP-0953	12	12	9
GP-0954	17	11	9
GP-0955	95	49	37
GP-0956	62	44	20
GP-0957	40	22	10
GP-0958	80	17	11
GP-0959	49	25	21
GP-0960	72	32	22
GP-0961	51	13	1
GP-0962	270	211	202
GP-0963	246	202	194
GP-0964	256	207	197
GP-0965	110	88	61
GP-0966	80	60	43
GP-0967	85	60	46
GP-0968	69	41	26
GP-0969	65	39	25
GP-0970	82	57	36
GP-0971	77	50	25
GP-0972	63	36	20
GP-0973	52	27	9
GP-0974	50	25	9
GP-0975	49	24	8
GP-0976	44	19	3
GP-0977	89	64	43
GP-0978	73	47	35
GP-0979	63	37	19
GP-0980	35	12	3
GP-0981	77	52	35
GP-0982	46	18	5
GP-0983	99	73	45
GP-0984	42	16	7
GP-0985	74	51	45
GP-0986	74	50	43
GP-0987	89	65	55
GP-0988	40	23	22
GP-0989	37	12	4
GP-0990	38	14	7
GP-0991	48	25	18
GP-0992	74	50	40
GP-0993	53	28	15
GP-0994	51	27	19
GP-0995	35	9	4
GP-0996	39	13	4
GP-0997	51	28	15
GP-0998	82	57	43
GP-0999	40	14	7
GP-1000	32	9	5
GP-1001	87	79	69
GP-1002	53	45	39
GP-1003	47	39	36
GP-1004	72	63	55
GP-1005	73	65	58
GP-1006	60	53	51
GP-1007	61	53	51
GP-1008	61	54	52
GP-1009	66	58	52
GP-1010	36	29	26
GP-1011	39	31	27
GP-1012	44	36	29
GP-1013	22	14	6
GP-1014	38	30	24
GP-1015	38	30	25
GP-1016	38	29	24
GP-1017	36	27	21
GP-1018	36	28	23
GP-1019	57	49	39
GP-1020	46	36	30
GP-1021	36	28	23
GP-1022	34	26	22
GP-1023	45	36	29
GP-1024	38	29	25
GP-1025	50	42	37
GP-1026	30	21	19
GP-1027	50	42	38
GP-1028	48	40	37
GP-1029	57	52	48
GP-1030	35	29	27
GP-1031	35	26	24
GP-1032	32	24	20
GP-1033	32	25	23
GP-1034	41	33	31
GP-1035	28	21	20
GP-1036	31	24	22
GP-1037	33	25	24
GP-1038	33	26	24
GP-1039	28	21	20
GP-1040	45	36	35
GP-1041	31	24	20
GP-1042	32	25	24
GP-1043	87	67	64
GP-1044	68	46	45
GP-1045	73	50	46
GP-1046	48	28	25
GP-1047	60	37	28
GP-1048	65	43	38
GP-1049	61	37	26
GP-1050	54	30	22
GP-1051	51	28	24
GP-1052	58	34	23
GP-1053	46	23	21
GP-1054	50	27	22
GP-1055	83	59	51
GP-1056	62	38	36
GP-1057	51	27	21
GP-1058	44	23	21
GP-1059	63	40	38
GP-1060	53	29	24
GP-1061	74	51	46
GP-1062	43	22	19
GP-1063	68	47	46
GP-1064	72	51	43
GP-1065	83	63	58
GP-1066	45	25	25
GP-1067	48	25	23
GP-1068	44	22	19
GP-1069	47	25	21
GP-1070	64	42	40
GP-1071	43	19	18
GP-1072	51	27	21
GP-1073	51	27	22
GP-1074	46	24	23
GP-1075	44	23	18
GP-1076	70	47	43
GP-1077	47	25	19
GP-1078	44	24	21
GP-1079	129	93	78
GP-1080	86	53	47
GP-1081	92	56	49
GP-1082	103	65	55
GP-1083	106	74	61
GP-1084	93	55	52
GP-1085	97	57	51
GP-1086	98	59	53
GP-1087	98	61	53
GP-1088	79	42	37
GP-1089	79	41	31
GP-1090	81	44	37
GP-1091	85	43	30
GP-1092	87	46	37
GP-1093	79	41	37
GP-1094	85	45	36
GP-1095	84	44	35
GP-1096	82	41	35
GP-1097	93	51	40
GP-1098	95	53	42
GP-1099	85	42	32
GP-1100	78	38	33
GP-1101	88	47	39
GP-1102	84	43	36
GP-1103	84	42	29
GP-1104	76	35	31
GP-1105	77	40	37
GP-1106	79	41	36
GP-1107	87	51	49
GP-1108	64	35	35
GP-1109	84	44	35
GP-1110	71	34	31
GP-1111	76	38	34
GP-1112	70	32	24
GP-1113	76	36	31
GP-1114	74	37	35
GP-1115	76	38	36
GP-1116	76	38	36
GP-1117	70	33	34
GP-1118	74	34	27
GP-1119	74	37	31
GP-1120	78	39	34
GP-1121	86	57	42
GP-1122	86	54	45
GP-1123	77	43	40
GP-1124	101	69	57
GP-1125	103	71	59
GP-1126	91	62	52
GP-1127	88	60	51
GP-1128	92	62	52
GP-1129	93	62	52
GP-1130	65	35	26
GP-1131	44	13	6
GP-1132	70	37	26
GP-1133	71	41	28
GP-1134	74	37	24
GP-1135	73	36	26
GP-1136	72	37	25
GP-1137	70	33	22
GP-1138	67	32	23
GP-1139	86	54	40
GP-1140	69	39	30
GP-1141	58	25	22
GP-1142	87	53	47
GP-1143	72	40	30
GP-1144	88	53	50
GP-1145	86	49	37
GP-1146	66	31	20
GP-1147	76	47	37
GP-1148	320	288	276
GP-1149	89	59	47
GP-1150	60	34	25
GP-1151	65	34	24
GP-1152	60	30	20
GP-1153	68	34	23
GP-1154	74	40	30
GP-1155	66	30	20
GP-1156	61	31	22
GP-1157	69	36	25
GP-1158	114	81	65
GP-1159	65	34	24
GP-1160	60	29	19
GP-1161	76	46	34
GP-1162	59	30	20
GP-1163	64	33	24
GP-1164	74	67	64
GP-1165	61	54	45
GP-1166	85	76	73
GP-1167	75	68	65
GP-1168	78	69	66
GP-1169	65	60	57
GP-1170	65	60	59
GP-1171	69	64	60
GP-1172	67	61	59
GP-1173	32	25	22
GP-1174	41	31	25
GP-1175	33	26	23
GP-1176	49	42	35
GP-1177	38	29	25
GP-1178	32	25	20
GP-1179	34	27	19
GP-1180	29	20	17
GP-1181	31	22	18
GP-1182	61	55	47
GP-1183	44	36	34
GP-1184	27	19	17
GP-1185	30	23	17
GP-1186	49	42	36
GP-1187	33	24	20
GP-1188	80	72	70
GP-1189	26	19	15
GP-1190	53	46	43
GP-1191	53	48	43
GP-1192	68	62	53
GP-1193	32	27	22
GP-1194	31	24	18
GP-1195	29	22	16
GP-1196	17	11	10
GP-1197	46	39	37
GP-1198	26	18	14
GP-1199	28	20	17
GP-1200	27	19	18
GP-1201	28	22	18
GP-1202	22	16	14
GP-1203	75	69	68
GP-1204	27	21	16
GP-1205	30	23	18
GP-1206	78	67	64
GP-1207	63	52	46
GP-1208	58	47	45
GP-1209	84	72	67
GP-1210	71	59	59
GP-1211	73	61	62
GP-1212	76	64	63
GP-1213	75	64	63
GP-1214	26	16	9
GP-1215	44	32	27
GP-1216	41	30	24
GP-1217	55	43	35
GP-1218	47	34	27
GP-1219	39	26	19
GP-1220	22	9	4
GP-1221	26	14	8
GP-1222	26	13	6
GP-1223	68	54	45
GP-1224	55	42	35
GP-1225	36	22	19
GP-1226	20	8	6
GP-1227	53	40	37
GP-1228	27	14	8
GP-1229	63	50	44
GP-1230	21	9	6
GP-1231	56	46	44
GP-1232	62	50	43
GP-1233	69	59	55
GP-1234	35	26	24
GP-1235	22	9	7
GP-1236	24	12	7
GP-1237	32	20	18
GP-1238	59	45	41
GP-1239	30	18	15
GP-1240	36	24	19
GP-1241	19	7	7
GP-1242	22	10	7
GP-1243	27	16	15
GP-1244	54	43	42
GP-1245	21	11	7
GP-1246	21	9	8
GP-1247	97	71	59
GP-1248	81	53	41
GP-1249	71	47	43
GP-1250	96	70	65
GP-1251	85	59	58
GP-1252	88	64	62
GP-1253	30	9	8
GP-1254	54	30	24
GP-1255	49	23	21
GP-1256	64	41	35
GP-1257	57	31	25
GP-1258	45	19	17
GP-1259	34	6	3
GP-1260	33	7	5
GP-1261	34	8	5
GP-1262	79	57	47
GP-1263	62	37	33
GP-1264	42	17	16
GP-1265	36	11	5
GP-1266	64	38	35
GP-1267	36	11	7
GP-1268	74	50	42
GP-1269	27	5	4
GP-1270	63	43	42
GP-1271	65	42	40
GP-1272	77	56	53
GP-1273	41	21	20
GP-1274	28	7	6
GP-1275	30	5	4
GP-1276	44	19	16
GP-1277	61	39	38
GP-1278	32	13	12
GP-1279	40	17	16
GP-1280	27	7	6
GP-1281	31	9	7
GP-1282	40	15	14
GP-1283	68	43	39
GP-1284	27	5	4
GP-1285	31	8	7
GP-1286	104	84	61
GP-1287	74	56	45
GP-1288	73	51	45
GP-1289	90	69	63
GP-1290	93	75	67
GP-1291	75	58	58
GP-1292	79	61	59
GP-1293	80	62	61
GP-1294	81	62	60
GP-1295	33	14	10
GP-1296	50	30	25
GP-1297	49	30	24
GP-1298	61	42	34
GP-1299	56	36	26
GP-1300	49	27	19
GP-1301	35	15	9
GP-1302	35	14	8
GP-1303	32	12	7
GP-1304	77	57	46
GP-1305	62	42	37
GP-1306	45	26	18
GP-1307	27	9	7
GP-1308	62	41	35
GP-1309	34	14	9
GP-1310	75	56	44
GP-1311	29	10	4
GP-1312	67	48	44
GP-1313	67	48	43
GP-1314	74	55	53
GP-1315	32	18	18
GP-1316	28	9	7
GP-1317	23	6	5
GP-1318	44	22	17
GP-1319	60	43	39
GP-1320	38	17	13
GP-1321	36	18	16
GP-1322	25	8	7
GP-1323	32	14	7
GP-1324	35	17	15
GP-1325	62	45	42
GP-1326	24	7	4
GP-1327	27	11	7
GP-1328	103	74	61
GP-1329	88	59	47
GP-1330	77	49	45
GP-1331	96	68	60
GP-1332	99	66	57
GP-1333	101	67	59
GP-1334	104	69	60
GP-1335	105	69	60
GP-1336	39	8	3
GP-1337	65	29	24
GP-1338	62	28	21
GP-1339	77	44	34
GP-1340	76	39	25
GP-1341	56	24	17
GP-1342	48	15	7
GP-1343	57	19	7
GP-1344	58	21	6
GP-1345	95	58	44
GP-1346	76	43	34
GP-1347	64	27	16
GP-1348	43	10	1
GP-1349	78	41	35
GP-1350	44	9	2
GP-1351	93	57	41
GP-1352	50	13	6
GP-1353	83	53	44
GP-1354	85	49	41
GP-1355	84	56	53
GP-1356	46	20	19
GP-1357	46	10	2
GP-1358	38	8	4
GP-1359	55	25	17
GP-1360	76	44	39
GP-1361	52	18	12
GP-1362	53	21	17
GP-1363	42	8	1
GP-1364	48	14	2
GP-1365	51	17	13
GP-1366	77	43	39
GP-1367	41	11	4
GP-1368	44	9	3
GP-1369	152	111	89
GP-1370	105	65	58
GP-1371	112	67	58
GP-1372	121	79	68
GP-1373	126	83	70
GP-1374	97	62	61
GP-1375	106	67	61
GP-1376	111	65	64
GP-1377	103	67	63
GP-1378	86	49	47
GP-1379	91	47	39
GP-1380	100	56	49
GP-1381	89	44	38
GP-1382	99	52	40
GP-1383	104	59	47
GP-1384	104	60	48
GP-1385	104	55	47
GP-1386	100	55	45
GP-1387	100	53	46
GP-1388	103	57	51
GP-1389	93	49	43
GP-1390	79	43	42
GP-1391	102	58	50
GP-1392	99	55	47
GP-1393	101	57	44
GP-1394	88	47	42
GP-1395	83	48	48
GP-1396	95	54	46
GP-1397	93	58	56
GP-1398	75	43	43
GP-1399	86	46	45
GP-1400	83	44	40
GP-1401	84	45	42
GP-1402	80	46	40
GP-1403	83	47	43
GP-1404	84	48	44
GP-1405	89	50	45
GP-1406	122	79	72
GP-1407	84	46	46
GP-1408	78	41	40
GP-1409	80	45	43
GP-1410	79	41	41
GP-1411	88	50	45
GP-1412	129	99	78
GP-1413	95	67	48
GP-1414	90	63	51
GP-1415	73	46	39
GP-1416	71	41	33
GP-1417	80	49	39
GP-1418	79	51	42
GP-1419	74	42	33
GP-1420	74	44	36
GP-1421	78	47	38
GP-1422	81	49	38
GP-1423	78	48	35
GP-1424	78	46	37
GP-1425	95	67	54
GP-1426	75	43	34
GP-1427	75	46	33
GP-1428	84	52	44
GP-1429	81	51	39
GP-1430	94	62	51
GP-1431	61	36	31
GP-1432	75	53	49
GP-1433	82	53	49
GP-1434	91	66	61
GP-1435	59	37	35
GP-1436	67	40	36
GP-1437	65	39	31
GP-1438	64	37	33
GP-1439	76	51	45
GP-1440	62	34	29
GP-1441	58	33	32
GP-1442	64	36	35
GP-1443	65	38	34
GP-1444	56	33	29
GP-1445	88	58	48
GP-1446	67	41	32
GP-1447	65	38	34
GP-1448	81	33	22
GP-1449	77	36	24
GP-1450	93	54	34
GP-1451	107	69	52
GP-1452	97	55	48
GP-1453	122	81	60
GP-1454	131	87	66
GP-1455	109	71	57
GP-1456	113	73	58
GP-1457	114	73	60
GP-1458	112	73	60
GP-1459	72	35	20
GP-1460	85	42	26
GP-1461	77	35	21
GP-1462	92	52	31
GP-1463	81	34	26
GP-1464	82	37	18
GP-1465	86	40	20
GP-1466	79	36	18
GP-1467	80	36	17
GP-1468	81	38	16
GP-1469	106	65	43
GP-1470	94	52	35
GP-1471	87	46	40
GP-1472	94	50	34
GP-1473	105	59	44
GP-1474	107	63	43
GP-1475	66	29	13
GP-1476	90	56	41
GP-1477	333	295	283
GP-1478	105	68	52
GP-1479	58	31	18
GP-1480	75	34	19
GP-1481	62	27	13
GP-1482	67	31	18
GP-1483	88	50	36
GP-1484	67	27	13
GP-1485	66	28	16
GP-1486	73	31	17
GP-1487	73	33	18
GP-1488	69	28	13
GP-1489	96	56	40
GP-1490	60	26	13
GP-1491	69	33	19
GP-1492	103	66	34
GP-1493	140	101	76
GP-1494	136	97	72
GP-1495	145	105	63
GP-1496	112	78	56
GP-1497	117	79	58
GP-1498	122	85	61
GP-1499	126	90	58
GP-1500	70	33	4
GP-1501	99	59	27
GP-1502	93	53	22
GP-1503	110	70	34
GP-1504	122	81	49
GP-1505	92	53	18
GP-1506	82	42	8
GP-1507	80	41	7
GP-1508	81	41	7
GP-1509	74	34	1
GP-1510	123	85	45
GP-1511	104	64	34
GP-1512	106	66	41
GP-1513	109	69	35
GP-1514	72	32	3
GP-1515	121	80	41
GP-1516	72	32	5
GP-1517	90	57	42
GP-1518	322	286	257
GP-1519	107	76	54
GP-1520	63	34	22
GP-1521	62	29	3
GP-1522	65	31	5
GP-1523	81	44	18
GP-1524	101	64	38
GP-1525	76	40	13
GP-1526	78	43	17
GP-1527	59	22	1
GP-1528	60	26	2
GP-1529	66	35	13
GP-1530	102	64	39
GP-1531	66	29	5
GP-1532	56	22	2
GP-1533	129	92	75
GP-1534	88	50	41
GP-1535	92	53	48
GP-1536	114	73	63
GP-1537	115	78	68
GP-1538	106	67	61
GP-1539	104	66	61
GP-1540	110	71	64
GP-1541	106	70	64
GP-1542	245	207	199
GP-1543	75	40	36
GP-1544	73	35	31
GP-1545	82	41	35
GP-1546	87	48	39
GP-1547	78	36	28
GP-1548	87	43	33
GP-1549	86	46	37
GP-1550	90	43	36
GP-1551	88	42	34
GP-1552	79	38	33
GP-1553	105	61	52
GP-1554	85	44	40
GP-1555	81	39	33
GP-1556	78	41	34
GP-1557	86	47	36
GP-1558	100	54	47
GP-1559	79	39	32
GP-1560	85	49	46
GP-1561	92	50	45
GP-1562	96	65	58
GP-1563	62	34	32
GP-1564	80	39	35
GP-1565	72	36	32
GP-1566	74	37	32
GP-1567	82	45	41
GP-1568	66	31	29
GP-1569	68	34	32
GP-1570	74	38	33
GP-1571	136	92	75
GP-1572	74	40	35
GP-1573	70	34	31
GP-1574	87	51	45
GP-1575	76	37	30
GP-1576	74	39	35
GP-1577	71	47	38
GP-1578	107	85	80
GP-1579	100	77	74
GP-1580	96	72	63
GP-1581	84	62	57
GP-1582	88	65	59
GP-1583	86	64	60
GP-1584	87	64	59
GP-1585	31	10	5
GP-1586	56	32	26
GP-1587	52	29	23
GP-1588	68	46	34
GP-1589	78	55	51
GP-1590	49	26	19
GP-1591	36	13	9
GP-1592	37	14	8
GP-1593	35	13	8
GP-1594	28	5	2
GP-1595	84	61	47
GP-1596	62	39	35
GP-1597	70	47	42
GP-1598	28	4	2
GP-1599	68	45	38
GP-1600	72	48	44
GP-1601	33	10	6
GP-1602	70	47	43
GP-1603	291	267	259
GP-1604	84	61	53
GP-1605	49	27	22
GP-1606	31	7	4
GP-1607	36	12	6
GP-1608	49	26	20
GP-1609	69	44	39
GP-1610	42	18	14
GP-1611	45	22	18
GP-1612	27	5	3
GP-1613	30	6	3
GP-1614	39	17	14
GP-1615	70	47	41
GP-1616	34	12	6
GP-1617	31	7	4
GP-1618	125	96	86
GP-1619	94	62	55
GP-1620	100	64	56
GP-1621	102	73	64
GP-1622	107	78	69
GP-1623	93	62	59
GP-1624	91	60	59
GP-1625	98	66	60
GP-1626	104	69	60
GP-1627	81	49	47
GP-1628	78	42	38
GP-1629	84	49	45
GP-1630	67	34	27
GP-1631	87	50	39
GP-1632	113	75	67
GP-1633	91	54	46
GP-1634	86	51	46
GP-1635	83	47	43
GP-1636	86	50	44
GP-1637	90	56	45
GP-1638	88	53	48
GP-1639	84	49	41
GP-1640	75	46	43
GP-1641	94	57	49
GP-1642	88	53	46
GP-1643	79	45	39
GP-1644	83	50	46
GP-1645	80	49	46
GP-1646	96	64	55
GP-1647	73	46	44
GP-1648	82	48	44
GP-1649	75	44	40
GP-1650	109	72	68
GP-1651	72	37	31
GP-1652	74	41	37
GP-1653	78	45	40
GP-1654	107	72	67
GP-1655	81	50	45
GP-1656	73	39	37
GP-1657	37	5	1
GP-1658	80	46	41
GP-1659	102	71	67
GP-1660	107	82	58
GP-1661	84	60	39
GP-1662	77	54	41
GP-1663	111	87	66
GP-1664	113	93	68
GP-1665	89	65	55
GP-1666	90	66	56
GP-1667	96	72	57
GP-1668	101	77	62
GP-1669	44	20	8
GP-1670	64	40	24
GP-1671	61	37	20
GP-1672	72	49	32
GP-1673	66	41	24
GP-1674	55	31	15
GP-1675	50	24	7
GP-1676	50	26	6
GP-1677	47	21	3
GP-1678	45	19	5
GP-1679	84	62	43
GP-1680	73	47	31
GP-1681	53	27	14
GP-1682	35	10	5
GP-1683	73	48	33
GP-1684	45	21	7
GP-1685	86	61	39
GP-1686	70	46	40
GP-1687	76	51	39
GP-1688	82	60	52
GP-1689	41	22	20
GP-1690	36	12	6
GP-1691	33	13	3
GP-1692	44	21	13
GP-1693	72	48	35
GP-1694	45	21	10
GP-1695	44	20	14
GP-1696	37	13	6
GP-1697	34	12	6
GP-1698	43	20	11
GP-1699	73	50	38
GP-1700	37	15	3
GP-1701	39	14	6
GP-1702	211	135	87
GP-1703	186	111	55
GP-1704	199	119	54
GP-1705	227	148	65
GP-1706	233	155	67
GP-1707	168	93	61
GP-1708	172	94	62
GP-1709	174	102	63
GP-1710	198	120	63
GP-1711	346	267	198
GP-1712	179	100	47
GP-1713	191	111	40
GP-1714	187	108	47
GP-1715	170	92	37
GP-1716	202	122	40
GP-1717	197	117	44
GP-1718	198	118	48
GP-1719	191	112	47
GP-1720	189	109	43
GP-1721	195	115	47
GP-1722	194	115	49
GP-1723	195	115	53
GP-1724	195	115	43
GP-1725	151	74	45
GP-1726	195	116	51
GP-1727	213	133	47
GP-1728	208	128	45
GP-1729	164	86	42
GP-1730	155	77	42
GP-1731	134	62	25
GP-1732	124	58	48
GP-1733	163	86	47
GP-1734	154	78	43
GP-1735	165	85	42
GP-1736	167	87	40
GP-1737	175	95	42
GP-1738	163	84	43
GP-1739	177	97	44
GP-1740	208	130	70
GP-1741	146	72	44
GP-1742	151	74	41
GP-1743	169	91	46
GP-1744	156	81	43
GP-1745	150	76	45
GP-1746	179	144	98
GP-1747	391	350	298
GP-1748	391	350	300
GP-1749	184	144	72
GP-1750	195	155	74
GP-1751	127	90	62
GP-1752	126	91	62
GP-1753	133	100	64
GP-1754	137	102	62
GP-1755	129	92	45
GP-1756	139	98	44
GP-1757	142	101	47
GP-1758	126	92	41
GP-1759	395	354	285
GP-1760	151	110	45
GP-1761	158	117	47
GP-1762	146	104	47
GP-1763	138	97	44
GP-1764	146	105	44
GP-1765	153	119	52
GP-1766	134	94	48
GP-1767	392	350	290
GP-1768	325	293	262
GP-1769	159	117	52
GP-1770	378	337	269
GP-1771	156	114	51
GP-1772	103	73	40
GP-1773	89	60	42
GP-1774	107	75	54
GP-1775	74	50	42
GP-1776	120	84	43
GP-1777	94	62	39
GP-1778	129	93	56
GP-1779	126	90	41
GP-1780	120	85	38
GP-1781	110	76	40
GP-1782	113	77	43
GP-1783	102	71	43
GP-1784	93	58	37
GP-1785	115	81	49
GP-1786	109	72	40
GP-1787	93	60	39
GP-1788	206	167	96
GP-1789	170	136	65
GP-1790	187	146	62
GP-1791	208	166	72
GP-1792	214	173	74
GP-1793	151	114	68
GP-1794	158	124	70
GP-1795	162	126	70
GP-1796	178	139	70
GP-1797	171	130	57
GP-1798	176	135	51
GP-1799	166	125	56
GP-1800	165	124	48
GP-1801	188	145	52
GP-1802	187	146	55
GP-1803	188	145	56
GP-1804	185	144	58
GP-1805	172	131	52
GP-1806	178	138	56
GP-1807	186	147	57
GP-1808	182	142	60
GP-1809	171	128	51
GP-1810	142	101	53
GP-1811	181	141	60
GP-1812	182	139	55
GP-1813	189	147	54
GP-1814	153	111	51
GP-1815	95	59	27
GP-1816	144	102	52
GP-1817	106	74	57
GP-1818	138	100	55
GP-1819	128	89	51
GP-1820	132	95	51
GP-1821	150	111	50
GP-1822	154	115	52
GP-1823	140	100	51
GP-1824	128	89	53
GP-1825	133	96	56
GP-1826	125	88	49
GP-1827	148	108	53
GP-1828	144	106	51
GP-1829	133	98	55
GP-1830	200	190	60
GP-1831	179	169	40
GP-1832	197	187	42
GP-1833	253	243	60
GP-1834	155	145	54
GP-1835	150	140	57
GP-1836	155	145	24
GP-1837	175	165	27
GP-1838	163	153	22
GP-1839	182	172	35
GP-1840	192	182	25
GP-1841	180	170	19
GP-1842	183	173	23
GP-1843	184	174	21
GP-1844	168	158	18
GP-1845	174	164	21
GP-1846	206	196	43
GP-1847	166	156	32
GP-1848	171	161	18
GP-1849	123	113	20
GP-1850	173	163	31
GP-1851	179	169	22
GP-1852	207	197	42
GP-1853	135	125	18
GP-1854	110	100	44
GP-1855	147	137	40
GP-1856	137	127	55
GP-1857	126	116	22
GP-1858	114	104	17
GP-1859	119	109	17
GP-1860	153	143	36
GP-1861	136	126	16
GP-1862	112	102	20
GP-1863	126	116	19
GP-1864	107	97	21
GP-1865	103	93	18
GP-1866	159	149	41
GP-1867	128	118	17
GP-1868	106	96	20
GP-1869	77	44	0
GP-1870	134	91	62
GP-1871	123	80	46
GP-1872	124	78	43
GP-1873	156	112	66
GP-1874	115	74	57
GP-1875	127	84	62
GP-1876	72	28	4
GP-1877	108	64	26
GP-1878	102	58	24
GP-1879	110	66	33
GP-1880	111	67	24
GP-1881	101	57	16
GP-1882	90	45	7
GP-1883	87	43	7
GP-1884	87	43	8
GP-1885	83	39	1
GP-1886	128	85	44
GP-1887	117	74	34
GP-1888	103	59	19
GP-1889	51	12	1
GP-1890	111	67	36
GP-1891	85	41	3
GP-1892	133	89	43
GP-1893	70	25	5
GP-1894	94	54	43
GP-1895	104	64	44
GP-1896	108	66	53
GP-1897	64	33	24
GP-1898	65	24	7
GP-1899	80	35	16
GP-1900	106	64	40
GP-1901	80	38	15
GP-1902	78	37	19
GP-1903	66	23	2
GP-1904	64	19	2
GP-1905	66	27	15
GP-1906	110	67	41
GP-1907	63	20	7
GP-1908	57	18	3
GP-1909	159	107	56
GP-1910	142	91	38
GP-1911	155	102	38
GP-1912	200	145	60
GP-1913	205	150	62
GP-1914	139	88	56
GP-1915	132	82	56
GP-1916	137	87	59
GP-1917	146	93	58
GP-1918	103	50	7
GP-1919	132	78	22
GP-1920	115	63	18
GP-1921	140	85	33
GP-1922	162	107	22
GP-1923	145	90	14
GP-1924	123	68	7
GP-1925	121	67	6
GP-1926	112	58	4
GP-1927	106	53	5
GP-1928	154	100	42
GP-1929	128	76	28
GP-1930	133	79	14
GP-1931	79	31	5
GP-1932	149	95	32
GP-1933	126	71	7
GP-1934	178	122	40
GP-1935	89	38	3
GP-1936	96	52	40
GP-1937	118	67	38
GP-1938	111	70	52
GP-1939	58	19	16
GP-1940	76	28	6
GP-1941	93	41	14
GP-1942	119	69	36
GP-1943	95	45	10
GP-1944	89	39	13
GP-1945	77	28	5
GP-1946	78	27	7
GP-1947	70	25	11
GP-1948	116	67	36
GP-1949	72	24	1
GP-1950	64	20	5
GP-1951	29	17	2
GP-1952	56	44	26
GP-1953	121	95	63
GP-1954	107	83	45
GP-1955	137	109	73
GP-1956	136	110	63
GP-1957	145	119	65
GP-1958	96	72	57
GP-1959	105	79	58
GP-1960	104	77	59
GP-1961	112	85	58
GP-1962	78	51	20
GP-1963	88	61	26
GP-1964	86	60	22
GP-1965	100	74	34
GP-1966	96	68	25
GP-1967	74	47	10
GP-1968	83	57	20
GP-1969	91	65	18
GP-1970	82	55	16
GP-1971	86	59	17
GP-1972	116	90	45
GP-1973	93	68	35
GP-1974	75	48	20
GP-1975	67	39	18
GP-1976	101	75	36
GP-1977	83	58	21
GP-1978	143	115	71
GP-1979	64	37	13
GP-1980	81	53	42
GP-1981	100	76	58
GP-1982	87	64	55
GP-1983	47	27	21
GP-1984	73	46	19
GP-1985	59	36	14
GP-1986	85	60	36
GP-1987	59	35	13
GP-1988	66	40	16
GP-1989	67	42	17
GP-1990	63	36	18
GP-1991	53	27	13
GP-1992	124	97	70
GP-1993	67	41	14
GP-1994	63	36	19
GP-1995	113	92	82
GP-1996	88	67	53
GP-1997	88	68	48
GP-1998	103	82	60
GP-1999	109	87	62
GP-2000	78	60	54
GP-2001	84	65	55
GP-2002	87	69	56
GP-2003	94	74	56
GP-2004	247	227	197
GP-2005	76	57	43
GP-2006	74	52	35
GP-2007	77	55	40
GP-2008	70	51	24
GP-2009	80	58	33
GP-2010	85	63	38
GP-2011	83	61	43
GP-2012	91	70	42
GP-2013	82	60	38
GP-2014	83	61	41
GP-2015	89	68	42
GP-2016	83	61	43
GP-2017	77	55	36
GP-2018	62	43	39
GP-2019	84	63	43
GP-2020	82	61	43
GP-2021	80	58	32
GP-2022	70	50	37
GP-2023	65	49	44
GP-2024	71	51	41
GP-2025	85	67	55
GP-2026	57	41	38
GP-2027	68	49	41
GP-2028	64	47	37
GP-2029	61	41	36
GP-2030	64	44	33
GP-2031	62	45	36
GP-2032	67	46	39
GP-2033	116	96	66
GP-2034	70	48	40
GP-2035	53	37	32
GP-2036	63	42	30
GP-2037	69	51	37
GP-2038	62	44	38
GP-2039	90	72	58
GP-2040	82	65	42
GP-2041	82	61	40
GP-2042	99	81	55
GP-2043	106	89	61
GP-2044	76	59	53
GP-2045	85	67	54
GP-2046	79	63	55
GP-2047	80	64	55
GP-2048	52	33	17
GP-2049	66	45	22
GP-2050	58	39	20
GP-2051	72	54	31
GP-2052	70	48	22
GP-2053	58	37	14
GP-2054	62	40	17
GP-2055	64	45	16
GP-2056	56	35	12
GP-2057	52	30	14
GP-2058	88	69	42
GP-2059	72	50	29
GP-2060	59	37	14
GP-2061	44	22	15
GP-2062	71	52	29
GP-2063	64	42	17
GP-2064	87	66	38
GP-2065	40	19	12
GP-2066	67	48	39
GP-2067	70	52	38
GP-2068	74	55	49
GP-2069	33	20	18
GP-2070	41	20	15
GP-2071	37	21	12
GP-2072	45	25	13
GP-2073	69	48	33
GP-2074	33	17	13
GP-2075	44	24	14
GP-2076	41	23	15
GP-2077	23	4	0
GP-2078	70	50	37
GP-2079	39	20	12
GP-2080	43	24	15
GP-2081	108	85	58
GP-2082	94	71	44
GP-2083	105	82	42
GP-2084	130	107	60
GP-2085	138	114	64
GP-2086	87	64	57
GP-2087	102	80	58
GP-2088	91	72	59
GP-2089	106	82	59
GP-2090	71	48	22
GP-2091	86	61	24
GP-2092	84	60	22
GP-2093	93	70	34
GP-2094	89	65	24
GP-2095	82	58	16
GP-2096	81	57	21
GP-2097	81	57	20
GP-2098	81	57	16
GP-2099	79	54	19
GP-2100	112	88	44
GP-2101	79	55	32
GP-2102	72	48	16
GP-2103	56	32	18
GP-2104	90	66	36
GP-2105	81	57	21
GP-2106	111	87	41
GP-2107	62	38	15
GP-2108	75	52	43
GP-2109	76	55	41
GP-2110	87	65	53
GP-2111	42	26	23
GP-2112	52	31	20
GP-2113	49	29	15
GP-2114	49	28	16
GP-2115	72	49	36
GP-2116	52	27	13
GP-2117	56	31	17
GP-2118	59	35	18
GP-2119	44	24	13
GP-2120	79	54	40
GP-2121	59	36	16
GP-2122	59	36	19
GP-2123	104	85	62
GP-2124	95	72	45
GP-2125	121	97	72
GP-2126	116	93	61
GP-2127	89	69	56
GP-2128	99	78	59
GP-2129	42	19	4
GP-2130	75	50	24
GP-2131	64	42	22
GP-2132	79	59	34
GP-2133	79	53	25
GP-2134	69	43	18
GP-2135	56	31	7
GP-2136	56	33	7
GP-2137	56	31	6
GP-2138	45	20	1
GP-2139	99	76	43
GP-2140	83	58	35
GP-2141	68	43	17
GP-2142	38	15	1
GP-2143	81	58	35
GP-2144	51	26	3
GP-2145	121	97	70
GP-2146	42	20	5
GP-2147	71	51	43
GP-2148	75	55	41
GP-2149	87	65	53
GP-2150	41	26	22
GP-2151	37	16	2
GP-2152	39	19	5
GP-2153	56	33	17
GP-2154	72	49	38
GP-2155	53	29	13
GP-2156	49	26	17
GP-2157	34	11	2
GP-2158	48	25	13
GP-2159	101	81	68
GP-2160	39	17	5
GP-2161	33	13	1
GP-2162	108	72	66
GP-2163	114	79	71
GP-2164	112	76	75
GP-2165	93	68	67
GP-2166	100	68	67
GP-2167	175	107	64
GP-2168	159	93	47
GP-2169	163	95	49
GP-2170	187	122	63
GP-2171	135	77	58
GP-2172	145	86	59
GP-2173	150	83	61
GP-2174	160	95	59
GP-2175	101	37	9
GP-2176	139	70	29
GP-2177	122	58	24
GP-2178	145	78	36
GP-2179	148	78	29
GP-2180	135	65	20
GP-2181	123	53	9
GP-2182	126	56	9
GP-2183	121	53	8
GP-2184	114	45	4
GP-2185	165	98	46
GP-2186	133	69	35
GP-2187	134	64	19
GP-2188	93	31	3
GP-2189	154	84	38
GP-2190	116	46	5
GP-2191	167	98	47
GP-2192	89	25	6
GP-2193	118	59	45
GP-2194	131	66	43
GP-2195	127	69	55
GP-2196	75	31	23
GP-2197	83	23	3
GP-2198	85	25	7
GP-2199	110	44	19
GP-2200	136	70	40
GP-2201	121	53	15
GP-2202	96	38	19
GP-2203	94	30	4
GP-2204	90	29	15
GP-2205	133	66	42
GP-2206	95	30	7
GP-2207	91	28	5
GP-2208	167	114	61
GP-2209	139	90	42
GP-2210	153	95	39
GP-2211	183	128	60
GP-2212	193	137	61
GP-2213	127	74	53
GP-2214	136	81	55
GP-2215	133	78	55
GP-2216	150	93	55
GP-2217	109	54	17
GP-2218	128	72	22
GP-2219	125	69	19
GP-2220	139	84	32
GP-2221	146	88	22
GP-2222	130	73	14
GP-2223	130	74	16
GP-2224	127	71	16
GP-2225	124	69	13
GP-2226	129	72	15
GP-2227	156	99	42
GP-2228	129	72	30
GP-2229	130	72	15
GP-2230	98	45	14
GP-2231	144	89	33
GP-2232	133	76	16
GP-2233	159	103	39
GP-2234	102	50	11
GP-2235	100	52	40
GP-2236	123	67	38
GP-2237	123	75	50
GP-2238	67	29	20
GP-2239	90	37	15
GP-2240	89	42	12
GP-2241	101	48	13
GP-2242	125	68	33
GP-2243	84	29	1
GP-2244	95	40	14
GP-2245	105	51	14
GP-2246	101	49	15
GP-2247	129	73	37
GP-2248	91	36	11
GP-2249	101	53	16
GP-2250	24	14	2
GP-2251	31	14	3
GP-2252	38	21	0
GP-2253	126	111	59
GP-2254	16	7	1
GP-2255	26	13	0
GP-2256	134	121	103
GP-2257	112	98	68
GP-2258	93	80	63
GP-2259	106	94	62
GP-2260	106	93	60
GP-2261	24	11	1
GP-2262	97	87	79
GP-2263	104	93	82
GP-2264	102	92	78
GP-2265	62	52	46
GP-2266	57	47	48
GP-2267	22	11	2
GP-2268	94	87	80
GP-2269	95	87	77
GP-2270	92	83	76
GP-2271	92	86	79
GP-2272	104	93	82
GP-2273	67	42	7
GP-2274	53	29	5
GP-2275	81	55	23
GP-2276	53	30	3
GP-2277	58	32	5
GP-2278	89	64	30
GP-2279	89	64	35
GP-2280	150	125	80
GP-2281	141	115	78
GP-2282	57	33	6
GP-2283	40	17	4
GP-2284	42	19	5
GP-2285	68	43	4
GP-2286	60	35	23
GP-2287	42	20	5
GP-2288	36	15	7
GP-2289	55	33	22
GP-2290	32	15	5
GP-2291	28	9	0
GP-2292	65	46	28
GP-2293	64	48	33
GP-2294	117	97	78
GP-2295	107	89	75
GP-2296	31	11	5
GP-2297	31	12	7
GP-2298	32	12	8
GP-2299	40	18	7
GP-2300	43	24	20
GP-2301	106	70	9
GP-2302	72	37	1
GP-2303	103	66	24
GP-2304	74	40	0
GP-2305	86	50	5
GP-2306	121	85	30
GP-2307	112	77	34
GP-2308	173	138	77
GP-2309	157	120	75
GP-2310	66	31	4
GP-2311	78	44	6
GP-2312	46	13	1
GP-2313	87	52	1
GP-2314	86	51	22
GP-2315	105	71	10
GP-2316	81	47	1
GP-2317	119	85	25
GP-2318	77	45	2
GP-2319	95	61	7
GP-2320	118	84	32
GP-2321	111	81	37
GP-2322	184	150	80
GP-2323	169	138	79
GP-2324	62	30	5
GP-2325	86	52	8
GP-2326	58	27	1
GP-2327	102	68	2
GP-2328	85	53	25
GP-2329	54	20	8
GP-2330	47	11	1
GP-2331	70	34	24
GP-2332	42	7	0
GP-2333	50	15	5
GP-2334	79	43	32
GP-2335	71	43	36
GP-2336	134	96	80
GP-2337	122	87	77
GP-2338	43	10	3
GP-2339	42	14	7
GP-2340	34	7	1
GP-2341	35	6	1
GP-2342	64	34	23
GP-2343	27	18	0
GP-2344	21	11	0
GP-2345	44	29	2
GP-2346	82	55	22
GP-2347	67	46	23
GP-2348	55	28	0
GP-2349	61	35	20
GP-2350	73	46	18
GP-2351	89	63	34
GP-2352	85	58	38
GP-2353	57	34	22
GP-2354	62	36	19
GP-2355	57	32	23
GP-2356	60	35	24
GP-2357	76	49	24
GP-2358	53	22	4
GP-2359	126	100	34
GP-2360	46	22	0
GP-2361	116	88	35
GP-2362	44	17	1
GP-2363	63	44	2
GP-2364	125	100	86
GP-2365	98	73	55
GP-2366	96	68	54
GP-2367	111	83	61
GP-2368	118	90	64
GP-2369	95	69	58
GP-2370	94	68	58
GP-2371	96	69	59
GP-2372	103	75	58
GP-2373	84	57	45
GP-2374	77	48	37
GP-2375	88	59	44
GP-2376	73	45	26
GP-2377	83	53	36
GP-2378	106	79	65
GP-2379	89	60	44
GP-2380	90	62	43
GP-2381	82	54	39
GP-2382	84	55	42
GP-2383	92	64	43
GP-2384	93	64	49
GP-2385	82	55	40
GP-2386	78	53	41
GP-2387	89	60	48
GP-2388	87	60	44
GP-2389	40	12	0
GP-2390	79	51	39
GP-2391	75	52	44
GP-2392	84	58	45
GP-2393	86	61	53
GP-2394	71	49	44
GP-2395	82	56	42
GP-2396	77	51	38
GP-2397	102	77	68
GP-2398	66	38	30
GP-2399	74	45	37
GP-2400	71	48	40
GP-2401	98	72	65
GP-2402	77	52	41
GP-2403	76	47	37
GP-2404	80	52	40
GP-2405	103	77	65
GP-2406	49	8	0
GP-2407	107	75	57
GP-2408	98	65	39
GP-2409	96	65	38
GP-2410	127	93	61
GP-2411	124	95	62
GP-2412	98	64	56
GP-2413	109	73	57
GP-2414	108	72	59
GP-2415	112	77	58
GP-2416	58	26	7
GP-2417	83	50	22
GP-2418	72	40	18
GP-2419	91	60	32
GP-2420	86	53	21
GP-2421	78	43	13
GP-2422	59	26	6
GP-2423	66	32	5
GP-2424	58	23	4
GP-2425	58	25	4
GP-2426	105	72	43
GP-2427	80	46	31
GP-2428	72	37	13
GP-2429	47	11	4
GP-2430	89	56	32
GP-2431	61	28	6
GP-2432	108	73	40
GP-2433	46	11	2
GP-2434	81	45	41
GP-2435	85	49	38
GP-2436	88	58	53
GP-2437	46	20	17
GP-2438	53	17	5
GP-2439	46	11	0
GP-2440	59	26	12
GP-2441	79	49	35
GP-2442	52	20	10
GP-2443	52	21	13
GP-2444	47	14	4
GP-2445	47	13	6
GP-2446	54	19	11
GP-2447	83	50	38
GP-2448	43	11	6
GP-2449	151	116	60
GP-2450	119	86	43
GP-2451	160	126	72
GP-2452	78	44	5
GP-2453	107	72	27
GP-2454	104	70	22
GP-2455	113	80	34
GP-2456	116	80	25
GP-2457	106	71	18
GP-2458	97	61	8
GP-2459	93	58	8
GP-2460	92	56	6
GP-2461	87	51	2
GP-2462	132	100	47
GP-2463	123	89	35
GP-2464	105	69	18
GP-2465	67	34	2
GP-2466	114	79	34
GP-2467	91	56	4
GP-2468	158	123	70
GP-2469	77	44	6
GP-2470	106	75	44
GP-2471	109	78	40
GP-2472	106	76	54
GP-2473	51	26	21
GP-2474	64	31	3
GP-2475	66	36	6
GP-2476	84	50	17
GP-2477	113	78	37
GP-2478	88	53	14
GP-2479	93	59	18
GP-2480	64	32	1
GP-2481	67	33	3
GP-2482	73	42	14
GP-2483	135	103	67
GP-2484	76	44	6
GP-3001	203	197	143
GP-3002	150	137	118
GP-3003	152	134	118
GP-3004	191	162	122
GP-3005	232	199	126
GP-3006	140	112	93
GP-3007	119	106	89
GP-3008	384	360	288
GP-3009	144	89	87
GP-3010	157	98	91
GP-3011	229	172	166
GP-3012	329	279	275
GP-3013	206	185	167
GP-3014	101	95	87
GP-3015	157	138	135
GP-3016	165	146	91
GP-3017	61	53	39
GP-3018	20	20	0
GP-3019	6	5	0
GP-3020	138	138	134
GP-3021	44	40	38
GP-3022	153	153	147
GP-3023	42	18	8
GP-3024	60	38	7
GP-3025	183	172	139
GP-3026	928	928	899
GP-3027	165	163	161
GP-3028	905	901	856
GP-3029	184	182	157
GP-3030	165	159	150
GP-3031	184	183	178
GP-3032	208	176	171
GP-3033	74	71	68
GP-3034	71	69	68
GP-3035	151	126	115
GP-3036	151	126	115
GP-3037	153	134	109
GP-3038	144	120	66
GP-3039	141	116	65
GP-3040	159	146	113
