sample_id	sample_id2	phensim
zero	zero	-18.0263
1	1	-25.4368
2	2	13.0325
3	3	-5.65833
4	4	17.0606
5	5	-5.92806
6	6	-25.7066
7	7	-28.136
8	8	-31.5556
9	9	-11.2544
10	10	-31.3101
11	11	-50.7876
12	12	38.9592
13	13	-40.5997
14	14	-6.62452
15	15	-5.09442
16	16	-44.7409
17	17	34.9732
18	18	14.2628
19	19	-2.27022
20	20	36.436
21	21	57.6274
22	22	-29.5069
23	23	-20.2774
24	24	-21.9003
25	25	-33.0516
26	26	33.3108
27	27	6.15535
28	28	26.6305
29	29	21.1268
30	30	27.9908
31	31	23.4584
32	32	9.71474
33	33	44.2904
34	34	-42.5884
35	35	7.43268
36	36	-15.3044
37	37	1.95224
38	38	34.8196
39	39	-15.8637
40	40	-36.4287
41	41	-17.4074
42	42	-3.96942
43	43	23.7461
44	44	-33.544
45	45	-3.66886
46	46	-8.10718
47	47	5.61461
48	48	43.0829
49	49	23.4368
50	50	14.3632
51	51	3.41687
52	52	0.0971617
53	53	-4.11714
54	54	-11.8171
55	55	-7.51565
56	56	-1.62893
57	57	18.614
58	58	30.7296
59	59	16.6253
60	60	31.7128
61	61	13.8182
62	62	-13.6953
63	63	38.2169
64	64	11.8309
65	65	36.2778
66	66	41.8697
67	67	-13.3909
68	68	-20.5724
69	69	-12.4672
70	70	-50.5349
71	71	23.7461
72	72	15.812
73	73	-37.9371
74	74	6.60397
75	75	33.2748
76	76	-9.35932
77	77	30.1856
78	78	-0.44501
79	79	-2.51053
80	80	31.3364
81	81	28.9299
82	82	-44.6084
83	83	10.1372
84	84	-7.04515
85	85	-21.9559
86	86	-13.3478
87	87	-1.84445
88	88	-46.9311
89	89	11.2841
90	90	9.60115
91	91	9.50788
92	92	-25.6414
93	93	17.3949
94	94	14.3817
95	95	24.6667
96	96	-8.49123
97	97	-5.50606
98	98	0.00764086
99	99	18.263
100	100	-9.08183
101	101	31.4765
102	102	-7.58212
103	103	38.8194
104	104	43.0128
105	105	28.4017
106	106	29.9695
107	107	18.2033
108	108	4.76312
109	109	-21.6523
110	110	-43.4375
111	111	-11.9277
112	112	-28.2753
113	113	-7.99473
114	114	8.45263
115	115	-5.67269
116	116	13.2006
117	117	20.2255
118	118	-17.2621
119	119	-12.7441
120	120	40.2344
121	121	5.05083
122	122	2.37764
123	123	-0.965971
124	124	-42.7033
125	125	24.6875
126	126	-11.7596
127	127	-9.16783
128	128	-15.3082
129	129	-5.69851
130	130	46.2798
131	131	-11.9638
132	132	6.46105
133	133	28.5943
134	134	-31.5872
135	135	-6.40111
136	136	-2.01687
137	137	-17.0437
138	138	23.8426
139	139	43.7258
140	140	-9.10762
141	141	-8.25104
142	142	46.595
143	143	-39.8268
144	144	-12.2482
145	145	15.9687
146	146	2.15379
147	147	-8.88364
148	148	-20.2255
149	149	-11.7254
150	150	0.626313
151	151	12.32
152	152	47.1988
153	153	23.2152
154	154	-6.89392
155	155	-32.5574
156	156	2.39523
157	157	37.6505
158	158	40.8577
159	159	-45.1004
160	160	-29.3207
161	161	10.6626
162	162	-28.0297
163	163	-13.1077
164	164	-38.2224
165	165	-38.5434
166	166	40.4989
167	167	-15.9063
168	168	-11.2926
169	169	11.368
170	170	31.3623
171	171	30.2068
172	172	20.4316
173	173	-12.1548
174	174	-26.8726
175	175	-0.374285
176	176	37.3777
177	177	16.5341
178	178	-15.4802
179	179	27.3788
180	180	-14.3923
181	181	-30.8002
182	182	-5.73062
183	183	18.0893
184	184	5.83366
185	185	-6.59109
186	186	-47.0407
187	187	-21.8028
188	188	-22.2723
189	189	-12.3213
190	190	-57.1148
191	191	-25.776
192	192	-26.9136
193	193	20.5314
194	194	31.8339
195	195	7.41322
196	196	-22.9232
197	197	4.16243
198	198	19.3423
199	199	1.61717
200	200	19.885
201	201	-12.3017
202	202	42.8809
203	203	16.3415
204	204	-33.0072
205	205	12.8176
206	206	-5.27329
207	207	-10.3331
208	208	29.6076
209	209	-40.136
210	210	-24.7936
211	211	-9.1811
212	212	-38.6092
213	213	49.5804
214	214	4.46851
215	215	-2.96792
216	216	-0.629073
217	217	-37.0947
218	218	37.2079
219	219	-6.29237
220	220	-8.17386
221	221	-34.0868
222	222	37.8747
223	223	15.1737
224	224	-36.9608
225	225	-13.0989
226	226	38.2208
227	227	-23.6109
228	228	-68.1096
229	229	-23.7638
230	230	-46.2316
231	231	22.9505
232	232	12.0317
233	233	30.2736
234	234	-23.3928
235	235	-25.4425
236	236	42.155
237	237	-31.3117
238	238	50.0117
239	239	-22.6647
240	240	0.557845
241	241	-6.55808
242	242	-12.1986
243	243	3.79754
244	244	-15.8691
245	245	46.8102
246	246	44.6858
247	247	-1.44148
248	248	-25.5876
249	249	1.14337
250	250	-2.88365
251	251	-6.68462
252	252	-8.41931
253	253	-5.05541
254	254	-9.95227
255	255	-14.5463
256	256	-33.47
257	257	-12.1697
258	258	-11.5159
259	259	5.64818
260	260	-13.9709
261	261	-11.0078
262	262	2.58261
263	263	29.1986
264	264	-4.62049
265	265	-4.59299
266	266	-30.8748
267	267	-10.8337
268	268	-25.4224
269	269	-11.3543
270	270	-30.0347
271	271	-62.2671
272	272	-41.988
273	273	31.1279
274	274	-13.4711
275	275	-5.81773
276	276	-5.69784
277	277	-17.7228
278	278	-27.9281
279	279	-25.2324
280	280	-6.1801
281	281	0.630836
282	282	-1.83015
283	283	14.6059
284	284	-20.3222
285	285	52.1898
286	286	-32.6037
287	287	-9.63595
288	288	9.70672
289	289	-38.1329
290	290	-4.89695
291	291	2.91149
292	292	36.5601
293	293	22.3589
294	294	25.9382
295	295	-38.2654
296	296	17.2433
297	297	-9.84602
298	298	46.4642
299	299	14.5401
300	300	-47.3105
301	301	-14.4233
302	302	0.271725
303	303	-3.10603
304	304	22.6941
305	305	-45.4427
306	306	-60.5564
307	307	-1.40094
308	308	-30.4446
309	309	30.6289
310	310	1.83028
311	311	1.24118
312	312	-42.3251
313	313	-26.9584
314	314	14.7431
315	315	-3.30981
316	316	-18.5697
317	317	-22.6815
318	318	-0.697555
319	319	-33.3884
320	320	36.8737
321	321	-33.3434
322	322	-4.97119
323	323	31.0007
324	324	8.98419
325	325	4.19471
326	326	-35.1395
327	327	-28.8819
328	328	-28.0805
329	329	9.99519
330	330	-36.6929
331	331	14.9869
332	332	2.3236
333	333	6.92482
334	334	8.51231
335	335	-0.34291
336	336	31.2532
337	337	-1.86778
338	338	-6.41584
339	339	4.37714
340	340	9.36142
341	341	-4.81094
342	342	43.4721
343	343	-13.7664
344	344	28.0211
345	345	33.3849
346	346	1.04239
347	347	-14.6641
348	348	-2.88953
349	349	-18.375
350	350	14.9187
351	351	-10.9055
352	352	-0.262619
353	353	-3.02616
354	354	-49.2476
355	355	34.9626
356	356	16.1185
357	357	-4.72017
358	358	-3.17763
359	359	-21.7433
360	360	39.3932
361	361	49.2648
362	362	-33.0772
363	363	-16.8936
364	364	-66.4174
365	365	-27.8821
366	366	-38.3334
367	367	-32.4334
368	368	-17.5065
369	369	-18.1314
370	370	-30.577
371	371	-10.4435
372	372	15.5721
373	373	3.84796
374	374	-1.16889
375	375	-26.2655
376	376	64.4714
377	377	-4.59055
378	378	-22.4425
379	379	5.92856
380	380	-19.0747
381	381	51.2726
382	382	92.7125
383	383	-2.20304
384	384	-39.7005
385	385	-28.9539
386	386	-14.6012
387	387	-18.3547
388	388	-34.7718
389	389	-4.13283
390	390	-8.26823
391	391	-3.39383
392	392	-9.34276
393	393	9.87401
394	394	-27.6014
395	395	-46.9099
396	396	8.38828
397	397	-15.1286
398	398	23.1327
399	399	41.4602
400	400	-35.9175
401	401	-11.4844
402	402	-8.2162
403	403	1.4596
404	404	31.2434
405	405	-25.6544
406	406	-16.7636
407	407	-6.53802
408	408	10.1659
409	409	-0.93511
410	410	-18.0865
411	411	-37.9015
412	412	-40.9625
413	413	8.47918
414	414	20.9755
415	415	-13.4997
416	416	-19.1699
417	417	-0.185605
418	418	-33.6662
419	419	-26.4982
420	420	-29.1823
421	421	-22.5214
422	422	-0.571357
423	423	-0.782423
424	424	-0.810729
425	425	20.4449
426	426	3.15394
427	427	22.0179
428	428	-7.50875
429	429	17.1359
430	430	-12.7951
431	431	33.7285
432	432	14.7178
433	433	-12.625
434	434	-23.1008
435	435	19.4195
436	436	-8.66625
437	437	-8.94208
438	438	39.621
439	439	6.06836
440	440	12.2372
441	441	-17.3078
442	442	-33.0001
443	443	-35.47
444	444	-24.8763
445	445	20.7972
446	446	24.6595
447	447	67.6499
448	448	14.3557
449	449	12.8847
450	450	-0.0462016
451	451	14.1874
452	452	55.7145
453	453	7.95528
454	454	-0.492328
455	455	25.6274
456	456	-25.2624
457	457	18.4952
458	458	-5.76105
459	459	-6.38502
460	460	-20.7741
461	461	-17.5165
462	462	-21.355
463	463	2.0607
464	464	-17.4988
465	465	-8.38312
466	466	13.5006
467	467	7.15416
468	468	57.1401
469	469	-29.6021
470	470	-4.67376
471	471	35.3026
472	472	1.61975
473	473	40.3265
474	474	-2.0629
475	475	23.1584
476	476	1.54925
477	477	4.78918
478	478	-46.4777
479	479	-34.3534
480	480	6.32909
481	481	-12.0325
482	482	-26.2022
483	483	-12.0185
484	484	-18.1306
485	485	21.395
486	486	-21.0163
487	487	3.48592
488	488	17.4002
489	489	-17.4445
490	490	-40.5416
491	491	-23.3768
492	492	-25.5059
493	493	-12.059
494	494	11.7012
495	495	-20.9416
496	496	-17.1261
497	497	48.0872
498	498	-26.6387
499	499	-32.2162
500	500	33.7833
501	501	-13.8187
502	502	14.2206
503	503	31.1893
504	504	27.8812
505	505	19.6455
506	506	-44.7175
507	507	-17.8243
508	508	-22.1963
509	509	41.0247
510	510	1.02711
511	511	-14.1102
512	512	45.6175
513	513	-14.3374
514	514	28.7745
515	515	11.0059
516	516	-4.90091
517	517	7.93543
518	518	33.0202
519	519	12.1638
520	520	31.5939
521	521	30.0937
522	522	16.8704
523	523	-38.0238
524	524	36.4107
525	525	29.5282
526	526	34.5537
527	527	57.876
528	528	26.9452
529	529	-17.6127
530	530	-23.1654
531	531	-10.1741
532	532	21.6846
533	533	17.5565
534	534	25.7634
535	535	-7.53731
536	536	-30.4629
537	537	41.8851
538	538	-3.34922
539	539	-16.9216
540	540	16.2806
541	541	-14.3978
542	542	-1.47493
543	543	24.1296
544	544	0.311557
545	545	-12.4966
546	546	-44.3861
547	547	-34.2439
548	548	-31.7598
549	549	47.4175
550	550	26.5566
551	551	-1.92452
552	552	54.8107
553	553	21.6877
554	554	-1.34086
555	555	30.7523
556	556	-30.2203
557	557	27.4509
558	558	13.0748
559	559	-9.56602
560	560	-9.47691
561	561	2.80611
562	562	30.8147
563	563	-9.62754
564	564	12.4355
565	565	0.194789
566	566	14.8042
567	567	56.4235
568	568	52.0448
569	569	-0.827148
570	570	-32.5002
571	571	-22.2402
572	572	-3.97132
573	573	0.2274
574	574	-32.1909
575	575	15.7981
576	576	-11.3237
577	577	29.3957
578	578	-5.3496
579	579	-20.2915
580	580	42.8358
581	581	16.7728
582	582	-5.74372
583	583	-35.3363
584	584	-17.939
585	585	29.5811
586	586	35.489
587	587	-21.2585
588	588	-22.5873
589	589	7.59591
590	590	-0.767754
591	591	-23.3819
592	592	42.709
593	593	33.7316
594	594	7.58072
595	595	27.1086
596	596	28.8457
597	597	-20.8055
598	598	41.7012
599	599	-32.8817
600	600	-28.5746
601	601	-4.67208
602	602	1.06637
603	603	-36.3534
604	604	21.5914
605	605	-39.6541
606	606	-10.7081
607	607	-52.9021
608	608	3.2637
609	609	-21.1308
610	610	10.3128
611	611	-9.85044
612	612	22.2845
613	613	-26.7777
614	614	-0.152209
615	615	1.31351
616	616	10.427
617	617	-8.20478
618	618	-9.60779
619	619	-24.7982
620	620	-16.2498
621	621	-18.1982
622	622	-38.1297
623	623	-40.34
624	624	13.1278
625	625	-11.9843
626	626	2.00953
627	627	9.87414
628	628	2.97472
629	629	2.69413
630	630	5.14382
631	631	9.50435
632	632	17.4614
633	633	-10.0492
634	634	1.1686
635	635	69.4486
636	636	-25.9508
637	637	-29.654
638	638	-2.94093
639	639	9.91546
640	640	-37.7506
641	641	-24.024
642	642	-36.8717
643	643	-12.1951
644	644	10.6463
645	645	7.89554
646	646	-16
647	647	-5.64051
648	648	-73.5944
649	649	-44.9174
650	650	-10.1445
651	651	-12.6351
652	652	18.6226
653	653	24.7443
654	654	-45.1936
655	655	-10.1297
656	656	17.8671
657	657	-31.9472
658	658	20.1711
659	659	26.0794
660	660	45.2692
661	661	-25.9413
662	662	-44.2636
663	663	16.2554
664	664	14.4831
665	665	4.26937
666	666	-8.89296
667	667	-15.8441
668	668	-2.12307
669	669	-16.4413
670	670	-21.168
671	671	-11.1142
672	672	-21.0177
673	673	-24.4922
674	674	18.8253
675	675	16.3782
676	676	14.728
677	677	23.7128
678	678	4.73173
679	679	27.788
680	680	36.7347
681	681	36.9214
682	682	27.8638
683	683	-21.1174
684	684	34.1961
685	685	-1.17673
686	686	-3.21826
687	687	27.8888
688	688	-9.54312
689	689	-27.1063
690	690	-1.80773
691	691	-18.5864
692	692	-0.0809039
693	693	-24.7371
694	694	-1.31287
695	695	-15.2295
696	696	15.061
697	697	-7.72523
698	698	-25.3177
699	699	11.6753
700	700	-14.2775
701	701	-21.3369
702	702	-11.9555
703	703	46.7592
704	704	22.6766
705	705	-8.88167
706	706	-2.45327
707	707	-31.6583
708	708	-4.61802
709	709	-21.0632
710	710	-24.5966
711	711	12.3196
712	712	27.6101
713	713	31.7783
714	714	-50.8383
715	715	10.6237
716	716	5.29894
717	717	56.6009
718	718	-19.9992
719	719	-20.8172
720	720	4.66961
721	721	-51.1568
722	722	1.09634
723	723	-34.5927
724	724	5.18417
725	725	-31.8753
726	726	-4.28775
727	727	26.4791
728	728	45.9013
729	729	-17.2791
730	730	-30.6024
731	731	49.5251
732	732	20.141
733	733	6.24566
734	734	2.75861
735	735	-13.6743
736	736	2.81129
737	737	-6.1322
738	738	0.957365
739	739	-32.7004
740	740	-32.9387
741	741	57.5559
742	742	38.4246
743	743	28.3322
744	744	-16.5033
745	745	47.9673
746	746	-12.1761
747	747	19.8456
748	748	31.1295
749	749	-23.1726
750	750	-3.97864
751	751	-40.6578
752	752	14.8432
753	753	21.3059
754	754	21.6232
755	755	3.82572
756	756	32.1751
757	757	-21.6098
758	758	51.1331
759	759	-20.1001
760	760	1.48424
761	761	11.3123
762	762	-28.7009
763	763	2.23327
764	764	-4.54879
765	765	-3.33155
766	766	33.0907
767	767	-5.30442
768	768	7.53957
769	769	-21.0422
770	770	59.2977
771	771	-2.59197
772	772	21.1388
773	773	-25.4625
774	774	-16.6805
775	775	-0.721071
776	776	10.8942
777	777	20.8965
778	778	-36.4143
779	779	5.56233
780	780	36.6929
781	781	13.2776
782	782	-31.5611
783	783	-11.9032
784	784	25.5204
785	785	26.9216
786	786	11.6472
787	787	-19.5935
788	788	-35.589
789	789	-22.0597
790	790	2.50962
791	791	5.46019
792	792	-29.0479
793	793	35.1146
794	794	7.16603
795	795	-33.4704
796	796	-26.0577
797	797	17.0263
798	798	-5.17463
799	799	-11.2949
800	800	36.3499
801	801	7.57706
802	802	-20.5923
803	803	-12.2825
804	804	26.1228
805	805	45.6438
806	806	-24.123
807	807	21.3684
808	808	-5.24081
809	809	7.76792
810	810	-15.0123
811	811	-11.1019
812	812	43.7978
813	813	51.7643
814	814	27.7344
815	815	-9.8866
816	816	20.5849
817	817	-11.3452
818	818	9.16692
819	819	-14.5721
820	820	-10.7025
821	821	15.7618
822	822	36.715
823	823	5.94625
824	824	-11.3581
825	825	-57.2977
826	826	0.121656
827	827	-22.4503
828	828	-14.3612
829	829	15.4542
830	830	-42.4852
831	831	-9.85774
832	832	-24.0552
833	833	49.0698
834	834	-21.2167
835	835	-24.3998
836	836	8.61634
837	837	2.90918
838	838	3.6434
839	839	40.4716
840	840	0.682928
841	841	-8.84688
842	842	7.5458
843	843	3.93695
844	844	-10.411
845	845	-7.47812
846	846	-5.53587
847	847	-19.8574
848	848	-18.0422
849	849	49.935
850	850	6.91125
851	851	-31.0891
852	852	0.714589
853	853	-24.6173
854	854	27.0784
855	855	16.0673
856	856	20.8054
857	857	-0.854453
858	858	42.469
859	859	1.40003
860	860	-14.6907
861	861	11.6184
862	862	-26.4781
863	863	43.3362
864	864	32.464
865	865	-18.0566
866	866	-44.4858
867	867	19.5028
868	868	24.1136
869	869	-23.984
870	870	22.9408
871	871	-36.265
872	872	31.3315
873	873	-14.9288
874	874	25.0998
875	875	-14.2696
876	876	3.95739
877	877	3.4551
878	878	42.8536
879	879	8.67861
880	880	-14.5022
881	881	-24.8648
882	882	-21.3113
883	883	25.4608
884	884	-37.9312
885	885	-45.1096
886	886	-2.83742
887	887	-8.74021
888	888	22.7419
889	889	-16.4092
890	890	-1.70765
891	891	-35.6935
892	892	21.9591
893	893	-1.53208
894	894	20.4354
895	895	-22.2515
896	896	-14.9884
897	897	-8.15735
898	898	12.9321
899	899	13.5404
900	900	-21.3762
901	901	27.9088
902	902	-4.04269
903	903	-18.6688
904	904	-18.5499
905	905	-15.2389
906	906	-40.6545
907	907	19.9712
908	908	-10.2967
909	909	29.9536
910	910	-35.9568
911	911	-0.002206
912	912	24.4982
913	913	-19.5555
914	914	-20.0214
915	915	13.4957
916	916	36.2834
917	917	-19.1285
918	918	-39.3937
919	919	-7.85581
920	920	-6.81807
921	921	-5.48444
922	922	1.84382
923	923	-33.3312
924	924	13.0403
925	925	-20.5358
926	926	19.2606
927	927	-36.275
928	928	1.98591
929	929	2.27582
930	930	-35.3062
931	931	25.6009
932	932	17.3744
933	933	-28.2358
934	934	-5.89669
935	935	4.40956
936	936	-35.7009
937	937	6.79148
938	938	-3.18371
939	939	-8.79257
940	940	-31.9996
941	941	-17.1252
942	942	16.6527
943	943	-4.22953
944	944	0.238169
945	945	-25.8906
946	946	33.4332
947	947	11.5772
948	948	9.08515
949	949	20.5974
950	950	33.3304
951	951	18.2097
952	952	-15.1096
953	953	51.1052
954	954	-13.5916
955	955	12.6721
956	956	29.0006
957	957	-1.06269
958	958	-8.93676
959	959	0.673846
960	960	-17.1949
961	961	2.33639
962	962	-38.9825
963	963	-7.47503
964	964	11.5164
965	965	-17.0553
966	966	25.8463
967	967	-14.7202
968	968	41.6911
969	969	51.4625
970	970	11.0934
971	971	-11.5669
972	972	-24.9247
973	973	16.9004
974	974	-14.1334
975	975	30.8154
976	976	27.9591
977	977	22.2084
978	978	-4.2924
979	979	-8.82622
980	980	16.2319
981	981	-5.07168
982	982	30.4578
983	983	-10.0649
984	984	16.7786
985	985	-12.8245
986	986	-43.1802
987	987	-24.8506
988	988	-33.0732
989	989	-32.4746
990	990	-16.5182
991	991	-1.81594
992	992	-1.9535
993	993	-17.2147
994	994	-4.87543
995	995	19.9669
996	996	13.6913
997	997	-6.13391
998	998	10.2348
999	999	-0.673327
1000	1000	37.8232
1001	1001	-26.3794
1002	1002	-3.15524
1003	1003	-3.62474
1004	1004	-47.3513
1005	1005	13.6562
1006	1006	4.39876
1007	1007	-38.3432
1008	1008	42.7555
1009	1009	-16.5894
1010	1010	-7.72038
1011	1011	43.6172
1012	1012	23.9787
1013	1013	-25.5652
1014	1014	-2.11695
1015	1015	16.5196
1016	1016	-8.8887
1017	1017	-17.5844
1018	1018	25.1901
1019	1019	-22.6757
1020	1020	-12.4311
1021	1021	-5.75664
1022	1022	18.2423
1023	1023	-17.2444
1024	1024	40.1134
1025	1025	54.2786
1026	1026	-19.3712
1027	1027	-7.34496
1028	1028	3.16733
1029	1029	24.1894
1030	1030	6.30725
1031	1031	-25.2488
1032	1032	9.58885
1033	1033	-20.5869
1034	1034	-35.5185
1035	1035	-16.7348
1036	1036	10.0174
1037	1037	27.8277
1038	1038	-20.4998
1039	1039	-46.6524
1040	1040	5.60229
1041	1041	-10.9883
1042	1042	-25.0141
1043	1043	-4.96232
1044	1044	21.1005
1045	1045	25.9234
1046	1046	-12.4369
1047	1047	-2.18758
1048	1048	-6.62825
1049	1049	6.24672
1050	1050	30.3813
1051	1051	-5.30416
1052	1052	4.96623
1053	1053	-3.08605
1054	1054	21.4378
1055	1055	4.63978
1056	1056	21.4879
1057	1057	20.101
1058	1058	-9.14924
1059	1059	-21.3736
1060	1060	49.0928
1061	1061	51.0565
1062	1062	-5.28313
1063	1063	70.5601
1064	1064	-19.3308
1065	1065	41.0739
1066	1066	-16.7014
1067	1067	21.0828
1068	1068	-36.6791
1069	1069	-10.2595
1070	1070	-5.16851
1071	1071	-9.66272
1072	1072	17.683
1073	1073	13.6436
1074	1074	4.00335
1075	1075	6.70724
1076	1076	-4.23105
1077	1077	7.39382
1078	1078	-6.9869
1079	1079	13.9049
1080	1080	-6.3622
1081	1081	-4.16983
1082	1082	-50.1508
1083	1083	16.2944
1084	1084	-9.88985
1085	1085	69.7539
1086	1086	8.40724
1087	1087	1.07386
1088	1088	-8.14164
1089	1089	-14.0025
1090	1090	-13.1899
1091	1091	33.2683
1092	1092	41.7901
1093	1093	-28.6074
1094	1094	-11.1217
1095	1095	8.99603
1096	1096	0.46429
1097	1097	12.0553
1098	1098	3.63173
1099	1099	-31.2102
1100	1100	40.472
1101	1101	-34.9965
1102	1102	11.3312
1103	1103	-15.7563
1104	1104	-20.4351
1105	1105	-34.5325
1106	1106	6.21082
1107	1107	15.7719
1108	1108	51.6229
1109	1109	-11.2159
1110	1110	10.7737
1111	1111	-18.484
1112	1112	35.2258
1113	1113	-1.88161
1114	1114	-0.480745
1115	1115	16.0624
1116	1116	2.44294
1117	1117	29.7699
1118	1118	-19.7319
1119	1119	-2.97212
1120	1120	4.83804
1121	1121	-24.7287
1122	1122	32.4755
1123	1123	-1.88786
1124	1124	-18.3867
1125	1125	16.6623
1126	1126	-21.4068
1127	1127	-2.84155
1128	1128	-52.7728
1129	1129	6.26938
1130	1130	-27.4259
1131	1131	-8.47563
1132	1132	15.2889
1133	1133	-29.68
1134	1134	-26.8549
1135	1135	1.18527
1136	1136	29.2432
1137	1137	-19.4581
1138	1138	-23.3503
1139	1139	35.0105
1140	1140	-35.3076
1141	1141	-32.9009
1142	1142	18.0717
1143	1143	-31.7033
1144	1144	28.6671
1145	1145	-0.842951
1146	1146	-5.00711
1147	1147	20.2305
1148	1148	37.5175
1149	1149	11.3603
1150	1150	8.47846
1151	1151	31.4552
1152	1152	-21.1949
1153	1153	2.35467
1154	1154	18.3007
1155	1155	6.39927
1156	1156	-9.57175
1157	1157	-28.1567
1158	1158	38.0736
1159	1159	-2.97157
1160	1160	7.29585
1161	1161	50.2595
1162	1162	-38.506
1163	1163	-29.2838
1164	1164	-15.4302
1165	1165	-39.3678
1166	1166	-23.755
1167	1167	15.5727
1168	1168	-0.183452
1169	1169	-3.62514
1170	1170	-18.8237
1171	1171	-4.65235
1172	1172	-8.35692
1173	1173	-14.0611
1174	1174	3.81795
1175	1175	-39.6232
1176	1176	14.0112
1177	1177	55.9219
1178	1178	-34.6494
1179	1179	22.2068
1180	1180	45.3787
1181	1181	-20.5471
1182	1182	3.38166
1183	1183	65.8835
1184	1184	-21.5242
1185	1185	0.52638
1186	1186	-7.36507
1187	1187	-39.2778
1188	1188	-3.53071
1189	1189	-38.9692
1190	1190	-6.72855
1191	1191	-28.6453
1192	1192	3.37259
1193	1193	11.5714
1194	1194	-13.0284
1195	1195	-13.4926
1196	1196	12.8879
1197	1197	39.906
1198	1198	-38.4401
1199	1199	-23.6252
1200	1200	-0.810701
1201	1201	-6.79445
1202	1202	-9.05847
1203	1203	30.4588
1204	1204	5.06678
1205	1205	42.0692
1206	1206	-24.8728
1207	1207	32.8363
1208	1208	9.71788
1209	1209	54.2724
1210	1210	4.18807
1211	1211	-33.1116
1212	1212	55.8139
1213	1213	30.0977
1214	1214	17.3519
1215	1215	-6.30774
1216	1216	-17.6613
1217	1217	-6.3235
1218	1218	69.0291
1219	1219	-6.32265
1220	1220	-25.9857
1221	1221	47.8416
1222	1222	22.2918
1223	1223	-9.49742
1224	1224	11.4034
1225	1225	-36.5084
1226	1226	31.6855
1227	1227	44.3734
1228	1228	9.21629
1229	1229	42.6859
1230	1230	40.9908
1231	1231	-31.7269
1232	1232	3.76669
1233	1233	2.24014
1234	1234	58.7262
1235	1235	13.2195
1236	1236	33.7907
1237	1237	-42.4756
1238	1238	22.5336
1239	1239	-3.59839
1240	1240	18.4278
1241	1241	-40.3885
1242	1242	17.0346
1243	1243	-13.231
1244	1244	-13.9153
1245	1245	-16.1625
1246	1246	7.24149
1247	1247	-12.0881
1248	1248	19.3477
1249	1249	25.8523
1250	1250	36.6575
1251	1251	-13.1226
1252	1252	-11.7132
1253	1253	28.2977
1254	1254	37.8635
1255	1255	1.68224
1256	1256	6.57497
1257	1257	21.6528
1258	1258	-47.9639
1259	1259	8.65002
1260	1260	-13.1395
1261	1261	-7.43309
1262	1262	44.4832
1263	1263	-15.4471
1264	1264	-31.1816
1265	1265	-24.4674
1266	1266	6.86609
1267	1267	17.3557
1268	1268	6.76828
1269	1269	26.8977
1270	1270	-13.8101
1271	1271	-26.4463
1272	1272	44.4591
1273	1273	-4.88067
1274	1274	30.4546
1275	1275	30.8154
1276	1276	33.1867
1277	1277	-23.7394
1278	1278	11.3742
1279	1279	-16.8164
1280	1280	-9.40142
1281	1281	11.2248
1282	1282	-14.2249
1283	1283	-22.2676
1284	1284	-5.30932
1285	1285	0.637093
1286	1286	-6.92525
1287	1287	13.5638
1288	1288	8.13142
1289	1289	-16.6416
1290	1290	0.802432
1291	1291	19.2671
1292	1292	26.5636
1293	1293	-16.9708
1294	1294	18.4186
1295	1295	1.09404
1296	1296	19.7039
1297	1297	-22.9563
1298	1298	63.5023
1299	1299	38.8999
1300	1300	3.71827
1301	1301	34.5313
1302	1302	29.1523
1303	1303	13.2328
1304	1304	-17.062
1305	1305	-23.2271
1306	1306	-25.5916
1307	1307	21.728
1308	1308	-38.7684
1309	1309	-30.3438
1310	1310	-4.4395
1311	1311	17.9589
1312	1312	15.3353
1313	1313	20.3119
1314	1314	32.7583
1315	1315	-15.7882
1316	1316	-26.8579
1317	1317	-9.37656
1318	1318	-5.1982
1319	1319	-44.5856
1320	1320	-12.3917
1321	1321	55.9169
1322	1322	31.5339
1323	1323	-16.6006
1324	1324	-44.8594
1325	1325	-26.0408
1326	1326	-32.7264
1327	1327	4.32934
1328	1328	-11.4967
1329	1329	26.9764
1330	1330	55.8188
1331	1331	26.0098
1332	1332	10.8174
1333	1333	36.2784
1334	1334	53.6726
1335	1335	18.7762
1336	1336	-24.458
1337	1337	-21.0135
1338	1338	-29.6389
1339	1339	30.1431
1340	1340	-29.4961
1341	1341	-21.4919
1342	1342	28.08
1343	1343	25.331
1344	1344	-23.0442
1345	1345	-2.41597
1346	1346	-13.778
1347	1347	-48.5053
1348	1348	31.5741
1349	1349	-7.41287
1350	1350	22.8937
1351	1351	-3.81624
1352	1352	-2.71193
1353	1353	-5.90771
1354	1354	53.2141
1355	1355	-4.80259
1356	1356	16.8002
1357	1357	-1.04903
1358	1358	1.64406
1359	1359	-2.04882
1360	1360	-13.1576
1361	1361	-28.0561
1362	1362	6.38431
1363	1363	50.9585
1364	1364	-1.43565
1365	1365	-2.80264
1366	1366	-16.6175
1367	1367	14.2798
1368	1368	-51.2607
1369	1369	-13.1293
1370	1370	43.8403
1371	1371	-14.8053
1372	1372	-26.7433
1373	1373	-30.1068
1374	1374	-23.2289
1375	1375	-18.763
1376	1376	36.8728
1377	1377	-17.6663
1378	1378	38.7293
1379	1379	-4.77007
1380	1380	13.2903
1381	1381	-9.72355
1382	1382	35.8818
1383	1383	-15.7188
1384	1384	-18.8264
1385	1385	23.0274
1386	1386	-37.8673
1387	1387	-16.8578
1388	1388	-15.9125
1389	1389	2.41549
1390	1390	-17.9654
1391	1391	47.1113
1392	1392	-14.7273
1393	1393	20.2276
1394	1394	-32.4198
1395	1395	26.1063
1396	1396	18.53
1397	1397	-28.0477
1398	1398	-9.687
1399	1399	24.6032
1400	1400	21.8781
1401	1401	17.8516
1402	1402	-12.9254
1403	1403	-6.12123
1404	1404	32.4472
1405	1405	2.02465
1406	1406	6.90108
1407	1407	17.985
1408	1408	-42.9329
1409	1409	33.7796
1410	1410	18.2637
1411	1411	-15.0153
1412	1412	-45.1031
1413	1413	5.80594
1414	1414	-5.38409
1415	1415	-30.1827
1416	1416	-42.9133
1417	1417	12.4219
1418	1418	-1.93531
1419	1419	-61.8857
1420	1420	-11.333
1421	1421	2.29354
1422	1422	-12.9484
1423	1423	6.23765
1424	1424	0.271998
1425	1425	15.3705
1426	1426	32.2296
1427	1427	-3.55664
1428	1428	36.0639
1429	1429	-48.4593
1430	1430	14.4865
1431	1431	17.7053
1432	1432	1.45052
1433	1433	36.537
1434	1434	-12.6282
1435	1435	-27.5942
1436	1436	-36.326
1437	1437	59.2484
1438	1438	-5.78232
1439	1439	69.4457
1440	1440	31.8385
1441	1441	43.8751
1442	1442	-23.9485
1443	1443	-6.28103
1444	1444	16.633
1445	1445	-7.0215
1446	1446	-17.2461
1447	1447	6.41316
1448	1448	15.7826
1449	1449	-17.9619
1450	1450	41.4355
1451	1451	23.566
1452	1452	32.9614
1453	1453	-8.384
1454	1454	10.492
1455	1455	32.4439
1456	1456	-14.3699
1457	1457	-14.3769
1458	1458	-6.76063
1459	1459	-33.2616
1460	1460	-15.0167
1461	1461	77.4669
1462	1462	-1.09726
1463	1463	28.4779
1464	1464	-42.6183
1465	1465	-7.9365
1466	1466	-41.3092
1467	1467	-1.34746
1468	1468	55.9899
1469	1469	8.79886
1470	1470	-2.40479
1471	1471	49.4028
1472	1472	42.5669
1473	1473	11.0799
1474	1474	-18.1324
1475	1475	-20.3592
1476	1476	21.6672
1477	1477	-22.2691
1478	1478	-23.1572
1479	1479	20.9919
1480	1480	-31.5852
1481	1481	-10.0771
1482	1482	-4.757
1483	1483	-1.88254
1484	1484	15.9617
1485	1485	-50.1036
1486	1486	5.42053
1487	1487	15.0129
1488	1488	-19.7418
1489	1489	-26.5659
1490	1490	-17.0414
1491	1491	2.18704
1492	1492	-27.4859
1493	1493	-0.273417
1494	1494	-31.8227
1495	1495	-8.42495
1496	1496	33.8519
1497	1497	-18.2315
1498	1498	27.8055
1499	1499	40.1684
1500	1500	-6.96133
1501	1501	19.744
1502	1502	-20.5762
1503	1503	23.8427
1504	1504	26.0435
1505	1505	-11.5276
1506	1506	-15.5901
1507	1507	5.46874
1508	1508	26.898
1509	1509	12.9334
1510	1510	24.9126
1511	1511	3.13562
1512	1512	-13.7402
1513	1513	-19.1971
1514	1514	15.6408
1515	1515	36.6002
1516	1516	-0.986748
1517	1517	-7.49887
1518	1518	-12.7167
1519	1519	-18.8173
1520	1520	-18.9626
1521	1521	13.8328
1522	1522	-21.2126
1523	1523	41.4593
1524	1524	22.7035
1525	1525	2.74572
1526	1526	3.18789
1527	1527	-28.4913
1528	1528	-12.6451
1529	1529	-10.0628
1530	1530	-12.4842
1531	1531	-9.56363
1532	1532	13.4125
1533	1533	0.79368
1534	1534	-19.9644
1535	1535	4.49796
1536	1536	-23.3754
1537	1537	-10.2243
1538	1538	-2.56686
1539	1539	-47.4392
1540	1540	-8.15083
1541	1541	-35.8761
1542	1542	-0.177142
1543	1543	20.9486
1544	1544	5.20452
1545	1545	4.09403
1546	1546	35.1754
1547	1547	-7.31969
1548	1548	15.2054
1549	1549	-27.4766
1550	1550	18.3962
1551	1551	30.9034
1552	1552	-16.7744
1553	1553	5.97654
1554	1554	10.1252
1555	1555	30.7357
1556	1556	9.43139
1557	1557	-9.34952
1558	1558	5.5683
1559	1559	-11.685
1560	1560	-34.985
1561	1561	2.49932
1562	1562	16.6921
1563	1563	-16.1978
1564	1564	-8.18314
1565	1565	-7.10568
1566	1566	-55.5322
1567	1567	-1.20126
1568	1568	4.24098
1569	1569	26.289
1570	1570	68.7231
1571	1571	12.3325
1572	1572	18.4502
1573	1573	-13.5362
1574	1574	61.989
1575	1575	-19.8762
1576	1576	6.69883
1577	1577	-4.86033
1578	1578	17.909
1579	1579	-27.8371
1580	1580	-7.54829
1581	1581	-21.6308
1582	1582	-39.2881
1583	1583	-13.9678
1584	1584	-2.15481
1585	1585	-13.5278
1586	1586	-28.2569
1587	1587	-13.0476
1588	1588	41.332
1589	1589	36.4913
1590	1590	22.5131
1591	1591	5.48704
1592	1592	-17.9539
1593	1593	2.29512
1594	1594	24.788
1595	1595	-34.5692
1596	1596	-1.25985
1597	1597	-4.067
1598	1598	8.59663
1599	1599	-10.4176
1600	1600	-6.92549
1601	1601	31.7896
1602	1602	-1.21357
1603	1603	-34.7365
1604	1604	19.274
1605	1605	-24.0532
1606	1606	26.8924
1607	1607	5.96053
1608	1608	34.5692
1609	1609	5.57448
1610	1610	-30.1131
1611	1611	1.07043
1612	1612	11.0551
1613	1613	-45.1152
1614	1614	3.75648
1615	1615	-31.5973
1616	1616	10.9603
1617	1617	33.8996
1618	1618	0.243508
1619	1619	-29.3305
1620	1620	-16.2276
1621	1621	-25.3054
1622	1622	-16.38
1623	1623	11.1365
1624	1624	-6.03898
1625	1625	1.86248
1626	1626	12.5308
1627	1627	-9.97752
1628	1628	-22.2262
1629	1629	2.98473
1630	1630	33.3904
1631	1631	35.5579
1632	1632	-31.2402
1633	1633	-23.8561
1634	1634	38.1849
1635	1635	50.1026
1636	1636	-21.6021
1637	1637	-14.7071
1638	1638	0.437693
1639	1639	22.1013
1640	1640	26.3185
1641	1641	-14.5597
1642	1642	24.3939
1643	1643	21.7562
1644	1644	19.1777
1645	1645	18.6232
1646	1646	-28.3857
1647	1647	-8.42394
1648	1648	-42.732
1649	1649	-17.3306
1650	1650	-19.1344
1651	1651	0.0212191
1652	1652	-20.8984
1653	1653	-5.46373
1654	1654	20.2549
1655	1655	-19.4078
1656	1656	14.5523
1657	1657	-3.50557
1658	1658	-10.1743
1659	1659	3.23471
1660	1660	-23.3966
1661	1661	16.4325
1662	1662	-3.1744
1663	1663	-18.4687
1664	1664	-7.89884
1665	1665	-9.75151
1666	1666	-28.8738
1667	1667	15.3116
1668	1668	-32.1954
1669	1669	-23.8355
1670	1670	5.33354
1671	1671	7.94908
1672	1672	-13.6034
1673	1673	-60.6328
1674	1674	42.582
1675	1675	-19.1802
1676	1676	1.31386
1677	1677	40.8772
1678	1678	42.6239
1679	1679	37.7834
1680	1680	-6.29352
1681	1681	-37.4194
1682	1682	7.39663
1683	1683	27.9467
1684	1684	-22.4466
1685	1685	3.30828
1686	1686	-1.52062
1687	1687	-6.64923
1688	1688	48.313
1689	1689	-15.6871
1690	1690	-1.0112
1691	1691	19.6432
1692	1692	-25.8958
1693	1693	-8.17516
1694	1694	-5.88473
1695	1695	-31.3846
1696	1696	-6.69405
1697	1697	29.4613
1698	1698	2.28544
1699	1699	20.0842
1700	1700	23.9487
1701	1701	5.82046
1702	1702	-9.69979
1703	1703	-9.79093
1704	1704	2.26905
1705	1705	-37.7506
1706	1706	43.4668
1707	1707	0.943954
1708	1708	15.8538
1709	1709	20.395
1710	1710	-10.9877
1711	1711	12.5716
1712	1712	6.31274
1713	1713	25.7689
1714	1714	51.3705
1715	1715	61.0083
1716	1716	-14.6229
1717	1717	-25.169
1718	1718	-4.86197
1719	1719	-22.1153
1720	1720	6.75713
1721	1721	-16.4408
1722	1722	52.8086
1723	1723	-9.71418
1724	1724	-26.7869
1725	1725	-0.875375
1726	1726	-9.9933
1727	1727	-5.85066
1728	1728	-41.8886
1729	1729	19.3674
1730	1730	4.90806
1731	1731	-24.5365
1732	1732	-11.4001
1733	1733	24.3098
1734	1734	-21.539
1735	1735	-3.3718
1736	1736	29.0353
1737	1737	-10.6882
1738	1738	-42.879
1739	1739	-29.0743
1740	1740	33.1549
1741	1741	-15.7066
1742	1742	4.36961
1743	1743	5.98646
1744	1744	37.8036
1745	1745	13.8783
1746	1746	-26.507
1747	1747	-29.5815
1748	1748	-59.1038
1749	1749	17.8603
1750	1750	-11.8991
1751	1751	14.0026
1752	1752	-0.85369
1753	1753	-15.698
1754	1754	-8.83187
1755	1755	-16.012
1756	1756	-22.3426
1757	1757	-15.8211
1758	1758	48.0505
1759	1759	-13.683
1760	1760	19.5161
1761	1761	-13.4191
1762	1762	-26.1111
1763	1763	-6.06068
1764	1764	51.7209
1765	1765	39.0823
1766	1766	-43.2915
1767	1767	-41.7363
1768	1768	-4.32439
1769	1769	3.13714
1770	1770	-18.4708
1771	1771	38.2301
1772	1772	-4.13323
1773	1773	4.73275
1774	1774	5.61603
1775	1775	-23.0491
1776	1776	-49.6033
1777	1777	25.7847
1778	1778	6.56104
1779	1779	-24.0675
1780	1780	-6.39809
1781	1781	11.0633
1782	1782	46.906
1783	1783	26.1124
1784	1784	-5.60572
1785	1785	16.3631
1786	1786	16.2842
1787	1787	-0.673365
1788	1788	15.4757
1789	1789	-45.1017
1790	1790	-58.4454
1791	1791	-4.84358
1792	1792	38.2555
1793	1793	-26.4106
1794	1794	-14.9962
1795	1795	-47.1892
1796	1796	21.2891
1797	1797	-21.7195
1798	1798	13.8042
1799	1799	8.656
1800	1800	27.452
1801	1801	-26.7729
1802	1802	-12.966
1803	1803	-15.6692
1804	1804	43.3363
1805	1805	52.5979
1806	1806	30.613
1807	1807	47.8735
1808	1808	11.0307
1809	1809	-15.0137
1810	1810	12.66
1811	1811	2.20406
1812	1812	30.4486
1813	1813	4.81874
1814	1814	-26.2622
1815	1815	31.7487
1816	1816	7.37675
1817	1817	3.53813
1818	1818	23.6047
1819	1819	5.23139
1820	1820	-15.8471
1821	1821	40.2051
1822	1822	-11.4794
1823	1823	-9.53663
1824	1824	-24.0117
1825	1825	-9.4428
1826	1826	11.9492
1827	1827	-17.3352
1828	1828	22.9212
1829	1829	-36.1641
1830	1830	2.18351
1831	1831	-1.41277
1832	1832	5.88559
1833	1833	0.232418
1834	1834	-20.615
1835	1835	-7.40643
1836	1836	27.9589
1837	1837	22.7289
1838	1838	4.2151
1839	1839	-23.973
1840	1840	18.4235
1841	1841	2.43947
1842	1842	-4.71046
1843	1843	-10.8692
1844	1844	-30.0936
1845	1845	12.1088
1846	1846	10.5176
1847	1847	33.5126
1848	1848	-4.31312
1849	1849	7.86961
1850	1850	-3.71819
1851	1851	-18.8374
1852	1852	53.7129
1853	1853	5.88193
1854	1854	-10.677
1855	1855	5.47681
1856	1856	-5.66211
1857	1857	8.83831
1858	1858	3.1499
1859	1859	-2.99283
1860	1860	4.16169
1861	1861	7.30654
1862	1862	25.5692
1863	1863	-24.1801
1864	1864	-0.960559
1865	1865	13.4071
1866	1866	13.2663
1867	1867	15.4864
1868	1868	16.4081
1869	1869	-23.2217
1870	1870	-16.0686
1871	1871	-45.0912
1872	1872	-2.26589
1873	1873	54.5804
1874	1874	-7.54593
1875	1875	22.856
1876	1876	-17.6436
1877	1877	29.3024
1878	1878	2.89539
1879	1879	6.51454
1880	1880	-5.04057
1881	1881	26.9472
1882	1882	-33.1314
1883	1883	-12.8231
1884	1884	-14.2592
1885	1885	-9.48538
1886	1886	-13.8922
1887	1887	-16.3201
1888	1888	43.7898
1889	1889	-9.7692
1890	1890	16.8998
1891	1891	-5.15036
1892	1892	35.4456
1893	1893	-1.45418
1894	1894	-30.4695
1895	1895	2.44315
1896	1896	-40.6267
1897	1897	-11.8365
1898	1898	-49.9871
1899	1899	-37.0403
1900	1900	-35.2546
1901	1901	2.81834
1902	1902	-15.2598
1903	1903	25.5368
1904	1904	-25.2851
1905	1905	-14.2485
1906	1906	-33.918
1907	1907	3.7228
1908	1908	8.47938
1909	1909	-20.5562
1910	1910	-25.2333
1911	1911	-22.0898
1912	1912	-12.2828
1913	1913	25.9407
1914	1914	29.3121
1915	1915	-24.1153
1916	1916	7.58268
1917	1917	-35.4797
1918	1918	-5.51831
1919	1919	-35.8778
1920	1920	41.1125
1921	1921	-2.58042
1922	1922	1.54017
1923	1923	-19.223
1924	1924	-27.4828
1925	1925	28.2613
1926	1926	-1.17531
1927	1927	1.79057
1928	1928	-12.9754
1929	1929	15.7641
1930	1930	6.68638
1931	1931	11.6214
1932	1932	-0.357604
1933	1933	17.5357
1934	1934	30.9683
1935	1935	14.7009
1936	1936	48.5468
1937	1937	-31.3233
1938	1938	11.5589
1939	1939	34.7935
1940	1940	-4.16242
1941	1941	-13.5678
1942	1942	69.9022
1943	1943	0.738209
1944	1944	-12.4503
1945	1945	-38.1484
1946	1946	-19.9832
1947	1947	19.4705
1948	1948	6.01703
1949	1949	-26.5868
1950	1950	12.0997
1951	1951	19.8807
1952	1952	43.2408
1953	1953	13.8126
1954	1954	-35.8137
1955	1955	-10.4283
1956	1956	-27.2125
1957	1957	20.672
1958	1958	3.18785
1959	1959	-16.9712
1960	1960	-32.2507
1961	1961	-0.425484
1962	1962	5.90924
1963	1963	-14.7826
1964	1964	-14.0326
1965	1965	-7.86899
1966	1966	-3.59414
1967	1967	35.3905
1968	1968	24.0491
1969	1969	29.3588
1970	1970	20.0509
1971	1971	3.66633
1972	1972	8.37428
1973	1973	-60.086
1974	1974	-17.6166
1975	1975	6.56636
1976	1976	-51.9874
1977	1977	25.7674
1978	1978	1.12224
1979	1979	25.7183
1980	1980	-6.39231
1981	1981	0.46284
1982	1982	-25.7704
1983	1983	32.0002
1984	1984	27.1288
1985	1985	-25.8895
1986	1986	-3.09911
1987	1987	-14.6759
1988	1988	-25.7814
1989	1989	-0.486226
1990	1990	-7.69243
1991	1991	-10.3636
1992	1992	-32.5793
1993	1993	29.8724
1994	1994	-25.928
1995	1995	14.1755
1996	1996	44.0912
1997	1997	6.63957
1998	1998	-5.75305
1999	1999	26.5032
2000	2000	-10.8521
2001	2001	-3.46722
2002	2002	-36.0579
2003	2003	6.30674
2004	2004	8.77125
2005	2005	18.5533
2006	2006	-43.9782
2007	2007	66.3144
2008	2008	30.376
2009	2009	2.20733
2010	2010	-59.4568
2011	2011	6.1609
2012	2012	-0.871587
2013	2013	-15.6378
2014	2014	12.5323
2015	2015	-14.1966
2016	2016	-23.6447
2017	2017	62.7163
2018	2018	40.0586
2019	2019	-26.6287
2020	2020	2.79691
2021	2021	-13.9499
2022	2022	-14.0303
2023	2023	-2.07854
2024	2024	9.48875
2025	2025	41.7363
2026	2026	6.80331
2027	2027	25.8733
2028	2028	-31.0685
2029	2029	10.6077
2030	2030	9.18136
2031	2031	-9.45901
2032	2032	17.379
2033	2033	15.6782
2034	2034	1.75876
2035	2035	-4.67605
2036	2036	18.7767
2037	2037	-23.7417
2038	2038	17.3056
2039	2039	-14.1456
2040	2040	8.33266
2041	2041	30.7804
2042	2042	-32.2539
2043	2043	-23.6509
2044	2044	6.30219
2045	2045	-14.9222
2046	2046	-27.6995
2047	2047	-8.74929
2048	2048	16.7798
2049	2049	-20.0071
2050	2050	-7.67487
2051	2051	7.57057
2052	2052	32.1614
2053	2053	-15.727
2054	2054	12.0739
2055	2055	14.5123
2056	2056	-6.30911
2057	2057	0.227988
2058	2058	18.1032
2059	2059	26.0607
2060	2060	29.3087
2061	2061	-17.5658
2062	2062	1.40016
2063	2063	-2.94382
2064	2064	-11.3701
2065	2065	25.4045
2066	2066	-0.457994
2067	2067	44.8544
2068	2068	31.4812
2069	2069	-30.1255
2070	2070	-21.628
2071	2071	1.20336
2072	2072	12.5561
2073	2073	14.6804
2074	2074	35.2539
2075	2075	5.70981
2076	2076	0.851816
2077	2077	12.7254
2078	2078	68.4238
2079	2079	20.2668
2080	2080	2.18653
2081	2081	-1.90581
2082	2082	17.7014
2083	2083	24.9643
2084	2084	-16.6093
2085	2085	5.38605
2086	2086	10.6025
2087	2087	29.5439
2088	2088	39.5557
2089	2089	45.7076
2090	2090	48.1137
2091	2091	-25.5423
2092	2092	9.90267
2093	2093	1.98022
2094	2094	1.10183
2095	2095	29.3418
2096	2096	8.74336
2097	2097	25.1938
2098	2098	-41.2894
2099	2099	-37.4129
2100	2100	-13.7357
2101	2101	41.7304
2102	2102	2.55214
2103	2103	2.05608
2104	2104	-7.89148
2105	2105	-32.4856
2106	2106	40.4561
2107	2107	-15.9586
2108	2108	16.2151
2109	2109	12.5458
2110	2110	6.08568
2111	2111	-7.26049
2112	2112	45.6301
2113	2113	10.2618
2114	2114	-18.3154
2115	2115	-31.8963
2116	2116	-0.601173
2117	2117	59.254
2118	2118	-44.9886
2119	2119	10.1408
2120	2120	-15.5065
2121	2121	-29.0817
2122	2122	29.7549
2123	2123	33.0347
2124	2124	45.8402
2125	2125	25.1601
2126	2126	-13.6552
2127	2127	-22.0317
2128	2128	-27.6611
2129	2129	16.6961
2130	2130	-10.3918
2131	2131	41.731
2132	2132	-12.9247
2133	2133	-23.8344
2134	2134	17.1165
2135	2135	7.11826
2136	2136	31.627
2137	2137	20.713
2138	2138	-8.25383
2139	2139	19.1252
2140	2140	-5.67739
2141	2141	-34.9248
2142	2142	-20.0319
2143	2143	-15.8672
2144	2144	-20.8378
2145	2145	-19.7794
2146	2146	5.30487
2147	2147	-3.94025
2148	2148	2.32056
2149	2149	37.2364
2150	2150	-20.6375
2151	2151	-16.4328
2152	2152	-75.6501
2153	2153	34.6402
2154	2154	-21.024
2155	2155	10.9782
2156	2156	27.0822
2157	2157	8.54096
2158	2158	-14.1625
2159	2159	22.7258
2160	2160	-6.81629
2161	2161	-15.1177
2162	2162	-15.5809
2163	2163	16.0514
2164	2164	-16.741
2165	2165	-20.9466
2166	2166	4.55953
2167	2167	-7.7505
2168	2168	-28.9494
2169	2169	-2.05233
2170	2170	34.2163
2171	2171	1.92415
2172	2172	7.14856
2173	2173	-20.4942
2174	2174	-6.33699
2175	2175	-24.5872
2176	2176	-14.5203
2177	2177	-10.1843
2178	2178	-15.7569
2179	2179	-22.9416
2180	2180	-40.022
2181	2181	-48.379
2182	2182	10.196
2183	2183	-6.51165
2184	2184	2.01538
2185	2185	-22.7499
2186	2186	1.98772
2187	2187	29.7173
2188	2188	-47.2389
2189	2189	-66.9926
2190	2190	-10.2163
2191	2191	-34.4169
2192	2192	-2.4236
2193	2193	5.26638
2194	2194	7.41798
2195	2195	-32.2214
2196	2196	27.5147
2197	2197	-22.077
2198	2198	-3.04537
2199	2199	44.5064
2200	2200	-9.13098
2201	2201	-7.32813
2202	2202	-26.1397
2203	2203	39.8222
2204	2204	15.5062
2205	2205	20.8728
2206	2206	-20.6633
2207	2207	-15.664
2208	2208	15.9951
2209	2209	19.6197
2210	2210	6.51357
2211	2211	-23.7965
2212	2212	-9.72448
2213	2213	-35.9097
2214	2214	-13.2833
2215	2215	-8.37586
2216	2216	-13.012
2217	2217	3.18028
2218	2218	28.6499
2219	2219	-0.834093
2220	2220	-33.2658
2221	2221	-6.84772
2222	2222	11.3268
2223	2223	2.27786
2224	2224	0.836624
2225	2225	16.9857
2226	2226	0.356868
2227	2227	-40.6702
2228	2228	21.1093
2229	2229	-7.91229
2230	2230	-3.45563
2231	2231	44.55
2232	2232	14.134
2233	2233	28.8822
2234	2234	33.7468
2235	2235	-10.1824
2236	2236	-43.6507
2237	2237	-41.8501
2238	2238	24.4806
2239	2239	15.1385
2240	2240	4.85994
2241	2241	18.291
2242	2242	4.08489
2243	2243	38.9286
2244	2244	23.0994
2245	2245	36.4167
2246	2246	20.7307
2247	2247	-11.9465
2248	2248	-42.4172
2249	2249	-22.5305
2250	2250	22.7927
2251	2251	-31.7997
2252	2252	3.65183
2253	2253	-7.30792
2254	2254	6.25599
2255	2255	8.63234
2256	2256	-1.84975
2257	2257	8.8167
2258	2258	-17.6649
2259	2259	-13.8039
2260	2260	-31.0559
2261	2261	19.6767
2262	2262	-45.4317
2263	2263	5.01679
2264	2264	-2.8384
2265	2265	16.8955
2266	2266	-6.84508
2267	2267	-26.1701
2268	2268	-4.23284
2269	2269	11.8413
2270	2270	0.00911392
2271	2271	-14.762
2272	2272	3.94591
2273	2273	-9.86968
2274	2274	-17.7285
2275	2275	0.0984258
2276	2276	11.993
2277	2277	16.9346
2278	2278	11.9347
2279	2279	18.3567
2280	2280	-35.5238
2281	2281	-33.2501
2282	2282	-16.374
2283	2283	-11.1931
2284	2284	82.7727
2285	2285	-21.1305
2286	2286	-41.7221
2287	2287	14.9719
2288	2288	24.7955
2289	2289	-17.9984
2290	2290	-6.51586
2291	2291	-6.98375
2292	2292	40.2041
2293	2293	-14.327
2294	2294	33.3986
2295	2295	48.0157
2296	2296	-10.4474
2297	2297	-23.4724
2298	2298	-42.0732
2299	2299	33.2922
2300	2300	22.3055
2301	2301	-6.41385
2302	2302	-44.0383
2303	2303	-14.1888
2304	2304	39.2337
2305	2305	35.2991
2306	2306	-16.6393
2307	2307	-40.9084
2308	2308	39.3261
2309	2309	-6.93712
2310	2310	8.25197
2311	2311	2.76854
2312	2312	9.4394
2313	2313	-26.3503
2314	2314	54.6499
2315	2315	-32.011
2316	2316	57.7005
2317	2317	-18.5058
2318	2318	-11.9735
2319	2319	-8.26982
2320	2320	46.8842
2321	2321	21.3507
2322	2322	-21.346
2323	2323	-12.1269
2324	2324	-4.72082
2325	2325	-18.2782
2326	2326	13.4351
2327	2327	43.4688
2328	2328	-33.0483
2329	2329	-38.1954
2330	2330	20.7711
2331	2331	7.03497
2332	2332	7.99711
2333	2333	54.3253
2334	2334	49.7875
2335	2335	-10.6127
2336	2336	-28.5822
2337	2337	-40.0839
2338	2338	-29.421
2339	2339	12.2501
2340	2340	35.7129
2341	2341	14.2022
2342	2342	27.136
2343	2343	-3.34269
2344	2344	-36.7779
2345	2345	-17.4339
2346	2346	-38.1621
2347	2347	70.2486
2348	2348	14.2599
2349	2349	21.9975
2350	2350	-4.85592
2351	2351	44.6599
2352	2352	28.6994
2353	2353	17.2708
2354	2354	2.3221
2355	2355	-2.07804
2356	2356	18.4002
2357	2357	-21.3516
2358	2358	13.9669
2359	2359	31.4065
2360	2360	5.67115
2361	2361	-18.934
2362	2362	-23.9175
2363	2363	-8.68852
2364	2364	-12.4653
2365	2365	-27.5218
2366	2366	9.67654
2367	2367	-20.023
2368	2368	-33.2761
2369	2369	-6.35553
2370	2370	6.05704
2371	2371	-28.1358
2372	2372	-41.2182
2373	2373	16.3169
2374	2374	6.40189
2375	2375	7.92499
2376	2376	-18.5107
2377	2377	-13.8236
2378	2378	-69.7955
2379	2379	-41.5447
2380	2380	-4.5554
2381	2381	-30.0122
2382	2382	18.4815
2383	2383	-21.2564
2384	2384	17.3828
2385	2385	-13.2338
2386	2386	30.6232
2387	2387	-3.51335
2388	2388	-17.3894
2389	2389	-26.8901
2390	2390	55.0724
2391	2391	-20.9671
2392	2392	-13.0475
2393	2393	1.2762
2394	2394	-12.2966
2395	2395	-28.7073
2396	2396	-30.8518
2397	2397	21.1308
2398	2398	15.2289
2399	2399	-13.6086
