sample_id	sample_id2	phensim
zero	zero	-15.5247
1	1	-42.0937
2	2	-5.91799
3	3	13.3815
4	4	-8.74674
5	5	14.9956
6	6	-29.3349
7	7	18.7574
8	8	8.88972
9	9	26.1335
10	10	-0.650062
11	11	5.101
12	12	-5.21578
13	13	-7.90013
14	14	-36.484
15	15	-23.1987
16	16	20.2755
17	17	24.2364
18	18	-21.3373
19	19	-23.0851
20	20	-32.7519
21	21	-38.448
22	22	29.8791
23	23	9.02037
24	24	-0.980049
25	25	-12.3803
26	26	-34.5647
27	27	24.9001
28	28	-27.9899
29	29	-19.4678
30	30	-50.1141
31	31	9.8292
32	32	-19.8994
33	33	4.59005
34	34	38.794
35	35	-19.2865
36	36	-15.005
37	37	-12.3549
38	38	16.4644
39	39	-6.74127
40	40	-7.98749
41	41	-25.8467
42	42	20.7429
43	43	-14.3249
44	44	-1.50583
45	45	20.0762
46	46	13.3535
47	47	19.9338
48	48	2.22444
49	49	-11.9987
50	50	29.4599
51	51	-15.3894
52	52	17.1686
53	53	12.5766
54	54	29.2129
55	55	-1.57238
56	56	8.02886
57	57	-5.80546
58	58	27.2252
59	59	3.00962
60	60	41.8391
61	61	8.76359
62	62	-5.39095
63	63	12.0988
64	64	-25.6103
65	65	-27.1685
66	66	26.9318
67	67	-24.3509
68	68	24.6938
69	69	21.8636
70	70	25.0787
71	71	-22.4672
72	72	-12.1149
73	73	-8.35036
74	74	18.2737
75	75	0.0543406
76	76	1.93962
77	77	21.2337
78	78	-13.8181
79	79	-23.311
80	80	10.7684
81	81	-0.440679
82	82	10.7995
83	83	0.549931
84	84	19.7024
85	85	10.4761
86	86	-24.998
87	87	18.6956
88	88	-11.5617
89	89	-17.5093
90	90	20.7902
91	91	17.8739
92	92	15.1829
93	93	2.70073
94	94	-5.81308
95	95	13.7899
96	96	-38.1581
97	97	-20.6899
98	98	-43.145
99	99	12.229
100	100	38.5093
101	101	-5.20144
102	102	28.2647
103	103	37.0958
104	104	-21.5051
105	105	-4.42739
106	106	-33.8746
107	107	-6.38161
108	108	42.7184
109	109	-28.23
110	110	-18.6392
111	111	-14.6768
112	112	7.55849
113	113	20.2036
114	114	5.48212
115	115	8.23865
116	116	-9.12527
117	117	-13.7748
118	118	24.0463
119	119	-7.92864
120	120	2.69339
121	121	-23.8493
122	122	29.0955
123	123	-34.3572
124	124	-26.4719
125	125	-8.90969
126	126	0.442223
127	127	26.0073
128	128	-6.07678
129	129	-0.56275
130	130	-22.5735
131	131	28.3557
132	132	-1.33316
133	133	-14.6269
134	134	21.1756
135	135	-12.2755
136	136	-12.2516
137	137	8.31578
138	138	34.1846
139	139	7.49131
140	140	-15.6322
141	141	-21.3989
142	142	12.8535
143	143	4.03987
144	144	27.7237
145	145	-18.1134
146	146	16.7063
147	147	-3.41087
148	148	-24.9653
149	149	7.97554
150	150	2.64721
151	151	44.599
152	152	12.8645
153	153	19.5371
154	154	12.6553
155	155	-34.8434
156	156	24.9017
157	157	-14.5258
158	158	0.633441
159	159	14.6615
160	160	4.53366
161	161	7.8496
162	162	-11.285
163	163	6.21913
164	164	4.7286
165	165	-13.4932
166	166	21.4739
167	167	-15.2063
168	168	8.64904
169	169	11.4789
170	170	34.4055
171	171	31.9337
172	172	-17.6879
173	173	-1.67025
174	174	-13.5508
175	175	-3.3821
176	176	11.6177
177	177	17.2951
178	178	-0.398339
179	179	-25.5014
180	180	2.23342
181	181	4.39695
182	182	-20.6754
183	183	-29.8695
184	184	-26.1059
185	185	2.90489
186	186	-18.2447
187	187	11.6831
188	188	-35.4798
189	189	0.66832
190	190	-3.13107
191	191	-3.82889
192	192	-23.7547
193	193	-28.9269
194	194	-11.8213
195	195	37.9158
196	196	10.5059
197	197	-12.6716
198	198	-28.8025
199	199	-26.866
200	200	6.05478
201	201	15.5262
202	202	28.7313
203	203	24.0147
204	204	-46.7933
205	205	6.27354
206	206	3.41245
207	207	-24.3381
208	208	-5.98827
209	209	-26.7973
210	210	41.2807
211	211	-17.5873
212	212	3.22003
213	213	-21.82
214	214	4.31704
215	215	1.23355
216	216	2.4976
217	217	-21.9461
218	218	12.1597
219	219	2.96552
220	220	-1.25233
221	221	15.3921
222	222	59.6096
223	223	26.1318
224	224	7.55561
225	225	11.0899
226	226	-31.1035
227	227	-18.6001
228	228	12.0322
229	229	39.0752
230	230	-20.0001
231	231	31.3852
232	232	-26.8781
233	233	-10.9046
234	234	-18.9133
235	235	-17.0689
236	236	-4.53848
237	237	-13.1352
238	238	-22.0801
239	239	-23.461
240	240	41.6917
241	241	-20.0843
242	242	-0.39734
243	243	-6.54895
244	244	0.986308
245	245	-21.2743
246	246	22.6236
247	247	-25.935
248	248	-41.8829
249	249	-7.54271
250	250	-8.43023
251	251	-30.7978
252	252	30.8771
253	253	6.95383
254	254	4.44752
255	255	-18.3076
256	256	9.84885
257	257	-11.5116
258	258	12.3948
259	259	-13.5628
260	260	23.2413
261	261	-43.0045
262	262	14.0426
263	263	5.862
264	264	3.39553
265	265	16.0103
266	266	-38.3738
267	267	25.6963
268	268	13.6449
269	269	3.13488
270	270	9.14482
271	271	-7.15773
272	272	-25.9732
273	273	-5.98405
274	274	14.5026
275	275	-21.3319
276	276	8.05976
277	277	25.055
278	278	-26.1103
279	279	-7.41085
280	280	33.9024
281	281	10.7161
282	282	-3.50396
283	283	5.12302
284	284	-2.47795
285	285	-6.17929
286	286	-19.3937
287	287	18.9831
288	288	25.2194
289	289	18.1306
290	290	15.8857
291	291	-1.37255
292	292	12.3964
293	293	0.10498
294	294	7.45109
295	295	26.2981
296	296	1.28602
297	297	-49.3902
298	298	34.4325
299	299	3.08472
300	300	-22.3672
301	301	-8.27365
302	302	16.2821
303	303	12.8728
304	304	-14.5509
305	305	34.3342
306	306	-41.1809
307	307	4.16135
308	308	-19.6264
309	309	-16.3613
310	310	-4.25075
311	311	-11.6606
312	312	-31.1027
313	313	-0.593776
314	314	-26.0448
315	315	-9.50342
316	316	-6.35563
317	317	3.15376
318	318	28.8202
319	319	-51.4098
320	320	32.8792
321	321	9.18667
322	322	11.4282
323	323	-21.5223
324	324	28.8364
325	325	-17.8953
326	326	12.7734
327	327	19.8439
328	328	-22.9952
329	329	0.939066
330	330	-15.0771
331	331	-7.60824
332	332	-13.0024
333	333	-3.82064
334	334	10.6045
335	335	-1.18053
336	336	6.73889
337	337	45.6597
338	338	-19.8211
339	339	23.0431
340	340	-18.4421
341	341	6.87386
342	342	-19.3266
343	343	-15.7713
344	344	10.6821
345	345	3.90306
346	346	13.8754
347	347	-24.2947
348	348	15.1971
349	349	-25.0561
350	350	-7.41811
351	351	-5.13358
352	352	-23.8244
353	353	-11.1262
354	354	-9.72739
355	355	-9.69335
356	356	-1.4545
357	357	40.2628
358	358	-27.6995
359	359	7.78423
360	360	-8.13748
361	361	26.2245
362	362	19.5286
363	363	15.9056
364	364	-3.22314
365	365	-28.3112
366	366	-21.2633
367	367	-30.4267
368	368	22.4053
369	369	-4.24005
370	370	22.0037
371	371	-3.81898
372	372	10.674
373	373	-20.994
374	374	5.21379
375	375	10.0375
376	376	-12.8738
377	377	-14.1905
378	378	34.186
379	379	4.15897
380	380	-33.4524
381	381	15.1436
382	382	-9.10688
383	383	27.4986
384	384	-5.25647
385	385	-9.41733
386	386	15.1078
387	387	37.8357
388	388	18.2619
389	389	-21.5799
390	390	-26.4934
391	391	-13.102
392	392	-3.60951
393	393	8.72892
394	394	4.49028
395	395	-11.4996
396	396	35.4316
397	397	6.42489
398	398	19.4725
399	399	-3.39011
400	400	12.3399
401	401	-0.851884
402	402	20.2447
403	403	53.3666
404	404	12.7751
405	405	34.1659
406	406	3.87777
407	407	1.85657
408	408	52.5429
409	409	3.71892
410	410	43.7695
411	411	-9.52369
412	412	15.7511
413	413	-28.6529
414	414	-16.8825
415	415	26.3427
416	416	-3.43599
417	417	-15.9538
418	418	-8.58917
419	419	-14.4659
420	420	-9.86473
421	421	-31.3657
422	422	-31.0509
423	423	25.7801
424	424	14.9558
425	425	-16.267
426	426	-1.83985
427	427	8.33717
428	428	22.5835
429	429	-16.8079
430	430	-21.7442
431	431	10.9773
432	432	0.597857
433	433	-32.0347
434	434	-24.7247
435	435	21.5865
436	436	-11.0709
437	437	15.6508
438	438	-9.24815
439	439	15.7826
440	440	12.238
441	441	13.8552
442	442	20.0837
443	443	-10.5551
444	444	15.9619
445	445	-0.535122
446	446	4.68346
447	447	-4.00628
448	448	13.3332
449	449	-2.8028
450	450	19.4266
451	451	16.7127
452	452	0.679799
453	453	10.7364
454	454	-19.6211
455	455	16.3527
456	456	7.60538
457	457	13.0063
458	458	-19.6737
459	459	-1.9213
460	460	-4.18521
461	461	-7.32706
462	462	7.05747
463	463	36.3402
464	464	19.8018
465	465	8.33175
466	466	17.0008
467	467	-34.1473
468	468	5.12223
469	469	-17.9545
470	470	-4.73685
471	471	-12.8022
472	472	27.5907
473	473	18.5211
474	474	17.936
475	475	-21.9285
476	476	13.0894
477	477	17.6665
478	478	-20.3224
479	479	55.9772
480	480	26.1979
481	481	6.98244
482	482	8.35449
483	483	-5.94787
484	484	39.4776
485	485	-4.24
486	486	-12.7142
487	487	-34.4483
488	488	-21.071
489	489	-5.16514
490	490	-11.5295
491	491	10.4129
492	492	6.1894
493	493	-13.7
494	494	11.295
495	495	-6.62842
496	496	-23.8715
497	497	-33.7028
498	498	33.2555
499	499	16.4297
500	500	-18.7428
501	501	-39.6847
502	502	34.3725
503	503	-17.6788
504	504	-34.5176
505	505	-26.6737
506	506	1.77083
507	507	-0.497004
508	508	-30.3647
509	509	8.2006
510	510	18.3739
511	511	5.95978
512	512	3.08946
513	513	-37.4229
514	514	-7.36668
515	515	0.475117
516	516	12.0184
517	517	-20.0331
518	518	49.7408
519	519	-2.97504
520	520	10.0351
521	521	-37.5831
522	522	-8.52626
523	523	-15.5488
524	524	28.9879
525	525	47.9636
526	526	-2.53568
527	527	-27.0339
528	528	-14.8556
529	529	13.3218
530	530	-6.86931
531	531	11.5947
532	532	-47.5646
533	533	7.3349
534	534	13.4108
535	535	-16.4758
536	536	3.18743
537	537	10.4196
538	538	9.76583
539	539	-4.11664
540	540	32.9091
541	541	17.6531
542	542	7.50972
543	543	-5.12463
544	544	-23.3954
545	545	-18.4192
546	546	-36.6993
547	547	-14.4823
548	548	3.10915
549	549	-17.8576
550	550	-20.915
551	551	26.4998
552	552	-13.5331
553	553	-7.06248
554	554	-6.62724
555	555	6.24297
556	556	8.86919
557	557	11.1177
558	558	-15.7562
559	559	-10.1062
560	560	18.7124
561	561	-33.8995
562	562	35.7976
563	563	23.0115
564	564	-16.4876
565	565	-8.70599
566	566	-1.58035
567	567	5.79275
568	568	32.8341
569	569	-18.2896
570	570	24.5198
571	571	27.4545
572	572	16.4607
573	573	8.55316
574	574	-8.87506
575	575	-29.7567
576	576	-20.4753
577	577	24.0197
578	578	30.6397
579	579	25.1127
580	580	3.49222
581	581	21.5538
582	582	-10.1687
583	583	-38.5994
584	584	1.13485
585	585	14.0468
586	586	48.8912
587	587	-9.52071
588	588	12.4373
589	589	-16.0132
590	590	-0.534582
591	591	25.6002
592	592	-21.0374
593	593	-11.0067
594	594	17.2205
595	595	51.2501
596	596	9.36736
597	597	-24.2508
598	598	13.1208
599	599	9.11994
600	600	-21.4351
601	601	-36.567
602	602	32.4451
603	603	13.3155
604	604	-2.13925
605	605	21.3167
606	606	-3.95652
607	607	18.3245
608	608	50.5461
609	609	5.25541
610	610	-20.6869
611	611	20.9701
612	612	-11.8896
613	613	17.5818
614	614	-11.7105
615	615	-1.92491
616	616	18.5361
617	617	-5.41629
618	618	17.1075
619	619	28.3671
620	620	-30.1688
621	621	-6.93091
622	622	5.8212
623	623	-20.2947
624	624	4.75654
625	625	17.4404
626	626	-28.8435
627	627	10.5002
628	628	-5.96304
629	629	12.3114
630	630	-11.7583
631	631	-20.552
632	632	22.4564
633	633	32.3295
634	634	11.4893
635	635	7.50278
636	636	3.88853
637	637	-22.3509
638	638	-13.9179
639	639	28.7053
640	640	-8.01445
641	641	11.651
642	642	2.51538
643	643	0.321867
644	644	23.7916
645	645	0.917413
646	646	9.23903
647	647	-9.02904
648	648	-9.20211
649	649	29.0348
650	650	-5.16228
651	651	1.94112
652	652	-21.2906
653	653	-28.6653
654	654	47.425
655	655	37.8297
656	656	16.9565
657	657	7.35207
658	658	30.1548
659	659	37.2304
660	660	-21.1443
661	661	-4.50391
662	662	-29.2911
663	663	8.18966
664	664	2.17579
665	665	-7.10305
666	666	-15.1469
667	667	-52.3393
668	668	21.5016
669	669	-19.0236
670	670	9.22004
671	671	-10.631
672	672	26.5039
673	673	2.206
674	674	-2.11084
675	675	-23.1038
676	676	-3.0346
677	677	25.1019
678	678	-38.5667
679	679	4.58729
680	680	-4.3594
681	681	-20.9965
682	682	-29.7325
683	683	19.4627
684	684	14.7554
685	685	24.3951
686	686	1.83727
687	687	-6.32553
688	688	9.87554
689	689	6.27555
690	690	2.8746
691	691	-8.8201
692	692	12.7825
693	693	-31.3477
694	694	31.574
695	695	15.4868
696	696	-4.4048
697	697	9.74585
698	698	-1.22984
699	699	-32.4469
700	700	35.2215
701	701	11.1156
702	702	4.08139
703	703	11.0867
704	704	40.8803
705	705	-45.9177
706	706	-2.16672
707	707	-8.8877
708	708	-25.5656
709	709	2.26854
710	710	-36.5285
711	711	-14.7742
712	712	-6.22134
713	713	26.6079
714	714	15.6963
715	715	17.5883
716	716	-30.8059
717	717	-29.7546
718	718	12.2046
719	719	-1.44797
720	720	1.23215
721	721	-29.059
722	722	-18.8725
723	723	4.16822
724	724	19.492
725	725	-8.9724
726	726	6.32983
727	727	-12.4425
728	728	12.4731
729	729	-22.0053
730	730	26.0008
731	731	-29.2645
732	732	17.5905
733	733	1.18047
734	734	5.71183
735	735	22.0146
736	736	-24.9608
737	737	26.1162
738	738	8.59205
739	739	27.9704
740	740	-4.46872
741	741	14.3556
742	742	-29.7526
743	743	10.1981
744	744	1.67443
745	745	-6.30504
746	746	35.6091
747	747	-6.93396
748	748	-26.1082
749	749	-19.5193
750	750	-12.9576
751	751	-33.9168
752	752	7.71712
753	753	-12.1793
754	754	20.6048
755	755	-29.5564
756	756	-16.4176
757	757	-7.76101
758	758	-32.8213
759	759	5.13317
760	760	-7.25867
761	761	-23.7584
762	762	-13.5542
763	763	-1.66027
764	764	7.00448
765	765	-12.966
766	766	-8.38032
767	767	15.6212
768	768	-17.2029
769	769	16.712
770	770	8.40313
771	771	-7.51868
772	772	10.8256
773	773	3.55802
774	774	-0.061965
775	775	-1.96496
776	776	4.56831
777	777	30.9159
778	778	-9.59298
779	779	25.1275
780	780	4.85315
781	781	13.6916
782	782	29.2947
783	783	-3.73505
784	784	-47.1191
785	785	-1.87355
786	786	-9.36831
787	787	-20.4386
788	788	-18.2732
789	789	-17.5184
790	790	-11.9456
791	791	-4.43103
792	792	-13.7101
793	793	-13.4451
794	794	21.7727
795	795	16.4945
796	796	3.19564
797	797	41.2208
798	798	23.8768
799	799	-33.1006
800	800	5.83857
801	801	-8.74639
802	802	3.2159
803	803	23.0606
804	804	4.39222
805	805	-0.509754
806	806	-32.3194
807	807	-2.16609
808	808	-11.6707
809	809	-13.186
810	810	-5.80929
811	811	-6.06541
812	812	32.4197
813	813	-14.3428
814	814	8.41389
815	815	-33.1825
816	816	1.36274
817	817	8.81002
818	818	31.9573
819	819	-27.4453
820	820	-5.35569
821	821	-9.80032
822	822	-15.0595
823	823	44.2045
824	824	14.6253
825	825	-16.0161
826	826	-10.1998
827	827	-29.0388
828	828	6.42377
829	829	-37.1284
830	830	17.0366
831	831	13.9752
832	832	10.1322
833	833	31.8078
834	834	0.865293
835	835	-1.28483
836	836	-35.7889
837	837	15.9075
838	838	-16.4878
839	839	-17.4854
840	840	17.7933
841	841	18.1797
842	842	30.6921
843	843	-8.68973
844	844	45.2825
845	845	-33.7177
846	846	2.75167
847	847	-19.8538
848	848	10.5187
849	849	-1.38038
850	850	-23.4178
851	851	15.3106
852	852	2.07522
853	853	4.54919
854	854	17.3469
855	855	-35.5417
856	856	-30.6975
857	857	2.0639
858	858	-24.6197
859	859	-37.3411
860	860	-1.84737
861	861	-28.9118
862	862	-18.7105
863	863	12.1555
864	864	-9.97917
865	865	3.65945
866	866	-12.5793
867	867	-38.9027
868	868	-8.35282
869	869	-4.67448
870	870	-4.41984
871	871	47.521
872	872	-1.19147
873	873	-50.1619
874	874	-23.5097
875	875	22.1242
876	876	-9.32171
877	877	-28.3783
878	878	-43.744
879	879	-4.80394
880	880	-28.2956
881	881	-15.654
882	882	9.31194
883	883	5.38708
884	884	-16.7012
885	885	-13.4439
886	886	16.7217
887	887	-16.3605
888	888	11.5195
889	889	-25.0051
890	890	6.44342
891	891	60.5462
892	892	-8.67754
893	893	-15.9895
894	894	20.9998
895	895	35.9048
896	896	-6.03615
897	897	30.0634
898	898	-11.5686
899	899	15.2202
900	900	-18.9431
901	901	13.2639
902	902	-0.54263
903	903	-4.04876
904	904	7.91808
905	905	-20.0287
906	906	23.9671
907	907	8.36021
908	908	19.9634
909	909	-12.3787
910	910	-2.07799
911	911	5.61174
912	912	-6.81586
913	913	14.2032
914	914	-38.8773
915	915	-29.5242
916	916	7.31274
917	917	-10.3862
918	918	-10.4288
919	919	10.0621
920	920	-22.1758
921	921	6.20855
922	922	27.524
923	923	-19.6294
924	924	2.13371
925	925	21.3785
926	926	-40.9932
927	927	-6.1538
928	928	-18.3916
929	929	-20.572
930	930	22.4713
931	931	-1.69196
932	932	9.46467
933	933	-8.78074
934	934	-13.7756
935	935	-2.96319
936	936	35.5648
937	937	20.401
938	938	-49.4663
939	939	10.6357
940	940	2.16598
941	941	2.57845
942	942	10.1704
943	943	10.9493
944	944	13.8242
945	945	19.8625
946	946	0.259151
947	947	41.7254
948	948	-18.8639
949	949	-0.213455
950	950	16.2611
951	951	26.9799
952	952	-3.77618
953	953	9.78262
954	954	16.2534
955	955	-16.7065
956	956	2.99473
957	957	-26.2061
958	958	47.7673
959	959	-22.844
960	960	7.9597
961	961	-2.66984
962	962	4.21914
963	963	-0.264837
964	964	-11.0268
965	965	-16.2064
966	966	-13.7826
967	967	23.3708
968	968	3.69182
969	969	29.226
970	970	-24.2819
971	971	-22.3384
972	972	-11.527
973	973	-12.5094
974	974	21.4111
975	975	0.416954
976	976	-22.5331
977	977	17.3956
978	978	33.6177
979	979	8.43743
980	980	20.3081
981	981	2.08509
982	982	-38.3802
983	983	-5.65929
984	984	-41.1709
985	985	-29.528
986	986	-36.3381
987	987	-24.1574
988	988	16.3025
989	989	-22.2888
990	990	12.46
991	991	-16.5599
992	992	-18.267
993	993	5.02204
994	994	-2.03425
995	995	14.7783
996	996	0.727051
997	997	-20.2007
998	998	1.56509
999	999	-18.6743
1000	1000	-3.27862
1001	1001	-11.3607
1002	1002	-1.1785
1003	1003	-24.1452
1004	1004	-12.6077
1005	1005	8.4552
1006	1006	1.76822
1007	1007	0.321973
1008	1008	19.2696
1009	1009	10.4012
1010	1010	26.9438
1011	1011	26.9673
1012	1012	-3.90389
1013	1013	15.7997
1014	1014	-26.9752
1015	1015	6.62921
1016	1016	8.95998
1017	1017	-5.0655
1018	1018	-5.44023
1019	1019	0.332201
1020	1020	-15.5959
1021	1021	23.9095
1022	1022	7.69867
1023	1023	50.1125
1024	1024	-16.188
1025	1025	-4.26688
1026	1026	-4.1314
1027	1027	15.6509
1028	1028	-7.28162
1029	1029	25.6103
1030	1030	17.4053
1031	1031	9.2914
1032	1032	-21.4737
1033	1033	-3.90539
1034	1034	34.9453
1035	1035	-8.50826
1036	1036	-4.04763
1037	1037	-19.3606
1038	1038	22.9328
1039	1039	19.6465
1040	1040	-20.2366
1041	1041	-23.9223
1042	1042	12.7256
1043	1043	8.62259
1044	1044	-0.156263
1045	1045	20.1611
1046	1046	6.18243
1047	1047	-32.0957
1048	1048	0.319518
1049	1049	41.9922
1050	1050	19.439
1051	1051	13.128
1052	1052	-1.41873
1053	1053	13.2457
1054	1054	-2.74157
1055	1055	11.2902
1056	1056	21.7508
1057	1057	1.42456
1058	1058	-37.1563
1059	1059	-14.5943
1060	1060	20.6917
1061	1061	-7.41463
1062	1062	-14.2598
1063	1063	6.49885
1064	1064	-18.3265
1065	1065	39.3917
1066	1066	22.3808
1067	1067	-16.579
1068	1068	-23.6228
1069	1069	-25.7385
1070	1070	-34.2912
1071	1071	-35.5279
1072	1072	-5.86409
1073	1073	35.9692
1074	1074	-8.11538
1075	1075	16.8358
1076	1076	20.7167
1077	1077	55.2978
1078	1078	3.81667
1079	1079	29.5188
1080	1080	3.05151
1081	1081	10.0785
1082	1082	2.14587
1083	1083	-9.54186
1084	1084	-10.0857
1085	1085	-23.5957
1086	1086	14.1623
1087	1087	-2.40256
1088	1088	22.133
1089	1089	-10.8585
1090	1090	-5.90895
1091	1091	-11.6989
1092	1092	-5.09519
1093	1093	-11.11
1094	1094	-1.67146
1095	1095	4.27737
1096	1096	34.0798
1097	1097	-5.05334
1098	1098	-14.3221
1099	1099	-30.7175
1100	1100	26.4276
1101	1101	18.4412
1102	1102	4.1756
1103	1103	11.0042
1104	1104	-17.5975
1105	1105	-29.5703
1106	1106	-2.21188
1107	1107	-25.76
1108	1108	22.1281
1109	1109	-5.54038
1110	1110	-5.79699
1111	1111	15.1805
1112	1112	27.6713
1113	1113	-12.0428
1114	1114	35.6487
1115	1115	34.0539
1116	1116	-24.7204
1117	1117	38.756
1118	1118	0.410611
1119	1119	-4.44991
1120	1120	24.5087
1121	1121	-0.16513
1122	1122	-56.4443
1123	1123	-0.683768
1124	1124	-12.6753
1125	1125	-11.0461
1126	1126	3.47811
1127	1127	37.7954
1128	1128	10.6647
1129	1129	13.3826
1130	1130	-1.70288
1131	1131	18.0007
1132	1132	10.1239
1133	1133	12.1476
1134	1134	-1.04038
1135	1135	-24.8676
1136	1136	-30.2072
1137	1137	-3.42496
1138	1138	13.9444
1139	1139	-27.9242
1140	1140	-3.87267
1141	1141	16.2689
1142	1142	24.3989
1143	1143	-7.30278
1144	1144	17.6776
1145	1145	-40.5829
1146	1146	48.9676
1147	1147	21.146
1148	1148	-24.82
1149	1149	21.7818
1150	1150	8.30834
1151	1151	0.990261
1152	1152	-5.00689
1153	1153	-1.23691
1154	1154	-8.5831
1155	1155	-9.68886
1156	1156	20.62
1157	1157	-15.3468
1158	1158	-3.71091
1159	1159	4.34003
1160	1160	26.4897
1161	1161	3.74392
1162	1162	14.7997
1163	1163	-1.70523
1164	1164	-7.9271
1165	1165	-15.898
1166	1166	4.98829
1167	1167	3.96489
1168	1168	9.27882
1169	1169	8.30015
1170	1170	-18.4435
1171	1171	-29.3824
1172	1172	30.6589
1173	1173	-18.8558
1174	1174	-33.503
1175	1175	-5.64075
1176	1176	8.88275
1177	1177	-26.98
1178	1178	-9.91493
1179	1179	-13.8328
1180	1180	-26.1072
1181	1181	-4.33462
1182	1182	-27.6725
1183	1183	12.616
1184	1184	-19.0015
1185	1185	12.0954
1186	1186	33.0496
1187	1187	5.91562
1188	1188	22.603
1189	1189	11.5013
1190	1190	1.03996
1191	1191	0.784536
1192	1192	-11.7662
1193	1193	-28.545
1194	1194	-21.1416
1195	1195	-14.2303
1196	1196	-5.51398
1197	1197	-4.73696
1198	1198	-35.3377
1199	1199	-32.1491
1200	1200	2.00446
1201	1201	-5.58229
1202	1202	-29.7141
1203	1203	-0.0981308
1204	1204	-11.0507
1205	1205	-33.6673
1206	1206	44.3306
1207	1207	0.0887996
1208	1208	3.53273
1209	1209	-1.79024
1210	1210	-16.3116
1211	1211	-39.7952
1212	1212	-4.47368
1213	1213	-17.1802
1214	1214	-7.94194
1215	1215	13.7695
1216	1216	1.93333
1217	1217	6.21501
1218	1218	-10.9874
1219	1219	14.1358
1220	1220	44.6519
1221	1221	25.4844
1222	1222	-27.1204
1223	1223	-27.7893
1224	1224	-15.374
1225	1225	8.78123
1226	1226	33.6902
1227	1227	-42.7777
1228	1228	2.19111
1229	1229	0.548892
1230	1230	20.361
1231	1231	11.2908
1232	1232	-2.02028
1233	1233	19.6328
1234	1234	-1.91315
1235	1235	9.16851
1236	1236	-3.90649
1237	1237	11.0047
1238	1238	-2.3908
1239	1239	-24.5552
1240	1240	-30.5616
1241	1241	-6.01487
1242	1242	-23.3092
1243	1243	-11.4164
1244	1244	-30.8254
1245	1245	1.13289
1246	1246	10.0214
1247	1247	13.1317
1248	1248	-23.3428
1249	1249	-9.27197
1250	1250	-26.9965
1251	1251	9.62662
1252	1252	1.37942
1253	1253	-18.5794
1254	1254	22.5829
1255	1255	5.9821
1256	1256	-25.4755
1257	1257	1.47809
1258	1258	-5.5737
1259	1259	6.29889
1260	1260	-28.1072
1261	1261	-32.5299
1262	1262	-11.0788
1263	1263	10.1097
1264	1264	10.3089
1265	1265	-36.1131
1266	1266	-29.487
1267	1267	27.0979
1268	1268	-23.5163
1269	1269	-20.4328
1270	1270	-29.9805
1271	1271	-5.44639
1272	1272	-13.9083
1273	1273	-7.99601
1274	1274	27.8412
1275	1275	6.62482
1276	1276	29.964
1277	1277	39.5258
1278	1278	-3.045
1279	1279	-2.48083
1280	1280	23.6361
1281	1281	13.6468
1282	1282	-0.901305
1283	1283	-8.60113
1284	1284	10.4327
1285	1285	-22.705
1286	1286	-0.352498
1287	1287	-10.9712
1288	1288	9.07372
1289	1289	-17.9819
1290	1290	22.9689
1291	1291	45.4855
1292	1292	41.1754
1293	1293	3.9219
1294	1294	-14.1696
1295	1295	3.02077
1296	1296	-41.3973
1297	1297	-22.4324
1298	1298	12.8565
1299	1299	-20.3333
1300	1300	-14.8155
1301	1301	-23.2021
1302	1302	22.346
1303	1303	10.9533
1304	1304	-12.312
1305	1305	-20.5304
1306	1306	-21.7335
1307	1307	11.936
1308	1308	-13.4435
1309	1309	19.4379
1310	1310	-10.0268
1311	1311	38.8914
1312	1312	5.84634
1313	1313	17.8336
1314	1314	4.67942
1315	1315	3.84963
1316	1316	5.68394
1317	1317	15.2169
1318	1318	-19.672
1319	1319	-21.2918
1320	1320	1.16796
1321	1321	51.6895
1322	1322	-27.1321
1323	1323	15.1179
1324	1324	7.91578
1325	1325	-1.67734
1326	1326	-5.0731
1327	1327	-20.4385
1328	1328	-15.2653
1329	1329	15.4034
1330	1330	4.25283
1331	1331	0.846194
1332	1332	2.0358
1333	1333	18.9432
1334	1334	6.34675
1335	1335	-16.9715
1336	1336	-3.37726
1337	1337	26.8826
1338	1338	58.5371
1339	1339	12.5761
1340	1340	-25.302
1341	1341	-11.637
1342	1342	-24.1265
1343	1343	1.25991
1344	1344	28.2186
1345	1345	14.2826
1346	1346	1.55524
1347	1347	-1.38704
1348	1348	9.08939
1349	1349	-19.0819
1350	1350	-1.19426
1351	1351	-14.9054
1352	1352	-23.3697
1353	1353	16.2701
1354	1354	-13.9038
1355	1355	5.22569
1356	1356	10.3499
1357	1357	10.9279
1358	1358	16.1033
1359	1359	-27.5957
1360	1360	36.7323
1361	1361	2.48609
1362	1362	-17.7309
1363	1363	-13.2874
1364	1364	-0.113509
1365	1365	8.02441
1366	1366	5.40585
1367	1367	9.35069
1368	1368	32.6053
1369	1369	-9.17212
1370	1370	42.6622
1371	1371	45.3551
1372	1372	12.5329
1373	1373	3.6586
1374	1374	38.1298
1375	1375	-11.6716
1376	1376	-47.1944
1377	1377	-30.5311
1378	1378	-2.37456
1379	1379	-0.0761905
1380	1380	49.8333
1381	1381	-34.0051
1382	1382	39.1557
1383	1383	10.2491
1384	1384	-35.4908
1385	1385	-7.07258
1386	1386	-38.3357
1387	1387	21.5255
1388	1388	-14.1749
1389	1389	-13.7138
1390	1390	-16.7133
1391	1391	20.128
1392	1392	18.5595
1393	1393	-16.0831
1394	1394	7.3449
1395	1395	-14.2017
1396	1396	-13.9886
1397	1397	4.82206
1398	1398	-13.5222
1399	1399	14.715
1400	1400	17.2439
1401	1401	-23.3517
1402	1402	16.5014
1403	1403	-14.3002
1404	1404	-7.67695
1405	1405	-11.8602
1406	1406	13.2848
1407	1407	7.23084
1408	1408	-15.9254
1409	1409	-10.1514
1410	1410	-19.2389
1411	1411	27.4002
1412	1412	1.37844
1413	1413	-8.95665
1414	1414	-11.045
1415	1415	-33.737
1416	1416	-2.26878
1417	1417	-18.3998
1418	1418	7.94692
1419	1419	10.8409
1420	1420	1.16285
1421	1421	-34.8591
1422	1422	27.466
1423	1423	11.7184
1424	1424	47.6603
1425	1425	-8.13865
1426	1426	-34.6324
1427	1427	-18.4427
1428	1428	15.9522
1429	1429	-39.8409
1430	1430	3.44075
1431	1431	-16.8876
1432	1432	17.7788
1433	1433	-13.8916
1434	1434	19.1512
1435	1435	18.6293
1436	1436	-8.16717
1437	1437	-8.02033
1438	1438	-15.0722
1439	1439	-36.1503
1440	1440	-5.47268
1441	1441	16.5973
1442	1442	9.31639
1443	1443	42.8235
1444	1444	-10.2487
1445	1445	-6.45201
1446	1446	-34.4936
1447	1447	-34.5143
1448	1448	-35.3261
1449	1449	-23.3132
1450	1450	6.89997
1451	1451	6.5962
1452	1452	-17.455
1453	1453	21.7824
1454	1454	14.6532
1455	1455	2.50248
1456	1456	-41.6487
1457	1457	19.781
1458	1458	-8.6569
1459	1459	-30.7871
1460	1460	-6.11749
1461	1461	-4.0295
1462	1462	-41.6758
1463	1463	27.2608
1464	1464	-25.4358
1465	1465	-45.5497
1466	1466	-12.018
1467	1467	-19.8504
1468	1468	36.1448
1469	1469	-31.5891
1470	1470	1.56841
1471	1471	-8.78033
1472	1472	18.7199
1473	1473	22.7055
1474	1474	52.9172
1475	1475	-8.18549
1476	1476	3.78896
1477	1477	-42.7893
1478	1478	18.7251
1479	1479	0.0156686
1480	1480	-2.66546
1481	1481	-10.3515
1482	1482	8.70396
1483	1483	-2.59426
1484	1484	-3.21453
1485	1485	-11.5482
1486	1486	2.08192
1487	1487	-9.81341
1488	1488	6.82081
1489	1489	-19.3027
1490	1490	-53.5069
1491	1491	-17.4653
1492	1492	-14.7619
1493	1493	13.5461
1494	1494	25.5784
1495	1495	30.638
1496	1496	19.8628
1497	1497	13.9166
1498	1498	11.5485
1499	1499	-5.00945
1500	1500	43.1807
1501	1501	-24.9712
1502	1502	-11.9272
1503	1503	11.0405
1504	1504	-3.2927
1505	1505	12.5887
1506	1506	-10.655
1507	1507	-2.68117
1508	1508	-0.364178
1509	1509	49.6096
1510	1510	-13.0865
1511	1511	13.0479
1512	1512	6.50474
1513	1513	-35.9262
1514	1514	-7.78706
1515	1515	-2.76495
1516	1516	25.9904
1517	1517	-38.5758
1518	1518	4.94622
1519	1519	1.71561
1520	1520	-15.7905
1521	1521	-34.8189
1522	1522	-4.31009
1523	1523	14.037
1524	1524	18.9889
1525	1525	-7.63419
1526	1526	1.62707
1527	1527	-10.4899
1528	1528	-6.39352
1529	1529	22.1114
1530	1530	-8.21284
1531	1531	-0.427125
1532	1532	15.4058
1533	1533	5.86134
1534	1534	-26.496
1535	1535	37.7355
1536	1536	7.03289
1537	1537	39.2884
1538	1538	-18.2302
1539	1539	62.2539
1540	1540	-58.9506
1541	1541	20.3447
1542	1542	-10.3202
1543	1543	-4.44302
1544	1544	-7.23411
1545	1545	24.4859
1546	1546	-23.9276
1547	1547	12.5079
1548	1548	6.37154
1549	1549	-23.0054
1550	1550	-16.7644
1551	1551	-5.87466
1552	1552	-6.09377
1553	1553	-6.64494
1554	1554	-3.36452
1555	1555	27.3913
1556	1556	-9.25369
1557	1557	-0.495985
1558	1558	12.6257
1559	1559	-7.10575
1560	1560	-7.98851
1561	1561	-2.72221
1562	1562	-18.2926
1563	1563	-24.7971
1564	1564	17.3828
1565	1565	13.3908
1566	1566	21.4177
1567	1567	-33.6433
1568	1568	7.5242
1569	1569	-23.3681
1570	1570	0.0322184
1571	1571	-26.8186
1572	1572	21.0011
1573	1573	-6.1904
1574	1574	37.7494
1575	1575	-34.3242
1576	1576	1.46585
1577	1577	-11.7533
1578	1578	-11.4858
1579	1579	30.1561
1580	1580	-54.3025
1581	1581	-18.3779
1582	1582	-10.052
1583	1583	25.6314
1584	1584	-17.5117
1585	1585	31.215
1586	1586	-41.6473
1587	1587	10.8971
1588	1588	33.901
1589	1589	36.883
1590	1590	-33.1808
1591	1591	-37.4717
1592	1592	26.2656
1593	1593	-8.15817
1594	1594	-16.7897
1595	1595	24.6284
1596	1596	-5.20995
1597	1597	-24.0253
1598	1598	-27.5036
1599	1599	-50.6282
1600	1600	-28.0141
1601	1601	34.2455
1602	1602	29.2165
1603	1603	11.7224
1604	1604	-7.84258
1605	1605	-35.2523
1606	1606	-10.1475
1607	1607	-1.30689
1608	1608	7.92645
1609	1609	6.78028
1610	1610	18.7934
1611	1611	18.6142
1612	1612	-7.55984
1613	1613	-1.07104
1614	1614	-10.5696
1615	1615	2.34083
1616	1616	16.595
1617	1617	-4.42101
1618	1618	4.92144
1619	1619	29.5134
1620	1620	-41.72
1621	1621	-17.5823
1622	1622	9.54389
1623	1623	-22.8012
1624	1624	-7.56258
1625	1625	41.0246
1626	1626	-33.6926
1627	1627	-20.9928
1628	1628	27.9381
1629	1629	-2.59331
1630	1630	-5.53886
1631	1631	-62.4702
1632	1632	5.5236
1633	1633	-9.44731
1634	1634	-18.8892
1635	1635	-30.3057
1636	1636	-6.9264
1637	1637	4.33027
1638	1638	-14.2793
1639	1639	6.36963
1640	1640	-25.2081
1641	1641	18.0699
1642	1642	20.5522
1643	1643	5.44322
1644	1644	37.3056
1645	1645	-40.541
1646	1646	22.1503
1647	1647	-15.258
1648	1648	-17.6399
1649	1649	-15.7078
1650	1650	3.43713
1651	1651	-19.8724
1652	1652	-10.9256
1653	1653	12.4895
1654	1654	13.4782
1655	1655	-14.2046
1656	1656	24.9619
1657	1657	3.52654
1658	1658	-22.5643
1659	1659	4.48627
1660	1660	-10.7166
1661	1661	29.4443
1662	1662	-1.68002
1663	1663	-15.3832
1664	1664	3.68267
1665	1665	-2.15077
1666	1666	16.8741
1667	1667	18.3978
1668	1668	-9.53223
1669	1669	-19.5851
1670	1670	41.7357
1671	1671	2.98618
1672	1672	8.1686
1673	1673	-3.17073
1674	1674	21.2086
1675	1675	-19.9504
1676	1676	32.8543
1677	1677	-38.4727
1678	1678	7.1313
1679	1679	-24.621
1680	1680	-26.6802
1681	1681	-8.65706
1682	1682	-2.58124
1683	1683	-14.6356
1684	1684	27.7575
1685	1685	22.883
1686	1686	-5.24715
1687	1687	-20.0173
1688	1688	-27.9368
1689	1689	-0.47769
1690	1690	-7.87644
1691	1691	5.35808
1692	1692	-28.7776
1693	1693	-7.88778
1694	1694	-23.3385
1695	1695	-14.5984
1696	1696	-61.6709
1697	1697	-31.0899
1698	1698	-2.38662
1699	1699	-25.1576
1700	1700	4.11186
1701	1701	-3.13242
1702	1702	8.83106
1703	1703	35.4814
1704	1704	33.5395
1705	1705	4.1462
1706	1706	-0.453048
1707	1707	10.6383
1708	1708	3.29641
1709	1709	-0.811013
1710	1710	-6.87389
1711	1711	-17.103
1712	1712	-57.0853
1713	1713	21.7943
1714	1714	-0.225196
1715	1715	7.57232
1716	1716	-21.3346
1717	1717	-11.6669
1718	1718	-12.3195
1719	1719	-22.9378
1720	1720	-1.37185
1721	1721	25.1177
1722	1722	16.2139
1723	1723	25.4898
1724	1724	-2.05787
1725	1725	-25.3304
1726	1726	19.5797
1727	1727	-18.8136
1728	1728	2.99501
1729	1729	22.0912
1730	1730	-3.21748
1731	1731	-37.47
1732	1732	3.99634
1733	1733	54.3483
1734	1734	5.83048
1735	1735	-28.1084
1736	1736	-3.29819
1737	1737	-20.3781
1738	1738	-5.74745
1739	1739	-17.2844
1740	1740	19.0825
1741	1741	-22.5901
1742	1742	2.1782
1743	1743	9.89805
1744	1744	-4.20484
1745	1745	7.73074
1746	1746	49.3867
1747	1747	-4.29574
1748	1748	17.0993
1749	1749	-27.7131
1750	1750	-6.11835
1751	1751	-2.97061
1752	1752	16.4131
1753	1753	-26.7828
1754	1754	-7.85088
1755	1755	4.66947
1756	1756	-16.8372
1757	1757	-30.7856
1758	1758	11.6755
1759	1759	-17.9265
1760	1760	-15.2318
1761	1761	35.4781
1762	1762	-2.16648
1763	1763	-26.8613
1764	1764	38.3285
1765	1765	-10.4384
1766	1766	-14.8986
1767	1767	-14.8483
1768	1768	23.6809
1769	1769	5.11478
1770	1770	8.03051
1771	1771	10.5029
1772	1772	-24.0084
1773	1773	13.6381
1774	1774	12.1568
1775	1775	-44.0547
1776	1776	9.09609
1777	1777	4.95079
1778	1778	-8.83491
1779	1779	17.1086
1780	1780	15.9438
1781	1781	-16.2581
1782	1782	-52.2297
1783	1783	16.1997
1784	1784	-23.5299
1785	1785	0.572144
1786	1786	-10.4996
1787	1787	8.15959
1788	1788	-47.0174
1789	1789	-4.91649
1790	1790	6.75613
1791	1791	30.8533
1792	1792	-32.6056
1793	1793	17.4945
1794	1794	-15.7677
1795	1795	1.75307
1796	1796	3.32804
1797	1797	-3.34866
1798	1798	46.7357
1799	1799	-6.55604
1800	1800	1.83964
1801	1801	-0.346669
1802	1802	6.79287
1803	1803	2.87023
1804	1804	11.064
1805	1805	-9.15934
1806	1806	-47.2648
1807	1807	-3.83721
1808	1808	-30.5367
1809	1809	-10.1447
1810	1810	-31.4269
1811	1811	-19.9596
1812	1812	14.9972
1813	1813	48.574
1814	1814	11.7056
1815	1815	20.4325
1816	1816	-18.9153
1817	1817	-34.6946
1818	1818	22.4585
1819	1819	-32.3151
1820	1820	21.5543
1821	1821	0.611804
1822	1822	9.8187
1823	1823	13.1566
1824	1824	-8.93192
1825	1825	24.4082
1826	1826	-37.4502
1827	1827	-14.0976
1828	1828	11.4021
1829	1829	-8.21239
1830	1830	48.2214
1831	1831	14.948
1832	1832	-2.22431
1833	1833	-44.5183
1834	1834	-0.605778
1835	1835	1.83366
1836	1836	50.1846
1837	1837	-10.1695
1838	1838	33.6426
1839	1839	8.85421
1840	1840	5.42958
1841	1841	-10.5436
1842	1842	8.94579
1843	1843	-3.84964
1844	1844	22.6663
1845	1845	-44.2712
1846	1846	-46.1672
1847	1847	17.2177
1848	1848	14.5197
1849	1849	-35.4376
1850	1850	-14.6956
1851	1851	10.1884
1852	1852	-8.10203
1853	1853	-42.1144
1854	1854	-7.0751
1855	1855	-15.8217
1856	1856	7.34507
1857	1857	15.3908
1858	1858	-21.1208
1859	1859	36.0355
1860	1860	21.5523
1861	1861	6.56153
1862	1862	-11.0665
1863	1863	7.97587
1864	1864	-6.02302
1865	1865	-39.4953
1866	1866	10.6715
1867	1867	19.1739
1868	1868	29.8981
1869	1869	-10.5074
1870	1870	-6.81519
1871	1871	2.84952
1872	1872	2.39552
1873	1873	16.367
1874	1874	4.88017
1875	1875	-9.79347
1876	1876	16.2437
1877	1877	39.7098
1878	1878	-15.0762
1879	1879	10.5251
1880	1880	-10.1156
1881	1881	12.4398
1882	1882	-29.0276
1883	1883	-17.9053
1884	1884	-8.67703
1885	1885	31.4985
1886	1886	-3.10169
1887	1887	-11.521
1888	1888	36.1975
1889	1889	-5.39875
1890	1890	33.8985
1891	1891	-2.3784
1892	1892	14.1287
1893	1893	-15.3062
1894	1894	16.4706
1895	1895	28.9439
1896	1896	-15.0594
1897	1897	0.791889
1898	1898	-10.1739
1899	1899	-16.1488
1900	1900	-9.38475
1901	1901	-11.132
1902	1902	31.0511
1903	1903	29.5131
1904	1904	-28.1212
1905	1905	18.4683
1906	1906	9.72608
1907	1907	17.8912
1908	1908	21.4575
1909	1909	29.4469
1910	1910	-26.8011
1911	1911	26.8069
1912	1912	-21.6982
1913	1913	8.64997
1914	1914	-20.8192
1915	1915	2.95525
1916	1916	-21.009
1917	1917	-21.2904
1918	1918	-36.8985
1919	1919	-26.1875
1920	1920	15.1119
1921	1921	-15.9433
1922	1922	-4.24207
1923	1923	-7.43293
1924	1924	8.22004
1925	1925	28.6623
1926	1926	-9.87414
1927	1927	3.32379
1928	1928	7.22823
1929	1929	15.392
1930	1930	60.522
1931	1931	14.2144
1932	1932	7.91167
1933	1933	-24.235
1934	1934	51.2268
1935	1935	-6.18198
1936	1936	21.2902
1937	1937	41.4647
1938	1938	31.2632
1939	1939	-4.94065
1940	1940	9.83965
1941	1941	-15.3363
1942	1942	8.9656
1943	1943	1.44122
1944	1944	-16.9316
1945	1945	11.2471
1946	1946	-15.4388
1947	1947	2.66827
1948	1948	13.1194
1949	1949	-13.8831
1950	1950	9.32078
1951	1951	-20.1154
1952	1952	17.4201
1953	1953	1.95726
1954	1954	-49.6177
1955	1955	2.6255
1956	1956	19.7212
1957	1957	10.9103
1958	1958	17.56
1959	1959	-10.2377
1960	1960	1.33821
1961	1961	28.6469
1962	1962	-15.2625
1963	1963	-16.5367
1964	1964	14.6931
1965	1965	9.7302
1966	1966	-23.7619
1967	1967	2.42863
1968	1968	-12.433
1969	1969	6.96664
1970	1970	-6.48833
1971	1971	2.82044
1972	1972	-6.86091
1973	1973	42.0393
1974	1974	-40.6266
1975	1975	1.86599
1976	1976	-2.53136
1977	1977	18.6775
1978	1978	1.19919
1979	1979	-18.4933
1980	1980	-37.014
1981	1981	7.45153
1982	1982	-2.28621
1983	1983	31.4845
1984	1984	-2.93716
1985	1985	13.7383
1986	1986	0.437272
1987	1987	-7.32311
1988	1988	-11.1008
1989	1989	-10.6217
1990	1990	13.422
1991	1991	39.1008
1992	1992	-35.3543
1993	1993	22.6855
1994	1994	19.055
1995	1995	-23.5125
1996	1996	-31.1507
1997	1997	-9.16679
1998	1998	5.10215
1999	1999	3.23223
2000	2000	41.3309
2001	2001	-8.11404
2002	2002	13.0047
2003	2003	-16.8996
2004	2004	33.6591
2005	2005	-4.6004
2006	2006	18.1966
2007	2007	22.4323
2008	2008	-9.9248
2009	2009	-5.07771
2010	2010	12.0682
2011	2011	-12.3873
2012	2012	-5.82595
2013	2013	12.6404
2014	2014	7.98236
2015	2015	14.0886
2016	2016	-9.47075
2017	2017	-33.3111
2018	2018	23.406
2019	2019	19.2002
2020	2020	-35.3571
2021	2021	40.8495
2022	2022	-7.23062
2023	2023	5.13749
2024	2024	18.8628
2025	2025	12.9394
2026	2026	37.4805
2027	2027	17.2545
2028	2028	6.33073
2029	2029	1.02793
2030	2030	16.122
2031	2031	0.0721889
2032	2032	26.9909
2033	2033	-22.7835
2034	2034	-27.5417
2035	2035	22.7846
2036	2036	-10.0663
2037	2037	-11.3005
2038	2038	-19.5882
2039	2039	-5.30074
2040	2040	-13.2452
2041	2041	1.73525
2042	2042	29.3142
2043	2043	46.6451
2044	2044	-3.20567
2045	2045	-52.8234
2046	2046	5.80427
2047	2047	14.628
2048	2048	20.3676
2049	2049	-23.6466
2050	2050	35.2949
2051	2051	22.1168
2052	2052	-39.0592
2053	2053	6.81304
2054	2054	-9.09798
2055	2055	-18.3198
2056	2056	16.4816
2057	2057	-6.25523
2058	2058	-20.8868
2059	2059	54.8911
2060	2060	-1.09496
2061	2061	19.9786
2062	2062	-7.54453
2063	2063	-10.3779
2064	2064	17.1822
2065	2065	-38.8027
2066	2066	3.19569
2067	2067	8.93837
2068	2068	-18.1369
2069	2069	-20.7671
2070	2070	57.1113
2071	2071	-10.4474
2072	2072	-4.4437
2073	2073	27.2796
2074	2074	-19.0648
2075	2075	-31.915
2076	2076	17.4747
2077	2077	1.9138
2078	2078	3.24276
2079	2079	16.499
2080	2080	28.6667
2081	2081	8.96857
2082	2082	-5.91938
2083	2083	35.0522
2084	2084	40.4224
2085	2085	-32.6795
2086	2086	-0.652714
2087	2087	35.3067
2088	2088	-51.7854
2089	2089	1.87062
2090	2090	-9.09512
2091	2091	-21.7911
2092	2092	-7.23599
2093	2093	18.895
2094	2094	35.4381
2095	2095	-12.1205
2096	2096	-6.42958
2097	2097	12.3605
2098	2098	20.7486
2099	2099	-18.2942
2100	2100	6.18449
2101	2101	-21.3658
2102	2102	-16.4889
2103	2103	8.71599
2104	2104	-13.7567
2105	2105	-47.7816
2106	2106	1.24657
2107	2107	19.0343
2108	2108	12.7029
2109	2109	-22.1491
2110	2110	4.02836
2111	2111	-4.69479
2112	2112	-0.275276
2113	2113	-6.17486
2114	2114	2.89284
2115	2115	-32.9541
2116	2116	0.967001
2117	2117	34.3189
2118	2118	-17.7001
2119	2119	55.3117
2120	2120	51.3883
2121	2121	-8.98076
2122	2122	-37.4514
2123	2123	-26.6395
2124	2124	2.43166
2125	2125	5.43611
2126	2126	5.13183
2127	2127	-22.297
2128	2128	-38.8863
2129	2129	19.2887
2130	2130	11.046
2131	2131	13.3085
2132	2132	-11.1446
2133	2133	12.2054
2134	2134	-7.72634
2135	2135	-8.31785
2136	2136	-26.1048
2137	2137	-35.1204
2138	2138	3.31676
2139	2139	25.6061
2140	2140	-8.92535
2141	2141	-37.322
2142	2142	1.97115
2143	2143	-10.2428
2144	2144	-20.2428
2145	2145	35.358
2146	2146	-12.8149
2147	2147	15.5155
2148	2148	34.038
2149	2149	-10.07
2150	2150	-22.1603
2151	2151	0.495804
2152	2152	-0.858015
2153	2153	2.4253
2154	2154	34.3659
2155	2155	9.63165
2156	2156	-67.404
2157	2157	2.91768
2158	2158	-2.20273
2159	2159	12.3596
2160	2160	-6.93772
2161	2161	-0.426424
2162	2162	29.1104
2163	2163	26.6993
2164	2164	-3.03022
2165	2165	-18.6885
2166	2166	10.3669
2167	2167	2.11575
2168	2168	-6.9235
2169	2169	4.60978
2170	2170	42.7984
2171	2171	-23.8521
2172	2172	14.5436
2173	2173	-28.6192
2174	2174	42.3758
2175	2175	-5.45
2176	2176	8.81504
2177	2177	-26.9491
2178	2178	16.0434
2179	2179	9.7842
2180	2180	-1.16991
2181	2181	-2.86057
2182	2182	4.4164
2183	2183	6.2682
2184	2184	-12.2374
2185	2185	-34.777
2186	2186	3.68463
2187	2187	-16.0649
2188	2188	-18.0724
2189	2189	0.677166
2190	2190	5.23364
2191	2191	16.4917
2192	2192	0.953496
2193	2193	-15.9165
2194	2194	6.85812
2195	2195	-22.0405
2196	2196	12.1359
2197	2197	-35.161
2198	2198	14.8405
2199	2199	-17.4693
2200	2200	13.7141
2201	2201	10.7392
2202	2202	-20.5947
2203	2203	-9.99426
2204	2204	-42.9733
2205	2205	11.4973
2206	2206	-8.9545
2207	2207	0.21532
2208	2208	30.338
2209	2209	-4.26705
2210	2210	-4.99805
2211	2211	-16.5474
2212	2212	-32.3001
2213	2213	-4.73039
2214	2214	-8.62378
2215	2215	-35.7898
2216	2216	7.03609
2217	2217	1.35701
2218	2218	-21.7785
2219	2219	7.61769
2220	2220	25.6298
2221	2221	-26.2936
2222	2222	7.22908
2223	2223	-11.2836
2224	2224	1.23252
2225	2225	2.02505
2226	2226	-4.10084
2227	2227	3.45028
2228	2228	-26.4406
2229	2229	1.11025
2230	2230	11.2972
2231	2231	-22.0132
2232	2232	-6.33846
2233	2233	-18.9316
2234	2234	-14.0885
2235	2235	-3.10862
2236	2236	28.127
2237	2237	-4.91976
2238	2238	4.69445
2239	2239	14.73
2240	2240	-20.4886
2241	2241	10.8744
2242	2242	6.36923
2243	2243	13.4986
2244	2244	-41.2098
2245	2245	20.1171
2246	2246	-6.01214
2247	2247	-1.0929
2248	2248	-0.3262
2249	2249	-52.8605
2250	2250	-11.9406
2251	2251	12.0803
2252	2252	29.0749
2253	2253	-10.0078
2254	2254	11.1466
2255	2255	-9.70815
2256	2256	-13.5844
2257	2257	47.0478
2258	2258	0.767524
2259	2259	18.2585
2260	2260	-3.92658
2261	2261	30.7711
2262	2262	23.068
2263	2263	-45.7008
2264	2264	38.0413
2265	2265	-15.2683
2266	2266	3.73892
2267	2267	-1.98672
2268	2268	-1.31813
2269	2269	-33.4899
2270	2270	-32.4451
2271	2271	0.259789
2272	2272	-17.0861
2273	2273	-6.56694
2274	2274	5.84371
2275	2275	21.4064
2276	2276	-12.4027
2277	2277	-21.9423
2278	2278	-20.0866
2279	2279	-4.2024
2280	2280	-12.78
2281	2281	-12.5854
2282	2282	-4.52318
2283	2283	-6.679
2284	2284	-16.9728
2285	2285	1.76652
2286	2286	10.0695
2287	2287	11.0872
2288	2288	19.2676
2289	2289	25.75
2290	2290	-3.63936
2291	2291	27.5377
2292	2292	14.2519
2293	2293	12.9676
2294	2294	-4.85486
2295	2295	46.2754
2296	2296	0.0717977
2297	2297	-15.4407
2298	2298	28.028
2299	2299	8.17164
2300	2300	3.18267
2301	2301	-11.2724
2302	2302	10.079
2303	2303	-26.5944
2304	2304	3.42871
2305	2305	-19.0919
2306	2306	8.68927
2307	2307	-23.815
2308	2308	-11.9763
2309	2309	28.7852
2310	2310	44.3718
2311	2311	13.2541
2312	2312	30.8718
2313	2313	13.9574
2314	2314	34.7216
2315	2315	-18.5745
2316	2316	-1.70665
2317	2317	43.5718
2318	2318	17.1789
2319	2319	-33.1192
2320	2320	-16.5794
2321	2321	-29.5478
2322	2322	-5.04874
2323	2323	10.0301
2324	2324	-16.3355
2325	2325	8.38701
2326	2326	-29.1168
2327	2327	14.3014
2328	2328	-6.64183
2329	2329	-9.99479
2330	2330	-12.7696
2331	2331	12.4712
2332	2332	-22.396
2333	2333	-15.1925
2334	2334	-32.6256
2335	2335	6.53063
2336	2336	17.1932
2337	2337	2.37905
2338	2338	-35.1693
2339	2339	-7.24889
2340	2340	-0.11356
2341	2341	20.7932
2342	2342	-15.961
2343	2343	-9.66795
2344	2344	-17.5284
2345	2345	-11.9546
2346	2346	24.3923
2347	2347	-27.7103
2348	2348	17.5439
2349	2349	7.73175
2350	2350	-26.9918
2351	2351	10.9888
2352	2352	21.1703
2353	2353	-32.8319
2354	2354	-4.90137
2355	2355	4.86548
2356	2356	34.129
2357	2357	-27.7086
2358	2358	4.91361
2359	2359	-3.75976
2360	2360	14.644
2361	2361	-21.5101
2362	2362	-52.4513
2363	2363	-8.46335
2364	2364	24.4615
2365	2365	10.579
2366	2366	24.74
2367	2367	19.1793
2368	2368	2.47128
2369	2369	13.8263
2370	2370	-19.1147
2371	2371	-11.3958
2372	2372	-11.8364
2373	2373	19.3012
2374	2374	35.0381
2375	2375	13.7305
2376	2376	15.4812
2377	2377	-20.3969
2378	2378	1.00284
2379	2379	22.2058
2380	2380	24.3986
2381	2381	15.1457
2382	2382	0.280024
2383	2383	-21.4763
2384	2384	2.11325
2385	2385	3.49074
2386	2386	6.70236
2387	2387	4.68754
2388	2388	-37.4083
2389	2389	-28.5239
2390	2390	-19.5924
2391	2391	-1.59443
2392	2392	11.6246
2393	2393	-4.44007
2394	2394	16.5495
2395	2395	15.4304
2396	2396	-2.30237
2397	2397	-1.0906
2398	2398	29.5672
2399	2399	-38.37
2400	2400	-7.22961
2401	2401	-26.1409
2402	2402	45.512
2403	2403	4.14774
2404	2404	26.9144
2405	2405	-2.25657
2406	2406	13.37
2407	2407	23.2804
2408	2408	17.6071
2409	2409	21.4287
2410	2410	-13.7371
2411	2411	27.7692
2412	2412	9.98547
2413	2413	8.5936
2414	2414	0.102775
2415	2415	-24.1832
2416	2416	24.3486
2417	2417	-5.29257
2418	2418	-23.6718
2419	2419	-6.42389
2420	2420	13.3662
2421	2421	8.62252
2422	2422	28.4966
2423	2423	4.32602
2424	2424	4.40111
2425	2425	-0.553515
2426	2426	22.2064
2427	2427	-27.8515
2428	2428	-2.79219
2429	2429	16.7985
2430	2430	-12.2976
2431	2431	-5.50633
2432	2432	-19.1151
2433	2433	-18.5532
2434	2434	-9.86366
2435	2435	12.5167
2436	2436	31.4758
2437	2437	2.1623
2438	2438	-8.72579
2439	2439	4.08994
2440	2440	-7.14732
2441	2441	11.5308
2442	2442	-4.13138
2443	2443	-22.5068
2444	2444	0.203641
2445	2445	6.66893
2446	2446	28.7517
2447	2447	31.5801
2448	2448	16.138
2449	2449	7.84661
2450	2450	-12.8568
2451	2451	-25.9006
2452	2452	-15.1466
2453	2453	-23.7149
2454	2454	-12.9749
2455	2455	9.64431
2456	2456	-14.0992
2457	2457	-6.49542
2458	2458	7.17894
2459	2459	36.5463
2460	2460	34.9863
2461	2461	-5.73802
2462	2462	30.9949
2463	2463	19.0026
2464	2464	-47.6935
2465	2465	21.4101
2466	2466	10.5863
2467	2467	-15.0433
2468	2468	-14.9121
2469	2469	17.3526
2470	2470	-13.3476
2471	2471	-22.959
2472	2472	-11.548
2473	2473	24.4982
2474	2474	-4.48485
2475	2475	41.8166
2476	2476	16.402
2477	2477	8.79259
2478	2478	-10.2694
2479	2479	12.4077
2480	2480	0.915745
2481	2481	-16.6186
2482	2482	16.6788
2483	2483	-10.8254
2484	2484	-25.863
2485	2485	-12.6393
2486	2486	8.91047
2487	2487	3.17228
2488	2488	-42.2605
2489	2489	30.7121
2490	2490	-1.45153
2491	2491	6.73247
2492	2492	30.3962
2493	2493	-38.7414
2494	2494	-4.76312
2495	2495	-16.8767
2496	2496	-4.60845
2497	2497	16.675
2498	2498	-15.2717
2499	2499	-30.2563
2500	2500	23.2085
2501	2501	-10.7742
2502	2502	-12.9103
2503	2503	-13.9186
2504	2504	-13.6049
2505	2505	-32.9027
2506	2506	-30.8349
2507	2507	23.785
2508	2508	-30.1803
2509	2509	-25.7652
2510	2510	-4.85159
2511	2511	12.7176
2512	2512	2.31296
2513	2513	47.4648
2514	2514	-34.5041
2515	2515	21.8362
2516	2516	-13.2461
2517	2517	16.3661
2518	2518	7.72313
2519	2519	11.4026
2520	2520	-30.5278
2521	2521	-11.6089
2522	2522	5.53596
2523	2523	-46.8705
2524	2524	19.2459
2525	2525	0.878446
2526	2526	-15.0963
2527	2527	3.89811
2528	2528	-55.9979
2529	2529	9.92515
2530	2530	-27.1591
2531	2531	4.44252
2532	2532	-6.7438
2533	2533	-25.893
2534	2534	42.3511
2535	2535	-33.1326
2536	2536	-5.84252
2537	2537	-14.7443
2538	2538	-39.9567
2539	2539	-10.3099
2540	2540	14.0485
2541	2541	38.3173
2542	2542	1.71009
2543	2543	-9.64613
2544	2544	-34.0726
2545	2545	-11.3672
2546	2546	9.83387
2547	2547	-44.2302
2548	2548	-37.1623
2549	2549	13.9886
2550	2550	-1.48291
2551	2551	18.1858
2552	2552	11.6678
2553	2553	-16.0496
2554	2554	-15.7178
2555	2555	28.8974
2556	2556	-5.18458
2557	2557	23.7007
2558	2558	15.2856
2559	2559	-2.7116
2560	2560	0.635842
2561	2561	9.43065
2562	2562	32.7839
2563	2563	25.5642
2564	2564	37.0634
2565	2565	-41.3838
2566	2566	19.6084
2567	2567	-8.15813
2568	2568	-27.3423
2569	2569	-27.8432
2570	2570	4.93993
2571	2571	-14.2047
2572	2572	-9.09488
2573	2573	9.38595
2574	2574	-15.1396
2575	2575	-21.7723
2576	2576	-20.4885
2577	2577	37.1802
2578	2578	4.35891
2579	2579	35.6669
2580	2580	47.509
2581	2581	17.0993
2582	2582	6.10282
2583	2583	-16.7305
2584	2584	4.45799
2585	2585	16.6886
2586	2586	41.3461
2587	2587	29.8886
2588	2588	41.2265
2589	2589	-12.4056
2590	2590	9.80067
2591	2591	-5.45398
2592	2592	-42.4857
2593	2593	-0.0484189
2594	2594	19.2695
2595	2595	43.6029
2596	2596	-14.1361
2597	2597	-6.36967
2598	2598	-39.3732
2599	2599	9.42138
2600	2600	14.075
2601	2601	35.3866
2602	2602	36.4163
2603	2603	4.56938
2604	2604	27.9257
2605	2605	20.0284
2606	2606	8.50832
2607	2607	-6.09044
2608	2608	49.2122
2609	2609	45.3861
2610	2610	4.60589
2611	2611	-16.8936
2612	2612	-11.4513
2613	2613	42.9785
2614	2614	2.99965
2615	2615	-0.263073
2616	2616	16.5744
2617	2617	-2.91972
2618	2618	0.492757
2619	2619	44.5705
2620	2620	-31.8846
2621	2621	-48.9712
2622	2622	18.4896
2623	2623	4.36248
2624	2624	10.8444
2625	2625	20.4097
2626	2626	22.9734
2627	2627	8.58073
2628	2628	20.0336
2629	2629	-4.9581
2630	2630	-22.0475
2631	2631	9.68911
2632	2632	15.643
2633	2633	11.011
2634	2634	19.5053
2635	2635	-2.14535
2636	2636	25.8148
2637	2637	35.6474
2638	2638	-8.26562
2639	2639	-9.40786
2640	2640	-2.72508
2641	2641	57.7495
2642	2642	-25.3701
2643	2643	7.69534
2644	2644	-37.0751
2645	2645	-38.8912
2646	2646	-11.9183
2647	2647	11.4256
2648	2648	46.0387
2649	2649	11.5366
2650	2650	11.3956
2651	2651	24.0984
2652	2652	-3.16262
2653	2653	-8.23646
2654	2654	-6.68852
2655	2655	-14.1733
2656	2656	-41.31
2657	2657	7.55338
2658	2658	-3.28932
2659	2659	2.09222
2660	2660	-30.7694
2661	2661	-26.6492
2662	2662	-16.6765
2663	2663	11.1308
2664	2664	-15.8939
2665	2665	22.828
2666	2666	12.6623
2667	2667	-17.6968
2668	2668	-0.185161
2669	2669	-27.1385
2670	2670	0.479901
2671	2671	-31.9615
2672	2672	-6.43887
2673	2673	-1.61349
2674	2674	-6.17657
2675	2675	-25.0673
2676	2676	30.0028
2677	2677	-3.27076
2678	2678	18.3006
2679	2679	-19.4283
2680	2680	-4.75064
2681	2681	-13.7077
2682	2682	15.5728
2683	2683	33.9779
2684	2684	-29.3247
2685	2685	9.57194
2686	2686	-1.83171
2687	2687	-7.38132
2688	2688	0.858837
2689	2689	6.25633
2690	2690	18.6563
2691	2691	27.5729
2692	2692	20.735
2693	2693	-7.24664
2694	2694	-28.177
2695	2695	19.0489
2696	2696	19.0165
2697	2697	37.7806
2698	2698	-32.8553
2699	2699	-63.3726
2700	2700	-10.7465
2701	2701	5.45854
2702	2702	28.9034
2703	2703	19.4292
2704	2704	40.5983
2705	2705	15.588
2706	2706	4.41123
2707	2707	22.2606
2708	2708	-5.92412
2709	2709	-6.05997
2710	2710	22.1442
2711	2711	18.3906
2712	2712	-46.4398
2713	2713	-26.4474
2714	2714	29.937
2715	2715	12.0379
2716	2716	6.43297
2717	2717	-11.9505
2718	2718	15.1959
2719	2719	4.70967
2720	2720	-34.92
2721	2721	17.341
2722	2722	9.00919
2723	2723	-52.5339
2724	2724	4.14292
2725	2725	20.5432
2726	2726	1.04591
2727	2727	11.5133
2728	2728	-1.95736
2729	2729	-4.2762
2730	2730	-6.47743
2731	2731	21.5892
2732	2732	43.722
2733	2733	-3.16504
2734	2734	1.91619
2735	2735	-22.7676
2736	2736	-0.119479
2737	2737	23.6678
2738	2738	-8.50891
2739	2739	-18.1937
2740	2740	3.31071
2741	2741	15.7231
2742	2742	16.6993
2743	2743	8.18053
2744	2744	17.8635
2745	2745	-13.8596
2746	2746	-35.46
2747	2747	-35.514
2748	2748	-7.50899
2749	2749	30.1407
2750	2750	12.2334
2751	2751	-18.6551
2752	2752	14.5413
2753	2753	0.610149
2754	2754	-8.00268
2755	2755	-11.2458
2756	2756	-10.0227
2757	2757	-11.0175
2758	2758	49.2942
2759	2759	-7.43206
2760	2760	-50.1834
2761	2761	25.4379
2762	2762	-19.3697
2763	2763	-4.99531
2764	2764	-9.62939
2765	2765	31.6648
2766	2766	28.0379
2767	2767	-35.8763
2768	2768	14.373
2769	2769	23.058
2770	2770	12.1009
2771	2771	-25.0962
2772	2772	17.0851
2773	2773	-22.7671
2774	2774	-18.5018
2775	2775	-10.0547
2776	2776	-4.3686
2777	2777	-4.84082
2778	2778	-2.17428
2779	2779	-38.8481
2780	2780	-9.57862
2781	2781	36.7184
2782	2782	17.8683
2783	2783	-8.43965
2784	2784	-8.89824
2785	2785	12.2683
2786	2786	4.49731
2787	2787	-4.23769
2788	2788	-0.211323
2789	2789	-14.1175
2790	2790	-7.99045
2791	2791	46.0988
2792	2792	-1.37829
2793	2793	40.8584
2794	2794	-5.43278
2795	2795	-31.754
2796	2796	-2.2628
2797	2797	-13.5683
2798	2798	3.92588
2799	2799	-11.5788
2800	2800	10.4435
2801	2801	-11.2622
2802	2802	-1.40684
2803	2803	34.3755
2804	2804	-45.9358
2805	2805	3.4865
2806	2806	-17.4138
2807	2807	33.9
2808	2808	23.9454
2809	2809	-24.166
2810	2810	-10.551
2811	2811	-45.6256
2812	2812	24.0753
2813	2813	-14.184
2814	2814	-31.5807
2815	2815	3.46407
2816	2816	-14.7837
2817	2817	19.4253
2818	2818	-4.01779
2819	2819	2.45151
2820	2820	-4.83035
2821	2821	5.76556
2822	2822	-36.3263
2823	2823	-4.6684
2824	2824	3.87247
2825	2825	-24.4149
2826	2826	-31.1293
2827	2827	5.53647
2828	2828	9.25306
2829	2829	-3.04692
2830	2830	17.0443
2831	2831	16.3578
2832	2832	25.1858
2833	2833	-17.5087
2834	2834	17.6699
2835	2835	3.41118
2836	2836	-21.3601
2837	2837	46.0999
2838	2838	-1.30912
2839	2839	5.61322
2840	2840	2.55117
2841	2841	-20.0669
2842	2842	-1.33853
2843	2843	-31.1405
2844	2844	-5.84812
2845	2845	22.4052
2846	2846	-17.0853
2847	2847	8.10542
2848	2848	-28.1305
2849	2849	16.813
2850	2850	11.2141
2851	2851	34.3749
2852	2852	-27.2269
2853	2853	-26.8771
2854	2854	9.5207
2855	2855	-0.153776
2856	2856	-28.7897
2857	2857	-1.53932
2858	2858	10.9713
2859	2859	2.85567
2860	2860	4.76906
2861	2861	37.9939
2862	2862	-5.5904
2863	2863	9.14405
2864	2864	-30.0131
2865	2865	-31.2666
2866	2866	-3.88851
2867	2867	-7.77337
2868	2868	-16.0853
2869	2869	-8.40624
2870	2870	-17.6061
2871	2871	-4.72912
2872	2872	3.75368
2873	2873	16.4641
2874	2874	25.8131
2875	2875	2.78141
2876	2876	-8.62705
2877	2877	21.8023
2878	2878	16.4283
2879	2879	-44.8049
2880	2880	-10.7897
2881	2881	-7.22718
2882	2882	-0.503099
2883	2883	25.022
2884	2884	23.872
2885	2885	-9.42843
2886	2886	10.2123
2887	2887	1.78141
2888	2888	-4.56231
2889	2889	44.7803
2890	2890	-16.6425
2891	2891	-4.70274
2892	2892	-8.05938
2893	2893	-10.3666
2894	2894	13.109
2895	2895	-9.5727
2896	2896	6.17262
2897	2897	-5.08513
2898	2898	-28.8067
2899	2899	2.59326
2900	2900	21.0729
2901	2901	-9.94715
2902	2902	29.0256
2903	2903	-17.6377
2904	2904	3.40067
2905	2905	-12.3697
2906	2906	-3.89271
2907	2907	17.8122
2908	2908	-13.03
2909	2909	33.6526
2910	2910	30.2873
2911	2911	-33.3351
2912	2912	-3.10402
2913	2913	32.852
2914	2914	5.74627
2915	2915	3.42448
2916	2916	6.00497
2917	2917	19.5754
2918	2918	4.9779
2919	2919	46.1669
2920	2920	3.60044
2921	2921	-14.6772
2922	2922	-29.7027
2923	2923	7.95768
2924	2924	-41.3339
2925	2925	-14.0985
2926	2926	17.9165
2927	2927	-20.8394
2928	2928	-20.1199
2929	2929	5.01643
2930	2930	-17.0452
2931	2931	-0.837468
2932	2932	-6.49605
2933	2933	-10.971
2934	2934	1.91938
2935	2935	-9.46009
2936	2936	-37.8824
2937	2937	27.3465
2938	2938	38.5737
2939	2939	5.1064
2940	2940	-5.64542
2941	2941	-19.4928
2942	2942	14.5407
2943	2943	-10.7648
2944	2944	14.7439
2945	2945	-22.4065
2946	2946	-5.2398
2947	2947	-16.2937
2948	2948	-5.23887
2949	2949	-15.7129
2950	2950	-0.939372
2951	2951	35.4353
2952	2952	-13.7679
2953	2953	-14.6523
2954	2954	-9.67687
2955	2955	-0.281957
2956	2956	24.4605
2957	2957	-4.4541
2958	2958	-2.85438
2959	2959	6.7979
2960	2960	-21.4455
2961	2961	20.2432
2962	2962	4.04639
2963	2963	-5.24508
2964	2964	31.7723
2965	2965	4.30844
2966	2966	12.396
2967	2967	-53.1285
2968	2968	5.27119
2969	2969	-36.4444
2970	2970	-26.2796
2971	2971	26.2146
2972	2972	-11.2868
2973	2973	-5.93029
2974	2974	15.4009
2975	2975	10.4057
2976	2976	-0.644734
2977	2977	-23.9489
2978	2978	-12.5051
2979	2979	-11.3575
2980	2980	-2.10459
2981	2981	-14.9007
2982	2982	13.0792
2983	2983	-48.7194
2984	2984	14.5382
2985	2985	-14.4495
2986	2986	7.92376
2987	2987	-2.55928
2988	2988	-25.9689
2989	2989	-12.1329
2990	2990	-0.443839
2991	2991	5.22202
2992	2992	-4.78225
2993	2993	-12.042
2994	2994	-33.5948
2995	2995	21.2867
2996	2996	-6.21753
2997	2997	-1.46149
2998	2998	25.539
2999	2999	1.49317
3000	3000	-2.72029
3001	3001	-43.8178
3002	3002	-21.1244
3003	3003	55.3959
3004	3004	0.622979
3005	3005	43.9169
3006	3006	8.03527
3007	3007	14.892
3008	3008	3.05937
3009	3009	-5.18149
3010	3010	-6.71797
3011	3011	-15.3831
3012	3012	21.7798
3013	3013	-27.5349
3014	3014	34.4594
3015	3015	-27.1356
3016	3016	-18.7684
3017	3017	-2.94287
3018	3018	-9.99266
3019	3019	-24.7512
3020	3020	7.75785
3021	3021	20.672
3022	3022	-17.7287
3023	3023	-8.22198
3024	3024	1.57922
3025	3025	29.1156
3026	3026	11.9736
3027	3027	27.8919
3028	3028	-21.8405
3029	3029	15.5547
3030	3030	22.3813
3031	3031	16.1316
3032	3032	5.35339
3033	3033	7.38829
3034	3034	22.3864
3035	3035	-11.4773
3036	3036	22.7083
3037	3037	0.107345
3038	3038	-2.24615
3039	3039	18.216
3040	3040	-19.7669
3041	3041	13.907
3042	3042	12.2898
3043	3043	-17.8511
3044	3044	11.1644
3045	3045	17.6014
3046	3046	-41.6523
3047	3047	-1.3631
3048	3048	-29.1434
3049	3049	11.8902
3050	3050	-22.4901
3051	3051	-8.83227
3052	3052	-12.8819
3053	3053	11.5788
3054	3054	32.1281
3055	3055	19.9591
3056	3056	-15.6826
3057	3057	14.5963
3058	3058	7.85408
3059	3059	21.5985
3060	3060	-2.58835
3061	3061	-8.56104
3062	3062	9.9651
3063	3063	1.95458
3064	3064	3.46111
3065	3065	4.56329
3066	3066	-16.0928
3067	3067	30.5204
3068	3068	-23.2403
3069	3069	10.7084
3070	3070	-13.626
3071	3071	35.8616
3072	3072	-12.2
3073	3073	-7.27035
3074	3074	-21.8092
3075	3075	15.2087
3076	3076	-31.7531
3077	3077	3.63718
3078	3078	11.6763
3079	3079	-1.77591
3080	3080	51.8513
3081	3081	0.347865
3082	3082	-24.2055
3083	3083	0.366005
3084	3084	-29.7051
3085	3085	9.84132
3086	3086	14.4738
3087	3087	5.41548
3088	3088	19.9702
3089	3089	23.2986
3090	3090	-24.6385
3091	3091	-15.0871
3092	3092	-11.7805
3093	3093	-30.1063
3094	3094	10.6822
3095	3095	18.7693
3096	3096	-18.2109
3097	3097	-9.21647
3098	3098	10.5373
3099	3099	-1.04323
3100	3100	21.8728
3101	3101	-38.6307
3102	3102	16.6771
3103	3103	-4.7021
3104	3104	-15.7391
3105	3105	-37.0201
3106	3106	-31.9433
3107	3107	-5.62074
3108	3108	-0.777843
3109	3109	7.11941
3110	3110	4.92531
3111	3111	0.962444
3112	3112	-7.67841
3113	3113	-10.3548
3114	3114	-0.734971
3115	3115	1.87528
3116	3116	32.6545
3117	3117	6.07071
3118	3118	-44.4836
3119	3119	-21.7978
3120	3120	-17.7116
3121	3121	6.43367
3122	3122	-33.6405
3123	3123	11.1206
3124	3124	-2.23524
3125	3125	56.2056
3126	3126	-20.828
3127	3127	16.4337
3128	3128	30.6045
3129	3129	-8.2794
3130	3130	-18.0861
3131	3131	-1.93578
3132	3132	0.979831
3133	3133	14.042
3134	3134	-25.5896
3135	3135	-16.3196
3136	3136	-45.2515
3137	3137	7.56329
3138	3138	-40.952
3139	3139	-21.3043
3140	3140	16.9303
3141	3141	-3.83714
3142	3142	-16.0615
3143	3143	17.4968
3144	3144	-28.7837
3145	3145	21.1253
3146	3146	-4.47586
3147	3147	-27.8327
3148	3148	4.09751
3149	3149	18.0843
3150	3150	-2.74063
3151	3151	15.4472
3152	3152	-14.0093
3153	3153	14.4494
3154	3154	-14.8479
3155	3155	30.25
3156	3156	8.63904
3157	3157	-6.65295
3158	3158	-5.24331
3159	3159	-12.7516
3160	3160	-35.2148
3161	3161	43.4322
3162	3162	-9.4334
3163	3163	-0.853281
3164	3164	-49.0686
3165	3165	-37.8951
3166	3166	13.0269
3167	3167	-22.255
3168	3168	-8.75383
3169	3169	-22.7513
3170	3170	-1.13828
3171	3171	13.8777
3172	3172	-7.65818
3173	3173	-41.845
3174	3174	-5.24261
3175	3175	-3.63925
3176	3176	-6.02454
3177	3177	17.9037
3178	3178	-0.885819
3179	3179	-5.62138
3180	3180	-9.38088
3181	3181	-1.75897
3182	3182	-21.7686
3183	3183	2.60292
3184	3184	-17.8694
3185	3185	-8.40765
3186	3186	-13.2203
3187	3187	-18.7153
3188	3188	-18.4113
3189	3189	5.35459
3190	3190	20.2213
3191	3191	31.3941
3192	3192	-32.5169
3193	3193	-23.1324
3194	3194	31.4111
3195	3195	50.691
3196	3196	26.349
3197	3197	6.07093
3198	3198	2.34886
3199	3199	22.0454
3200	3200	-13.6901
3201	3201	-0.841531
3202	3202	16.9171
3203	3203	-15.6914
3204	3204	23.0844
3205	3205	-16.7491
3206	3206	27.9801
3207	3207	4.51493
3208	3208	11.5258
3209	3209	-11.0665
3210	3210	-19.03
3211	3211	-5.8819
3212	3212	10.1231
3213	3213	25.4489
3214	3214	18.7646
3215	3215	-4.46078
3216	3216	-2.25784
3217	3217	17.5706
3218	3218	-21.2505
3219	3219	51.523
3220	3220	5.27579
3221	3221	-36.7779
3222	3222	-37.8074
3223	3223	-10.7152
3224	3224	1.22167
3225	3225	-8.12177
3226	3226	-4.48484
3227	3227	39.664
3228	3228	-18.3961
3229	3229	16.8615
3230	3230	20.0408
3231	3231	7.85091
3232	3232	3.15253
3233	3233	32.1153
3234	3234	6.29455
3235	3235	7.41638
3236	3236	-30.8816
3237	3237	1.64397
3238	3238	-12.1291
3239	3239	-16.3824
3240	3240	17.5802
3241	3241	-23.1701
3242	3242	17.8842
3243	3243	12.2873
3244	3244	21.1472
3245	3245	-29.6689
3246	3246	-19.9145
3247	3247	13.3492
3248	3248	-6.91655
3249	3249	-35.5556
3250	3250	-8.57196
3251	3251	-15.4401
3252	3252	-19.2218
3253	3253	1.60568
3254	3254	12.4611
3255	3255	43.0962
3256	3256	-11.4467
3257	3257	19.7705
3258	3258	-0.394703
3259	3259	2.0163
3260	3260	1.6794
3261	3261	-4.89271
3262	3262	-4.39788
3263	3263	-11.2469
3264	3264	-5.49283
3265	3265	37.1553
3266	3266	19.4862
3267	3267	7.142
3268	3268	-5.93513
3269	3269	33.055
3270	3270	-4.96445
3271	3271	51.9368
3272	3272	-8.71392
3273	3273	18.2398
3274	3274	16.0853
3275	3275	26.3119
3276	3276	13.7584
3277	3277	3.98925
3278	3278	-2.87194
3279	3279	37.7995
3280	3280	-8.71507
3281	3281	39.8647
3282	3282	-20.2814
3283	3283	13.6698
3284	3284	-2.9839
3285	3285	15.0582
3286	3286	-27.0816
3287	3287	-23.5748
3288	3288	-19.6712
3289	3289	34.9947
3290	3290	6.12192
3291	3291	6.36758
3292	3292	-24.4975
3293	3293	22.1245
3294	3294	-2.10926
3295	3295	13.7048
3296	3296	-11.0908
3297	3297	-22.9996
3298	3298	-18
3299	3299	21.7104
3300	3300	4.32889
3301	3301	26.8709
3302	3302	44.3637
3303	3303	9.24469
3304	3304	6.3878
3305	3305	25.2259
3306	3306	-0.259854
3307	3307	-0.534394
3308	3308	3.24277
3309	3309	-4.68791
3310	3310	-22.9478
3311	3311	7.14042
3312	3312	2.99709
3313	3313	21.2889
3314	3314	-11.8874
3315	3315	20.4211
3316	3316	19.9339
3317	3317	-11.0461
3318	3318	-1.20777
3319	3319	-29.9566
3320	3320	-13.578
3321	3321	-7.08316
3322	3322	-16.4789
3323	3323	-7.89916
3324	3324	-20.5166
3325	3325	-15.4649
3326	3326	30.3506
3327	3327	-42.3667
3328	3328	16.0538
3329	3329	-34.7261
3330	3330	-8.50913
3331	3331	-10.6931
3332	3332	-27.4504
3333	3333	-1.95947
3334	3334	13.3541
3335	3335	7.02097
3336	3336	44.0597
3337	3337	-13.9796
3338	3338	-2.41952
3339	3339	-32.4709
3340	3340	8.02765
3341	3341	-26.1349
3342	3342	-10.6691
3343	3343	-37.1425
3344	3344	0.486745
3345	3345	17.1548
3346	3346	19.5471
3347	3347	-16.3775
3348	3348	42.0925
3349	3349	-4.8551
3350	3350	-5.18111
3351	3351	8.42381
3352	3352	-16.452
3353	3353	-28.8273
3354	3354	3.28012
3355	3355	3.5848
3356	3356	30.7596
3357	3357	-3.14345
3358	3358	8.88482
3359	3359	12.5152
3360	3360	6.23552
3361	3361	-1.2645
3362	3362	4.02078
3363	3363	-32.3935
3364	3364	32.65
3365	3365	38.797
3366	3366	27.5592
3367	3367	-7.85272
3368	3368	1.23953
3369	3369	30.0408
3370	3370	-2.97079
3371	3371	-17.4563
3372	3372	-26.6131
3373	3373	15.4798
3374	3374	-14.6005
3375	3375	-42.6362
3376	3376	38.6986
3377	3377	27.5596
3378	3378	5.17059
3379	3379	-1.01889
3380	3380	2.79295
3381	3381	32.9049
3382	3382	10.7923
3383	3383	14.0779
3384	3384	-7.54259
3385	3385	29.6272
3386	3386	16.4884
3387	3387	-13.9347
3388	3388	40.9785
3389	3389	-4.82114
3390	3390	-25.3195
3391	3391	-2.87224
3392	3392	-36.6626
3393	3393	-40.7684
3394	3394	-25.6266
3395	3395	-2.93847
3396	3396	-5.30762
3397	3397	-36.0324
3398	3398	-24.0246
3399	3399	2.95301
3400	3400	-37.3812
3401	3401	1.19776
3402	3402	33.1332
3403	3403	-0.676143
3404	3404	-8.36825
3405	3405	-14.3121
3406	3406	-26.2265
3407	3407	-25.4011
3408	3408	-7.81059
3409	3409	18.1467
3410	3410	3.80479
3411	3411	1.16864
3412	3412	15.4302
3413	3413	-33.6264
3414	3414	-0.906047
3415	3415	-20.3136
3416	3416	-47.1292
3417	3417	-40.9612
3418	3418	7.7538
3419	3419	31.287
3420	3420	-43.2269
3421	3421	9.85734
3422	3422	45.9548
3423	3423	1.88732
3424	3424	13.8863
3425	3425	-22.0333
3426	3426	-6.50432
3427	3427	24.6496
3428	3428	16.6605
3429	3429	25.3222
3430	3430	5.61692
3431	3431	-1.62402
3432	3432	-14.4476
3433	3433	22.1827
3434	3434	5.94583
3435	3435	-8.44675
3436	3436	0.464365
3437	3437	-48.0744
3438	3438	2.42212
3439	3439	3.72586
3440	3440	11.5453
3441	3441	7.93007
3442	3442	-13.2107
3443	3443	-28.4928
3444	3444	-17.9083
3445	3445	-30.1251
3446	3446	34.4198
3447	3447	63.8972
3448	3448	-4.24011
3449	3449	4.45425
3450	3450	17.1291
3451	3451	-33.826
3452	3452	-33.3218
3453	3453	-10.0002
3454	3454	34.5707
3455	3455	-6.96197
3456	3456	4.25247
3457	3457	-24.6387
3458	3458	-19.7893
3459	3459	23.891
3460	3460	-26.8966
3461	3461	6.94593
3462	3462	25.6076
3463	3463	11.5385
3464	3464	-3.13363
3465	3465	-25.1308
3466	3466	14.7826
3467	3467	10.913
3468	3468	-7.81941
3469	3469	-14.1564
3470	3470	-17.1376
3471	3471	6.81049
3472	3472	-15.3187
3473	3473	5.35907
3474	3474	-0.997864
3475	3475	3.19395
3476	3476	1.989
3477	3477	15.7111
3478	3478	-21.9194
3479	3479	32.6508
3480	3480	24.8968
3481	3481	-8.95758
3482	3482	-2.69284
3483	3483	-12.2857
3484	3484	9.26882
3485	3485	28.4657
3486	3486	-23.9202
3487	3487	25.042
3488	3488	8.7773
3489	3489	25.5973
3490	3490	2.48658
3491	3491	-29.2416
3492	3492	0.376491
3493	3493	56.8163
3494	3494	28.8305
3495	3495	17.6228
3496	3496	15.8341
3497	3497	-40.5899
3498	3498	-2.09352
3499	3499	3.86146
3500	3500	56.4848
3501	3501	-3.46255
3502	3502	4.10584
3503	3503	-5.75302
3504	3504	40.0861
3505	3505	-12.0046
3506	3506	22.8497
3507	3507	0.26628
3508	3508	10.1411
3509	3509	-9.76788
3510	3510	16.1246
3511	3511	-12.9626
3512	3512	-15.5713
3513	3513	42.25
3514	3514	-31.0513
3515	3515	-18.933
3516	3516	-9.44462
3517	3517	24.7688
3518	3518	20.8237
3519	3519	-0.29321
3520	3520	8.91915
3521	3521	-10.0949
3522	3522	10.4018
3523	3523	-7.09765
3524	3524	24.9089
3525	3525	-1.29535
3526	3526	12.3364
3527	3527	30.7019
3528	3528	16.5729
3529	3529	-14.895
3530	3530	-8.05506
3531	3531	-19.1768
3532	3532	-30.1726
3533	3533	-0.676577
3534	3534	-8.22863
3535	3535	3.92246
3536	3536	-5.9324
3537	3537	-28.3369
3538	3538	-6.14403
3539	3539	-17.6602
3540	3540	37.9668
3541	3541	1.71253
3542	3542	3.69836
3543	3543	9.0717
3544	3544	-29.3138
3545	3545	9.36033
3546	3546	3.17395
3547	3547	-3.11771
3548	3548	-36.5352
3549	3549	5.71299
3550	3550	-29.6155
3551	3551	13.1439
3552	3552	8.47514
3553	3553	6.75291
3554	3554	5.73562
3555	3555	-13.8411
3556	3556	7.17676
3557	3557	13.2806
3558	3558	-17.4641
3559	3559	10.0301
3560	3560	43.5703
3561	3561	-34.605
3562	3562	-26.6134
3563	3563	-7.295
3564	3564	12.3708
3565	3565	-34.8017
3566	3566	-36.355
3567	3567	-19.9973
3568	3568	28.2246
3569	3569	12.3038
3570	3570	14.162
3571	3571	20.2977
3572	3572	1.54711
3573	3573	-27.1213
3574	3574	40.8223
3575	3575	-8.41735
3576	3576	1.88291
3577	3577	-42.4655
3578	3578	-25.1745
3579	3579	17.7556
3580	3580	9.00511
3581	3581	-22.8648
3582	3582	11.1773
3583	3583	8.28028
3584	3584	-15.3568
3585	3585	11.6555
3586	3586	-1.78861
3587	3587	-46.2497
3588	3588	-5.7931
3589	3589	1.36776
3590	3590	-12.8129
3591	3591	-17.8188
3592	3592	11.683
3593	3593	-10.744
3594	3594	-2.04712
3595	3595	-15.7124
3596	3596	12.9033
3597	3597	-26.1546
3598	3598	16.5142
3599	3599	40.237
3600	3600	20.5487
3601	3601	-28.7612
3602	3602	46.5093
3603	3603	-17.0312
3604	3604	-26.3539
3605	3605	-17.5657
3606	3606	15.0772
3607	3607	8.70682
3608	3608	-38.1187
3609	3609	-3.81261
3610	3610	2.24756
3611	3611	11.7941
3612	3612	-1.63068
3613	3613	-17.2238
3614	3614	36.4079
3615	3615	-6.59637
3616	3616	7.27643
3617	3617	-11.2285
3618	3618	1.44952
3619	3619	-8.73259
3620	3620	-20.9203
3621	3621	-6.23651
3622	3622	-19.4627
3623	3623	-18.102
3624	3624	-1.75945
3625	3625	-2.19323
3626	3626	-16.7222
3627	3627	18.9766
3628	3628	12.9626
3629	3629	15.6299
3630	3630	4.33023
3631	3631	17.7447
3632	3632	-1.45153
3633	3633	-25.6099
3634	3634	-22.8969
3635	3635	-23.4916
3636	3636	-13.7007
3637	3637	-9.89068
3638	3638	-2.77367
3639	3639	17.444
3640	3640	25.7583
3641	3641	-8.17072
3642	3642	12.8573
3643	3643	-28.4122
3644	3644	-37.042
3645	3645	17.7897
3646	3646	38.3362
3647	3647	9.67088
3648	3648	-47.1135
3649	3649	1.51019
3650	3650	-7.83531
3651	3651	-25.0562
3652	3652	6.05202
3653	3653	-38.7084
3654	3654	19.0524
3655	3655	15.1042
3656	3656	-7.52424
3657	3657	20.2783
3658	3658	26.3883
3659	3659	28.3074
3660	3660	-4.9738
3661	3661	-53.044
3662	3662	-19.2859
3663	3663	24.1131
3664	3664	-44.401
3665	3665	-31.8967
3666	3666	-16.4431
3667	3667	22.4334
3668	3668	-9.38632
3669	3669	14.3798
3670	3670	-7.50985
3671	3671	5.4304
3672	3672	14.7917
3673	3673	-38.3725
3674	3674	-11.6747
3675	3675	-13.0244
3676	3676	-9.87896
3677	3677	-33.4953
3678	3678	-29.0509
3679	3679	-45.7917
3680	3680	20.8519
3681	3681	6.31744
3682	3682	27.9368
3683	3683	9.39216
3684	3684	-19.7643
3685	3685	-14.337
3686	3686	18.6457
3687	3687	-21.8082
3688	3688	-15.6289
3689	3689	17.0967
3690	3690	-4.39001
3691	3691	23.1032
3692	3692	-27.6189
3693	3693	44.172
3694	3694	15.6601
3695	3695	-2.76254
3696	3696	-11.0528
3697	3697	-14.6527
3698	3698	20.746
3699	3699	7.95053
3700	3700	24.0148
3701	3701	-14.9952
3702	3702	6.96
3703	3703	-1.35016
3704	3704	-22.4411
3705	3705	-12.3336
3706	3706	-17.0793
3707	3707	-17.5644
3708	3708	-0.852695
3709	3709	-33.905
3710	3710	21.3313
3711	3711	30.9215
3712	3712	-14.8232
3713	3713	-19.853
3714	3714	-13.6192
3715	3715	15.9102
3716	3716	-15.207
3717	3717	-21.3081
3718	3718	22.0662
3719	3719	-11.2987
3720	3720	23.383
3721	3721	2.70749
3722	3722	-8.26542
3723	3723	-6.79758
3724	3724	-1.01074
3725	3725	-6.84391
3726	3726	33.5713
3727	3727	-16.5522
3728	3728	40.7561
3729	3729	-16.6588
3730	3730	-46.5787
3731	3731	-7.12679
3732	3732	3.9493
3733	3733	11.0023
3734	3734	30.2438
3735	3735	15.4145
3736	3736	22.4335
3737	3737	1.16586
3738	3738	14.1905
3739	3739	30.1239
3740	3740	0.745995
3741	3741	-25.2007
3742	3742	42.5324
3743	3743	28.8646
3744	3744	1.72268
3745	3745	10.642
3746	3746	-3.83386
3747	3747	9.4257
3748	3748	-33.8618
3749	3749	-35.9735
3750	3750	6.03972
3751	3751	38.9045
3752	3752	10.2361
3753	3753	8.50426
3754	3754	-14.9801
3755	3755	-26.4837
3756	3756	-10.1857
3757	3757	-0.449941
3758	3758	-38.8784
3759	3759	-19.5516
3760	3760	-18.181
3761	3761	-0.0931201
3762	3762	-7.06153
3763	3763	21.5987
3764	3764	18.0868
3765	3765	5.24082
3766	3766	-0.136659
3767	3767	-18.0667
3768	3768	-18.0225
3769	3769	7.81477
3770	3770	50.1387
3771	3771	3.80409
3772	3772	19.0354
3773	3773	-6.83908
3774	3774	-0.823096
3775	3775	11.8266
3776	3776	11.9126
3777	3777	18.0913
3778	3778	8.61629
3779	3779	-27.6373
3780	3780	17.3214
3781	3781	-4.56378
3782	3782	-16.5195
3783	3783	21.8218
3784	3784	5.15824
3785	3785	23.9796
3786	3786	-17.3715
3787	3787	22.0343
3788	3788	-39.2676
3789	3789	17.6676
3790	3790	-6.32729
3791	3791	-19.8053
3792	3792	-12.9213
3793	3793	22.2832
3794	3794	-2.91701
3795	3795	13.9048
3796	3796	-45.8052
3797	3797	7.50597
3798	3798	10.7488
3799	3799	16.135
3800	3800	13.6366
3801	3801	-22.6834
3802	3802	6.72033
3803	3803	-30.2535
3804	3804	17.5491
3805	3805	-29.317
3806	3806	-23.9513
3807	3807	10.3504
3808	3808	19.5093
3809	3809	-1.24541
3810	3810	-7.79439
3811	3811	6.11141
3812	3812	-1.37107
3813	3813	-31.0115
3814	3814	-43.7418
3815	3815	3.69558
3816	3816	-30.8147
3817	3817	-19.4155
3818	3818	-32.1606
3819	3819	-7.75764
3820	3820	30.8157
3821	3821	-9.58778
3822	3822	-5.37169
3823	3823	-18.856
3824	3824	31.8748
3825	3825	37.2991
3826	3826	4.68465
3827	3827	6.14817
3828	3828	-22.6694
3829	3829	-7.85047
3830	3830	-43.7294
3831	3831	-2.55196
3832	3832	31.5392
3833	3833	-24.4781
3834	3834	20.5154
3835	3835	17.0102
3836	3836	1.8882
3837	3837	5.35431
3838	3838	23.0491
3839	3839	-24.033
3840	3840	1.83298
3841	3841	1.90137
3842	3842	8.84163
3843	3843	-35.6128
3844	3844	34.724
3845	3845	27.7457
3846	3846	46.654
3847	3847	-23.9944
3848	3848	25.5066
3849	3849	-4.29483
3850	3850	8.00311
3851	3851	-28.4321
3852	3852	12.885
3853	3853	13.9802
3854	3854	33.7533
3855	3855	-42.3336
3856	3856	-20.2035
3857	3857	0.212695
3858	3858	16.6111
3859	3859	6.65495
3860	3860	1.7199
3861	3861	-1.98935
3862	3862	-12.8309
3863	3863	24.3618
3864	3864	41.2118
3865	3865	-1.50775
3866	3866	8.00072
3867	3867	17.4945
3868	3868	-29.2138
3869	3869	9.80651
3870	3870	12.7756
3871	3871	38.7768
3872	3872	-8.13369
3873	3873	36.8868
3874	3874	1.93956
3875	3875	27.417
3876	3876	-51.5916
3877	3877	19.3944
3878	3878	-6.35117
3879	3879	-3.84191
3880	3880	19.82
3881	3881	-18.195
3882	3882	-15.2192
3883	3883	15.866
3884	3884	-7.84243
3885	3885	-17.1236
3886	3886	53.5978
3887	3887	-31.5214
3888	3888	39.5613
3889	3889	-3.94912
3890	3890	1.53923
3891	3891	42.4146
3892	3892	-9.73985
3893	3893	-5.46275
3894	3894	32.5598
3895	3895	-39.4261
3896	3896	-44.2996
3897	3897	5.32511
3898	3898	3.62386
3899	3899	-14.0775
3900	3900	-1.07166
3901	3901	-16.9214
3902	3902	-24.8252
3903	3903	10.9869
3904	3904	3.17157
3905	3905	20.9707
3906	3906	0.0136595
3907	3907	39.4385
3908	3908	3.53095
3909	3909	22.74
3910	3910	40.1383
3911	3911	22.3209
3912	3912	-24.313
3913	3913	24.3141
3914	3914	-30.974
3915	3915	20.6744
3916	3916	19.6252
3917	3917	-5.12296
3918	3918	3.71839
3919	3919	-40.0741
3920	3920	8.82053
3921	3921	-9.56944
3922	3922	23.8195
3923	3923	-8.25204
3924	3924	28.0275
3925	3925	17.8694
3926	3926	0.321166
3927	3927	8.58431
3928	3928	-34.2515
3929	3929	-41.7423
3930	3930	2.17163
3931	3931	-7.01635
3932	3932	12.1495
3933	3933	-5.22881
3934	3934	-14.8894
3935	3935	2.08634
3936	3936	-18.8001
3937	3937	0.0609626
3938	3938	42.0595
3939	3939	-4.32921
3940	3940	1.41976
3941	3941	5.452
3942	3942	21.0928
3943	3943	-16.7911
3944	3944	-28.2418
3945	3945	5.83793
3946	3946	-33.9462
3947	3947	29.4678
3948	3948	-22.5707
3949	3949	-19.0354
3950	3950	9.48386
3951	3951	4.04192
3952	3952	35.0816
3953	3953	24.5788
3954	3954	12.7925
3955	3955	33.2892
3956	3956	6.24991
3957	3957	7.57078
3958	3958	-4.7792
3959	3959	-28.8155
3960	3960	10.2676
3961	3961	-14.5501
3962	3962	-7.82542
3963	3963	21.1896
3964	3964	-18.8026
3965	3965	2.28169
3966	3966	-14.1388
3967	3967	28.8077
3968	3968	30.1097
3969	3969	19.311
3970	3970	-7.06397
3971	3971	-10.4216
3972	3972	-9.18847
3973	3973	32.6363
3974	3974	8.27691
3975	3975	10.097
3976	3976	-12.7323
3977	3977	31.9781
3978	3978	15.1204
3979	3979	-7.44368
3980	3980	19.5783
3981	3981	-13.9497
3982	3982	27.1756
3983	3983	-7.29668
3984	3984	7.54428
3985	3985	-12.0128
3986	3986	-16.0816
3987	3987	0.483016
3988	3988	64.2227
3989	3989	37.6151
3990	3990	24.4785
3991	3991	-8.31157
3992	3992	2.86047
3993	3993	40.0977
3994	3994	2.70238
3995	3995	5.05832
3996	3996	1.40396
3997	3997	26.8575
3998	3998	-11.069
3999	3999	-20.2029
4000	4000	-5.89405
4001	4001	-36.9179
4002	4002	-10.1716
4003	4003	12.4739
4004	4004	-39.0599
4005	4005	-2.08196
4006	4006	-20.2906
4007	4007	6.91161
4008	4008	-10.2844
4009	4009	-26.9908
4010	4010	-15.0172
4011	4011	-27.4217
4012	4012	16.215
4013	4013	14.3266
4014	4014	43.8002
4015	4015	32.997
4016	4016	16.9516
4017	4017	51.0707
4018	4018	1.00612
4019	4019	14.7347
4020	4020	2.85016
4021	4021	-29.0933
4022	4022	-6.24778
4023	4023	-1.92431
4024	4024	-18.8872
4025	4025	-15.3984
4026	4026	-16.4274
4027	4027	-25.993
4028	4028	-10.3829
4029	4029	26.1224
4030	4030	-37.7414
4031	4031	8.68329
4032	4032	-34.9646
4033	4033	-6.67537
4034	4034	-11.7296
4035	4035	-24.8027
4036	4036	2.99396
4037	4037	-19.3333
4038	4038	-11.2247
4039	4039	-9.40804
4040	4040	-26.9718
4041	4041	29.7814
4042	4042	-11.6268
4043	4043	19.3684
4044	4044	-3.4592
4045	4045	9.6858
4046	4046	9.22616
4047	4047	22.5768
4048	4048	-2.71262
4049	4049	-37.4152
4050	4050	1.18053
4051	4051	-16.1365
4052	4052	9.57206
4053	4053	-44.0115
4054	4054	-8.17384
4055	4055	19.6086
4056	4056	9.67636
4057	4057	-15.4624
4058	4058	-23.5914
4059	4059	-6.41824
4060	4060	-4.51724
4061	4061	-7.38211
4062	4062	-29.4692
4063	4063	-22.4308
4064	4064	-23.8641
4065	4065	10.9767
4066	4066	1.8845
4067	4067	7.845
4068	4068	24.8138
4069	4069	9.98855
4070	4070	-16.5695
4071	4071	11.5361
4072	4072	-33.3048
4073	4073	-27.3464
4074	4074	-24.6922
4075	4075	18.5753
4076	4076	12.596
4077	4077	-10.0805
4078	4078	8.60152
4079	4079	-13.0263
4080	4080	25.9086
4081	4081	31.9119
4082	4082	6.23127
4083	4083	10.7455
4084	4084	-15.9033
4085	4085	4.72714
4086	4086	-14.5667
4087	4087	-0.43955
4088	4088	-20.3085
4089	4089	-45.552
4090	4090	5.47009
4091	4091	-35.0526
4092	4092	13.1136
4093	4093	-28.6793
4094	4094	22.0035
4095	4095	-11.1897
4096	4096	0.305151
4097	4097	-10.0733
4098	4098	22.4309
4099	4099	38.1133
4100	4100	16.4797
4101	4101	1.32858
4102	4102	-12.6704
4103	4103	2.82493
4104	4104	13.2224
4105	4105	6.35361
4106	4106	-16.3424
4107	4107	12.1589
4108	4108	28.588
4109	4109	-15.1934
4110	4110	-4.63172
4111	4111	10.1534
4112	4112	38.869
4113	4113	21.5461
4114	4114	-17.2984
4115	4115	-0.189292
4116	4116	3.96824
4117	4117	20.3864
4118	4118	1.60948
4119	4119	15.2389
4120	4120	2.39734
4121	4121	-10.176
4122	4122	-28.0789
4123	4123	4.62555
4124	4124	3.66869
4125	4125	7.75892
4126	4126	-7.99602
4127	4127	17.3899
4128	4128	36.2598
4129	4129	-7.25222
4130	4130	-25.0713
4131	4131	-8.24544
4132	4132	52.9332
4133	4133	-16.0891
4134	4134	25.6573
4135	4135	19.4094
4136	4136	12.6654
4137	4137	-1.24292
4138	4138	-13.2429
4139	4139	20.6549
4140	4140	-34.9619
4141	4141	-28.7688
4142	4142	30.1583
4143	4143	4.00219
4144	4144	-35.1098
4145	4145	-23.8377
4146	4146	37.689
4147	4147	-14.3058
4148	4148	19.941
4149	4149	-13.6651
4150	4150	-22.0559
4151	4151	-13.2899
4152	4152	20.69
4153	4153	-12.0529
4154	4154	-24.7325
4155	4155	2.6103
4156	4156	-20.9442
4157	4157	9.58546
4158	4158	-13.861
4159	4159	7.1183
4160	4160	15.7414
4161	4161	5.93097
4162	4162	-30.0317
4163	4163	-4.60622
4164	4164	-18.5563
4165	4165	13.4611
4166	4166	26.6609
4167	4167	-3.68371
4168	4168	15.2357
4169	4169	13.158
4170	4170	14.7356
4171	4171	7.38762
4172	4172	-0.207043
4173	4173	-18.9958
4174	4174	-4.96065
4175	4175	-0.310723
4176	4176	-28.6499
4177	4177	32.4162
4178	4178	2.001
4179	4179	21.9682
4180	4180	-31.26
4181	4181	20.4158
4182	4182	-4.34734
4183	4183	15.2428
4184	4184	24.3951
4185	4185	5.5762
4186	4186	-34.1758
4187	4187	30.5489
4188	4188	-16.6994
4189	4189	-8.71068
4190	4190	-7.64657
4191	4191	-10.0416
4192	4192	8.67523
4193	4193	0.952181
4194	4194	-13.1879
4195	4195	-40.1844
4196	4196	15.2858
4197	4197	33.9772
4198	4198	14.4077
4199	4199	22.0573
4200	4200	8.87026
4201	4201	-4.78857
4202	4202	17.2547
4203	4203	-27.401
4204	4204	-3.82145
4205	4205	-20.6052
4206	4206	-31.4638
4207	4207	-0.889892
4208	4208	-36.627
4209	4209	-30.8596
4210	4210	25.2177
4211	4211	-13.1886
4212	4212	-10.3038
4213	4213	24.608
4214	4214	31.1508
4215	4215	-7.84299
4216	4216	-2.80462
4217	4217	-35.4498
4218	4218	-25.7808
4219	4219	39.8421
4220	4220	5.71887
4221	4221	18.7911
4222	4222	-41.2272
4223	4223	-8.31656
4224	4224	18.9084
4225	4225	-30.3727
4226	4226	4.93048
4227	4227	30.8594
4228	4228	25.3922
4229	4229	7.25883
4230	4230	8.60653
4231	4231	11.9842
4232	4232	-21.2041
4233	4233	-6.20724
4234	4234	12.8013
4235	4235	2.90221
4236	4236	-14.3177
4237	4237	-12.6297
4238	4238	-29.981
4239	4239	10.3355
4240	4240	7.28337
4241	4241	-11.8383
4242	4242	-14.4372
4243	4243	-3.97599
4244	4244	-11.3873
4245	4245	-31.696
4246	4246	-22.6873
4247	4247	-33.5932
4248	4248	7.74893
4249	4249	3.85897
4250	4250	-15.5781
4251	4251	-22.862
4252	4252	15.7071
4253	4253	-20.8662
4254	4254	13.4463
4255	4255	-10.0781
4256	4256	-2.48948
4257	4257	-6.00372
4258	4258	20.7379
4259	4259	-40.208
4260	4260	21.9338
4261	4261	8.84779
4262	4262	26.9736
4263	4263	12.2302
4264	4264	48.1057
4265	4265	-27.9953
4266	4266	24.679
4267	4267	-50.2251
4268	4268	-3.03249
4269	4269	-9.26375
4270	4270	7.95882
4271	4271	-28.1824
4272	4272	5.79184
4273	4273	-12.6141
4274	4274	2.0297
4275	4275	-4.75952
4276	4276	3.00492
4277	4277	14.2666
4278	4278	-11.8786
4279	4279	9.17096
4280	4280	12.6052
4281	4281	-21.3068
4282	4282	3.57628
4283	4283	25.3518
4284	4284	-33.5456
4285	4285	1.82879
4286	4286	-1.76148
4287	4287	12.1691
4288	4288	-11.2997
4289	4289	12.435
4290	4290	22.5609
4291	4291	6.46042
4292	4292	4.00353
4293	4293	5.31272
4294	4294	-16.4407
4295	4295	-26.7705
4296	4296	-26.7036
4297	4297	-18.6046
4298	4298	-10.2416
4299	4299	10.5319
4300	4300	-19.9763
4301	4301	-16.8752
4302	4302	-12.1587
4303	4303	-29.4907
4304	4304	3.69113
4305	4305	10.4932
4306	4306	-20.4021
4307	4307	-39.9657
4308	4308	23.7228
4309	4309	5.29968
4310	4310	-6.1287
4311	4311	-18.855
4312	4312	2.55799
4313	4313	-21.2504
4314	4314	-1.0619
4315	4315	-4.55319
4316	4316	24.4557
4317	4317	18.5108
4318	4318	10.5997
4319	4319	-15.4682
4320	4320	-5.85897
4321	4321	-10.9888
4322	4322	14.9287
4323	4323	-25.8381
4324	4324	5.64258
4325	4325	-7.17405
4326	4326	-33.8424
4327	4327	-2.79778
4328	4328	-27.9384
4329	4329	-8.59875
4330	4330	-2.01572
4331	4331	14.4013
4332	4332	23.0978
4333	4333	-13.2823
4334	4334	-4.95984
4335	4335	12.2893
4336	4336	38.7138
4337	4337	-25.8888
4338	4338	-9.89787
4339	4339	-4.35761
4340	4340	2.67621
4341	4341	-11.2018
4342	4342	7.6483
4343	4343	34.3158
4344	4344	0.739419
4345	4345	9.1476
4346	4346	16.2484
4347	4347	-29.1493
4348	4348	6.82122
4349	4349	5.60691
4350	4350	-33.4077
4351	4351	-19.7953
4352	4352	22.2551
4353	4353	-21.9964
4354	4354	-3.36727
4355	4355	17.2426
4356	4356	25.1399
4357	4357	4.10387
4358	4358	26.2786
4359	4359	1.50372
4360	4360	6.05733
4361	4361	22.0617
4362	4362	-3.33521
4363	4363	-13.1039
4364	4364	25.5706
4365	4365	27.4263
4366	4366	-13.5093
4367	4367	37.002
4368	4368	27.5235
4369	4369	42.0926
4370	4370	9.54496
4371	4371	11.9871
4372	4372	27.0404
4373	4373	-21.4371
4374	4374	-1.05957
4375	4375	5.1904
4376	4376	19.1396
4377	4377	59.5925
4378	4378	1.33774
4379	4379	-52.3843
4380	4380	2.56823
4381	4381	-38.2724
4382	4382	32.2589
4383	4383	7.43926
4384	4384	-10.3529
4385	4385	-2.95011
4386	4386	15.7547
4387	4387	-16.5427
4388	4388	11.4603
4389	4389	9.61997
4390	4390	-3.59937
4391	4391	-3.88754
4392	4392	0.0918534
4393	4393	-27.0791
4394	4394	-14.7518
4395	4395	-42.4302
4396	4396	4.62591
4397	4397	-14.7157
4398	4398	9.27538
4399	4399	21.0175
4400	4400	-15.399
4401	4401	-13.0071
4402	4402	-17.5667
4403	4403	26.3132
4404	4404	2.28671
4405	4405	-4.77214
4406	4406	38.6035
4407	4407	-2.61303
4408	4408	-13.9031
4409	4409	11.704
4410	4410	7.43565
4411	4411	-10.5686
4412	4412	2.74107
4413	4413	-18.132
4414	4414	-13.6376
4415	4415	11.3369
4416	4416	43.4318
4417	4417	-10.0944
4418	4418	-25.3015
4419	4419	3.08901
4420	4420	-0.681744
4421	4421	33.5478
4422	4422	6.64348
4423	4423	2.79591
4424	4424	6.39136
4425	4425	-0.340869
4426	4426	27.2989
4427	4427	23.6291
4428	4428	4.20587
4429	4429	-25.0297
4430	4430	-29.6483
4431	4431	14.5103
4432	4432	-27.1724
4433	4433	-10.2964
4434	4434	48.7117
4435	4435	4.84731
4436	4436	-38.1172
4437	4437	-24.9241
4438	4438	-23.4071
4439	4439	14.7878
4440	4440	4.1696
4441	4441	30.4127
4442	4442	11.4097
4443	4443	-27.0062
4444	4444	-15.3944
4445	4445	-14.7779
4446	4446	11.397
4447	4447	14.0489
4448	4448	-49.2047
4449	4449	12.8966
4450	4450	18.0272
4451	4451	-8.61804
4452	4452	10.5797
4453	4453	47.9664
4454	4454	22.0652
4455	4455	-7.70058
4456	4456	1.32886
4457	4457	33.0777
4458	4458	10.4975
4459	4459	12.1924
4460	4460	-37.0953
4461	4461	-30.0471
4462	4462	2.01556
4463	4463	-22.8434
4464	4464	41.9251
4465	4465	-23.6229
4466	4466	4.7551
4467	4467	31.2688
4468	4468	-29.0204
4469	4469	-32.8339
4470	4470	54.7887
4471	4471	9.80232
4472	4472	4.27089
4473	4473	12.1759
4474	4474	8.75397
4475	4475	-22.0447
4476	4476	10.9551
4477	4477	-3.74749
4478	4478	-2.24273
4479	4479	-4.27925
4480	4480	-15.3869
4481	4481	8.17633
4482	4482	-14.7206
4483	4483	-29.6808
4484	4484	-11.1457
4485	4485	-18.9347
4486	4486	18.6462
4487	4487	-25.3086
4488	4488	-26.5527
4489	4489	21.4773
4490	4490	20.1866
4491	4491	-3.09805
4492	4492	20.9093
4493	4493	-3.23232
4494	4494	-14.8915
4495	4495	-21.9839
4496	4496	34.0211
4497	4497	-10.9123
4498	4498	-9.93232
4499	4499	31.1197
4500	4500	22.862
4501	4501	-3.00267
4502	4502	1.98382
4503	4503	-13.2899
4504	4504	33.6529
4505	4505	-20.2527
4506	4506	41.0238
4507	4507	-14.7802
4508	4508	42.8349
4509	4509	-0.199756
4510	4510	1.55199
4511	4511	5.30041
4512	4512	24.3279
4513	4513	-16.6775
4514	4514	0.446208
4515	4515	-15.8483
4516	4516	-3.8868
4517	4517	-10.2939
4518	4518	-4.08346
4519	4519	-21.1105
4520	4520	30.2045
4521	4521	2.34427
4522	4522	-21.0109
4523	4523	-1.95606
4524	4524	-21.8063
4525	4525	-13.9559
4526	4526	-10.4701
4527	4527	-7.89383
4528	4528	-39.9647
4529	4529	5.5382
4530	4530	24.4378
4531	4531	-30.4261
4532	4532	9.22439
4533	4533	8.57379
4534	4534	-0.859339
4535	4535	-13.2069
4536	4536	-4.28982
4537	4537	16.0869
4538	4538	27.5581
4539	4539	-14.8814
4540	4540	4.60289
4541	4541	11.7332
4542	4542	-7.00957
4543	4543	40.1819
4544	4544	-14.5891
4545	4545	27.1863
4546	4546	3.19492
4547	4547	-24.1706
4548	4548	-27.4029
4549	4549	7.2344
4550	4550	-16.845
4551	4551	-32.3922
4552	4552	16.4874
4553	4553	-23.7277
4554	4554	11.7553
4555	4555	-1.64338
4556	4556	-3.25715
4557	4557	-12.2167
4558	4558	5.36153
4559	4559	34.4195
4560	4560	-37.1923
4561	4561	-0.533281
4562	4562	-47.0714
4563	4563	-42.5478
4564	4564	-11.9944
4565	4565	-3.48913
4566	4566	-32.2588
4567	4567	-1.82294
4568	4568	-13.8078
4569	4569	10.6978
4570	4570	-7.34728
4571	4571	-51.4834
4572	4572	1.62842
4573	4573	-8.10752
4574	4574	39.0051
4575	4575	-22.8597
4576	4576	15.5945
4577	4577	-25.3704
4578	4578	3.61908
4579	4579	-20.6474
4580	4580	-47.4313
4581	4581	19.093
4582	4582	-0.785989
4583	4583	-12.4938
4584	4584	-13.9342
4585	4585	18.4659
4586	4586	24.9967
4587	4587	-12.4116
4588	4588	0.782616
4589	4589	-8.58908
4590	4590	-27.1194
4591	4591	2.74071
4592	4592	-6.6341
4593	4593	7.67906
4594	4594	-3.97469
4595	4595	15.7063
4596	4596	-22.2063
4597	4597	7.61458
4598	4598	5.23722
4599	4599	-9.23766
4600	4600	16.21
4601	4601	23.578
4602	4602	-21.9869
4603	4603	42.1093
4604	4604	-10.8267
4605	4605	25.8075
4606	4606	-2.59597
4607	4607	14.2533
4608	4608	7.97385
4609	4609	-10.2543
4610	4610	-30.0495
4611	4611	-16.1484
4612	4612	8.75099
4613	4613	11.3311
4614	4614	20.3852
4615	4615	-17.0375
4616	4616	-6.16157
4617	4617	23.2214
4618	4618	-27.4023
4619	4619	3.2605
4620	4620	33.6487
4621	4621	12.8741
4622	4622	35.1913
4623	4623	-33.7375
4624	4624	-9.43357
4625	4625	53.2015
4626	4626	20.8008
4627	4627	10.9399
4628	4628	38.6519
4629	4629	0.00682069
4630	4630	-17.1676
4631	4631	-0.382396
4632	4632	47.4521
4633	4633	-20.2078
4634	4634	-15.9929
4635	4635	22.4804
4636	4636	-2.58085
4637	4637	34.2845
4638	4638	-22.8834
4639	4639	-21.169
4640	4640	-37.9723
4641	4641	-50.1323
4642	4642	32.1642
4643	4643	-6.33353
4644	4644	0.317861
4645	4645	-2.66287
4646	4646	10.401
4647	4647	-17.9316
4648	4648	-27.2222
4649	4649	26.9657
4650	4650	28.0241
4651	4651	-35.007
4652	4652	7.42569
4653	4653	-15.5676
4654	4654	-6.21072
4655	4655	6.07732
4656	4656	10.8208
4657	4657	-32.0508
4658	4658	-56.4705
4659	4659	15.4967
4660	4660	1.59187
4661	4661	2.26796
4662	4662	-2.59884
4663	4663	-8.35043
4664	4664	-14.925
4665	4665	-22.9619
4666	4666	-4.85256
4667	4667	28.8692
4668	4668	-25.098
4669	4669	22.6211
4670	4670	11.0538
4671	4671	9.19808
4672	4672	-14.1784
4673	4673	32.4259
4674	4674	4.04113
4675	4675	14.3617
4676	4676	-7.30485
4677	4677	1.13379
4678	4678	-2.76312
4679	4679	7.78858
4680	4680	-6.91485
4681	4681	-25.5105
4682	4682	50.1078
4683	4683	1.6959
4684	4684	-15.2455
4685	4685	14.3062
4686	4686	5.75712
4687	4687	-14.979
4688	4688	-23.1492
4689	4689	7.48151
4690	4690	-5.61979
4691	4691	33.4813
4692	4692	-36.3461
4693	4693	12.7019
4694	4694	-35.5701
4695	4695	26.8501
4696	4696	11.3912
4697	4697	-12.3387
4698	4698	11.9907
4699	4699	21.6966
4700	4700	7.98831
4701	4701	-3.33061
4702	4702	-7.7909
4703	4703	16.77
4704	4704	-0.17384
4705	4705	-4.04634
4706	4706	15.3885
4707	4707	23.35
4708	4708	-25.69
4709	4709	33.8835
4710	4710	1.39659
4711	4711	46.7761
4712	4712	-12.9174
4713	4713	6.58654
4714	4714	24.863
4715	4715	35.5137
4716	4716	5.54713
4717	4717	41.8837
4718	4718	38.3252
4719	4719	-10.1703
4720	4720	-0.307415
4721	4721	-19.5432
4722	4722	-12.8381
4723	4723	-5.82337
4724	4724	-16.2295
4725	4725	8.15103
4726	4726	26.7589
4727	4727	22.7234
4728	4728	-20.9285
4729	4729	2.54142
4730	4730	-27.8857
4731	4731	-1.69579
4732	4732	-2.45378
4733	4733	-48.1269
4734	4734	-4.41337
4735	4735	20.2998
4736	4736	0.448376
4737	4737	-7.54886
4738	4738	18.2556
4739	4739	29.3114
4740	4740	30.1153
4741	4741	-3.53268
4742	4742	-11.579
4743	4743	-16.1902
4744	4744	16.448
4745	4745	-19.3868
4746	4746	-6.64701
4747	4747	35.327
4748	4748	16.4263
4749	4749	59.2801
4750	4750	18.6047
4751	4751	21.069
4752	4752	26.3664
4753	4753	41.6696
4754	4754	13.8498
4755	4755	-6.25028
4756	4756	-24.7696
4757	4757	-13.7546
4758	4758	15.7479
4759	4759	-54.2754
4760	4760	8.76234
4761	4761	6.56407
4762	4762	0.362848
4763	4763	-13.4445
4764	4764	-1.40258
4765	4765	-22.8356
4766	4766	-7.04417
4767	4767	-26.5643
4768	4768	7.51037
4769	4769	-5.54136
4770	4770	2.18158
4771	4771	22.2544
4772	4772	-13.1461
4773	4773	-7.10633
4774	4774	3.05435
4775	4775	-26.2359
4776	4776	11.7915
4777	4777	25.6785
4778	4778	-36.0483
4779	4779	5.61899
4780	4780	15.6729
4781	4781	-24.4333
4782	4782	-1.01627
4783	4783	-43.4117
4784	4784	33.3862
4785	4785	-23.2162
4786	4786	10.2822
4787	4787	-3.73397
4788	4788	-1.78551
4789	4789	-17.4443
4790	4790	19.26
4791	4791	-15.6679
4792	4792	20.7531
4793	4793	-13.4494
4794	4794	-18.7133
4795	4795	18.4138
4796	4796	-3.42899
4797	4797	6.54917
4798	4798	31.0433
4799	4799	-18.2413
