sample_id	sample_id2	phensim
zero	zero	-12.3076
1	1	23.9658
2	2	-2.99067
3	3	-14.4065
4	4	-8.70104
5	5	-21.3251
6	6	4.9936
7	7	11.2765
8	8	-9.94763
9	9	-6.16934
10	10	3.04995
11	11	-0.764305
12	12	4.78524
13	13	3.57542
14	14	-42.5988
15	15	19.6364
16	16	3.67338
17	17	-13.3689
18	18	5.19246
19	19	-7.10304
20	20	-10.5049
21	21	17.537
22	22	-8.78721
23	23	-8.35371
24	24	-7.46643
25	25	1.01153
26	26	-11.7147
27	27	26.2491
28	28	-32.6451
29	29	-8.51744
30	30	-31.9401
31	31	-3.48196
32	32	12.9629
33	33	7.08439
34	34	0.588802
35	35	3.27481
36	36	-59.6138
37	37	7.36196
38	38	-30.9417
39	39	5.14109
40	40	-1.75927
41	41	-12.7303
42	42	-11.0864
43	43	-18.2347
44	44	38.2866
45	45	13.1396
46	46	-19.5158
47	47	22.1096
48	48	20.3628
49	49	28.3066
50	50	7.25745
51	51	18.7351
52	52	-3.03787
53	53	34.9649
54	54	-7.4558
55	55	-5.97116
56	56	-22.7559
57	57	-3.49203
58	58	-7.8591
59	59	-24.6309
60	60	8.9795
61	61	-13.9776
62	62	16.9642
63	63	11.0171
64	64	-17.3152
65	65	-12.5285
66	66	12.7447
67	67	2.48387
68	68	-7.23083
69	69	-7.21133
70	70	2.48936
71	71	-27.8445
72	72	4.4471
73	73	11.7481
74	74	-0.559412
75	75	-6.21622
76	76	-16.0814
77	77	-5.79537
78	78	-2.71614
79	79	-34.8363
80	80	-10.5035
81	81	-11.724
82	82	-8.18163
83	83	0.210828
84	84	-0.362518
85	85	-6.76406
86	86	-4.23967
87	87	-9.49991
88	88	25.0208
89	89	0.602829
90	90	-12.0588
91	91	-2.04565
92	92	12.7049
93	93	5.6944
94	94	7.09441
95	95	15.2482
96	96	-4.23967
97	97	38.7442
98	98	-0.997156
99	99	-8.96748
100	100	-3.0151
101	101	2.32152
102	102	16.0489
103	103	13.3376
104	104	-23.7706
105	105	16.0946
106	106	-2.36067
107	107	14.0062
108	108	5.89276
109	109	0.349777
110	110	-12.5783
111	111	-10.8644
112	112	27.9696
113	113	-9.98236
114	114	9.27965
115	115	-5.63839
116	116	7.64793
117	117	-12.0653
118	118	3.13046
119	119	27.2045
120	120	4.64882
121	121	-17.8564
122	122	6.51374
123	123	-19.5273
124	124	17.981
125	125	26.928
126	126	-32.0636
127	127	10.0364
128	128	-0.608648
129	129	2.01549
130	130	14.6127
131	131	-3.00663
132	132	17.3683
133	133	25.3142
134	134	-21.7706
135	135	-12.9746
136	136	-0.739617
137	137	14.313
138	138	28.5783
139	139	-7.84813
140	140	0.934569
141	141	-5.02709
142	142	5.81605
143	143	-6.46819
144	144	-7.2439
145	145	-14.7112
146	146	-14.3041
147	147	23.9535
148	148	13.866
149	149	0.190777
150	150	-2.03285
151	151	21.455
152	152	13.7609
153	153	-17.82
154	154	18.7956
155	155	2.19411
156	156	-10.1339
157	157	3.49092
158	158	8.57646
159	159	20.6294
160	160	-2.33262
161	161	16.5437
162	162	-16.3028
163	163	6.75253
164	164	17.3098
165	165	28.4414
166	166	-6.02948
167	167	-2.49497
168	168	7.03005
169	169	-3.5144
170	170	-8.54844
171	171	-13.9963
172	172	-9.06646
173	173	12.3281
174	174	-1.45696
175	175	4.97919
176	176	36.282
177	177	-6.86175
178	178	-9.37064
179	179	-10.3109
180	180	1.16083
181	181	-3.87941
182	182	-25.0689
183	183	-22.3683
184	184	10.4784
185	185	-17.367
186	186	7.51544
187	187	2.83667
188	188	17.8941
189	189	-30.3864
190	190	-16.273
191	191	-14.0678
192	192	16.1955
193	193	-12.1361
194	194	-14.1653
195	195	5.57685
196	196	7.12208
197	197	16.3753
198	198	-45.0457
199	199	-3.10276
200	200	17.1049
201	201	5.11179
202	202	-7.67445
203	203	11.8614
204	204	11.2245
205	205	-16.2224
206	206	11.5595
207	207	-19.7337
208	208	-10.8865
209	209	4.90399
210	210	1.23573
211	211	8.20061
212	212	2.2602
213	213	19.6176
214	214	-15.7578
215	215	5.11734
216	216	52.4378
217	217	-1.46933
218	218	32.2221
219	219	32.8914
220	220	-5.40246
221	221	-15.7945
222	222	3.05181
223	223	-3.49322
224	224	2.12848
225	225	13.1524
226	226	7.95779
227	227	12.4941
228	228	-10.059
229	229	-10.5958
230	230	2.12498
231	231	-8.11493
232	232	-7.14934
233	233	-1.40926
234	234	-10.8134
235	235	5.0043
236	236	-32.509
237	237	13.3115
238	238	2.17662
239	239	-4.26796
240	240	-13.9348
241	241	-19.9671
242	242	-2.34559
243	243	6.65164
244	244	-13.3304
245	245	-25.443
246	246	-10.9076
247	247	-28.2904
248	248	-4.89786
249	249	18.9929
250	250	5.6224
251	251	-23.0352
252	252	9.28701
253	253	-0.443367
254	254	10.4587
255	255	27.6469
256	256	-26.4845
257	257	14.1928
258	258	-15.0716
259	259	-5.92047
260	260	22.8037
261	261	12.8895
262	262	-4.54664
263	263	-5.15641
264	264	3.75872
265	265	-18.1213
266	266	10.6411
267	267	17.0236
268	268	12.8577
269	269	-16.3122
270	270	4.00461
271	271	-16.2477
272	272	-5.67413
273	273	34.358
274	274	2.91662
275	275	25.2513
276	276	13.3328
277	277	3.1741
278	278	0.0158498
279	279	-9.56942
280	280	-8.65519
281	281	9.78792
282	282	-7.93478
283	283	-16.5539
284	284	-8.47104
285	285	-22.5094
286	286	-3.65244
287	287	30.3454
288	288	-24.8435
289	289	-7.1636
290	290	17.8228
291	291	-3.91895
292	292	28.7815
293	293	-12.1477
294	294	10.8211
295	295	-12.9389
296	296	12.2708
297	297	-16.2441
298	298	2.57972
299	299	17.2387
300	300	11.8319
301	301	-19.5156
302	302	31.9092
303	303	6.02466
304	304	-24.5748
305	305	36.6566
306	306	-2.2389
307	307	7.55251
308	308	2.14288
309	309	-29.7534
310	310	-14.5573
311	311	25.7336
312	312	-1.90807
313	313	7.07282
314	314	19.2478
315	315	23.7791
316	316	-3.25778
317	317	14.7906
318	318	31.6361
319	319	-11.972
320	320	23.9184
321	321	3.43105
322	322	-2.88492
323	323	11.3066
324	324	-21.9718
325	325	13.2704
326	326	6.92797
327	327	1.21241
328	328	-0.494396
329	329	-5.25273
330	330	4.73625
331	331	24.0265
332	332	3.44848
333	333	-10.3782
334	334	-15.5995
335	335	-30.2234
336	336	-1.32796
337	337	1.14673
338	338	6.91722
339	339	4.63013
340	340	0.708473
341	341	7.6829
342	342	-49.8142
343	343	35.7022
344	344	14.3782
345	345	-0.304044
346	346	14.9207
347	347	1.80978
348	348	6.56992
349	349	5.69125
350	350	-7.38923
351	351	3.50516
352	352	6.25564
353	353	1.63198
354	354	-2.69765
355	355	23.0523
356	356	7.61895
357	357	9.72313
358	358	16.8523
359	359	12.5872
360	360	19.3804
361	361	-0.664976
362	362	19.6608
363	363	20.5069
364	364	-0.903591
365	365	27.6966
366	366	-1.03214
367	367	-9.62581
368	368	-16.8463
369	369	-28.8983
370	370	19.2023
371	371	38.4162
372	372	31.9171
373	373	-4.89047
374	374	10.6914
375	375	5.40696
376	376	-12.5733
377	377	14.3805
378	378	10.3014
379	379	21.6387
380	380	-10.754
381	381	-4.80505
382	382	22.4737
383	383	-0.0394759
384	384	30.366
385	385	8.08774
386	386	-1.96148
387	387	3.36999
388	388	-8.57026
389	389	-26.2064
390	390	-2.09685
391	391	-11.2964
392	392	11.3273
393	393	3.68607
394	394	3.8751
395	395	-12.9309
396	396	-14.5308
397	397	-22.0684
398	398	-25.9064
399	399	-15.1488
400	400	9.75973
401	401	-6.82207
402	402	5.57565
403	403	-1.40202
404	404	23.3794
405	405	0.307738
406	406	22.7281
407	407	10.5906
408	408	-21.167
409	409	-13.9971
410	410	4.01999
411	411	4.24832
412	412	-4.20067
413	413	10.6469
414	414	48.6786
415	415	-9.26129
416	416	7.24996
417	417	-20.3874
418	418	-0.987935
419	419	6.72369
420	420	-13.6703
421	421	-12.95
422	422	-12.4413
423	423	9.61435
424	424	10.0299
425	425	-18.1544
426	426	-16.8006
427	427	6.34389
428	428	-1.90897
429	429	6.13245
430	430	-17.9852
431	431	27.1162
432	432	54.6022
433	433	10.2402
434	434	-20.8952
435	435	-4.52088
436	436	-30.2151
437	437	21.4651
438	438	-8.48582
439	439	-23.6247
440	440	-10.4109
441	441	6.09763
442	442	-23.4806
443	443	14.323
444	444	5.20664
445	445	-11.0257
446	446	14.1719
447	447	-12.6139
448	448	-1.83478
449	449	-42.4063
450	450	-7.00315
451	451	1.33682
452	452	4.76441
453	453	-3.69906
454	454	39.1548
455	455	-24.4152
456	456	-6.80447
457	457	-3.98096
458	458	7.76503
459	459	-2.92957
460	460	-0.792083
461	461	3.85986
462	462	-16.7987
463	463	-13.8282
464	464	-5.44926
465	465	9.67221
466	466	-2.51605
467	467	7.42525
468	468	9.73399
469	469	-27.8478
470	470	-7.13408
471	471	19.1346
472	472	14.9525
473	473	-5.5999
474	474	18.5638
475	475	4.58087
476	476	-33.7843
477	477	-2.87959
478	478	-6.71606
479	479	14.5869
480	480	-13.6907
481	481	-9.91267
482	482	-38.1831
483	483	0.601848
484	484	18.944
485	485	-18.4722
486	486	11.322
487	487	-10.9826
488	488	-9.25628
489	489	-8.37489
490	490	4.83247
491	491	-24.999
492	492	37.5609
493	493	-14.2972
494	494	2.48737
495	495	22.7847
496	496	19.3796
497	497	28.1887
498	498	2.84266
499	499	-4.82483
500	500	-0.288604
501	501	-14.8619
502	502	8.16201
503	503	-4.0285
504	504	16.8897
505	505	11.5421
506	506	-27.8218
507	507	3.5425
508	508	-13.0594
509	509	16.8736
510	510	-1.49155
511	511	-6.08002
512	512	6.21167
513	513	-11.2657
514	514	-29.4034
515	515	-2.91144
516	516	-14.7176
517	517	8.9248
518	518	-7.56643
519	519	7.73535
520	520	-5.03574
521	521	35.0073
522	522	8.66762
523	523	-9.94625
524	524	-27.2006
525	525	-15.8341
526	526	9.05327
527	527	2.53007
528	528	1.42172
529	529	-16.5245
530	530	10.8381
531	531	-52.9291
532	532	-19.016
533	533	19.9215
534	534	-7.78211
535	535	6.95644
536	536	17.5849
537	537	36.431
538	538	-35.0016
539	539	-0.706103
540	540	9.48377
541	541	-7.85087
542	542	30.5512
543	543	24.6627
544	544	6.07957
545	545	-26.0854
546	546	24.1416
547	547	15.0548
548	548	-35.4453
549	549	-10.2588
550	550	4.96429
551	551	4.1196
552	552	-6.69083
553	553	23.1029
554	554	13.1959
555	555	-5.7948
556	556	-17.7752
557	557	-37.521
558	558	5.55535
559	559	26.4597
560	560	15.3669
561	561	9.35617
562	562	-14.6456
563	563	10.6245
564	564	-14.5487
565	565	19.8221
566	566	-14.8817
567	567	19.1
568	568	-9.81998
569	569	14.0089
570	570	21.138
571	571	-5.64927
572	572	7.47702
573	573	21.1703
574	574	-24.977
575	575	4.91903
576	576	6.28392
577	577	25.1929
578	578	-4.17056
579	579	-0.750503
580	580	-6.35044
581	581	-5.22428
582	582	6.4857
583	583	1.44417
584	584	16.4116
585	585	-15.8314
586	586	29.558
587	587	-5.58623
588	588	30.6844
589	589	-35.278
590	590	8.0138
591	591	-14.8862
592	592	14.5331
593	593	-5.70219
594	594	10.5276
595	595	-16.9351
596	596	24.8577
597	597	-5.5574
598	598	-15.2295
599	599	3.16133
600	600	15.8334
601	601	9.16054
602	602	-1.82664
603	603	21.3959
604	604	-4.70807
605	605	-11.8788
606	606	0.872641
607	607	0.23494
608	608	5.1084
609	609	35.9304
610	610	-25.2595
611	611	19.1247
612	612	-13.6218
613	613	-7.94355
614	614	-15.0063
615	615	8.95763
616	616	-13.0895
617	617	-4.99325
618	618	11.3671
619	619	28.0676
620	620	-10.203
621	621	17.2991
622	622	2.9164
623	623	6.25725
624	624	16.4746
625	625	44.7756
626	626	5.08076
627	627	4.00109
628	628	11.0056
629	629	-5.75688
630	630	5.90221
631	631	2.28821
632	632	22.739
633	633	-9.84621
634	634	-12.9074
635	635	28.1395
636	636	-13.9268
637	637	-23.1056
638	638	23.8741
639	639	17.515
640	640	-30.885
641	641	-20.3728
642	642	0.896051
643	643	-2.3626
644	644	15.6356
645	645	21.2442
646	646	4.78887
647	647	15.1331
648	648	7.74448
649	649	-1.22255
650	650	-2.19812
651	651	-9.59013
652	652	21.367
653	653	-10.553
654	654	-14.7351
655	655	-5.15093
656	656	-26.9982
657	657	-10.8267
658	658	-1.83006
659	659	-2.70858
660	660	-14.7742
661	661	0.0683319
662	662	-0.335361
663	663	26.402
664	664	-27.2611
665	665	6.93382
666	666	-4.9246
667	667	-12.195
668	668	-23.3517
669	669	-27.7183
670	670	7.94882
671	671	-16.4811
672	672	6.34938
673	673	-22.4542
674	674	31.8935
675	675	-28.0539
676	676	-1.73042
677	677	-16.0629
678	678	-14.0699
679	679	14.4426
680	680	8.10369
681	681	-18.3326
682	682	3.7682
683	683	-14.7973
684	684	18.2744
685	685	0.231102
686	686	-11.0394
687	687	-0.0732634
688	688	-16.5073
689	689	-0.940192
690	690	2.39302
691	691	-18.6621
692	692	-30.39
693	693	31.8767
694	694	24.4449
695	695	-5.8277
696	696	27.7251
697	697	-15.0873
698	698	-2.91128
699	699	-11.5975
700	700	-14.4657
701	701	-6.10197
702	702	6.23504
703	703	3.16104
704	704	-16.59
705	705	26.5643
706	706	11.7488
707	707	-14.1689
708	708	-26.4468
709	709	-3.29651
710	710	38.2099
711	711	22.5479
712	712	-7.0121
713	713	10.0289
714	714	-22.6302
715	715	3.4499
716	716	4.90226
717	717	25.8899
718	718	8.28656
719	719	-7.90332
720	720	11.5398
721	721	0.815661
722	722	-6.36449
723	723	-5.39279
724	724	-15.2065
725	725	-16.0377
726	726	22.5507
727	727	-5.35218
728	728	1.71811
729	729	-36.7042
730	730	21.9896
731	731	9.44694
732	732	2.71047
733	733	-16.329
734	734	-5.24685
735	735	14.5433
736	736	-20.2187
737	737	-10.9028
738	738	1.87488
739	739	9.14164
740	740	4.22689
741	741	-13.5969
742	742	-11.1529
743	743	-8.96486
744	744	6.02288
745	745	2.0278
746	746	6.33505
747	747	-1.69725
748	748	-0.727334
749	749	0.687335
750	750	-13.341
751	751	-17.5119
752	752	-6.86145
753	753	5.65361
754	754	-5.34231
755	755	7.87492
756	756	-39.3682
757	757	-26.8691
758	758	-1.49663
759	759	-1.71279
760	760	-17.4359
761	761	-17.586
762	762	-11.6263
763	763	-3.27478
764	764	47.9373
765	765	43.2045
766	766	-4.44143
767	767	-12.1017
768	768	-3.27148
769	769	9.32402
770	770	10.8144
771	771	19.9128
772	772	-29.9817
773	773	-0.121508
774	774	-0.190554
775	775	28.2368
776	776	6.31437
777	777	-9.14527
778	778	31.4589
779	779	-20.7733
780	780	16.0173
781	781	-8.47913
782	782	-1.3637
783	783	27.9953
784	784	1.58321
785	785	-19.5256
786	786	-25.5528
787	787	16.1938
788	788	8.16504
789	789	4.96977
790	790	-32.1793
791	791	-1.32622
792	792	-3.93918
793	793	-17.5789
794	794	9.13964
795	795	-10.4561
796	796	-19.2057
797	797	6.81111
798	798	-0.289897
799	799	-21.1655
800	800	10.332
801	801	19.3294
802	802	-1.7725
803	803	6.21586
804	804	4.49009
805	805	14.1454
806	806	-0.913117
807	807	18.5248
808	808	11.644
809	809	-25.0915
810	810	0.479667
811	811	9.15517
812	812	3.24576
813	813	17.8122
814	814	8.8513
815	815	-11.6553
816	816	8.18865
817	817	39.712
818	818	4.11518
819	819	-46.4442
820	820	-7.06359
821	821	6.71558
822	822	31.5852
823	823	9.11994
824	824	-14.3323
825	825	-31.7653
826	826	13.1102
827	827	-12.771
828	828	39.8851
829	829	2.94466
830	830	16.3655
831	831	-7.27522
832	832	-11.397
833	833	3.76664
834	834	22.4761
835	835	10.1989
836	836	-5.75549
837	837	16.7967
838	838	17.0972
839	839	18.7091
840	840	3.67716
841	841	13.0365
842	842	21.7305
843	843	-2.02412
844	844	-16.9694
845	845	15.111
846	846	-9.3641
847	847	-30.9653
848	848	-15.8765
849	849	-12.2909
850	850	-19.1413
851	851	14.4178
852	852	-1.58343
853	853	21.3296
854	854	-21.3196
855	855	-11.9712
856	856	26.074
857	857	-24.2011
858	858	10.3677
859	859	-18.8059
860	860	-6.35084
861	861	7.61223
862	862	-24.4619
863	863	11.4469
864	864	-13.1178
865	865	21.9898
866	866	-25.6226
867	867	-10.1454
868	868	-24.8914
869	869	-6.92222
870	870	7.57335
871	871	-3.36751
872	872	-4.32207
873	873	-9.43675
874	874	-0.131187
875	875	19.9868
876	876	10.6073
877	877	30.0297
878	878	-3.52352
879	879	9.73742
880	880	-16.6846
881	881	-12.5327
882	882	-11.8913
883	883	15.9698
884	884	-17.6686
885	885	-5.56136
886	886	17.6606
887	887	-11.6328
888	888	4.03558
889	889	-3.45394
890	890	-5.07242
891	891	-35.032
892	892	-26.4686
893	893	23.5382
894	894	-9.71775
895	895	29.0846
896	896	-15.8003
897	897	-4.2362
898	898	-7.77763
899	899	22.647
900	900	10.1838
901	901	-9.62056
902	902	-22.6405
903	903	-1.96517
904	904	-26.011
905	905	-45.0649
906	906	-1.38491
907	907	-0.582594
908	908	11.9232
909	909	15.6282
910	910	0.593518
911	911	2.94414
912	912	-34.9673
913	913	-19.9755
914	914	19.0533
915	915	-31.9978
916	916	42.2901
917	917	-20.2249
918	918	-6.66209
919	919	4.35129
920	920	15.591
921	921	7.73435
922	922	10.9456
923	923	-34.65
924	924	-6.26197
925	925	55.5906
926	926	-34.1923
927	927	16.1399
928	928	29.0513
929	929	8.35191
930	930	-38.4068
931	931	18.654
932	932	-6.28905
933	933	-27.3758
934	934	-6.26746
935	935	3.39457
936	936	-22.6011
937	937	-4.95592
938	938	-8.24407
939	939	-2.34866
940	940	-19.2369
941	941	-0.830017
942	942	5.93567
943	943	-5.12464
944	944	-16.587
945	945	-1.45092
946	946	5.97589
947	947	22.7893
948	948	12.9114
949	949	23.5314
950	950	-12.8309
951	951	2.45494
952	952	-10.9045
953	953	5.93519
954	954	0.235122
955	955	21.3132
956	956	-9.55446
957	957	-33.3024
958	958	4.74071
959	959	-20.6809
960	960	-10.0576
961	961	7.56706
962	962	-28.5595
963	963	-1.32305
964	964	2.75987
965	965	19.2998
966	966	-3.21931
967	967	-12.1691
968	968	26.6203
969	969	-3.07146
970	970	44.6643
971	971	28.7271
972	972	5.83001
973	973	-3.8411
974	974	3.12917
975	975	13.8089
976	976	24.9102
977	977	7.39211
978	978	5.69091
979	979	9.15998
980	980	-0.581208
981	981	0.452052
982	982	22.6963
983	983	-8.82991
984	984	7.1375
985	985	29.032
986	986	19.5985
987	987	-1.65347
988	988	11.909
989	989	-10.5867
990	990	11.9308
991	991	-9.68628
992	992	1.12766
993	993	13.4005
994	994	7.68074
995	995	8.98258
996	996	16.0318
997	997	-7.89121
998	998	0.985908
999	999	-3.02265
1000	1000	7.03276
1001	1001	8.39809
1002	1002	-1.96277
1003	1003	-4.24816
1004	1004	-15.796
1005	1005	-11.4171
1006	1006	-20.6771
1007	1007	-10.963
1008	1008	7.58777
1009	1009	3.1541
1010	1010	-15.6207
1011	1011	11.8546
1012	1012	19.0428
1013	1013	-17.6532
1014	1014	-24.8196
1015	1015	14.277
1016	1016	-11.5931
1017	1017	-43.5489
1018	1018	22.0455
1019	1019	3.94302
1020	1020	-7.594
1021	1021	12.7503
1022	1022	14.8495
1023	1023	2.41922
1024	1024	-9.26991
1025	1025	-2.63433
1026	1026	19.324
1027	1027	0.865376
1028	1028	-7.62946
1029	1029	-7.21556
1030	1030	0.0516454
1031	1031	-8.65863
1032	1032	12.6766
1033	1033	-14.2897
1034	1034	2.70662
1035	1035	24.4828
1036	1036	-1.49449
1037	1037	16.5892
1038	1038	-26.5676
1039	1039	29.901
1040	1040	-3.21826
1041	1041	0.763601
1042	1042	-11.2866
1043	1043	17.5664
1044	1044	-18.5597
1045	1045	3.88211
1046	1046	-19.1159
1047	1047	14.3255
1048	1048	7.94135
1049	1049	4.2235
1050	1050	-8.01993
1051	1051	-8.27276
1052	1052	0.743045
1053	1053	5.49749
1054	1054	21.7849
1055	1055	-10.7817
1056	1056	16.5967
1057	1057	6.12428
1058	1058	-23.0321
1059	1059	-11.8344
1060	1060	3.30426
1061	1061	1.86478
1062	1062	20.6604
1063	1063	-8.44594
1064	1064	-16.5005
1065	1065	-6.09313
1066	1066	35.1635
1067	1067	-41.7274
1068	1068	8.09465
1069	1069	22.9828
1070	1070	-3.96763
1071	1071	7.0526
1072	1072	22.2306
1073	1073	-9.55335
1074	1074	-24.6051
1075	1075	-8.08012
1076	1076	-5.66088
1077	1077	-9.40749
1078	1078	3.08502
1079	1079	22.7887
1080	1080	-7.01974
1081	1081	-1.7799
1082	1082	8.44422
1083	1083	0.503584
1084	1084	1.8626
1085	1085	1.96032
1086	1086	16.4242
1087	1087	9.63132
1088	1088	3.42298
1089	1089	-8.36466
1090	1090	13.2337
1091	1091	-6.38849
1092	1092	10.8695
1093	1093	20.3473
1094	1094	-2.29165
1095	1095	17.803
1096	1096	-3.98438
1097	1097	18.4457
1098	1098	-15.8427
1099	1099	12.2602
1100	1100	33.753
1101	1101	9.4448
1102	1102	22.0348
1103	1103	29.1277
1104	1104	-44.8471
1105	1105	-0.271577
1106	1106	-13.8732
1107	1107	7.32116
1108	1108	-17.7492
1109	1109	25.8527
1110	1110	-2.64926
1111	1111	25.5304
1112	1112	-33.5566
1113	1113	-20.0578
1114	1114	11.5044
1115	1115	-9.83231
1116	1116	-0.695937
1117	1117	-12.5648
1118	1118	14.7338
1119	1119	-15.5507
1120	1120	7.67762
1121	1121	21.998
1122	1122	20.1559
1123	1123	8.33346
1124	1124	21.2925
1125	1125	15.3194
1126	1126	0.740065
1127	1127	1.82078
1128	1128	22.7157
1129	1129	12.5391
1130	1130	-6.27537
1131	1131	-0.374701
1132	1132	4.05741
1133	1133	16.8087
1134	1134	-25.3886
1135	1135	-27.8635
1136	1136	-5.16507
1137	1137	9.60004
1138	1138	-38.4292
1139	1139	-19.8377
1140	1140	-12.4359
1141	1141	-10.5299
1142	1142	20.2085
1143	1143	7.59182
1144	1144	-0.448359
1145	1145	-21.68
1146	1146	2.8925
1147	1147	-11.5133
1148	1148	33.5632
1149	1149	6.33193
1150	1150	8.37039
1151	1151	-12.7235
1152	1152	-1.53543
1153	1153	-6.61301
1154	1154	4.03612
1155	1155	-16.5289
1156	1156	-2.9958
1157	1157	9.51053
1158	1158	-3.01884
1159	1159	-11.9406
1160	1160	7.49763
1161	1161	0.557076
1162	1162	-22.1071
1163	1163	-11.0425
1164	1164	-3.80079
1165	1165	-20.922
1166	1166	-10.3036
1167	1167	-44.519
1168	1168	-33.4294
1169	1169	35.1034
1170	1170	18.085
1171	1171	-13.991
1172	1172	17.3713
1173	1173	-13.0423
1174	1174	-14.5207
1175	1175	-10.4745
1176	1176	-11.0315
1177	1177	-12.4033
1178	1178	-23.5655
1179	1179	-15.4877
1180	1180	-1.05051
1181	1181	6.69558
1182	1182	7.80423
1183	1183	22.5129
1184	1184	13.1098
1185	1185	15.8001
1186	1186	-1.94607
1187	1187	26.2824
1188	1188	12.915
1189	1189	7.45197
1190	1190	-5.80868
1191	1191	-12.7522
1192	1192	-17.5305
1193	1193	-8.82014
1194	1194	-21.0459
1195	1195	-2.41476
1196	1196	-6.19664
1197	1197	-8.71723
1198	1198	-14.3621
1199	1199	-9.11009
1200	1200	-32.928
1201	1201	15.8385
1202	1202	9.72803
1203	1203	11.3271
1204	1204	-20.0912
1205	1205	-10.6453
1206	1206	3.86912
1207	1207	-8.887
1208	1208	9.44795
1209	1209	33.1361
1210	1210	11.8999
1211	1211	-1.4812
1212	1212	-7.52003
1213	1213	-2.07083
1214	1214	9.9571
1215	1215	-9.88196
1216	1216	36.108
1217	1217	11.8647
1218	1218	-24.2216
1219	1219	-0.636954
1220	1220	16.0385
1221	1221	26.0652
1222	1222	-21.8183
1223	1223	10.0432
1224	1224	19.3803
1225	1225	-1.45554
1226	1226	-6.5465
1227	1227	-23.6015
1228	1228	17.0834
1229	1229	8.0701
1230	1230	13.5396
1231	1231	2.58907
1232	1232	-45.9676
1233	1233	-10.566
1234	1234	-22.585
1235	1235	-2.71328
1236	1236	25.225
1237	1237	20.9972
1238	1238	-14.0362
1239	1239	-11.9767
1240	1240	-7.289
1241	1241	2.56902
1242	1242	-0.649895
1243	1243	9.52012
1244	1244	-19.4025
1245	1245	19.0412
1246	1246	10.568
1247	1247	17.3286
1248	1248	-32.4256
1249	1249	10.2889
1250	1250	-26.9938
1251	1251	-12.5499
1252	1252	12.5287
1253	1253	-27.6501
1254	1254	-12.74
1255	1255	10.7466
1256	1256	-2.02697
1257	1257	23.8528
1258	1258	-0.194511
1259	1259	-5.87099
1260	1260	3.27008
1261	1261	-26.93
1262	1262	49.8187
1263	1263	-5.95239
1264	1264	-14.2859
1265	1265	-3.68338
1266	1266	-34.9366
1267	1267	8.90416
1268	1268	6.41247
1269	1269	-11.7526
1270	1270	-21.0079
1271	1271	43.0933
1272	1272	29.0732
1273	1273	-6.42371
1274	1274	-1.93168
1275	1275	0.959397
1276	1276	3.31669
1277	1277	3.29662
1278	1278	6.76287
1279	1279	10.9406
1280	1280	-5.80835
1281	1281	12.3554
1282	1282	21.5379
1283	1283	28.1043
1284	1284	-14.469
1285	1285	16.0918
1286	1286	-10.7261
1287	1287	38.9641
1288	1288	13.3909
1289	1289	-14.6274
1290	1290	-7.3786
1291	1291	-16.1892
1292	1292	-2.4075
1293	1293	2.95698
1294	1294	-12.0067
1295	1295	29.2653
1296	1296	-10.7342
1297	1297	-23.6817
1298	1298	17.1687
1299	1299	1.96903
1300	1300	-17.9211
1301	1301	-0.714853
1302	1302	1.3078
1303	1303	32.7567
1304	1304	-5.34298
1305	1305	36.4597
1306	1306	-11.6487
1307	1307	4.02943
1308	1308	-5.32823
1309	1309	-8.85056
1310	1310	-1.22903
1311	1311	-6.7151
1312	1312	27.1863
1313	1313	18.0536
1314	1314	0.253788
1315	1315	18.1408
1316	1316	-4.70133
1317	1317	17.4743
1318	1318	-37.6403
1319	1319	-23.7495
1320	1320	10.4044
1321	1321	-40.0594
1322	1322	-21.1447
1323	1323	24.7049
1324	1324	-3.89485
1325	1325	5.75715
1326	1326	15.6878
1327	1327	6.56251
1328	1328	5.70201
1329	1329	-15.8776
1330	1330	-7.22264
1331	1331	10.3858
1332	1332	18.0027
1333	1333	15.3231
1334	1334	1.1557
1335	1335	1.78686
1336	1336	-30.1765
1337	1337	35.8574
1338	1338	15.0594
1339	1339	17.5131
1340	1340	-2.54833
1341	1341	1.43941
1342	1342	-18.7923
1343	1343	-37.0067
1344	1344	0.0698244
1345	1345	-20.5801
1346	1346	0.326105
1347	1347	-27.1826
1348	1348	9.10662
1349	1349	34.3598
1350	1350	-17.5641
1351	1351	6.24784
1352	1352	-4.09291
1353	1353	3.54792
1354	1354	-11.4154
1355	1355	21.1873
1356	1356	-7.28728
1357	1357	4.33683
1358	1358	7.89317
1359	1359	-18.9412
1360	1360	-2.4603
1361	1361	-18.4219
1362	1362	16.1319
1363	1363	-24.2284
1364	1364	25.9449
1365	1365	24.3244
1366	1366	4.51867
1367	1367	14.8171
1368	1368	-0.304337
1369	1369	-11.1024
1370	1370	29.274
1371	1371	11.2187
1372	1372	-0.770815
1373	1373	-24.6142
1374	1374	-3.5859
1375	1375	-9.07243
1376	1376	27.3719
1377	1377	14.7299
1378	1378	8.40049
1379	1379	-22.4487
1380	1380	-3.27152
1381	1381	-9.21408
1382	1382	-5.64855
1383	1383	-23.1826
1384	1384	-11.0868
1385	1385	30.6877
1386	1386	7.40453
1387	1387	20.1487
1388	1388	29.9735
1389	1389	-0.350355
1390	1390	-2.99859
1391	1391	4.87868
1392	1392	0.211516
1393	1393	15.4754
1394	1394	10.1276
1395	1395	-16.7993
1396	1396	-13.0415
1397	1397	2.79775
1398	1398	-0.369658
1399	1399	-16.8827
1400	1400	-3.61523
1401	1401	36.4799
1402	1402	-3.51629
1403	1403	-5.40304
1404	1404	-4.81628
1405	1405	-17.5232
1406	1406	9.19752
1407	1407	-4.27001
1408	1408	19.9322
1409	1409	-10.2056
1410	1410	-21.3941
1411	1411	-12.9873
1412	1412	9.63627
1413	1413	-7.31902
1414	1414	-13.1518
1415	1415	-0.29182
1416	1416	-29.8967
1417	1417	-7.7277
1418	1418	-18.7787
1419	1419	5.95542
1420	1420	-27.7813
1421	1421	2.07129
1422	1422	7.06437
1423	1423	-32.3713
1424	1424	-10.2873
1425	1425	4.96368
1426	1426	-11.1969
1427	1427	31.0142
1428	1428	-11.4812
1429	1429	-16.3228
1430	1430	0.951523
1431	1431	8.83468
1432	1432	-13.393
1433	1433	-42.2929
1434	1434	19.4323
1435	1435	3.02936
1436	1436	-1.17706
1437	1437	-11.8925
1438	1438	4.41663
1439	1439	3.32037
1440	1440	-19.0099
1441	1441	14.5848
1442	1442	-17.8917
1443	1443	14.4906
1444	1444	-10.2984
1445	1445	-5.57078
1446	1446	-4.70673
1447	1447	-19.2129
1448	1448	15.8647
1449	1449	-3.81144
1450	1450	-6.88069
1451	1451	-5.80773
1452	1452	-31.8326
1453	1453	4.44823
1454	1454	1.71474
1455	1455	14.0169
1456	1456	-22.2864
1457	1457	14.2562
1458	1458	-6.14047
1459	1459	13.3525
1460	1460	-11.2794
1461	1461	-31.8632
1462	1462	-19.0802
1463	1463	-22.679
1464	1464	-24.7312
1465	1465	-4.79195
1466	1466	10.4486
1467	1467	16.688
1468	1468	-15.2577
1469	1469	9.09572
1470	1470	17.4653
1471	1471	9.68357
1472	1472	0.662324
1473	1473	1.71237
1474	1474	-4.18374
1475	1475	18.1706
1476	1476	-18.5189
1477	1477	-13.9336
1478	1478	9.86675
1479	1479	5.9574
1480	1480	5.06209
1481	1481	-13.2617
1482	1482	4.76484
1483	1483	19.6803
1484	1484	-27.3907
1485	1485	-7.93897
1486	1486	-15.3972
1487	1487	-12.7798
1488	1488	-0.886859
1489	1489	3.29033
1490	1490	8.70819
1491	1491	23.0333
1492	1492	-4.1003
1493	1493	-9.15093
1494	1494	-13.4699
1495	1495	11.0216
1496	1496	-26.0414
1497	1497	15.1562
1498	1498	8.06489
1499	1499	-5.36034
1500	1500	7.31474
1501	1501	3.55226
1502	1502	13.2945
1503	1503	7.35024
1504	1504	-14.1332
1505	1505	-1.97673
1506	1506	2.92083
1507	1507	-16.8152
1508	1508	6.5136
1509	1509	11.0665
1510	1510	1.05878
1511	1511	2.95873
1512	1512	-9.81073
1513	1513	13.2422
1514	1514	-9.09784
1515	1515	-25.4233
1516	1516	-32.0007
1517	1517	5.93632
1518	1518	-19.0326
1519	1519	-7.78071
1520	1520	-43.298
1521	1521	-32.6687
1522	1522	-1.50598
1523	1523	5.7848
1524	1524	-21.7923
1525	1525	-20.1002
1526	1526	34.9692
1527	1527	-1.97107
1528	1528	19.3417
1529	1529	11.8876
1530	1530	28.7379
1531	1531	-3.33291
1532	1532	-0.506471
1533	1533	-16.5921
1534	1534	-13.3817
1535	1535	-1.70437
1536	1536	9.08322
1537	1537	-6.13346
1538	1538	21.6908
1539	1539	12.1926
1540	1540	-4.10674
1541	1541	18.439
1542	1542	11.8686
1543	1543	3.29331
1544	1544	1.47184
1545	1545	18.7686
1546	1546	1.3778
1547	1547	-3.8254
1548	1548	-5.95245
1549	1549	-8.71013
1550	1550	13.6781
1551	1551	3.56948
1552	1552	-23.6491
1553	1553	-8.78718
1554	1554	-21.8658
1555	1555	3.75738
1556	1556	5.48669
1557	1557	6.43741
1558	1558	-5.6402
1559	1559	-3.28955
1560	1560	-41.9574
1561	1561	5.57284
1562	1562	-10.5574
1563	1563	-12.3234
1564	1564	-0.785111
1565	1565	12.354
1566	1566	20.3822
1567	1567	4.57606
1568	1568	3.94039
1569	1569	6.88738
1570	1570	4.55755
1571	1571	27.6837
1572	1572	16.7445
1573	1573	-16.435
1574	1574	3.98952
1575	1575	30.3943
1576	1576	32.8513
1577	1577	-2.26662
1578	1578	-15.6715
1579	1579	6.98603
1580	1580	16.0439
1581	1581	2.90731
1582	1582	-15.5353
1583	1583	5.87866
1584	1584	-6.93014
1585	1585	-20.3488
1586	1586	-0.584716
1587	1587	12.6042
1588	1588	8.24462
1589	1589	6.86422
1590	1590	-24.929
1591	1591	-11.9894
1592	1592	-5.44326
1593	1593	-0.813941
1594	1594	24.8696
1595	1595	1.04422
1596	1596	7.00133
1597	1597	-26.2199
1598	1598	29.1295
1599	1599	-13.322
1600	1600	26.3376
1601	1601	9.01266
1602	1602	22.1097
1603	1603	-21.1849
1604	1604	-4.63421
1605	1605	-29.4667
1606	1606	12.9033
1607	1607	-11.1029
1608	1608	-9.29868
1609	1609	-16.561
1610	1610	15.368
1611	1611	-2.59677
1612	1612	22.1225
1613	1613	-12.3519
1614	1614	22.2524
1615	1615	-3.48442
1616	1616	4.80669
1617	1617	-5.32389
1618	1618	2.46566
1619	1619	12.2554
1620	1620	-29.5172
1621	1621	-35.0787
1622	1622	-1.43562
1623	1623	-8.11257
1624	1624	-4.56171
1625	1625	11.0843
1626	1626	22.9097
1627	1627	15.2383
1628	1628	12.9502
1629	1629	-6.29082
1630	1630	33.5811
1631	1631	-5.92811
1632	1632	-3.85712
1633	1633	17.5868
1634	1634	-9.68271
1635	1635	4.36664
1636	1636	23.2508
1637	1637	-6.43503
1638	1638	13.8508
1639	1639	9.14041
1640	1640	-6.20222
1641	1641	-1.16522
1642	1642	11.185
1643	1643	9.69903
1644	1644	-5.9042
1645	1645	-15.6357
1646	1646	18.1021
1647	1647	11.5441
1648	1648	19.733
1649	1649	23.1326
1650	1650	29.0792
1651	1651	-5.56693
1652	1652	-45.3477
1653	1653	14.8036
1654	1654	-4.30895
1655	1655	-26.6161
1656	1656	-31.6156
1657	1657	-14.8134
1658	1658	-3.16225
1659	1659	9.06078
1660	1660	-4.03843
1661	1661	3.83857
1662	1662	-27.4221
1663	1663	-22.3566
1664	1664	23.9213
1665	1665	16.1601
1666	1666	12.0646
1667	1667	1.26606
1668	1668	17.8826
1669	1669	-12.9462
1670	1670	12.1815
1671	1671	18.5781
1672	1672	30.5171
1673	1673	0.27426
1674	1674	0.825243
1675	1675	-27.4542
1676	1676	12.1656
1677	1677	-12.1213
1678	1678	-15.2579
1679	1679	26.8469
1680	1680	-6.55048
1681	1681	3.48874
1682	1682	-4.97429
1683	1683	-8.50982
1684	1684	-16.0925
1685	1685	-11.9591
1686	1686	-4.88571
1687	1687	-10.3574
1688	1688	23.3258
1689	1689	12.4525
1690	1690	1.0023
1691	1691	19.3012
1692	1692	-13.9347
1693	1693	0.274245
1694	1694	-16.4851
1695	1695	20.0152
1696	1696	8.04478
1697	1697	-29.9226
1698	1698	-19.2403
1699	1699	4.3862
1700	1700	26.2732
1701	1701	6.56723
1702	1702	-11.3305
1703	1703	-6.74095
1704	1704	-2.9268
1705	1705	-18.6961
1706	1706	-1.8196
1707	1707	38.4432
1708	1708	-26.8294
1709	1709	-1.56377
1710	1710	-11.2175
1711	1711	-5.13459
1712	1712	-37.0686
1713	1713	-3.69682
1714	1714	-12.6272
1715	1715	10.6219
1716	1716	19.3592
1717	1717	-16.4973
1718	1718	9.66092
1719	1719	12.1805
1720	1720	9.90748
1721	1721	-17.1391
1722	1722	4.11849
1723	1723	4.28704
1724	1724	6.24494
1725	1725	-16.1265
1726	1726	1.34906
1727	1727	-24.0865
1728	1728	17.5473
1729	1729	-16.865
1730	1730	2.36421
1731	1731	-11.7915
1732	1732	-25.5848
1733	1733	-20.7596
1734	1734	-5.62455
1735	1735	-20.5364
1736	1736	11.6663
1737	1737	33.6274
1738	1738	-0.0671408
1739	1739	3.00799
1740	1740	5.09794
1741	1741	-22.5648
1742	1742	8.37903
1743	1743	35.2729
1744	1744	15.5762
1745	1745	27.4793
1746	1746	-7.69662
1747	1747	-24.817
1748	1748	-5.20373
1749	1749	4.13666
1750	1750	-26.4537
1751	1751	21.9942
1752	1752	21.8121
1753	1753	-22.5626
1754	1754	3.53611
1755	1755	-6.67248
1756	1756	-0.391412
1757	1757	18.1592
1758	1758	-7.42172
1759	1759	1.61389
1760	1760	-10.0976
1761	1761	20.2991
1762	1762	17.1394
1763	1763	13.5367
1764	1764	1.44338
1765	1765	-21.4674
1766	1766	28.5317
1767	1767	8.86267
1768	1768	20.8519
1769	1769	-14.5942
1770	1770	-5.19922
1771	1771	-11.3356
1772	1772	3.9918
1773	1773	11.0657
1774	1774	-0.721992
1775	1775	-1.42021
1776	1776	3.51938
1777	1777	12.277
1778	1778	10.5892
1779	1779	11.6044
1780	1780	-10.9786
1781	1781	-2.21854
1782	1782	-8.61003
1783	1783	12.2634
1784	1784	12.7771
1785	1785	-5.91077
1786	1786	1.02611
1787	1787	2.78114
1788	1788	0.532289
1789	1789	13.8925
1790	1790	-12.676
1791	1791	15.4413
1792	1792	-28.5359
1793	1793	-26.4574
1794	1794	-16.8448
1795	1795	-3.93532
1796	1796	-5.93526
1797	1797	-17.5669
1798	1798	-0.63979
1799	1799	-24.831
1800	1800	30.665
1801	1801	17.2767
1802	1802	-3.51226
1803	1803	14.9334
1804	1804	-20.5337
1805	1805	0.764522
1806	1806	17.1492
1807	1807	9.02675
1808	1808	8.87304
1809	1809	14.6582
1810	1810	-14.2528
1811	1811	0.623417
1812	1812	7.89201
1813	1813	25.0459
1814	1814	-12.3302
1815	1815	12.5656
1816	1816	-8.10202
1817	1817	26.5209
1818	1818	12.4449
1819	1819	-20.5761
1820	1820	2.42385
1821	1821	1.69477
1822	1822	-6.32614
1823	1823	7.88234
1824	1824	-21.1041
1825	1825	6.89351
1826	1826	-33.584
1827	1827	-6.53849
1828	1828	33.0937
1829	1829	-7.52842
1830	1830	-4.27606
1831	1831	11.1618
1832	1832	1.62091
1833	1833	-18.5531
1834	1834	12.9151
1835	1835	-9.73241
1836	1836	-16.856
1837	1837	1.96435
1838	1838	-23.354
1839	1839	1.55442
1840	1840	-7.4348
1841	1841	-28.1454
1842	1842	-4.49627
1843	1843	-14.817
1844	1844	-11.6401
1845	1845	-32.6942
1846	1846	-30.4561
1847	1847	6.63417
1848	1848	-34.2285
1849	1849	-20.3355
1850	1850	5.60856
1851	1851	29.7683
1852	1852	-0.208657
1853	1853	-19.1199
1854	1854	-2.83836
1855	1855	7.23062
1856	1856	8.28574
1857	1857	25.3063
1858	1858	10.4252
1859	1859	18.2312
1860	1860	-14.3921
1861	1861	11.0175
1862	1862	15.3048
1863	1863	22.8477
1864	1864	2.62669
1865	1865	-15.8737
1866	1866	-5.17967
1867	1867	10.9793
1868	1868	-3.1369
1869	1869	13.5231
1870	1870	19.4238
1871	1871	5.80326
1872	1872	25.9785
1873	1873	3.78544
1874	1874	2.1121
1875	1875	-13.2134
1876	1876	12.9698
1877	1877	-2.60784
1878	1878	6.40633
1879	1879	3.2644
1880	1880	-14.5394
1881	1881	-2.75939
1882	1882	-6.44026
1883	1883	-2.5702
1884	1884	-4.32146
1885	1885	-1.70256
1886	1886	-2.29969
1887	1887	-5.52542
1888	1888	5.32873
1889	1889	-2.19124
1890	1890	10.6535
1891	1891	-0.116371
1892	1892	-7.75223
1893	1893	0.725551
1894	1894	0.27546
1895	1895	-4.24829
1896	1896	-2.08552
1897	1897	-20.198
1898	1898	-16.1405
1899	1899	-0.0100069
1900	1900	19.617
1901	1901	-18.4111
1902	1902	-5.89555
1903	1903	-9.66369
1904	1904	2.52455
1905	1905	12.6052
1906	1906	41.193
1907	1907	-23.6515
1908	1908	40.951
1909	1909	0.771312
1910	1910	3.23482
1911	1911	0.916338
1912	1912	-14.5167
1913	1913	4.82428
1914	1914	17.5127
1915	1915	-27.8501
1916	1916	16.473
1917	1917	-2.8061
1918	1918	14.6455
1919	1919	-7.925
1920	1920	-2.78255
1921	1921	3.93013
1922	1922	14.0511
1923	1923	22.2182
1924	1924	-16.2388
1925	1925	16.5771
1926	1926	-35.1702
1927	1927	-1.80823
1928	1928	0.133133
1929	1929	-10.9032
1930	1930	-21.3106
1931	1931	13.4158
1932	1932	-26.2489
1933	1933	-15.5211
1934	1934	35.601
1935	1935	-14.6638
1936	1936	-8.13835
1937	1937	7.29122
1938	1938	2.47046
1939	1939	0.0664752
1940	1940	8.56906
1941	1941	-2.40911
1942	1942	-5.99777
1943	1943	6.5302
1944	1944	-25.2274
1945	1945	4.59378
1946	1946	9.92645
1947	1947	3.65009
1948	1948	11.8363
1949	1949	26.1386
1950	1950	-1.55731
1951	1951	-21.3474
1952	1952	-15.5337
1953	1953	16.435
1954	1954	5.31787
1955	1955	11.7864
1956	1956	12.3583
1957	1957	18.7223
1958	1958	25.4767
1959	1959	23.5054
1960	1960	-37.896
1961	1961	-12.3961
1962	1962	15.2126
1963	1963	18.256
1964	1964	-25.5363
1965	1965	-25.5265
1966	1966	-27.431
1967	1967	-26.5879
1968	1968	24.6166
1969	1969	-4.03986
1970	1970	-23.9866
1971	1971	11.0121
1972	1972	-38.8746
1973	1973	-14.5176
1974	1974	-14.682
1975	1975	13.8215
1976	1976	-2.94636
1977	1977	10.6661
1978	1978	17.7654
1979	1979	34.9643
1980	1980	-33.5031
1981	1981	-25.3945
1982	1982	-5.28264
1983	1983	19.1817
1984	1984	22.6147
1985	1985	-14.9726
1986	1986	-1.94341
1987	1987	0.715369
1988	1988	-29.0981
1989	1989	6.09601
1990	1990	34.9502
1991	1991	12.6846
1992	1992	-14.7895
1993	1993	-0.689735
1994	1994	11.3909
1995	1995	3.38043
1996	1996	1.8981
1997	1997	-2.72419
1998	1998	-14.5205
1999	1999	-6.35649
2000	2000	8.66454
2001	2001	9.57343
2002	2002	6.07912
2003	2003	-9.08017
2004	2004	8.67609
2005	2005	15.6062
2006	2006	-6.55858
2007	2007	-9.94831
2008	2008	8.04868
2009	2009	3.72996
2010	2010	34.1365
2011	2011	-23.3674
2012	2012	20.7153
2013	2013	13.2226
2014	2014	-9.72878
2015	2015	-2.43863
2016	2016	-8.45657
2017	2017	13.474
2018	2018	16.9765
2019	2019	-12.5682
2020	2020	1.47303
2021	2021	-2.48958
2022	2022	13.8025
2023	2023	34.1674
2024	2024	-1.95216
2025	2025	1.18987
2026	2026	11.5166
2027	2027	29.2223
2028	2028	-32.6177
2029	2029	-1.0058
2030	2030	9.33614
2031	2031	-9.31393
2032	2032	-3.08927
2033	2033	-12.8749
2034	2034	-3.69552
2035	2035	4.76607
2036	2036	-4.56456
2037	2037	-2.35289
2038	2038	-26.0453
2039	2039	30.4161
2040	2040	-9.1034
2041	2041	-4.03394
2042	2042	8.22746
2043	2043	-12.3267
2044	2044	-8.42305
2045	2045	-19.3263
2046	2046	-14.5481
2047	2047	-6.7759
2048	2048	-9.9699
2049	2049	-7.5793
2050	2050	-4.08522
2051	2051	-15.2766
2052	2052	-11.1588
2053	2053	13.3473
2054	2054	-11.5728
2055	2055	4.8034
2056	2056	10.6681
2057	2057	-10.1561
2058	2058	7.88265
2059	2059	-13.2478
2060	2060	-14.5452
2061	2061	18.7288
2062	2062	15.0966
2063	2063	4.98694
2064	2064	3.55278
2065	2065	-2.09721
2066	2066	43.5138
2067	2067	10.0266
2068	2068	-21.8937
2069	2069	-0.151207
2070	2070	10.8433
2071	2071	-18.2008
2072	2072	-14.6711
2073	2073	-5.25186
2074	2074	12.1067
2075	2075	-4.01138
2076	2076	13.5007
2077	2077	14.8439
2078	2078	-35.1159
2079	2079	-18.1578
2080	2080	-10.2592
2081	2081	-5.69825
2082	2082	-5.40429
2083	2083	-5.2905
2084	2084	13.7539
2085	2085	3.01865
2086	2086	-28.838
2087	2087	-2.56665
2088	2088	-7.06548
2089	2089	-7.41528
2090	2090	-11.1256
2091	2091	-15.6672
2092	2092	-10.0058
2093	2093	13.6118
2094	2094	-16.5299
2095	2095	-34.9553
2096	2096	11.6338
2097	2097	27.8941
2098	2098	-2.4356
2099	2099	8.19808
2100	2100	1.55762
2101	2101	-11.2831
2102	2102	7.01184
2103	2103	7.94306
2104	2104	-21.9736
2105	2105	-9.96679
2106	2106	15.6216
2107	2107	13.9037
2108	2108	3.86666
2109	2109	-5.48377
2110	2110	-20.2058
2111	2111	-0.544937
2112	2112	-4.38066
2113	2113	1.52847
2114	2114	12.4471
2115	2115	-13.804
2116	2116	-0.801955
2117	2117	-4.85675
2118	2118	28.2048
2119	2119	5.57427
2120	2120	-0.442244
2121	2121	9.88537
2122	2122	-15.6327
2123	2123	1.30783
2124	2124	14.2579
2125	2125	27.3259
2126	2126	19.7481
2127	2127	-10.3135
2128	2128	-7.75056
2129	2129	-5.43551
2130	2130	16.9261
2131	2131	3.28236
2132	2132	-39.5738
2133	2133	-6.56287
2134	2134	0.9569
2135	2135	10.5612
2136	2136	11.0174
2137	2137	-27.9642
2138	2138	21.6603
2139	2139	29.8721
2140	2140	-3.70156
2141	2141	-25.6174
2142	2142	-17.2083
2143	2143	-40.1755
2144	2144	-29.8544
2145	2145	28.1836
2146	2146	24.1274
2147	2147	9.69476
2148	2148	-27.5881
2149	2149	20.0983
2150	2150	-25.3221
2151	2151	11.7235
2152	2152	25.0158
2153	2153	-36.2774
2154	2154	33.4547
2155	2155	2.97815
2156	2156	-38.0812
2157	2157	16.3765
2158	2158	6.29776
2159	2159	-13.4429
2160	2160	14.4311
2161	2161	-9.7062
2162	2162	-2.61596
2163	2163	-10.0451
2164	2164	-13.7087
2165	2165	-26.127
2166	2166	-4.55212
2167	2167	-24.3791
2168	2168	-35.7813
2169	2169	-18.5441
2170	2170	23.8085
2171	2171	-18.2877
2172	2172	-3.8762
2173	2173	-8.41326
2174	2174	-3.7195
2175	2175	-23.9365
2176	2176	-0.982112
2177	2177	-20.5893
2178	2178	14.3724
2179	2179	26.1219
2180	2180	-29.4111
2181	2181	-11.7763
2182	2182	43.9467
2183	2183	4.77876
2184	2184	49.6896
2185	2185	-7.72952
2186	2186	0.662169
2187	2187	-0.220429
2188	2188	2.16801
2189	2189	0.375838
2190	2190	14.6171
2191	2191	-0.941539
2192	2192	-14.2791
2193	2193	35.039
2194	2194	44.6457
2195	2195	6.93734
2196	2196	4.51645
2197	2197	-25.2513
2198	2198	-1.04843
2199	2199	3.54333
2200	2200	-15.2695
2201	2201	9.62429
2202	2202	-14.2242
2203	2203	2.58768
2204	2204	-8.03502
2205	2205	16.2981
2206	2206	5.22207
2207	2207	0.893506
2208	2208	-12.6157
2209	2209	12.6222
2210	2210	0.878706
2211	2211	-9.84723
2212	2212	-21.4152
2213	2213	0.1594
2214	2214	5.9276
2215	2215	-9.39551
2216	2216	-21.884
2217	2217	-0.570433
2218	2218	11.6493
2219	2219	-9.03426
2220	2220	-8.25105
2221	2221	16.2217
2222	2222	-5.74809
2223	2223	5.79787
2224	2224	4.13706
2225	2225	21.0667
2226	2226	19.9972
2227	2227	-12.8548
2228	2228	15.9837
2229	2229	-9.61329
2230	2230	-5.61296
2231	2231	17.6207
2232	2232	-17.4511
2233	2233	-8.98093
2234	2234	-4.51947
2235	2235	-5.44793
2236	2236	12.9902
2237	2237	-32.7304
2238	2238	-1.78415
2239	2239	6.57626
2240	2240	-20.6498
2241	2241	-2.44671
2242	2242	-3.41564
2243	2243	-22.9787
2244	2244	12.321
2245	2245	-2.33992
2246	2246	15.1994
2247	2247	-3.0618
2248	2248	-4.31859
2249	2249	-2.0987
2250	2250	24.2005
2251	2251	-21.9017
2252	2252	3.16926
2253	2253	14.5699
2254	2254	-20.3501
2255	2255	4.07004
2256	2256	-17.7868
2257	2257	-4.85269
2258	2258	-1.48881
2259	2259	3.10982
2260	2260	-11.6495
2261	2261	-4.65261
2262	2262	8.64312
2263	2263	-36.6255
2264	2264	-8.746
2265	2265	-42.2394
2266	2266	-29.5764
2267	2267	-5.29089
2268	2268	3.628
2269	2269	-0.630008
2270	2270	11.3219
2271	2271	-23.097
2272	2272	-4.73107
2273	2273	-12.6215
2274	2274	19.2665
2275	2275	-12.3163
2276	2276	3.46566
2277	2277	44.4916
2278	2278	32.4428
2279	2279	-17.9626
2280	2280	7.6398
2281	2281	16.5597
2282	2282	9.42793
2283	2283	-10.9082
2284	2284	57.6362
2285	2285	32.9159
2286	2286	12.6592
2287	2287	13.6472
2288	2288	-12.2803
2289	2289	-1.25741
2290	2290	19.6907
2291	2291	0.169322
2292	2292	-7.89573
2293	2293	31.9569
2294	2294	-8.61479
2295	2295	8.04154
2296	2296	-2.25758
2297	2297	-26.5145
2298	2298	16.3119
2299	2299	3.81922
2300	2300	29.883
2301	2301	-17.6024
2302	2302	7.04011
2303	2303	-17.5238
2304	2304	-16.9209
2305	2305	24.4497
2306	2306	-1.48455
2307	2307	-7.26159
2308	2308	-11.9218
2309	2309	-21.374
2310	2310	-10.2782
2311	2311	11.3093
2312	2312	19.1665
2313	2313	2.72915
2314	2314	-2.92366
2315	2315	54.0198
2316	2316	-27.3804
2317	2317	-4.19279
2318	2318	-0.257331
2319	2319	-38.7747
2320	2320	-22.7321
2321	2321	-12.4526
2322	2322	9.87387
2323	2323	2.40154
2324	2324	-29.1194
2325	2325	1.77781
2326	2326	1.65144
2327	2327	19.1498
2328	2328	27.0991
2329	2329	9.70742
2330	2330	15.0169
2331	2331	-12.0845
2332	2332	-38.4973
2333	2333	-9.78713
2334	2334	-46.6104
2335	2335	3.64586
2336	2336	-12.3527
2337	2337	27.146
2338	2338	35.4709
2339	2339	-19.5779
2340	2340	-22.8056
2341	2341	-5.76985
2342	2342	34.9536
2343	2343	1.28803
2344	2344	-16.012
2345	2345	-4.6056
2346	2346	13.3695
2347	2347	-21.5167
2348	2348	0.38176
2349	2349	-10.3278
2350	2350	37.4603
2351	2351	-13.2325
2352	2352	-3.7707
2353	2353	6.63373
2354	2354	-19.7092
2355	2355	2.35704
2356	2356	4.71862
2357	2357	-8.77043
2358	2358	14.9929
2359	2359	-17.4985
2360	2360	0.514866
2361	2361	12.6945
2362	2362	19.0185
2363	2363	-8.61813
2364	2364	0.945233
2365	2365	19.5055
2366	2366	10.6358
2367	2367	19.3511
2368	2368	25.0675
2369	2369	13.0205
2370	2370	6.17821
2371	2371	-26.0541
2372	2372	-0.910229
2373	2373	27.544
2374	2374	30.9306
2375	2375	-34.6806
2376	2376	10.8768
2377	2377	-5.75604
2378	2378	7.62477
2379	2379	-3.31223
2380	2380	3.38741
2381	2381	14.3387
2382	2382	9.06582
2383	2383	18.6835
2384	2384	-0.996837
2385	2385	3.11117
2386	2386	5.8266
2387	2387	-11.8773
2388	2388	11.9644
2389	2389	7.23159
2390	2390	5.30924
2391	2391	-21.152
2392	2392	-0.844348
2393	2393	1.71034
2394	2394	18.3663
2395	2395	-4.38275
2396	2396	21.7805
2397	2397	-29.8483
2398	2398	-4.53427
2399	2399	-36.3873
2400	2400	3.15696
2401	2401	-4.55761
2402	2402	7.3772
2403	2403	16.0426
2404	2404	0.44771
2405	2405	-1.42883
2406	2406	-3.93366
2407	2407	1.04417
2408	2408	27.6788
2409	2409	23.6991
2410	2410	-15.6637
2411	2411	-10.664
2412	2412	7.45608
2413	2413	-6.87838
2414	2414	-0.803621
2415	2415	-26.9695
2416	2416	11.793
2417	2417	1.79766
2418	2418	-5.72554
2419	2419	37.4902
2420	2420	22.2231
2421	2421	-19.4683
2422	2422	14.0729
2423	2423	20.4725
2424	2424	8.92143
2425	2425	-6.07605
2426	2426	10.3421
2427	2427	13.9378
2428	2428	5.51188
2429	2429	11.8946
2430	2430	-21.9865
2431	2431	8.69812
2432	2432	5.77044
2433	2433	-29.1827
2434	2434	-6.39603
2435	2435	3.40099
2436	2436	17.9166
2437	2437	-17.2424
2438	2438	17.0158
2439	2439	0.200382
2440	2440	-14.8482
2441	2441	-5.15783
2442	2442	-5.78271
2443	2443	-10.1939
2444	2444	23.1441
2445	2445	1.59853
2446	2446	13.523
2447	2447	-0.466234
2448	2448	-9.15453
2449	2449	-8.37058
2450	2450	-6.94346
2451	2451	3.85252
2452	2452	27.81
2453	2453	-13.7575
2454	2454	-11.6761
2455	2455	24.2989
2456	2456	8.36747
2457	2457	-0.396955
2458	2458	-18.0328
2459	2459	4.57561
2460	2460	-3.62518
2461	2461	-10.1772
2462	2462	-5.139
2463	2463	10.173
2464	2464	-12.3488
2465	2465	5.00982
2466	2466	-18.6521
2467	2467	4.98358
2468	2468	-5.27408
2469	2469	7.79052
2470	2470	9.27162
2471	2471	6.29219
2472	2472	6.06357
2473	2473	3.54457
2474	2474	13.4982
2475	2475	16.4258
2476	2476	-23.0613
2477	2477	2.13677
2478	2478	5.86588
2479	2479	2.3904
2480	2480	22.7263
2481	2481	15.6685
2482	2482	-2.67579
2483	2483	-22.0664
2484	2484	-10.2824
2485	2485	9.68139
2486	2486	-2.54637
2487	2487	8.0744
2488	2488	-25.0484
2489	2489	1.06954
2490	2490	16.803
2491	2491	44.8353
2492	2492	4.77874
2493	2493	-1.2311
2494	2494	6.64851
2495	2495	2.71552
2496	2496	-16.5905
2497	2497	23.981
2498	2498	17.8975
2499	2499	6.16821
2500	2500	-5.46915
2501	2501	-11.2056
2502	2502	19.0228
2503	2503	-5.97257
2504	2504	10.5402
2505	2505	7.78279
2506	2506	-20.6769
2507	2507	-33.5068
2508	2508	16.0181
2509	2509	-41.6152
2510	2510	13.1967
2511	2511	-15.8058
2512	2512	-1.59029
2513	2513	-28.5274
2514	2514	-13.8651
2515	2515	9.65966
2516	2516	32.7979
2517	2517	30.7639
2518	2518	18.6227
2519	2519	-3.40208
2520	2520	3.77781
2521	2521	-5.1296
2522	2522	-0.357081
2523	2523	-13.6861
2524	2524	-8.86528
2525	2525	22.9929
2526	2526	-13.4912
2527	2527	2.23138
2528	2528	-13.8584
2529	2529	-1.34041
2530	2530	-42.0887
2531	2531	-8.66481
2532	2532	2.67785
2533	2533	8.39347
2534	2534	-17.3962
2535	2535	-8.5498
2536	2536	3.87623
2537	2537	45.3888
2538	2538	-26.915
2539	2539	13.1405
2540	2540	-17.1916
2541	2541	18.4891
2542	2542	27.6821
2543	2543	-7.86769
2544	2544	7.46939
2545	2545	0.486148
2546	2546	19.2344
2547	2547	3.0538
2548	2548	2.05342
2549	2549	-19.2617
2550	2550	3.0074
2551	2551	15.4614
2552	2552	14.4616
2553	2553	19.7399
2554	2554	-1.73695
2555	2555	1.26094
2556	2556	33.2323
2557	2557	-11.8825
2558	2558	-9.59794
2559	2559	4.91866
2560	2560	24.5272
2561	2561	-14.8911
2562	2562	3.68766
2563	2563	6.69214
2564	2564	-2.20938
2565	2565	14.5508
2566	2566	-0.0111663
2567	2567	47.1764
2568	2568	-25.7363
2569	2569	-12.8089
2570	2570	4.91419
2571	2571	-12.0627
2572	2572	-24.2883
2573	2573	4.55669
2574	2574	6.83321
2575	2575	25.2954
2576	2576	-6.48417
2577	2577	12.1387
2578	2578	1.4077
2579	2579	-4.4816
2580	2580	6.33681
2581	2581	25.228
2582	2582	3.27502
2583	2583	-9.64433
2584	2584	-8.1723
2585	2585	-7.172
2586	2586	-0.273508
2587	2587	5.86678
2588	2588	-4.49087
2589	2589	-4.91652
2590	2590	2.07273
2591	2591	-7.19074
2592	2592	-15.1272
2593	2593	-6.3417
2594	2594	-26.7572
2595	2595	-12.4277
2596	2596	-20.6347
2597	2597	-24.7454
2598	2598	14.1467
2599	2599	6.95971
2600	2600	6.04324
2601	2601	-25.2551
2602	2602	7.14451
2603	2603	14.1972
2604	2604	-16.5282
2605	2605	-12.3781
2606	2606	13.491
2607	2607	1.21566
2608	2608	-3.55759
2609	2609	22.5107
2610	2610	-3.18412
2611	2611	33.7552
2612	2612	21.7246
2613	2613	-15.7348
2614	2614	10.221
2615	2615	20.8153
2616	2616	1.04472
2617	2617	27.114
2618	2618	3.26451
2619	2619	-16.2945
2620	2620	-22.6907
2621	2621	12.2468
2622	2622	1.00276
2623	2623	-3.74029
2624	2624	-16.6944
2625	2625	5.72916
2626	2626	-9.46056
2627	2627	4.67412
2628	2628	-10.8118
2629	2629	-16.9767
2630	2630	-12.1967
2631	2631	2.48822
2632	2632	18.5303
2633	2633	-8.23274
2634	2634	-35.7576
2635	2635	-19.218
2636	2636	-3.1293
2637	2637	0.645733
2638	2638	4.48106
2639	2639	-3.75753
2640	2640	-3.73431
2641	2641	-1.60951
2642	2642	-5.72856
2643	2643	-14.3305
2644	2644	-12.3187
2645	2645	-2.84744
2646	2646	5.71997
2647	2647	26.3024
2648	2648	31.6176
2649	2649	7.26308
2650	2650	22.3906
2651	2651	21.2756
2652	2652	13.3812
2653	2653	-4.37838
2654	2654	11.087
2655	2655	0.854994
2656	2656	-14.0112
2657	2657	-42.076
2658	2658	-4.64245
2659	2659	30.3625
2660	2660	2.34045
2661	2661	-25.7193
2662	2662	-17.3595
2663	2663	4.07513
2664	2664	38.7391
2665	2665	11.778
2666	2666	-10.3535
2667	2667	10.1385
2668	2668	-3.48599
2669	2669	-26.9222
2670	2670	17.6637
2671	2671	15.6834
2672	2672	2.53814
2673	2673	1.54609
2674	2674	-8.58541
2675	2675	-9.03892
2676	2676	20.1231
2677	2677	-19.1934
2678	2678	13.648
2679	2679	-8.41275
2680	2680	3.31117
2681	2681	17.6454
2682	2682	4.23755
2683	2683	-10.1458
2684	2684	-8.38681
2685	2685	-10.771
2686	2686	39.9686
2687	2687	-15.2882
2688	2688	7.63518
2689	2689	-32.5115
2690	2690	-5.29999
2691	2691	-4.81384
2692	2692	20.3417
2693	2693	5.61671
2694	2694	14.2362
2695	2695	27.6532
2696	2696	4.9722
2697	2697	0.626391
2698	2698	-19.4701
2699	2699	-25.063
2700	2700	15.0378
2701	2701	-23.8649
2702	2702	4.55962
2703	2703	-2.57622
2704	2704	-6.96759
2705	2705	-6.1669
2706	2706	17.1641
2707	2707	-9.54491
2708	2708	-14.2973
2709	2709	-1.91581
2710	2710	6.96299
2711	2711	10.5225
2712	2712	-37.0932
2713	2713	-10.473
2714	2714	-9.3629
2715	2715	42.7916
2716	2716	10.7314
2717	2717	13.1364
2718	2718	3.85096
2719	2719	-0.106918
2720	2720	-9.76123
2721	2721	4.97571
2722	2722	5.85396
2723	2723	-0.564739
2724	2724	15.3632
2725	2725	-7.32964
2726	2726	21.1862
2727	2727	-28.2038
2728	2728	-21.0812
2729	2729	26.9427
2730	2730	-6.45307
2731	2731	11.5314
2732	2732	-26.6839
2733	2733	60.6362
2734	2734	0.0273286
2735	2735	20.0817
2736	2736	4.87512
2737	2737	25.3833
2738	2738	12.8687
2739	2739	-1.08722
2740	2740	5.24404
2741	2741	-34.7849
2742	2742	12.9418
2743	2743	8.57052
2744	2744	8.10846
2745	2745	3.09032
2746	2746	-26.9665
2747	2747	8.13638
2748	2748	-23.6159
2749	2749	-5.04887
2750	2750	-3.95697
2751	2751	15.2048
2752	2752	-18.1675
2753	2753	-25.5809
2754	2754	-24.9513
2755	2755	11.0693
2756	2756	-5.23714
2757	2757	15.0293
2758	2758	5.79963
2759	2759	15.1002
2760	2760	-5.56755
2761	2761	-2.89421
2762	2762	-22.3574
2763	2763	-14.0524
2764	2764	-28.8777
2765	2765	-1.81074
2766	2766	13.004
2767	2767	-20.9772
2768	2768	16.6329
2769	2769	6.78083
2770	2770	-2.16994
2771	2771	-11.4655
2772	2772	5.91801
2773	2773	12.7475
2774	2774	-6.25091
2775	2775	4.87062
2776	2776	40.3703
2777	2777	22.1723
2778	2778	-14.8159
2779	2779	-2.57337
2780	2780	7.67059
2781	2781	-4.46716
2782	2782	-8.32731
2783	2783	-23.2715
2784	2784	8.16732
2785	2785	-3.01314
2786	2786	27.423
2787	2787	6.61052
2788	2788	3.48861
2789	2789	-9.49545
2790	2790	22.2586
2791	2791	4.42267
2792	2792	3.15527
2793	2793	-0.114305
2794	2794	29.1884
2795	2795	4.92341
2796	2796	20.3065
2797	2797	-6.98531
2798	2798	18.5785
2799	2799	1.71048
2800	2800	-13.3724
2801	2801	26.1219
2802	2802	-9.52672
2803	2803	-3.005
2804	2804	-2.45679
2805	2805	6.61214
2806	2806	24.5928
2807	2807	1.01636
2808	2808	2.54257
2809	2809	0.491738
2810	2810	38.6334
2811	2811	10.746
2812	2812	-12.238
2813	2813	10.116
2814	2814	-17.5309
2815	2815	0.180724
2816	2816	-19.8701
2817	2817	0.211031
2818	2818	3.64106
2819	2819	-0.87055
2820	2820	16.552
2821	2821	13.4432
2822	2822	32.6817
2823	2823	-24.9904
2824	2824	0.356151
2825	2825	0.647552
2826	2826	-40.4548
2827	2827	-4.54884
2828	2828	-10.1567
2829	2829	9.5984
2830	2830	7.4199
2831	2831	-26.445
2832	2832	-10.3196
2833	2833	2.28026
2834	2834	29.2105
2835	2835	-1.05751
2836	2836	0.599865
2837	2837	-6.02611
2838	2838	20.0697
2839	2839	6.92958
2840	2840	-9.19403
2841	2841	-6.23049
2842	2842	3.36205
2843	2843	-7.64865
2844	2844	5.17874
2845	2845	26.9163
2846	2846	-43.2133
2847	2847	-20.2112
2848	2848	25.2047
2849	2849	-11.0271
2850	2850	-12.5463
2851	2851	10.038
2852	2852	3.12895
2853	2853	3.33971
2854	2854	1.96512
2855	2855	2.50694
2856	2856	-3.76081
2857	2857	-23.3163
2858	2858	16.454
2859	2859	20.4023
2860	2860	30.5023
2861	2861	12.3142
2862	2862	4.54101
2863	2863	-20.203
2864	2864	-18.1021
2865	2865	-0.0552416
2866	2866	5.81348
2867	2867	-1.53745
2868	2868	-15.6674
2869	2869	-12.7683
2870	2870	4.73989
2871	2871	-7.22554
2872	2872	5.58217
2873	2873	12.711
2874	2874	-4.16249
2875	2875	17.6167
2876	2876	-26.1207
2877	2877	-1.66523
2878	2878	13.4055
2879	2879	4.79777
2880	2880	-22.0923
2881	2881	10.5156
2882	2882	50.2415
2883	2883	10.5263
2884	2884	-19.7104
2885	2885	7.74892
2886	2886	4.50376
2887	2887	25.829
2888	2888	2.10122
2889	2889	-5.70704
2890	2890	-16.4642
2891	2891	-5.30089
2892	2892	9.12234
2893	2893	-5.93201
2894	2894	11.7992
2895	2895	-12.4917
2896	2896	1.85064
2897	2897	10.5153
2898	2898	-6.70525
2899	2899	-0.0753942
2900	2900	10.1012
2901	2901	3.60891
2902	2902	19.431
2903	2903	-35.8064
2904	2904	-23.8652
2905	2905	-4.80863
2906	2906	-10.2345
2907	2907	-15.1506
2908	2908	6.75176
2909	2909	22.9234
2910	2910	15.9463
2911	2911	-7.63186
2912	2912	1.56466
2913	2913	-5.34
2914	2914	-7.75071
2915	2915	9.11348
2916	2916	12.8518
2917	2917	-0.144133
2918	2918	-3.31881
2919	2919	-8.14574
2920	2920	-17.1714
2921	2921	2.06525
2922	2922	1.94225
2923	2923	9.63772
2924	2924	-34.3717
2925	2925	-20.3622
2926	2926	-11.3551
2927	2927	-16.3037
2928	2928	-25.2572
2929	2929	33.276
2930	2930	-5.86469
2931	2931	49.5403
2932	2932	-17.9288
2933	2933	-26.0141
2934	2934	34.0537
2935	2935	-8.82231
2936	2936	-1.9038
2937	2937	-4.57499
2938	2938	2.95737
2939	2939	7.09594
2940	2940	-18.2941
2941	2941	3.26915
2942	2942	-18.8483
2943	2943	16.5055
2944	2944	5.81074
2945	2945	-13.6795
2946	2946	22.0834
2947	2947	-8.58506
2948	2948	16.856
2949	2949	9.46204
2950	2950	-0.0363003
2951	2951	-2.61187
2952	2952	6.80558
2953	2953	22.2358
2954	2954	-4.18106
2955	2955	14.3896
2956	2956	-15.917
2957	2957	-18.313
2958	2958	22.7828
2959	2959	5.7721
2960	2960	1.28086
2961	2961	-11.2695
2962	2962	-28.9947
2963	2963	1.96878
2964	2964	-7.31778
2965	2965	-17.1315
2966	2966	-7.31117
2967	2967	-22.8843
2968	2968	-5.38393
2969	2969	-43.8455
2970	2970	-6.56119
2971	2971	4.99606
2972	2972	2.98135
2973	2973	14.8515
2974	2974	1.60647
2975	2975	6.40445
2976	2976	-16.8355
2977	2977	22.5549
2978	2978	-1.81735
2979	2979	-20.0913
2980	2980	-12.092
2981	2981	-4.81986
2982	2982	-17.4775
2983	2983	-13.3655
2984	2984	18.6162
2985	2985	19.5914
2986	2986	11.0053
2987	2987	-26.4288
2988	2988	-39.2485
2989	2989	10.3666
2990	2990	-12.6365
2991	2991	-32.2706
2992	2992	-7.58444
2993	2993	-0.963572
2994	2994	-21.64
2995	2995	11.1728
2996	2996	8.67545
2997	2997	-4.07873
2998	2998	-12.4738
2999	2999	12.3965
3000	3000	27.0401
3001	3001	6.03495
3002	3002	-23.9895
3003	3003	-5.81483
3004	3004	-1.77557
3005	3005	-2.57553
3006	3006	17.7607
3007	3007	-13.7338
3008	3008	14.683
3009	3009	-12.304
3010	3010	-2.95311
3011	3011	6.85897
3012	3012	-12.8173
3013	3013	-16.9211
3014	3014	-15.9608
3015	3015	2.61749
3016	3016	-0.883499
3017	3017	10.9332
3018	3018	-19.9882
3019	3019	-21.6922
3020	3020	33.884
3021	3021	-17.7973
3022	3022	-14.3066
3023	3023	-11.6427
3024	3024	-6.1643
3025	3025	6.44391
3026	3026	8.88705
3027	3027	-8.12714
3028	3028	-1.15301
3029	3029	21.7088
3030	3030	-11.3495
3031	3031	6.25606
3032	3032	-9.27822
3033	3033	9.01909
3034	3034	5.40246
3035	3035	21.7316
3036	3036	16.6773
3037	3037	-18.2759
3038	3038	0.441267
3039	3039	8.89289
3040	3040	-14.5099
3041	3041	-4.22179
3042	3042	2.4284
3043	3043	3.50481
3044	3044	-14.2114
3045	3045	12.8486
3046	3046	17.1686
3047	3047	4.91975
3048	3048	-14.8179
3049	3049	1.90336
3050	3050	18.0931
3051	3051	25.6254
3052	3052	-7.9683
3053	3053	-7.65594
3054	3054	-9.58728
3055	3055	-8.01325
3056	3056	-0.406795
3057	3057	-12.1677
3058	3058	-1.46995
3059	3059	-3.74521
3060	3060	-14.227
3061	3061	0.667409
3062	3062	2.67006
3063	3063	4.6513
3064	3064	8.46383
3065	3065	-7.4367
3066	3066	-17.7872
3067	3067	-1.36686
3068	3068	19.7298
3069	3069	1.42631
3070	3070	0.509348
3071	3071	56.5984
3072	3072	-3.29838
3073	3073	6.47013
3074	3074	15.9742
3075	3075	2.52466
3076	3076	-4.7753
3077	3077	-4.16282
3078	3078	3.55109
3079	3079	9.04017
3080	3080	27.756
3081	3081	10.0751
3082	3082	-13.6775
3083	3083	21.0493
3084	3084	-39.3568
3085	3085	-8.05842
3086	3086	12.1403
3087	3087	-4.2376
3088	3088	3.18918
3089	3089	22.4514
3090	3090	-9.26448
3091	3091	-4.07972
3092	3092	17.4479
3093	3093	-10.9334
3094	3094	18.5875
3095	3095	-0.898515
3096	3096	-0.61714
3097	3097	22.0042
3098	3098	5.57999
3099	3099	11.6465
3100	3100	1.41508
3101	3101	32.2606
3102	3102	3.74242
3103	3103	2.0548
3104	3104	-56.8561
3105	3105	-25.246
3106	3106	5.34009
3107	3107	-14.1831
3108	3108	-14.6571
3109	3109	35.3381
3110	3110	14.8881
3111	3111	12.9694
3112	3112	-14.5153
3113	3113	7.10404
3114	3114	17.6883
3115	3115	2.14219
3116	3116	1.46682
3117	3117	-15.6709
3118	3118	-46.9736
3119	3119	-7.71355
3120	3120	10.4753
3121	3121	36.3349
3122	3122	-14.1358
3123	3123	-11.449
3124	3124	-8.85937
3125	3125	1.1491
3126	3126	-18.3877
3127	3127	-6.02516
3128	3128	29.9564
3129	3129	-22.6514
3130	3130	-1.81339
3131	3131	-4.84195
3132	3132	-1.19566
3133	3133	31.196
3134	3134	1.28349
3135	3135	33.9616
3136	3136	-28.5684
3137	3137	21.2621
3138	3138	-26.1102
3139	3139	30.6538
3140	3140	-27.7164
3141	3141	8.92218
3142	3142	23.7574
3143	3143	1.93885
3144	3144	-3.68208
3145	3145	11.7903
3146	3146	-7.91075
3147	3147	15.359
3148	3148	4.07351
3149	3149	20.9246
3150	3150	25.716
3151	3151	-3.78544
3152	3152	-14.4659
3153	3153	27.8994
3154	3154	8.09747
3155	3155	20.1279
3156	3156	2.5735
3157	3157	24.7167
3158	3158	-12.5206
3159	3159	-1.95808
3160	3160	-8.9309
3161	3161	23.2219
3162	3162	13.9496
3163	3163	25.097
3164	3164	16.6499
3165	3165	-21.177
3166	3166	-10.6844
3167	3167	3.38807
3168	3168	-13.2926
3169	3169	-10.0478
3170	3170	-21.4075
3171	3171	-12.5991
3172	3172	11.611
3173	3173	-11.7904
3174	3174	7.79206
3175	3175	-15.3326
3176	3176	8.82098
3177	3177	7.08126
3178	3178	-2.43597
3179	3179	46.0927
3180	3180	2.59301
3181	3181	32.8227
3182	3182	0.225659
3183	3183	20.9739
3184	3184	-17.2339
3185	3185	-4.87041
3186	3186	-43.7666
3187	3187	-14.0118
3188	3188	-2.73508
3189	3189	20.1847
3190	3190	-16.9425
3191	3191	-12.8958
3192	3192	-11.1673
3193	3193	-14.7098
3194	3194	-2.58953
3195	3195	-13.9684
3196	3196	17.337
3197	3197	28.4294
3198	3198	-10.4634
3199	3199	6.73301
3200	3200	-16.4984
3201	3201	-10.7173
3202	3202	-1.28118
3203	3203	12.1089
3204	3204	-8.09366
3205	3205	-0.117307
3206	3206	8.73486
3207	3207	-22.6728
3208	3208	10.2351
3209	3209	15.3156
3210	3210	-16.887
3211	3211	-22.4298
3212	3212	20.5437
3213	3213	-10.0437
3214	3214	14.281
3215	3215	18.6305
3216	3216	-7.32627
3217	3217	18.278
3218	3218	-28.4679
3219	3219	4.10536
3220	3220	-21.3937
3221	3221	-37.9841
3222	3222	0.958106
3223	3223	-4.79025
3224	3224	-4.36758
3225	3225	-0.201166
3226	3226	-3.71015
3227	3227	4.72612
3228	3228	-41.2488
3229	3229	-1.28448
3230	3230	11.9095
3231	3231	-31.918
3232	3232	-28.4831
3233	3233	1.65613
3234	3234	-13.1209
3235	3235	-3.9163
3236	3236	5.1344
3237	3237	-4.96733
3238	3238	-23.2861
3239	3239	3.73714
3240	3240	1.66839
3241	3241	12.6488
3242	3242	16.1778
3243	3243	-14.6298
3244	3244	18.3993
3245	3245	-1.67718
3246	3246	-29.1257
3247	3247	6.79483
3248	3248	-26.0078
3249	3249	13.7869
3250	3250	-17.0853
3251	3251	-25.2551
3252	3252	10.5175
3253	3253	-8.29692
3254	3254	4.52283
3255	3255	-5.51595
3256	3256	-2.6159
3257	3257	-9.23181
3258	3258	-29.8714
3259	3259	8.78058
3260	3260	17.782
3261	3261	18.0385
3262	3262	-7.80722
3263	3263	-10.7432
3264	3264	-1.01665
3265	3265	-7.73845
3266	3266	-31.1915
3267	3267	8.54683
3268	3268	-7.55272
3269	3269	11.469
3270	3270	-0.56478
3271	3271	9.25204
3272	3272	-23.3755
3273	3273	7.39512
3274	3274	-3.61443
3275	3275	-15.8712
3276	3276	-17.8243
3277	3277	-10.624
3278	3278	-1.92782
3279	3279	-5.01334
3280	3280	-1.74741
3281	3281	-3.08207
3282	3282	-41.3158
3283	3283	0.0215373
3284	3284	-5.02007
3285	3285	-4.6884
3286	3286	-4.28935
3287	3287	-45.2912
3288	3288	-12.6619
3289	3289	14.0298
3290	3290	-6.71547
3291	3291	30.4566
3292	3292	9.54429
3293	3293	2.90302
3294	3294	-9.97089
3295	3295	6.83616
3296	3296	40.2766
3297	3297	-17.6327
3298	3298	2.96221
3299	3299	-17.9647
3300	3300	-8.78581
3301	3301	28.0201
3302	3302	-7.86665
3303	3303	18.9382
3304	3304	-30.3653
3305	3305	1.65867
3306	3306	-17.6096
3307	3307	-0.306648
3308	3308	2.22338
3309	3309	-12.1763
3310	3310	17.0449
3311	3311	-13.4617
3312	3312	13.5064
3313	3313	-27.8301
3314	3314	-4.5367
3315	3315	8.32309
3316	3316	17.167
3317	3317	-19.6813
3318	3318	8.01871
3319	3319	-0.605131
3320	3320	-23.6698
3321	3321	6.55984
3322	3322	3.86067
3323	3323	-2.79202
3324	3324	34.0241
3325	3325	7.91107
3326	3326	18.3724
3327	3327	3.74592
3328	3328	-1.03727
3329	3329	-28.8796
3330	3330	-10.8302
3331	3331	-25.2957
3332	3332	6.46428
3333	3333	2.10924
3334	3334	-2.52496
3335	3335	18.3673
3336	3336	-12.38
3337	3337	15.3596
3338	3338	3.52659
3339	3339	16.1152
3340	3340	-1.87542
3341	3341	-32.2398
3342	3342	2.44515
3343	3343	-19.1883
3344	3344	25.4712
3345	3345	26.4083
3346	3346	23.1661
3347	3347	-28.5462
3348	3348	-8.35311
3349	3349	-15.0867
3350	3350	-5.9176
3351	3351	-19.0563
3352	3352	8.07069
3353	3353	29.3167
3354	3354	4.97357
3355	3355	-2.39333
3356	3356	-13.3873
3357	3357	-4.862
3358	3358	15.5124
3359	3359	16.8353
3360	3360	-7.84419
3361	3361	-22.5058
3362	3362	-16.5136
3363	3363	-16.4695
3364	3364	-1.78651
3365	3365	1.09997
3366	3366	16.2121
3367	3367	-18.6121
3368	3368	13.8595
3369	3369	-7.75346
3370	3370	-48.1194
3371	3371	-9.45328
3372	3372	20.4262
3373	3373	-1.04592
3374	3374	23.5108
3375	3375	16.3197
3376	3376	12.2229
3377	3377	12.7897
3378	3378	-13.3755
3379	3379	2.56699
3380	3380	10.6333
3381	3381	17.1614
3382	3382	34.1528
3383	3383	-10.5008
3384	3384	-1.99641
3385	3385	-7.52027
3386	3386	-14.6348
3387	3387	-29.3649
3388	3388	8.10154
3389	3389	-35.1716
3390	3390	8.06178
3391	3391	3.09776
3392	3392	27.3612
3393	3393	-5.23009
3394	3394	-19.4119
3395	3395	-7.42289
3396	3396	2.27027
3397	3397	-27.4807
3398	3398	-5.87323
3399	3399	32.1885
3400	3400	-16.9253
3401	3401	16.0243
3402	3402	6.001
3403	3403	1.45746
3404	3404	-12.3476
3405	3405	-8.44389
3406	3406	10.0321
3407	3407	6.32244
3408	3408	-2.66082
3409	3409	13.0591
3410	3410	-26.2579
3411	3411	-10.8775
3412	3412	-0.764868
3413	3413	13.0406
3414	3414	13.0437
3415	3415	-2.64759
3416	3416	-26.4931
3417	3417	5.54239
3418	3418	1.02443
3419	3419	5.56419
3420	3420	-45.8295
3421	3421	7.33754
3422	3422	2.64852
3423	3423	-7.76584
3424	3424	1.95491
3425	3425	-20.4446
3426	3426	7.98526
3427	3427	26.8382
3428	3428	-0.696775
3429	3429	-29.3211
3430	3430	16.6443
3431	3431	3.89379
3432	3432	-14.6627
3433	3433	-12.3743
3434	3434	-18.2348
3435	3435	0.321356
3436	3436	-2.15108
3437	3437	-3.28077
3438	3438	14.0235
3439	3439	-0.720063
3440	3440	-12.6564
3441	3441	-4.61635
3442	3442	-19.5936
3443	3443	-9.73101
3444	3444	-0.988038
3445	3445	7.71384
3446	3446	-11.007
3447	3447	-8.58955
3448	3448	-41.9511
3449	3449	-12.3241
3450	3450	-3.1251
3451	3451	-13.9694
3452	3452	-9.85637
3453	3453	12.8032
3454	3454	-13.2942
3455	3455	2.54005
3456	3456	13.2797
3457	3457	-14.677
3458	3458	13.6267
3459	3459	-24.5407
3460	3460	8.08543
3461	3461	0.0305893
3462	3462	-3.31113
3463	3463	12.9838
3464	3464	-21.6299
3465	3465	-15.0833
3466	3466	20.0871
3467	3467	9.41847
3468	3468	22.3975
3469	3469	-6.7106
3470	3470	8.89378
3471	3471	-20.9297
3472	3472	10.8867
3473	3473	-22.1719
3474	3474	8.89233
3475	3475	39.8585
3476	3476	7.47748
3477	3477	29.8103
3478	3478	7.74356
3479	3479	-5.27272
3480	3480	-14.7474
3481	3481	-5.58308
3482	3482	18.7586
3483	3483	15.9689
3484	3484	37.9723
3485	3485	6.33217
3486	3486	17.0483
3487	3487	-4.69931
3488	3488	-7.29363
3489	3489	13.6928
3490	3490	-10.8855
3491	3491	-10.5759
3492	3492	-18.5065
3493	3493	-8.80858
3494	3494	21.7831
3495	3495	-22.2121
3496	3496	-32.4207
3497	3497	7.25765
3498	3498	-8.92191
3499	3499	-3.66738
3500	3500	-11.1798
3501	3501	8.67515
3502	3502	14.8234
3503	3503	2.8101
3504	3504	-13.9539
3505	3505	-6.38353
3506	3506	10.6907
3507	3507	-11.8781
3508	3508	12.9711
3509	3509	-21.7932
3510	3510	8.70232
3511	3511	23.3833
3512	3512	-3.23803
3513	3513	-15.8907
3514	3514	-28.5445
3515	3515	3.11975
3516	3516	11.0937
3517	3517	12.557
3518	3518	-27.3483
3519	3519	8.77153
3520	3520	15.1246
3521	3521	-23.5262
3522	3522	-21.3729
3523	3523	15.7994
3524	3524	-2.32821
3525	3525	-22.9391
3526	3526	12.9646
3527	3527	8.26862
3528	3528	2.78981
3529	3529	-22.5692
3530	3530	4.95853
3531	3531	-30.4232
3532	3532	3.12672
3533	3533	-16.4778
3534	3534	-20.08
3535	3535	-28.8412
3536	3536	2.139
3537	3537	-42.1544
3538	3538	6.12175
3539	3539	1.24648
3540	3540	-14.3916
3541	3541	-0.0804622
3542	3542	-29.0636
3543	3543	18.5516
3544	3544	-40.6849
3545	3545	-17.5715
3546	3546	-2.34813
3547	3547	5.88467
3548	3548	-12.0805
3549	3549	-0.0643082
3550	3550	-4.82391
3551	3551	-10.0868
3552	3552	7.5658
3553	3553	27.8867
3554	3554	-18.835
3555	3555	-9.76111
3556	3556	-15.0617
3557	3557	20.23
3558	3558	13.5724
3559	3559	4.21833
3560	3560	13.2597
3561	3561	-31.6319
3562	3562	20.3266
3563	3563	7.22286
3564	3564	9.4933
3565	3565	19.499
3566	3566	6.191
3567	3567	-0.529926
3568	3568	3.50665
3569	3569	-1.58008
3570	3570	15.1805
3571	3571	-6.27532
3572	3572	31.5625
3573	3573	-0.0393878
3574	3574	-16.1905
3575	3575	-39.0409
3576	3576	27.5674
3577	3577	4.85831
3578	3578	30.5503
3579	3579	11.1333
3580	3580	12.2006
3581	3581	13.2713
3582	3582	-6.31721
3583	3583	-16.0114
3584	3584	4.50349
3585	3585	7.80924
3586	3586	-7.18736
3587	3587	-11.5821
3588	3588	-6.89182
3589	3589	-7.53336
3590	3590	-18.5783
3591	3591	7.40726
3592	3592	17.6795
3593	3593	-11.7749
3594	3594	26.496
3595	3595	6.89986
3596	3596	-10.7724
3597	3597	13.1022
3598	3598	17.679
3599	3599	-2.07603
3600	3600	12.0897
3601	3601	-17.9993
3602	3602	-5.68884
3603	3603	-13.3428
3604	3604	6.76904
3605	3605	-2.53606
3606	3606	-21.3318
3607	3607	-9.97039
3608	3608	-23.2219
3609	3609	9.28279
3610	3610	16.5091
3611	3611	-11.6116
3612	3612	10.2645
3613	3613	-13.7463
3614	3614	-0.797925
3615	3615	-21.3965
3616	3616	37.7156
3617	3617	1.56449
3618	3618	-3.88988
3619	3619	27.3052
3620	3620	41.536
3621	3621	-17.3348
3622	3622	-39.545
3623	3623	3.09146
3624	3624	16.2775
3625	3625	17.116
3626	3626	23.8237
3627	3627	21.1104
3628	3628	-3.28178
3629	3629	-5.78969
3630	3630	29.3204
3631	3631	-12.8243
3632	3632	-22.841
3633	3633	-6.4195
3634	3634	3.13325
3635	3635	-6.92111
3636	3636	44.8193
3637	3637	0.693181
3638	3638	-5.3363
3639	3639	19.5455
3640	3640	-11.3445
3641	3641	-9.01431
3642	3642	2.68129
3643	3643	-1.30062
3644	3644	-14.5868
3645	3645	8.23416
3646	3646	-9.38522
3647	3647	-11.2691
3648	3648	-11.7835
3649	3649	-5.09104
3650	3650	14.8088
3651	3651	-12.0273
3652	3652	16.6151
3653	3653	3.89666
3654	3654	-10.1629
3655	3655	-33.6925
3656	3656	4.70346
3657	3657	4.94999
3658	3658	-3.14528
3659	3659	-8.17494
3660	3660	-10.7776
3661	3661	-5.09122
3662	3662	22.6533
3663	3663	10.7738
3664	3664	-14.2521
3665	3665	-12.5763
3666	3666	-44.8119
3667	3667	15.3429
3668	3668	-8.19414
3669	3669	1.30619
3670	3670	-9.27106
3671	3671	23.4484
3672	3672	1.49628
3673	3673	13.6457
3674	3674	26.7514
3675	3675	11.5383
3676	3676	-16.6557
3677	3677	-28.3598
3678	3678	-22.7854
3679	3679	5.71529
3680	3680	13.9901
3681	3681	29.4291
3682	3682	7.67611
3683	3683	24.9892
3684	3684	4.78967
3685	3685	-13.4426
3686	3686	13.7191
3687	3687	-4.00779
3688	3688	-18.2015
3689	3689	27.1721
3690	3690	31.9977
3691	3691	12.1637
3692	3692	-9.71492
3693	3693	1.00063
3694	3694	6.61214
3695	3695	-0.00895321
3696	3696	-3.09478
3697	3697	16.3691
3698	3698	41.129
3699	3699	8.22275
3700	3700	-4.06373
3701	3701	-10.4679
3702	3702	-4.70127
3703	3703	11.3941
3704	3704	-2.40976
3705	3705	-12.5423
3706	3706	-2.45978
3707	3707	-27.1439
3708	3708	6.77684
3709	3709	-9.38453
3710	3710	-14.3065
3711	3711	8.94542
3712	3712	8.07825
3713	3713	-56.1648
3714	3714	-22.1009
3715	3715	-1.18875
3716	3716	-13.3882
3717	3717	-31.7143
3718	3718	-13.4219
3719	3719	-4.82052
3720	3720	4.60963
3721	3721	-10.7156
3722	3722	15.1524
3723	3723	2.68543
3724	3724	-7.65173
3725	3725	12.5444
3726	3726	-18.6277
3727	3727	-34.7362
3728	3728	-3.42106
3729	3729	13.8548
3730	3730	16.169
3731	3731	-4.42842
3732	3732	21.8304
3733	3733	-1.17428
3734	3734	-13.0076
3735	3735	6.81979
3736	3736	25.6596
3737	3737	0.0243008
3738	3738	10.7719
3739	3739	11.486
3740	3740	-1.79244
3741	3741	-19.5281
3742	3742	-10.8268
3743	3743	-2.33114
3744	3744	24.7367
3745	3745	8.48476
3746	3746	-3.44089
3747	3747	7.29597
3748	3748	7.9596
3749	3749	-14.6926
3750	3750	24.0412
3751	3751	3.30256
3752	3752	-0.46401
3753	3753	3.67793
3754	3754	32.3741
3755	3755	-4.64235
3756	3756	-13.2332
3757	3757	25.5888
3758	3758	-9.63026
3759	3759	28.099
3760	3760	10.2648
3761	3761	0.00359061
3762	3762	7.1041
3763	3763	-1.62978
3764	3764	27.5307
3765	3765	4.02477
3766	3766	-2.28824
3767	3767	3.40455
3768	3768	-8.02019
3769	3769	4.39912
3770	3770	-26.7886
3771	3771	-7.94268
3772	3772	2.4415
3773	3773	5.44067
3774	3774	-3.82709
3775	3775	21.6562
3776	3776	11.8296
3777	3777	19.7443
3778	3778	-1.88177
3779	3779	-21.7854
3780	3780	17.6625
3781	3781	-28.3745
3782	3782	-11.081
3783	3783	-14.5742
3784	3784	2.50743
3785	3785	-9.22315
3786	3786	18.9813
3787	3787	-1.11163
3788	3788	-17.3543
3789	3789	20.7943
3790	3790	5.26822
3791	3791	4.93145
3792	3792	3.37832
3793	3793	1.78686
3794	3794	-2.29697
3795	3795	15.3403
3796	3796	-12.2142
3797	3797	19.2222
3798	3798	-11.5488
3799	3799	38.7811
3800	3800	-2.77394
3801	3801	-5.08602
3802	3802	20.7659
3803	3803	-12.3378
3804	3804	14.5384
3805	3805	-25.1496
3806	3806	-29.6277
3807	3807	-0.747111
3808	3808	-15.8467
3809	3809	11.0295
3810	3810	6.04311
3811	3811	6.43806
3812	3812	-25.8327
3813	3813	-15.8184
3814	3814	-1.95714
3815	3815	-10.3087
3816	3816	-3.45106
3817	3817	-33.2996
3818	3818	-35.6164
3819	3819	-4.04038
3820	3820	7.08134
3821	3821	-6.31237
3822	3822	11.124
3823	3823	30.801
3824	3824	-22.5769
3825	3825	-24.8258
3826	3826	-2.29002
3827	3827	7.43846
3828	3828	14.908
3829	3829	4.42825
3830	3830	3.51726
3831	3831	20.4775
3832	3832	-7.05737
3833	3833	-1.26073
3834	3834	3.32661
3835	3835	-3.40654
3836	3836	6.34582
3837	3837	12.4763
3838	3838	-3.41225
3839	3839	27.1279
3840	3840	30.7289
3841	3841	-4.91364
3842	3842	25.552
3843	3843	-12.1909
3844	3844	9.80212
3845	3845	-3.93223
3846	3846	18.2348
3847	3847	-13.4247
3848	3848	-32.6506
3849	3849	23.7057
3850	3850	26.4109
3851	3851	-30.8427
3852	3852	5.18036
3853	3853	-13.6425
3854	3854	-5.8962
3855	3855	5.94878
3856	3856	3.72796
3857	3857	12.4956
3858	3858	4.44408
3859	3859	11.1955
3860	3860	11.0248
3861	3861	1.34447
3862	3862	4.45135
3863	3863	-9.65248
3864	3864	-6.10525
3865	3865	2.5953
3866	3866	-4.46245
3867	3867	8.78472
3868	3868	2.22398
3869	3869	3.27448
3870	3870	-17.8639
3871	3871	-1.24664
3872	3872	-7.48995
3873	3873	6.81889
3874	3874	15.9015
3875	3875	17.4831
3876	3876	-28.4543
3877	3877	8.45634
3878	3878	15.4414
3879	3879	1.19093
3880	3880	-9.79813
3881	3881	6.4378
3882	3882	23.1713
3883	3883	11.4243
3884	3884	-8.31337
3885	3885	-5.31942
3886	3886	12.0971
3887	3887	-13.9918
3888	3888	8.71346
3889	3889	15.223
3890	3890	-35.0344
3891	3891	-9.83011
3892	3892	-12.9759
3893	3893	-17.6468
3894	3894	18.232
3895	3895	-17.5109
3896	3896	-5.85895
3897	3897	-4.70423
3898	3898	-15.7492
3899	3899	14.7554
3900	3900	1.96265
3901	3901	-6.56368
3902	3902	-14.6351
3903	3903	-5.56277
3904	3904	7.50435
3905	3905	16.4971
3906	3906	-5.71494
3907	3907	-0.6722
3908	3908	-2.58001
3909	3909	29.6982
3910	3910	-27.7485
3911	3911	7.93492
3912	3912	-15.0871
3913	3913	8.73633
3914	3914	25.0745
3915	3915	16.109
3916	3916	-3.79144
3917	3917	-10.578
3918	3918	2.50695
3919	3919	-36.912
3920	3920	9.81803
3921	3921	-8.96155
3922	3922	6.34985
3923	3923	7.64481
3924	3924	-1.94119
3925	3925	-4.32094
3926	3926	-12.6115
3927	3927	-10.4963
3928	3928	-11.5559
3929	3929	-8.8618
3930	3930	-11.0722
3931	3931	-8.31701
3932	3932	-1.72057
3933	3933	19.883
3934	3934	5.35974
3935	3935	15.4742
3936	3936	-4.65232
3937	3937	13.0153
3938	3938	-6.71704
3939	3939	-10.5636
3940	3940	2.75997
3941	3941	31.2494
3942	3942	6.49509
3943	3943	10.5293
3944	3944	-14.6423
3945	3945	11.0319
3946	3946	-14.6892
3947	3947	-5.36587
3948	3948	-13.6379
3949	3949	24.3163
3950	3950	14.1884
3951	3951	11.4076
3952	3952	1.16451
3953	3953	0.694735
3954	3954	-22.1234
3955	3955	-16.8225
3956	3956	9.68114
3957	3957	4.71586
3958	3958	15.9007
3959	3959	-8.13909
3960	3960	-29.5241
3961	3961	-7.23507
3962	3962	-13.5873
3963	3963	13.5453
3964	3964	-1.21239
3965	3965	0.61328
3966	3966	7.86535
3967	3967	-11.2856
3968	3968	-3.41998
3969	3969	18.0387
3970	3970	-19.2365
3971	3971	-11.1587
3972	3972	1.45181
3973	3973	-4.91629
3974	3974	-15.2752
3975	3975	32.5277
3976	3976	-20.4658
3977	3977	17.6581
3978	3978	17.2656
3979	3979	9.27152
3980	3980	-0.606747
3981	3981	-4.99834
3982	3982	-14.4167
3983	3983	-6.90721
3984	3984	1.29935
3985	3985	-1.2072
3986	3986	11.6122
3987	3987	9.27195
3988	3988	1.40565
3989	3989	7.86705
3990	3990	14.1747
3991	3991	-10.1952
3992	3992	33.5408
3993	3993	24.1298
3994	3994	2.97919
3995	3995	-0.992742
3996	3996	-30.1083
3997	3997	6.65364
3998	3998	-2.06921
3999	3999	0.970672
4000	4000	8.31496
4001	4001	-48.0341
4002	4002	-7.8641
4003	4003	16.1881
4004	4004	9.32706
4005	4005	-23.9335
4006	4006	6.21988
4007	4007	-7.68775
4008	4008	5.46667
4009	4009	-49.4557
4010	4010	-24.094
4011	4011	-0.810804
4012	4012	3.81567
4013	4013	-13.1309
4014	4014	3.86324
4015	4015	11.6809
4016	4016	-13.774
4017	4017	18.5918
4018	4018	-7.22903
4019	4019	25.2582
4020	4020	-5.30834
4021	4021	1.87145
4022	4022	15.5321
4023	4023	13.7266
4024	4024	-33.3269
4025	4025	9.56163
4026	4026	7.17264
4027	4027	-22.0049
4028	4028	-3.69419
4029	4029	-5.26208
4030	4030	-36.2087
4031	4031	7.57902
4032	4032	35.6024
4033	4033	-27.7205
4034	4034	25.3215
4035	4035	-13.4068
4036	4036	-10.0423
4037	4037	-8.36852
4038	4038	-2.02081
4039	4039	20.0909
4040	4040	-28.4619
4041	4041	17.4684
4042	4042	5.93256
4043	4043	22.5401
4044	4044	-6.30688
4045	4045	-9.81076
4046	4046	-7.43906
4047	4047	-0.443436
4048	4048	-29.0917
4049	4049	6.51495
4050	4050	28.3714
4051	4051	-16.2488
4052	4052	9.44679
4053	4053	2.55659
4054	4054	-4.22449
4055	4055	-13.7822
4056	4056	6.57303
4057	4057	-52.3261
4058	4058	3.27016
4059	4059	-6.64691
4060	4060	-4.35108
4061	4061	6.98486
4062	4062	-17.8576
4063	4063	-11.5638
4064	4064	13.2544
4065	4065	-1.38873
4066	4066	-6.32639
4067	4067	14.8742
4068	4068	11.6007
4069	4069	-4.31527
4070	4070	4.08634
4071	4071	-12.3838
4072	4072	2.50032
4073	4073	-1.02092
4074	4074	3.93057
4075	4075	-31.1428
4076	4076	0.422817
4077	4077	46.5931
4078	4078	11.0639
4079	4079	6.23764
4080	4080	-3.79766
4081	4081	-15.8659
4082	4082	-3.14339
4083	4083	12.3993
4084	4084	-9.60005
4085	4085	-23.2696
4086	4086	-11.7656
4087	4087	-7.4613
4088	4088	2.0334
4089	4089	-20.75
4090	4090	31.777
4091	4091	1.06326
4092	4092	16.5716
4093	4093	-24.5038
4094	4094	9.25932
4095	4095	-8.79377
4096	4096	10.5619
4097	4097	-7.38472
4098	4098	10.784
4099	4099	-14.4473
4100	4100	22.4966
4101	4101	-2.44128
4102	4102	-5.6979
4103	4103	-1.88049
4104	4104	-23.8244
4105	4105	19.9893
4106	4106	-10.7626
4107	4107	15.9858
4108	4108	4.68319
4109	4109	-37.231
4110	4110	-36.3912
4111	4111	27.7891
4112	4112	-2.13425
4113	4113	-14.4207
4114	4114	-4.31596
4115	4115	-2.21754
4116	4116	-7.96019
4117	4117	3.08638
4118	4118	4.64901
4119	4119	7.01929
4120	4120	7.01518
4121	4121	19.1521
4122	4122	-9.11574
4123	4123	-15.3252
4124	4124	17.0151
4125	4125	10.2176
4126	4126	12.4181
4127	4127	7.93805
4128	4128	1.08519
4129	4129	-40.1344
4130	4130	0.0172241
4131	4131	-13.4096
4132	4132	5.34479
4133	4133	-6.38741
4134	4134	7.25433
4135	4135	3.73721
4136	4136	-2.18298
4137	4137	-23.0296
4138	4138	17.5298
4139	4139	-16.2499
4140	4140	2.78308
4141	4141	46.0019
4142	4142	-1.96958
4143	4143	9.73634
4144	4144	-37.6769
4145	4145	5.43817
4146	4146	0.358399
4147	4147	-13.8668
4148	4148	-28.9377
4149	4149	-5.31899
4150	4150	-3.96245
4151	4151	-10.1393
4152	4152	19.1119
4153	4153	21.9637
4154	4154	-35.5031
4155	4155	-10.0477
4156	4156	30.2907
4157	4157	7.27919
4158	4158	3.3363
4159	4159	-4.8053
4160	4160	17.7373
4161	4161	1.30982
4162	4162	-14.0713
4163	4163	-16.4598
4164	4164	-1.88816
4165	4165	-4.22597
4166	4166	5.27385
4167	4167	-15.5139
4168	4168	-17.0142
4169	4169	3.13864
4170	4170	30.3889
4171	4171	-7.01109
4172	4172	5.23814
4173	4173	30.2549
4174	4174	11.5093
4175	4175	14.9165
4176	4176	-22.5878
4177	4177	24.9587
4178	4178	-0.192263
4179	4179	0.418759
4180	4180	-30.6925
4181	4181	-8.74447
4182	4182	0.0539841
4183	4183	-27.1618
4184	4184	-16.0215
4185	4185	-11.7845
4186	4186	3.94319
4187	4187	19.1732
4188	4188	9.7248
4189	4189	13.1042
4190	4190	14.903
4191	4191	21.6042
4192	4192	-1.01256
4193	4193	21.441
4194	4194	28.3886
4195	4195	26.652
4196	4196	12.7272
4197	4197	15.1999
4198	4198	1.23741
4199	4199	-10.1409
4200	4200	-13.371
4201	4201	32.3542
4202	4202	9.57498
4203	4203	-26.8441
4204	4204	19.2364
4205	4205	-4.80872
4206	4206	10.4536
4207	4207	22.8071
4208	4208	17.3083
4209	4209	-2.75921
4210	4210	7.45503
4211	4211	-18.2615
4212	4212	-17.3962
4213	4213	9.86443
4214	4214	-8.99789
4215	4215	-4.21698
4216	4216	-17.8186
4217	4217	-8.80315
4218	4218	2.82248
4219	4219	11.9131
4220	4220	15.8766
4221	4221	23.524
4222	4222	-6.39838
4223	4223	0.806518
4224	4224	-11.2214
4225	4225	-1.17056
4226	4226	8.27917
4227	4227	11.1102
4228	4228	-21.5102
4229	4229	7.94698
4230	4230	-27.4879
4231	4231	-30.1055
4232	4232	14.0137
4233	4233	-13.1055
4234	4234	-1.38057
4235	4235	-6.46
4236	4236	21.0889
4237	4237	-19.357
4238	4238	-14.9289
4239	4239	-0.869993
4240	4240	15.5293
4241	4241	-26.4118
4242	4242	-6.50373
4243	4243	-9.61329
4244	4244	6.06249
4245	4245	-16.3791
4246	4246	0.975846
4247	4247	-33.6531
4248	4248	13.2679
4249	4249	-14.7556
4250	4250	1.8088
4251	4251	24.6726
4252	4252	16.3961
4253	4253	-9.84234
4254	4254	3.08985
4255	4255	20.6702
4256	4256	0.268859
4257	4257	19.82
4258	4258	2.457
4259	4259	1.27193
4260	4260	9.54533
4261	4261	-23.4407
4262	4262	1.11196
4263	4263	3.9444
4264	4264	3.65023
4265	4265	-15.3663
4266	4266	9.95415
4267	4267	15.2793
4268	4268	-10.254
4269	4269	-6.48144
4270	4270	9.88846
4271	4271	-5.63154
4272	4272	-2.93642
4273	4273	-14.769
4274	4274	3.94078
4275	4275	11.9711
4276	4276	31.1214
4277	4277	29.7154
4278	4278	-4.06897
4279	4279	-8.95605
4280	4280	-2.64822
4281	4281	8.36899
4282	4282	13.2172
4283	4283	-2.31041
4284	4284	-27.4135
4285	4285	2.51456
4286	4286	-12.099
4287	4287	13.3784
4288	4288	-18.4902
4289	4289	8.61512
4290	4290	14.993
4291	4291	0.410125
4292	4292	0.61936
4293	4293	-13.9634
4294	4294	-18.5362
4295	4295	4.83915
4296	4296	7.73133
4297	4297	-6.7551
4298	4298	12.1917
4299	4299	6.94496
4300	4300	-33.5307
4301	4301	-24.6418
4302	4302	21.3604
4303	4303	8.34282
4304	4304	-15.7441
4305	4305	-41.1495
4306	4306	-7.45285
4307	4307	-33.3448
4308	4308	-14.6816
4309	4309	-1.01999
4310	4310	39.6211
4311	4311	17.6746
4312	4312	12.1579
4313	4313	-18.9681
4314	4314	9.39185
4315	4315	10.5319
4316	4316	-8.47812
4317	4317	-23.3387
4318	4318	3.41828
4319	4319	21.6887
4320	4320	10.5281
4321	4321	-23.6691
4322	4322	1.51469
4323	4323	-11.473
4324	4324	-39.8924
4325	4325	13.0519
4326	4326	2.37147
4327	4327	8.88011
4328	4328	5.18005
4329	4329	37.0772
4330	4330	1.06159
4331	4331	-9.93695
4332	4332	15.5886
4333	4333	7.37879
4334	4334	19.4535
4335	4335	-11.4452
4336	4336	11.129
4337	4337	28.0658
4338	4338	16.6572
4339	4339	8.75261
4340	4340	1.27836
4341	4341	-7.05741
4342	4342	-6.54976
4343	4343	-24.3884
4344	4344	-15.1496
4345	4345	-20.9324
4346	4346	-30.4182
4347	4347	10.8768
4348	4348	-14.6383
4349	4349	-26.6921
4350	4350	-13.8075
4351	4351	-15.8864
4352	4352	15.7205
4353	4353	17.6411
4354	4354	-20.813
4355	4355	-12.262
4356	4356	-16.5231
4357	4357	5.48369
4358	4358	-2.15578
4359	4359	9.62871
4360	4360	-2.43536
4361	4361	-19.752
4362	4362	-1.15963
4363	4363	-34.2285
4364	4364	10.6049
4365	4365	5.62198
4366	4366	-18.4314
4367	4367	5.02816
4368	4368	-14.8397
4369	4369	8.94595
4370	4370	-12.6931
4371	4371	-3.56571
4372	4372	7.03638
4373	4373	5.73548
4374	4374	8.40143
4375	4375	-20.7411
4376	4376	-3.56986
4377	4377	-18.1262
4378	4378	-6.97441
4379	4379	11.5933
4380	4380	-3.16777
4381	4381	-15.8988
4382	4382	-5.07577
4383	4383	14.6989
4384	4384	-27.6155
4385	4385	15.6502
4386	4386	-3.70379
4387	4387	42.8864
4388	4388	-5.95847
4389	4389	-17.0036
4390	4390	26.5092
4391	4391	25.1425
4392	4392	4.13243
4393	4393	-9.92995
4394	4394	-12.5577
4395	4395	-32.5475
4396	4396	3.81024
4397	4397	7.97893
4398	4398	-1.86748
4399	4399	-11.163
4400	4400	16.3392
4401	4401	0.784749
4402	4402	28.2336
4403	4403	-3.59334
4404	4404	-5.36462
4405	4405	-1.94561
4406	4406	27.4073
4407	4407	-15.1231
4408	4408	-3.77552
4409	4409	19.3022
4410	4410	-4.41178
4411	4411	17.4276
4412	4412	5.29069
4413	4413	-26.8496
4414	4414	-4.88715
4415	4415	4.47672
4416	4416	10.6646
4417	4417	2.88763
4418	4418	-33.0487
4419	4419	12.9055
4420	4420	14.7909
4421	4421	10.026
4422	4422	64.8268
4423	4423	5.61173
4424	4424	-8.26158
4425	4425	-7.0372
4426	4426	-21.6447
4427	4427	-22.0122
4428	4428	-19.0335
4429	4429	4.94387
4430	4430	12.8499
4431	4431	11.4575
4432	4432	12.2111
4433	4433	-2.65601
4434	4434	-6.11741
4435	4435	7.70865
4436	4436	-22.4939
4437	4437	39.2161
4438	4438	-6.53619
4439	4439	19.7099
4440	4440	-4.06609
4441	4441	-16.0673
4442	4442	-21.5006
4443	4443	-0.337191
4444	4444	1.17134
4445	4445	46.0336
4446	4446	2.16926
4447	4447	2.80838
4448	4448	-15.648
4449	4449	-5.59246
4450	4450	20.7627
4451	4451	6.21307
4452	4452	-16.0694
4453	4453	-3.93878
4454	4454	-4.68843
4455	4455	16.1287
4456	4456	-6.18137
4457	4457	-13.4335
4458	4458	11.5993
4459	4459	-24.7133
4460	4460	-20.9812
4461	4461	-45.8837
4462	4462	27.2642
4463	4463	-25.2318
4464	4464	-13.3975
4465	4465	11.1152
4466	4466	27.7786
4467	4467	-44.2369
4468	4468	-9.35127
4469	4469	8.27537
4470	4470	4.26529
4471	4471	10.8051
4472	4472	-24.0187
4473	4473	-36.0062
4474	4474	-2.57873
4475	4475	-9.85609
4476	4476	9.63295
4477	4477	-11.8149
4478	4478	0.293069
4479	4479	20.8723
4480	4480	-9.77835
4481	4481	-39.1511
4482	4482	-4.85672
4483	4483	26.6556
4484	4484	29.2343
4485	4485	-28.0768
4486	4486	-3.94786
4487	4487	-34.6392
4488	4488	20.1809
4489	4489	12.0652
4490	4490	3.43887
4491	4491	-11.0681
4492	4492	-12.7171
4493	4493	23.3815
4494	4494	20.4935
4495	4495	5.5169
4496	4496	9.60761
4497	4497	-5.54163
4498	4498	-8.47181
4499	4499	-1.47736
4500	4500	12.582
4501	4501	-4.84668
4502	4502	34.2649
4503	4503	13.4212
4504	4504	-1.8877
4505	4505	-8.99836
4506	4506	-23.0338
4507	4507	12.8355
4508	4508	-11.7024
4509	4509	5.03171
4510	4510	12.3857
4511	4511	-41.5706
4512	4512	27.7731
4513	4513	1.54569
4514	4514	4.63386
4515	4515	15.7677
4516	4516	5.50778
4517	4517	-17.222
4518	4518	-33.5168
4519	4519	10.1353
4520	4520	10.4639
4521	4521	-5.11929
4522	4522	-10.7517
4523	4523	10.1294
4524	4524	1.49895
4525	4525	10.4428
4526	4526	31.2662
4527	4527	-9.80579
4528	4528	-26.2934
4529	4529	-2.90207
4530	4530	8.49066
4531	4531	1.75198
4532	4532	-8.19095
4533	4533	33.4177
4534	4534	-9.04991
4535	4535	-10.197
4536	4536	-20.0268
4537	4537	9.43982
4538	4538	14.9117
4539	4539	41.7036
4540	4540	-27.3376
4541	4541	11.0785
4542	4542	-25.0201
4543	4543	-6.15719
4544	4544	-5.67015
4545	4545	7.57648
4546	4546	14.4647
4547	4547	6.66935
4548	4548	-10.3042
4549	4549	-0.40509
4550	4550	24.6297
4551	4551	16.6126
4552	4552	9.36785
4553	4553	-2.57518
4554	4554	28.1828
4555	4555	-17.8177
4556	4556	-8.9105
4557	4557	3.02901
4558	4558	5.24668
4559	4559	27.9599
4560	4560	-3.51617
4561	4561	21.1775
4562	4562	25.1442
4563	4563	-31.886
4564	4564	5.12403
4565	4565	13.2085
4566	4566	15.5606
4567	4567	-9.39872
4568	4568	-9.42613
4569	4569	14.8938
4570	4570	46.1599
4571	4571	-0.0536729
4572	4572	-0.757688
4573	4573	1.88301
4574	4574	-9.69326
4575	4575	-11.7991
4576	4576	-10.4095
4577	4577	-9.70616
4578	4578	-13.0187
4579	4579	13.229
4580	4580	-12.3694
4581	4581	-0.0506079
4582	4582	26.7746
4583	4583	9.26167
4584	4584	-15.3548
4585	4585	-11.3864
4586	4586	-14.5774
4587	4587	-20.2051
4588	4588	3.22525
4589	4589	-18.3331
4590	4590	-32.1424
4591	4591	2.30282
4592	4592	3.98538
4593	4593	-5.21642
4594	4594	19.6104
4595	4595	-19.8083
4596	4596	-10.6802
4597	4597	-8.68489
4598	4598	-2.08351
4599	4599	-1.50771
4600	4600	23.6233
4601	4601	-10.8764
4602	4602	-7.5707
4603	4603	18.6734
4604	4604	14.1346
4605	4605	-29.1109
4606	4606	33.6064
4607	4607	4.77604
4608	4608	31.6239
4609	4609	19.399
4610	4610	-18.1002
4611	4611	-5.68972
4612	4612	0.107895
4613	4613	7.08204
4614	4614	-16.6172
4615	4615	0.0445045
4616	4616	-5.63149
4617	4617	-3.99684
4618	4618	51.922
4619	4619	-2.40379
4620	4620	-19.1046
4621	4621	-5.77808
4622	4622	15.42
4623	4623	-15.4391
4624	4624	6.23588
4625	4625	3.38469
4626	4626	-13.6124
4627	4627	-18.0338
4628	4628	-19.6563
4629	4629	-5.20763
4630	4630	12.1505
4631	4631	-1.48232
4632	4632	-16.9336
4633	4633	-24.5798
4634	4634	3.74188
4635	4635	29.0458
4636	4636	3.03016
4637	4637	16.6037
4638	4638	44.6629
4639	4639	7.04569
4640	4640	-20.4881
4641	4641	16.7524
4642	4642	-3.47344
4643	4643	-6.5938
4644	4644	-24.275
4645	4645	10.2893
4646	4646	19.2712
4647	4647	14.6882
4648	4648	-6.94419
4649	4649	29.9548
4650	4650	55.974
4651	4651	0.425981
4652	4652	-4.13266
4653	4653	-12.2959
4654	4654	-4.08966
4655	4655	-1.12506
4656	4656	13.8686
4657	4657	-23.5074
4658	4658	-0.309172
4659	4659	20.9991
4660	4660	-1.52133
4661	4661	1.70807
4662	4662	-4.35925
4663	4663	8.32277
4664	4664	-24.0917
4665	4665	-8.77255
4666	4666	9.33684
4667	4667	22.1322
4668	4668	-21.1729
4669	4669	12.0348
4670	4670	10.0852
4671	4671	-27.9771
4672	4672	-6.18503
4673	4673	-11.7606
4674	4674	-13.9304
4675	4675	-13.7091
4676	4676	51.0334
4677	4677	4.60633
4678	4678	27.8476
4679	4679	8.22078
4680	4680	6.3678
4681	4681	-23.1918
4682	4682	-2.58963
4683	4683	19.3072
4684	4684	-13.9822
4685	4685	-15.2263
4686	4686	18.5798
4687	4687	-31.472
4688	4688	5.51347
4689	4689	15.2811
4690	4690	12.8972
4691	4691	9.11287
4692	4692	7.12488
4693	4693	3.85029
4694	4694	14.5366
4695	4695	26.8017
4696	4696	-7.18649
4697	4697	9.34958
4698	4698	-18.5066
4699	4699	23.83
4700	4700	-10.5352
4701	4701	-2.30972
4702	4702	39.0759
4703	4703	19.5216
4704	4704	-30.6124
4705	4705	-1.48031
4706	4706	8.40187
4707	4707	6.31898
4708	4708	-0.342618
4709	4709	-15.1455
4710	4710	28.0409
4711	4711	-21.5758
4712	4712	-28.7871
4713	4713	3.87718
4714	4714	-9.87204
4715	4715	3.9626
4716	4716	6.75725
4717	4717	24.3116
4718	4718	5.42646
4719	4719	-13.3787
4720	4720	14.7351
4721	4721	18.8576
4722	4722	6.20194
4723	4723	-26.5687
4724	4724	7.26113
4725	4725	37.2351
4726	4726	8.89202
4727	4727	0.983128
4728	4728	14.2589
4729	4729	-26.3087
4730	4730	1.52748
4731	4731	-0.973445
4732	4732	-13.2915
4733	4733	-30.3279
4734	4734	7.91792
4735	4735	0.612976
4736	4736	1.51448
4737	4737	-21.0922
4738	4738	1.46147
4739	4739	6.37107
4740	4740	3.85383
4741	4741	4.59503
4742	4742	-24.1676
4743	4743	5.05222
4744	4744	28.9402
4745	4745	-3.60914
4746	4746	-12.268
4747	4747	11.7194
4748	4748	3.30344
4749	4749	-8.05715
4750	4750	-1.9564
4751	4751	2.41872
4752	4752	24.8715
4753	4753	16.9569
4754	4754	9.10981
4755	4755	8.56169
4756	4756	-10.2107
4757	4757	-11.4458
4758	4758	-0.733566
4759	4759	-6.1756
4760	4760	-14.1568
4761	4761	-13.3092
4762	4762	-40.731
4763	4763	2.54247
4764	4764	8.45662
4765	4765	-2.3825
4766	4766	-6.54294
4767	4767	8.42923
4768	4768	-6.72444
4769	4769	-13.5698
4770	4770	32.5423
4771	4771	-22.252
4772	4772	1.0903
4773	4773	-3.01771
4774	4774	-13.4887
4775	4775	22.1697
4776	4776	7.95947
4777	4777	-0.149252
4778	4778	-13.1866
4779	4779	2.44034
4780	4780	-10.8147
4781	4781	31.4683
4782	4782	18.8328
4783	4783	-10.5884
4784	4784	11.4758
4785	4785	5.48045
4786	4786	24.3186
4787	4787	-27.8352
4788	4788	-5.54854
4789	4789	-8.15326
4790	4790	12.2749
4791	4791	21.8613
4792	4792	9.85435
4793	4793	12.5737
4794	4794	30.261
4795	4795	-8.98552
4796	4796	-14.62
4797	4797	-13.1535
4798	4798	6.9126
4799	4799	2.90839
