sample_id	sample_id2	phensim
zero	zero	-14.5106
1	1	-5.11547
2	2	15.0148
3	3	-46.5188
4	4	15.3397
5	5	-9.8721
6	6	26.3935
7	7	-14.6919
8	8	9.81248
9	9	28.1221
10	10	-4.37925
11	11	-47.6259
12	12	2.00532
13	13	-5.38228
14	14	-18.8883
15	15	10.6332
16	16	27.8104
17	17	-3.04249
18	18	-6.39764
19	19	-26.8836
20	20	-15.7022
21	21	31.2386
22	22	-4.10012
23	23	-19.3414
24	24	30.4247
25	25	6.28242
26	26	-44.8916
27	27	18.4025
28	28	2.97545
29	29	-22.0893
30	30	-15.1726
31	31	-22.8309
32	32	-12.4717
33	33	32.777
34	34	-24.7168
35	35	-11.2857
36	36	-7.28831
37	37	14.8292
38	38	-7.53281
39	39	-7.26214
40	40	3.16039
41	41	12.5218
42	42	1.80829
43	43	50.5662
44	44	-7.5902
45	45	-10.3201
46	46	-5.25541
47	47	28.3217
48	48	19.0155
49	49	2.19706
50	50	-28.9246
51	51	9.07256
52	52	-22.6937
53	53	-10.6173
54	54	9.90063
55	55	-25.2736
56	56	21.5465
57	57	-8.87106
58	58	4.48229
59	59	29.4706
60	60	-26.1365
61	61	16.5736
62	62	-42.8482
63	63	18.863
64	64	10.9472
65	65	-20.1042
66	66	-9.76599
67	67	-17.4638
68	68	-31.1551
69	69	-16.0229
70	70	1.35102
71	71	-26.7365
72	72	-4.9675
73	73	11.2431
74	74	-10.0197
75	75	-17.2687
76	76	-8.15303
77	77	7.84422
78	78	26.4705
79	79	-24.5112
80	80	29.6245
81	81	10.0584
82	82	0.605682
83	83	-14.9686
84	84	9.1618
85	85	-32.9911
86	86	-14.909
87	87	-21.2101
88	88	20.6647
89	89	-30.3523
90	90	14.6654
91	91	-2.32389
92	92	30.4444
93	93	24.3169
94	94	-3.56978
95	95	-0.773327
96	96	27.1032
97	97	10.8898
98	98	15.2272
99	99	-2.6978
100	100	-0.628714
101	101	1.38478
102	102	2.25585
103	103	-10.9696
104	104	-24.7893
105	105	2.57174
106	106	11.1207
107	107	-6.94397
108	108	-33.6353
109	109	-10.7711
110	110	0.639716
111	111	-1.65248
112	112	-16.8714
113	113	2.27606
114	114	-4.59007
115	115	-23.1538
116	116	-8.35391
117	117	-10.0885
118	118	-16.1726
119	119	-21.9537
120	120	-9.09653
121	121	49.4158
122	122	15.4875
123	123	9.22264
124	124	-15.1307
125	125	-14.8176
126	126	1.40036
127	127	20.5832
128	128	-10.0177
129	129	-7.25374
130	130	5.88035
131	131	-6.92506
132	132	-11.9066
133	133	-26.691
134	134	23.1686
135	135	0.344113
136	136	-20.0649
137	137	-35.1849
138	138	-20.038
139	139	-31.5023
140	140	-15.7539
141	141	-6.02808
142	142	-6.35794
143	143	9.19221
144	144	22.3776
145	145	23.2873
146	146	-35.7167
147	147	19.9991
148	148	-40.4305
149	149	13.0514
150	150	8.10891
151	151	19.9515
152	152	10.8614
153	153	-41.3764
154	154	-0.847114
155	155	1.40125
156	156	34.324
157	157	38.027
158	158	11.9116
159	159	-6.32807
160	160	14.6391
161	161	-5.21415
162	162	-22.0534
163	163	-29.073
164	164	28.5274
165	165	8.5655
166	166	34.0548
167	167	-10.929
168	168	20.5855
169	169	0.184105
170	170	14.9407
171	171	-18.2835
172	172	-23.1666
173	173	-14.9484
174	174	11.9665
175	175	-6.58354
176	176	30.9205
177	177	28.8877
178	178	-14.3724
179	179	30.6039
180	180	11.9338
181	181	-7.58223
182	182	27.3321
183	183	40.7672
184	184	2.63654
185	185	-11.2294
186	186	-11.2077
187	187	18.9661
188	188	-35.52
189	189	27.883
190	190	34.4527
191	191	8.0859
192	192	-28.9513
193	193	9.65327
194	194	23.3624
195	195	-6.71711
196	196	19.0932
197	197	-15.4689
198	198	-16.7727
199	199	-10.2927
200	200	-19.3235
201	201	8.86416
202	202	39.5214
203	203	20.6571
204	204	-18.3496
205	205	14.5336
206	206	-5.06487
207	207	-17.1573
208	208	-10.1368
209	209	8.19465
210	210	19.0522
211	211	-41.6306
212	212	15.1475
213	213	-8.72826
214	214	-2.37388
215	215	-10.9563
216	216	-22.4168
217	217	-1.05938
218	218	2.91365
219	219	-25.0272
220	220	6.04885
221	221	3.75272
222	222	0.0336197
223	223	-0.957053
224	224	-13.3712
225	225	29.026
226	226	9.71478
227	227	33.3098
228	228	-8.18291
229	229	0.706642
230	230	-35.4572
231	231	7.57901
232	232	-6.19536
233	233	47.7329
234	234	-11.5912
235	235	20.3675
236	236	20.4728
237	237	56.0016
238	238	-6.34236
239	239	9.42465
240	240	31.2911
241	241	36.4633
242	242	25.2352
243	243	-6.5773
244	244	-10.6304
245	245	-4.485
246	246	-15.5552
247	247	34.2788
248	248	34.744
249	249	-26.7113
250	250	-6.53443
251	251	-12.4462
252	252	22.7092
253	253	21.7923
254	254	-23.8388
255	255	-19.8015
256	256	17.3077
257	257	23.6775
258	258	9.33449
259	259	9.30875
260	260	35.2555
261	261	36.1561
262	262	-5.09093
263	263	17.0151
264	264	-31.9573
265	265	22.6842
266	266	17.5503
267	267	4.04267
268	268	-11.1086
269	269	-25.6709
270	270	17.7977
271	271	9.62876
272	272	8.48014
273	273	-48.2403
274	274	3.46342
275	275	-4.31464
276	276	24.7011
277	277	26.9787
278	278	-19.8342
279	279	-14.257
280	280	22.7045
281	281	4.44193
282	282	-41.9827
283	283	-9.28334
284	284	-16.1023
285	285	3.09604
286	286	16.2235
287	287	-18.0235
288	288	-34.6469
289	289	-48.6243
290	290	-32.5473
291	291	0.995758
292	292	16.0505
293	293	-18.0711
294	294	-18.426
295	295	28.3511
296	296	-4.46285
297	297	-32.1451
298	298	5.15779
299	299	19.5178
