sample_id	sample_id2	phensim
zero	zero	14.9381
1	1	-1.51683
2	2	14.316
3	3	-15.6909
4	4	-9.40264
5	5	5.17234
6	6	18.5152
7	7	-25.6481
8	8	-1.62365
9	9	6.32574
10	10	-0.365803
11	11	-10.4678
12	12	-11.2338
13	13	-51.4078
14	14	16.5957
15	15	11.2837
16	16	-40.1818
17	17	15.0197
18	18	-10.4837
19	19	16.4433
20	20	7.61209
21	21	25.6558
22	22	-17.5769
23	23	-14.8825
24	24	13.6705
25	25	12.0361
26	26	-16.1174
27	27	-15.3058
28	28	2.5492
29	29	-23.67
30	30	-14.6483
31	31	26.7502
32	32	-15.9629
33	33	7.34478
34	34	-6.85645
35	35	-26.2126
36	36	-21.5951
37	37	-3.88285
38	38	-0.745246
39	39	-22.8963
40	40	50.5295
41	41	13.7666
42	42	-30.8256
43	43	3.91971
44	44	-22.4998
45	45	-7.86123
46	46	-2.18234
47	47	18.4373
48	48	3.20565
49	49	52.3458
50	50	-18.2418
51	51	6.98418
52	52	-14.7314
53	53	-29.2613
54	54	-12.2354
55	55	-12.0842
56	56	13.0988
57	57	40.3982
58	58	-27.3558
59	59	-24.507
60	60	-3.32164
61	61	9.11719
62	62	-36.133
63	63	21.4149
64	64	-14.7403
65	65	17.7189
66	66	-30.4857
67	67	-15.3022
68	68	-17.5995
69	69	-13.2372
70	70	-30.4797
71	71	-20.2778
72	72	19.748
73	73	-11.7463
74	74	-2.72615
75	75	0.058828
76	76	7.02367
77	77	12.2019
78	78	5.47999
79	79	8.0222
80	80	25.406
81	81	-6.64429
82	82	22.992
83	83	14.9635
84	84	-19.2973
85	85	-1.1804
86	86	-4.33549
87	87	11.9981
88	88	-18.6878
89	89	-3.11908
90	90	-5.06852
91	91	30.1113
92	92	33.1123
93	93	-20.7541
94	94	-14.0576
95	95	15.6983
96	96	-17.1397
97	97	-32.0706
98	98	-7.53482
99	99	-10.8773
100	100	-37.1028
101	101	16.9882
102	102	-15.3915
103	103	10.7037
104	104	-19.0178
105	105	-0.482117
106	106	0.438762
107	107	-5.60081
108	108	3.51886
109	109	-8.97537
110	110	20.6862
111	111	32.4436
112	112	-12.6171
113	113	-8.52638
114	114	-2.40401
115	115	23.2981
116	116	13.5629
117	117	7.21487
118	118	-38.5007
119	119	10.8772
120	120	3.17418
121	121	-1.74948
122	122	-2.16215
123	123	8.858
124	124	51.0657
125	125	20.8265
126	126	44.6408
127	127	-22.8681
128	128	-24.5382
129	129	31.48
130	130	-3.7942
131	131	2.74291
132	132	21.8252
133	133	32.0833
134	134	-2.99917
135	135	17.1219
136	136	32.1614
137	137	-17.2595
138	138	-11.5237
139	139	40.624
140	140	-25.2792
141	141	-2.359
142	142	4.30873
143	143	6.25193
144	144	5.76299
145	145	47.9314
146	146	-8.73047
147	147	-17.547
148	148	-25.9935
149	149	-8.24966
150	150	-32.2752
151	151	9.81385
152	152	37.9139
153	153	44.5431
154	154	-26.0517
155	155	-20.4198
156	156	15.7697
157	157	-13.5335
158	158	18.4693
159	159	-27.4114
160	160	-38.6638
161	161	-9.24921
162	162	-18.7429
163	163	3.62425
164	164	10.3558
165	165	-16.3301
166	166	2.38934
167	167	-15.4459
168	168	-27.6378
169	169	4.51378
170	170	-1.51928
171	171	4.96529
172	172	45.1165
173	173	17.4848
174	174	-11.1532
175	175	-4.61068
176	176	-6.40572
177	177	30.1632
178	178	-8.27016
179	179	35.3329
180	180	-21.3752
181	181	-25.6963
182	182	-35.1532
183	183	-19.0742
184	184	-16.2587
185	185	-2.04894
186	186	19.542
187	187	2.43308
188	188	-47.5347
189	189	20.2971
190	190	-24.9742
191	191	-34
192	192	-10.4268
193	193	-11.3585
194	194	26.6988
195	195	33.2084
196	196	32.8143
197	197	1.41393
198	198	4.07925
199	199	-30.2232
200	200	-0.742674
201	201	1.06585
202	202	34.9853
203	203	-4.52176
204	204	11.8768
205	205	-19.1998
206	206	-22.4844
207	207	11.4456
208	208	28.2768
209	209	-15.5311
210	210	22.9158
211	211	-13.5497
212	212	17.8901
213	213	-2.29068
214	214	-2.52769
215	215	-8.97751
216	216	-8.25377
217	217	-4.57483
218	218	14.8082
219	219	61.1312
220	220	19.5245
221	221	44.3786
222	222	11.365
223	223	10.2782
224	224	-5.15736
225	225	-4.76083
226	226	12.5907
227	227	-20.5118
228	228	-14.4608
229	229	-4.68218
230	230	-19.2833
231	231	27.1826
232	232	13.3222
233	233	21.3819
234	234	-19.706
235	235	0.927973
236	236	-8.1154
237	237	14.7473
238	238	10.9384
239	239	26.5475
240	240	-10.4362
241	241	-7.04275
242	242	-14.4548
243	243	-23.9719
244	244	-27.7486
245	245	20.8967
246	246	-9.85093
247	247	22.2239
248	248	3.51519
249	249	37.0657
250	250	2.02147
251	251	37.3877
252	252	-42.7277
253	253	6.82598
254	254	7.31617
255	255	15.9886
256	256	-22.0685
257	257	22.1156
258	258	-25.9181
259	259	17.7665
260	260	28.0672
261	261	0.134448
262	262	-13.8342
263	263	8.75666
264	264	12.246
265	265	6.77457
266	266	-23.7232
267	267	-3.37909
268	268	16.0117
269	269	-30.456
270	270	-0.33556
271	271	-22.5441
272	272	-21.2061
273	273	33.623
274	274	12.2594
275	275	33.4298
276	276	-12.7205
277	277	-17.276
278	278	-36.8471
279	279	-19.4821
280	280	-7.84917
281	281	7.2954
282	282	-4.90388
283	283	6.52199
284	284	36.4405
285	285	-10.4884
286	286	-36.7486
287	287	25.6556
288	288	-27.104
289	289	14.4856
290	290	-40.3183
291	291	12.6066
292	292	11.3698
293	293	13.8221
294	294	5.05934
295	295	-18.8497
296	296	23.1923
297	297	-18.1262
298	298	0.925756
299	299	-14.1654
300	300	-19.4268
301	301	22.1554
302	302	-6.39165
303	303	-8.48138
304	304	37.8533
305	305	27.2925
306	306	0.794244
307	307	-17.9066
308	308	15.6538
309	309	2.48126
310	310	-13.7386
311	311	-32.1325
312	312	-9.77728
313	313	-41.0338
314	314	10.4463
315	315	-6.93229
316	316	2.302
317	317	-0.631511
318	318	27.1228
319	319	8.18851
320	320	34.2536
321	321	-22.1558
322	322	-11.8194
323	323	18.2423
324	324	-9.34746
325	325	-26.0221
326	326	23.7835
327	327	-24.3311
328	328	12.8352
329	329	10.1548
330	330	25.8735
331	331	64.9354
332	332	-17.1948
333	333	-3.56557
334	334	-15.7848
335	335	-5.91615
336	336	9.80667
337	337	-20.8751
338	338	-8.9233
339	339	-10.8707
340	340	25.08
341	341	17.3954
342	342	35.8428
343	343	-11.1323
344	344	-15.2724
345	345	24.1414
346	346	-27.0832
347	347	23.1693
348	348	17.9499
349	349	7.3722
350	350	-23.5858
351	351	-23.6652
352	352	11.6398
353	353	-1.58996
354	354	-23.5403
355	355	46.9505
356	356	-1.2
357	357	-32.0071
358	358	-22.5664
359	359	37.5777
360	360	9.62794
361	361	6.9835
362	362	23.6478
363	363	-15.0246
364	364	-43.6547
365	365	-42.4636
366	366	-21.9655
367	367	-27.687
368	368	27.0294
369	369	-6.87955
370	370	3.45159
371	371	-27.3686
372	372	-13.6034
373	373	-35.8042
374	374	14.1578
375	375	-8.83679
376	376	29.9561
377	377	-9.9386
378	378	-13.1918
379	379	-8.16195
380	380	-27.1944
381	381	17.8309
382	382	15.0551
383	383	-6.55197
384	384	-32.3882
385	385	-35.6753
386	386	-11.7799
387	387	6.82748
388	388	-4.3282
389	389	-11.1627
390	390	-19.0946
391	391	-6.13108
392	392	9.57037
393	393	4.17046
394	394	-6.89816
395	395	24.454
396	396	-2.80351
397	397	-44.952
398	398	-1.00598
399	399	1.12256
400	400	-12.1216
401	401	23.0719
402	402	15.204
403	403	10.569
404	404	5.8326
405	405	51.0462
406	406	-2.44636
407	407	-18.8578
408	408	-9.12488
409	409	-19.1862
410	410	-27.1244
411	411	-8.51688
412	412	18.9827
413	413	-8.52997
414	414	24.3438
415	415	-18.3266
416	416	10.8063
417	417	-14.8082
418	418	-4.70912
419	419	-33.4331
420	420	-26.3923
421	421	1.03374
422	422	18.0063
423	423	-14.171
424	424	34.242
425	425	10.5351
426	426	34.9297
427	427	-13.244
428	428	-19.5803
429	429	-9.38554
430	430	-51.3928
431	431	10.1019
432	432	31.5783
433	433	21.5634
434	434	-6.7789
435	435	2.19432
436	436	27.0511
437	437	-3.28193
438	438	1.33679
439	439	-21.7068
440	440	49.7159
441	441	-12.8873
442	442	26.983
443	443	-20.9614
444	444	-19.9526
445	445	9.16493
446	446	-8.21155
447	447	29.4621
448	448	13.6025
449	449	-19.0084
450	450	18.1582
451	451	5.94466
452	452	12.426
453	453	17.9132
454	454	-20.915
455	455	16.3797
456	456	-1.52199
457	457	13.0794
458	458	-35.8997
459	459	29.2605
460	460	20.5001
461	461	40.635
462	462	-25.2825
463	463	10.0353
464	464	3.61702
465	465	-16.1477
466	466	-24.0792
467	467	-2.76021
468	468	16.3591
469	469	-44.8156
470	470	-27.4251
471	471	10.3014
472	472	-29.7473
473	473	44.4822
474	474	-15.8218
475	475	-6.35852
476	476	-17.1061
477	477	12.3629
478	478	-20.7825
479	479	-10.7564
480	480	-15.1402
481	481	30.269
482	482	16.054
483	483	17.1469
484	484	1.18561
485	485	1.95683
486	486	-19.9754
487	487	4.39644
488	488	5.72818
489	489	-10.6429
490	490	-19.3658
491	491	-27.8818
492	492	-20.3752
493	493	-19.8791
494	494	35.8481
495	495	15.7048
496	496	-10.7172
497	497	22.8118
498	498	12.0455
499	499	-13.2823
500	500	40.2212
501	501	14.3944
502	502	-3.77668
503	503	20.1519
504	504	-17.8101
505	505	4.79729
506	506	0.969211
507	507	-3.72933
508	508	7.65795
509	509	12.6908
510	510	12.5856
511	511	-8.60667
512	512	18.3975
513	513	3.85326
514	514	-26.222
515	515	-18.252
516	516	17.2952
517	517	-0.718519
518	518	-22.7342
519	519	17.1138
520	520	3.46066
521	521	1.24178
522	522	24.4907
523	523	-44.3416
524	524	21.8875
525	525	-0.754417
526	526	32.2601
527	527	-7.02801
528	528	10.5933
529	529	6.86859
530	530	-9.97397
531	531	18.1452
532	532	36.4395
533	533	20.0195
534	534	-18.2926
535	535	-2.4852
536	536	-0.0122969
537	537	28.6094
538	538	-14.9268
539	539	38.8053
540	540	-22.1977
541	541	-19.7263
542	542	11.2202
543	543	9.53784
544	544	-9.89917
545	545	-8.81133
546	546	12.0365
547	547	25.9693
548	548	-45.8611
549	549	-19.0261
550	550	12.2624
551	551	10.0376
552	552	-0.927244
553	553	12.733
554	554	16.9135
555	555	7.14324
556	556	-17.1161
557	557	16.8621
558	558	-0.524546
559	559	-11.5499
560	560	24.4345
561	561	21.367
562	562	2.20895
563	563	-5.54606
564	564	21.8779
565	565	-26.3345
566	566	-4.31276
567	567	8.2758
568	568	20.6165
569	569	-9.50791
570	570	-24.855
571	571	-15.462
572	572	-8.77205
573	573	11.3174
574	574	-2.28295
575	575	-1.94519
576	576	16.6097
577	577	21.7752
578	578	-26.0664
579	579	-1.89097
580	580	3.51501
581	581	-35.2495
582	582	9.11676
583	583	-13.3815
584	584	-21.7062
585	585	3.82873
586	586	-11.7344
587	587	2.81812
588	588	14.9242
589	589	-17.1044
590	590	-29.815
591	591	22.545
592	592	36.8392
593	593	7.53389
594	594	4.08071
595	595	-9.77331
596	596	10.2781
597	597	8.2983
598	598	3.91392
599	599	-14.145
600	600	1.10136
601	601	-25.0363
602	602	-44.9045
603	603	13.1772
604	604	32.6979
605	605	6.87058
606	606	-4.17369
607	607	15.9786
608	608	11.7832
609	609	-21.9149
610	610	-21.8108
611	611	-38.4517
612	612	7.63602
613	613	0.152699
614	614	-15.1329
615	615	29.5844
616	616	-43.2223
617	617	-23.8157
618	618	21.6167
619	619	-17.1802
620	620	-27.3106
621	621	-43.5208
622	622	-0.848867
623	623	-2.68077
624	624	18.5121
625	625	-22.1467
626	626	-21.8814
627	627	6.36088
628	628	-0.432293
629	629	-19.3408
630	630	-64.3564
631	631	-21.8947
632	632	4.73161
633	633	7.84638
634	634	33.4693
635	635	-0.536719
636	636	0.562188
637	637	-24.2824
638	638	14.0629
639	639	25.902
640	640	7.54683
641	641	-0.720804
642	642	22.1246
643	643	-15.2537
644	644	2.32111
645	645	-24.7874
646	646	-11.9193
647	647	0.668672
648	648	-51.8374
649	649	-23.7186
650	650	-7.16398
651	651	-18.1118
652	652	7.83715
653	653	-19.4332
654	654	-7.35153
655	655	9.61628
656	656	-26.4817
657	657	-32.3975
658	658	43.1213
659	659	8.63754
660	660	40.7301
661	661	30.3752
662	662	-10.3394
663	663	-3.69382
664	664	23.6218
665	665	21.7249
666	666	-9.73002
667	667	2.24691
668	668	-1.04926
669	669	12.1635
670	670	-14.6157
671	671	4.21897
672	672	-10.1176
673	673	-22.8068
674	674	50.6598
675	675	-16.3667
676	676	-36.415
677	677	25.0319
678	678	-4.23559
679	679	-4.18996
680	680	23.94
681	681	23.867
682	682	35.4364
683	683	-15.7156
684	684	22.7857
685	685	12.1955
686	686	-7.28352
687	687	8.0761
688	688	24.0943
689	689	21.5126
690	690	0.232058
691	691	34.3214
692	692	-7.35879
693	693	8.2408
694	694	27.4874
695	695	18.6539
696	696	10.3823
697	697	-20.2722
698	698	17.1231
699	699	19.9826
700	700	-0.70862
701	701	-0.842726
702	702	25.4622
703	703	27.1249
704	704	18.5018
705	705	-38.7598
706	706	10.4047
707	707	-4.09812
708	708	2.35879
709	709	-9.82131
710	710	-18.7523
711	711	21.0172
712	712	5.60052
713	713	-6.85323
714	714	-11.0314
715	715	-2.69879
716	716	3.49967
717	717	21.9927
718	718	-30.0982
719	719	-12.8741
720	720	20.3499
721	721	-8.99516
722	722	10.0383
723	723	25.7842
724	724	-18.7073
725	725	0.681792
726	726	-13.9924
727	727	20.7058
728	728	28.2065
729	729	-45.813
730	730	-37.2342
731	731	33.0795
732	732	2.51999
733	733	-40.9004
734	734	-6.95661
735	735	-23.1202
736	736	7.59405
737	737	25.2753
738	738	-40.3708
739	739	-17.3454
740	740	-5.03835
741	741	25.1062
742	742	10.5604
743	743	5.30868
744	744	-17.8001
745	745	27.6587
746	746	9.47717
747	747	38.7373
748	748	29.979
749	749	-9.7294
750	750	33.7469
751	751	-40.3763
752	752	14.4092
753	753	9.13612
754	754	29.1546
755	755	26.1093
756	756	-5.29652
757	757	7.81465
758	758	16.215
759	759	-3.00525
760	760	-3.44447
761	761	-18.8595
762	762	1.42378
763	763	0.78428
764	764	52.5032
765	765	33.9027
766	766	19.454
767	767	-2.21
768	768	51.1134
769	769	-6.68493
770	770	-33.2239
771	771	26.2536
772	772	-17.499
773	773	-30.7556
774	774	-36.4406
775	775	-13.4423
776	776	24.6183
777	777	-7.70793
778	778	-16.1515
779	779	-2.43098
780	780	-18.0702
781	781	-6.31942
782	782	-27.5224
783	783	26.5249
784	784	-24.9491
785	785	-18.0438
786	786	14.3595
787	787	-10.4982
788	788	-16.0657
789	789	19.8001
790	790	-5.67151
791	791	27.3777
792	792	3.26354
793	793	3.56428
794	794	-38.3216
795	795	17.804
796	796	-27.3543
797	797	-10.9693
798	798	-20.2476
799	799	-19.3281
800	800	-11.9295
801	801	-22.7289
802	802	-11.1769
803	803	-2.50373
804	804	15.4856
805	805	18.8358
806	806	31.0056
807	807	6.54935
808	808	11.3739
809	809	-11.1621
810	810	-26.5409
811	811	-25.5406
812	812	17.8793
813	813	6.86226
814	814	11.7829
815	815	3.13878
816	816	-18.2752
817	817	-30.3684
818	818	-8.38433
819	819	24.4231
820	820	-12.6147
821	821	-12.1333
822	822	13.5618
823	823	-29.7012
824	824	-26.3281
825	825	-15.8388
826	826	24.0339
827	827	17.0204
828	828	-9.69253
829	829	16.2266
830	830	15.5429
831	831	-19.2629
832	832	52.276
833	833	12.6959
834	834	-27.3776
835	835	30.7784
836	836	14.3307
837	837	15.1845
838	838	-10.1624
839	839	19.3918
840	840	4.28719
841	841	23.3017
842	842	0.625239
843	843	-0.284931
844	844	17.4529
845	845	-13.9711
846	846	-35.6838
847	847	2.8503
848	848	-17.8394
849	849	1.70159
850	850	-12.5446
851	851	-1.58747
852	852	32.6395
853	853	-6.2283
854	854	-26.9237
855	855	-17.2311
856	856	32.4931
857	857	3.5515
858	858	17.3608
859	859	-7.64853
860	860	-8.59603
861	861	18.2718
862	862	21.3764
863	863	23.2884
864	864	-20.2939
865	865	-4.03856
866	866	2.46865
867	867	13.7401
868	868	1.45605
869	869	-15.0628
870	870	28.2979
871	871	-21.4731
872	872	12.2845
873	873	15.4141
874	874	1.89241
875	875	10.7999
876	876	15.2687
877	877	-14.0757
878	878	9.42836
879	879	-3.18472
880	880	-6.53713
881	881	-26.4689
882	882	7.27567
883	883	2.51088
884	884	19.4959
885	885	16.0516
886	886	-14.9166
887	887	22.6842
888	888	9.2814
889	889	25.0622
890	890	-4.00833
891	891	34.1998
892	892	-4.8683
893	893	9.55192
894	894	1.3404
895	895	18.2303
896	896	-4.33883
897	897	-36.4895
898	898	17.9706
899	899	-16.7259
900	900	-18.9239
901	901	54.8476
902	902	-21.4081
903	903	16.721
904	904	10.5596
905	905	14.7761
906	906	27.5457
907	907	-3.42164
908	908	-4.31517
909	909	-21.7872
910	910	38.1939
911	911	-15.252
912	912	7.34533
913	913	-10.6336
914	914	-18.8114
915	915	-36.2641
916	916	40.2021
917	917	-33.4288
918	918	10.6047
919	919	-17.479
920	920	-18.2123
921	921	-20.3735
922	922	19.4967
923	923	2.85558
924	924	11.4319
925	925	0.801001
926	926	3.16986
927	927	-6.24382
928	928	0.539005
929	929	40.7051
930	930	18.3719
931	931	5.66707
932	932	-15.274
933	933	-10.5396
934	934	23.9252
935	935	-22.2255
936	936	-29.9389
937	937	10.1904
938	938	16.9288
939	939	-5.08855
940	940	-22.4755
941	941	-16.9442
942	942	-14.8179
943	943	16.2815
944	944	6.85764
945	945	23.4583
946	946	4.15313
947	947	11.9605
948	948	-0.276712
949	949	-28.5819
950	950	-11.4052
951	951	-15.0358
952	952	24.0676
953	953	42.7319
954	954	6.07835
955	955	-45.1578
956	956	8.13825
957	957	32.0178
958	958	-10.1296
959	959	-3.40441
960	960	-25.6791
961	961	3.48355
962	962	-4.18702
963	963	-2.82737
964	964	-25.3299
965	965	54.9709
966	966	-17.3146
967	967	4.07884
968	968	16.6955
969	969	25.5876
970	970	1.74716
971	971	-11.375
972	972	-18.3826
973	973	0.00660099
974	974	-20.8695
975	975	15.2724
976	976	-12.9864
977	977	26.1281
978	978	-33.3396
979	979	-7.82904
980	980	45.9913
981	981	-9.31163
982	982	30.2127
983	983	5.59336
984	984	-6.30253
985	985	-24.9676
986	986	-41.7198
987	987	-0.0381619
988	988	24.0523
989	989	-36.5231
990	990	20.395
991	991	14.0375
992	992	-43.6224
993	993	-15.8498
994	994	8.63229
995	995	-3.83001
996	996	-2.03497
997	997	-25.3829
998	998	15.0933
999	999	38.07
1000	1000	21.6808
1001	1001	13.4208
1002	1002	-1.65662
1003	1003	-14.9843
1004	1004	-9.92058
1005	1005	4.71261
1006	1006	-12.5407
1007	1007	25.9053
1008	1008	23.8876
1009	1009	-38.3187
1010	1010	-14.9925
1011	1011	5.7663
1012	1012	-32.0029
1013	1013	0.820444
1014	1014	34.0245
1015	1015	0.330569
1016	1016	-7.38933
1017	1017	16.8272
1018	1018	18.713
1019	1019	-27.3326
1020	1020	-18.276
1021	1021	-11.4715
1022	1022	15.2454
1023	1023	-15.0527
1024	1024	9.46284
1025	1025	-21.1017
1026	1026	-31.2963
1027	1027	4.32858
1028	1028	14.7068
1029	1029	-7.63831
1030	1030	17.2385
1031	1031	-2.43345
1032	1032	12.1975
1033	1033	29.2699
1034	1034	-36.9081
1035	1035	-13.1252
1036	1036	3.0649
1037	1037	13.1599
1038	1038	-30.1968
1039	1039	17.1653
1040	1040	2.17565
1041	1041	-46.2284
1042	1042	-25.5822
1043	1043	-18.3477
1044	1044	12.044
1045	1045	14.5997
1046	1046	16.9911
1047	1047	1.07576
1048	1048	-39.9761
1049	1049	-8.19446
1050	1050	-0.391758
1051	1051	-4.69553
1052	1052	29.0871
1053	1053	-21.5089
1054	1054	-3.2499
1055	1055	-32.0327
1056	1056	8.50884
1057	1057	-12.3064
1058	1058	36.4744
1059	1059	22.4013
1060	1060	26.0116
1061	1061	8.73862
1062	1062	12.5933
1063	1063	12.5803
1064	1064	-7.83994
1065	1065	29.2581
1066	1066	-11.1782
1067	1067	54.0871
1068	1068	-28.86
1069	1069	23.9569
1070	1070	-11.6934
1071	1071	-36.5941
1072	1072	-14.5399
1073	1073	3.16868
1074	1074	-17.975
1075	1075	7.22666
1076	1076	40.6299
1077	1077	18.6107
1078	1078	-12.1903
1079	1079	-24.0676
1080	1080	-7.00446
1081	1081	23.0492
1082	1082	-22.7454
1083	1083	-37.8767
1084	1084	22.9309
1085	1085	45.0773
1086	1086	17.1689
1087	1087	11.48
1088	1088	-11.1652
1089	1089	-6.2019
1090	1090	-23.2001
1091	1091	-11.5605
1092	1092	4.50889
1093	1093	-0.193406
1094	1094	-9.78903
1095	1095	49.2159
1096	1096	-1.29222
1097	1097	-0.445472
1098	1098	18.3854
1099	1099	-3.27038
1100	1100	6.48347
1101	1101	0.439456
1102	1102	-38.0272
1103	1103	-41.7428
1104	1104	13.6176
1105	1105	-5.42444
1106	1106	10.677
1107	1107	12.9282
1108	1108	6.27852
1109	1109	21.4454
1110	1110	21.9086
1111	1111	-11.8773
1112	1112	-6.78296
1113	1113	4.51633
1114	1114	-5.27098
1115	1115	-11.5368
1116	1116	39.5795
1117	1117	9.31266
1118	1118	-27.9599
1119	1119	-26.0491
1120	1120	-4.74019
1121	1121	-47.9962
1122	1122	-6.15112
1123	1123	-18.4278
1124	1124	8.85017
1125	1125	18.9824
1126	1126	-12.4124
1127	1127	-9.63204
1128	1128	42.0212
1129	1129	29.5399
1130	1130	-35.1204
1131	1131	28.0561
1132	1132	-2.81453
1133	1133	-26.1138
1134	1134	-29.5725
1135	1135	6.52956
1136	1136	11.5531
1137	1137	22.9897
1138	1138	-19.9931
1139	1139	25.7088
1140	1140	-6.24319
1141	1141	-26.358
1142	1142	-16.3482
1143	1143	-35.1526
1144	1144	19.0382
1145	1145	-10.5416
1146	1146	61.4185
1147	1147	2.16704
1148	1148	4.63761
1149	1149	3.38019
1150	1150	5.68605
1151	1151	-7.37677
1152	1152	-11.6351
1153	1153	29.0521
1154	1154	-18.2115
1155	1155	-14.5746
1156	1156	-0.0692905
1157	1157	-15.3229
1158	1158	-0.621804
1159	1159	7.98201
1160	1160	-2.76692
1161	1161	19.4416
1162	1162	-29.1095
1163	1163	1.88176
1164	1164	5.18124
1165	1165	-22.2411
1166	1166	7.47886
1167	1167	2.60411
1168	1168	-62.3932
1169	1169	24.4139
1170	1170	-35.7266
1171	1171	-21.9418
1172	1172	-17.3403
1173	1173	24.2837
1174	1174	-0.761464
1175	1175	-7.36303
1176	1176	-7.14976
1177	1177	16.8121
1178	1178	-14.3577
1179	1179	12.1345
1180	1180	32.1
1181	1181	-3.17431
1182	1182	-48.852
1183	1183	-0.823466
1184	1184	-9.35794
1185	1185	10.9282
1186	1186	-2.12445
1187	1187	-26.6808
1188	1188	-1.49279
1189	1189	18.4823
1190	1190	-2.49754
1191	1191	-25.4404
1192	1192	8.48587
1193	1193	2.01322
1194	1194	-39.1197
1195	1195	-10.3096
1196	1196	41.3484
1197	1197	16.4222
1198	1198	-12.9283
1199	1199	51.6199
1200	1200	0.601347
1201	1201	39.3031
1202	1202	11.8875
1203	1203	4.78813
1204	1204	-12.4977
1205	1205	26.6551
1206	1206	26.9953
1207	1207	-7.9675
1208	1208	-20.3274
1209	1209	23.3352
1210	1210	4.52318
1211	1211	-19.9434
1212	1212	27.6995
1213	1213	16.4047
1214	1214	17.2755
1215	1215	22.9841
1216	1216	-19.8295
1217	1217	-32.3017
1218	1218	-4.80942
1219	1219	3.84748
1220	1220	27.7289
1221	1221	19.4785
1222	1222	-19.0909
1223	1223	-40.1038
1224	1224	14.7225
1225	1225	-13.5689
1226	1226	15.7037
1227	1227	16.2126
1228	1228	-13.4751
1229	1229	-25.9729
1230	1230	36.2612
1231	1231	24.0238
1232	1232	24.5699
1233	1233	-35.4687
1234	1234	39.0708
1235	1235	-24.3416
1236	1236	1.94257
1237	1237	-16.012
1238	1238	-23.4586
1239	1239	2.69962
1240	1240	8.29253
1241	1241	-55.9445
1242	1242	29.7361
1243	1243	16.3742
1244	1244	1.51128
1245	1245	-28.107
1246	1246	-22.1677
1247	1247	-68.9733
1248	1248	23.6331
1249	1249	13.6066
1250	1250	30.9827
1251	1251	11.8694
1252	1252	-4.51068
1253	1253	12.8721
1254	1254	-4.91801
1255	1255	38.6827
1256	1256	-34.5689
1257	1257	-14.9856
1258	1258	27.3314
1259	1259	19.1346
1260	1260	25.2467
1261	1261	-3.6018
1262	1262	-17.0825
1263	1263	7.79615
1264	1264	10.7119
1265	1265	-22.8743
1266	1266	-33.8335
1267	1267	4.59434
1268	1268	-13.1045
1269	1269	2.98902
1270	1270	1.40318
1271	1271	-11.5889
1272	1272	27.699
1273	1273	-9.32689
1274	1274	7.65978
1275	1275	21.6841
1276	1276	48.7025
1277	1277	-20.8684
1278	1278	1.22522
1279	1279	-25.5725
1280	1280	17.4558
1281	1281	25.4176
1282	1282	-35.4823
1283	1283	-24.7851
1284	1284	-15.8103
1285	1285	-16.4638
1286	1286	26.1097
1287	1287	-2.37888
1288	1288	-16.2581
1289	1289	28.7382
1290	1290	3.06121
1291	1291	0.759578
1292	1292	38.1484
1293	1293	-33.5242
1294	1294	-1.87209
1295	1295	-8.87871
1296	1296	11.4335
1297	1297	34.4297
1298	1298	17.2373
1299	1299	21.3659
1300	1300	-16.7242
1301	1301	18.3851
1302	1302	26.2225
1303	1303	-17.049
1304	1304	-28.1101
1305	1305	2.07333
1306	1306	12.0939
1307	1307	-14.291
1308	1308	-8.28218
1309	1309	26.3035
1310	1310	-27.0357
1311	1311	-1.5834
1312	1312	7.35446
1313	1313	25.2028
1314	1314	14.5402
1315	1315	39.011
1316	1316	0.907706
1317	1317	16.5528
1318	1318	-43.8348
1319	1319	-8.36839
1320	1320	8.55629
1321	1321	1.41792
1322	1322	23.2754
1323	1323	5.18695
1324	1324	-7.21728
1325	1325	19.8441
1326	1326	-15.3423
1327	1327	15.0625
1328	1328	-30.3739
1329	1329	-9.02203
1330	1330	23.0249
1331	1331	7.27262
1332	1332	22.7599
1333	1333	-9.09995
1334	1334	19.6782
1335	1335	-22.4954
1336	1336	17.7218
1337	1337	-37.7382
1338	1338	5.27099
1339	1339	-26.9626
1340	1340	-18.97
1341	1341	-7.145
1342	1342	6.63153
1343	1343	-38.4325
1344	1344	32.5979
1345	1345	-21.3053
1346	1346	-10.7656
1347	1347	-6.22067
1348	1348	-13.1542
1349	1349	5.48991
1350	1350	2.32492
1351	1351	36.0289
1352	1352	-9.49841
1353	1353	-37.6027
1354	1354	8.12253
1355	1355	-37.8978
1356	1356	11.2034
1357	1357	-1.97154
1358	1358	15.7356
1359	1359	-11.7072
1360	1360	10.0849
1361	1361	43.0705
1362	1362	23.7235
1363	1363	22.7548
1364	1364	46.0585
1365	1365	16.0371
1366	1366	-22.3731
1367	1367	14.6533
1368	1368	16.6886
1369	1369	18.3279
1370	1370	-10.2913
1371	1371	-9.5259
1372	1372	-5.92774
1373	1373	29.1644
1374	1374	-20.2399
1375	1375	-23.7824
1376	1376	25.0035
1377	1377	50.6321
1378	1378	15.6887
1379	1379	19.1473
1380	1380	-31.3009
1381	1381	18.0181
1382	1382	30.1175
1383	1383	15.2461
1384	1384	27.415
1385	1385	28.7117
1386	1386	12.3812
1387	1387	9.04398
1388	1388	-36.6363
1389	1389	-6.55271
1390	1390	6.68976
1391	1391	12.7831
1392	1392	-0.491836
1393	1393	2.56723
1394	1394	-21.3269
1395	1395	-7.33641
1396	1396	26.8115
1397	1397	-37.5779
1398	1398	8.58737
1399	1399	23.8233
1400	1400	5.19117
1401	1401	-41.3497
1402	1402	15.9582
1403	1403	4.81905
1404	1404	-21.1883
1405	1405	-23.176
1406	1406	2.78927
1407	1407	29.3038
1408	1408	-26.5887
1409	1409	33.1953
1410	1410	18.5799
1411	1411	-0.01953
1412	1412	-37.5105
1413	1413	-1.15826
1414	1414	4.7128
1415	1415	-31.3525
1416	1416	6.97441
1417	1417	-27.8895
1418	1418	12.664
1419	1419	-12.2011
1420	1420	10.3768
1421	1421	-3.55946
1422	1422	-21.7177
1423	1423	24.5516
1424	1424	-15.444
1425	1425	-3.31271
1426	1426	1.74143
1427	1427	-7.32192
1428	1428	20.4246
1429	1429	3.65589
1430	1430	-50.1253
1431	1431	0.263143
1432	1432	-17.6944
1433	1433	-2.31814
1434	1434	-39.6895
1435	1435	39.0889
1436	1436	-31.7902
1437	1437	-19.6527
1438	1438	12.6818
1439	1439	26.4165
1440	1440	-20.3795
1441	1441	18.8678
1442	1442	15.5052
1443	1443	8.2702
1444	1444	-8.6069
1445	1445	4.25488
1446	1446	12.2204
1447	1447	-7.61542
1448	1448	6.08312
1449	1449	-8.75613
1450	1450	-16.8759
1451	1451	15.005
1452	1452	-3.15645
1453	1453	21.8278
1454	1454	-9.5469
1455	1455	11.3465
1456	1456	-9.41801
1457	1457	-3.1447
1458	1458	-14.8041
1459	1459	-10.4204
1460	1460	-5.35614
1461	1461	8.88484
1462	1462	2.57915
1463	1463	44.2803
1464	1464	30.5517
1465	1465	9.48399
1466	1466	-0.576901
1467	1467	-38.7685
1468	1468	27.213
1469	1469	-11.1468
1470	1470	-19.5293
1471	1471	6.2093
1472	1472	19.5589
1473	1473	-8.67143
1474	1474	30.089
1475	1475	39.6769
1476	1476	15.7921
1477	1477	5.57888
1478	1478	-13.626
1479	1479	14.1575
1480	1480	-20.3912
1481	1481	0.065809
1482	1482	14.422
1483	1483	-42.3115
1484	1484	-3.49833
1485	1485	37.6357
1486	1486	-10.9124
1487	1487	-36.4907
1488	1488	-2.75386
1489	1489	1.56596
1490	1490	0.0828936
1491	1491	-0.234904
1492	1492	24.8468
1493	1493	-7.94267
1494	1494	3.12097
1495	1495	-3.03088
1496	1496	2.38981
1497	1497	-11.4585
1498	1498	28.0416
1499	1499	32.3651
1500	1500	-49.4403
1501	1501	-6.37237
1502	1502	-28.6798
1503	1503	17.8215
1504	1504	0.147372
1505	1505	-28.7034
1506	1506	-12.9926
1507	1507	-10.0276
1508	1508	2.57059
1509	1509	-7.14264
1510	1510	18.4315
1511	1511	25.9329
1512	1512	-14.4615
1513	1513	-32.0271
1514	1514	-22.8013
1515	1515	5.35674
1516	1516	-11.7435
1517	1517	-35.4169
1518	1518	-13.3636
1519	1519	-32.1853
1520	1520	-42.2019
1521	1521	26.5067
1522	1522	-16.4506
1523	1523	8.54061
1524	1524	16.7359
1525	1525	-5.36967
1526	1526	-16.4332
1527	1527	-6.29107
1528	1528	0.873608
1529	1529	21.0722
1530	1530	2.16733
1531	1531	-19.2972
1532	1532	-15.9099
1533	1533	-29.1128
1534	1534	-15.4637
1535	1535	-20.8578
1536	1536	-28.164
1537	1537	0.0133713
1538	1538	26.507
1539	1539	18.8525
1540	1540	-12.0137
1541	1541	-9.18078
1542	1542	-24.5322
1543	1543	26.9968
1544	1544	20.7714
1545	1545	39.5512
1546	1546	18.8097
1547	1547	13.7099
1548	1548	35.0795
1549	1549	12.49
1550	1550	-30.3498
1551	1551	20.7864
1552	1552	-26.4448
1553	1553	26.7569
1554	1554	-17.7688
1555	1555	11.4963
1556	1556	23.7586
1557	1557	-3.15259
1558	1558	1.3343
1559	1559	19.1268
1560	1560	13.5033
1561	1561	5.09295
1562	1562	-19.9025
1563	1563	-49.7174
1564	1564	-10.8838
1565	1565	28.7718
1566	1566	-0.0339762
1567	1567	-4.28244
1568	1568	-2.98428
1569	1569	-21.2525
1570	1570	24.14
1571	1571	12.6991
1572	1572	-14.6183
1573	1573	6.20486
1574	1574	23.2463
1575	1575	-2.58404
1576	1576	-0.481702
1577	1577	-13.8753
1578	1578	-12.3129
1579	1579	-3.84128
1580	1580	-15.8284
1581	1581	25.6641
1582	1582	19.3623
1583	1583	-0.765307
1584	1584	-10.2613
1585	1585	-4.76437
1586	1586	23.3216
1587	1587	-9.56078
1588	1588	31.9277
1589	1589	14.9781
1590	1590	17.6929
1591	1591	-30.7505
1592	1592	19.2597
1593	1593	-0.179507
1594	1594	-16.5409
1595	1595	-12.4569
1596	1596	2.47001
1597	1597	-19.1003
1598	1598	8.51258
1599	1599	7.29044
1600	1600	-19.2678
1601	1601	14.1883
1602	1602	36.1657
1603	1603	-23.1147
1604	1604	26.3939
1605	1605	-22.0446
1606	1606	47.1881
1607	1607	23.4265
1608	1608	17.2821
1609	1609	-1.2528
1610	1610	-34.4342
1611	1611	-5.66952
1612	1612	-21.6885
1613	1613	-9.00797
1614	1614	-12.8268
1615	1615	10.6986
1616	1616	-2.45637
1617	1617	29.2104
1618	1618	-15.7907
1619	1619	-28.9415
1620	1620	4.70172
1621	1621	-13.0337
1622	1622	1.60544
1623	1623	31.9179
1624	1624	3.15535
1625	1625	26.7528
1626	1626	-7.3433
1627	1627	11.0527
1628	1628	-15.6613
1629	1629	-4.00746
1630	1630	-14.4383
1631	1631	-19.6322
1632	1632	-5.78635
1633	1633	-42.4343
1634	1634	-2.85069
1635	1635	15.9856
1636	1636	4.59759
1637	1637	-40.8551
1638	1638	-4.31533
1639	1639	53.5108
1640	1640	8.50325
1641	1641	-11.4855
1642	1642	-13.9793
1643	1643	28.297
1644	1644	18.7798
1645	1645	11.2884
1646	1646	-7.6122
1647	1647	-8.30089
1648	1648	-5.86926
1649	1649	-7.08956
1650	1650	18.3378
1651	1651	-5.02531
1652	1652	-19.2663
1653	1653	-8.41038
1654	1654	39.4263
1655	1655	8.94376
1656	1656	-13.9455
1657	1657	-28.717
1658	1658	13.1517
1659	1659	-8.3986
1660	1660	29.6505
1661	1661	27.5133
1662	1662	-47.3891
1663	1663	-0.558935
1664	1664	0.825089
1665	1665	3.95335
1666	1666	11.004
1667	1667	18.372
1668	1668	11.8065
1669	1669	2.14675
1670	1670	16.1608
1671	1671	19.9741
1672	1672	2.85006
1673	1673	-34.0279
1674	1674	23.269
1675	1675	18.8552
1676	1676	2.22884
1677	1677	-10.648
1678	1678	40.5318
1679	1679	11.9102
1680	1680	-0.0894246
1681	1681	14.0016
1682	1682	3.4139
1683	1683	11.5643
1684	1684	0.811927
1685	1685	-12.009
1686	1686	-17.6228
1687	1687	-26.0621
1688	1688	14.7472
1689	1689	-20.9205
1690	1690	8.56495
1691	1691	-10.5812
1692	1692	-13.9199
1693	1693	-9.39201
1694	1694	8.19437
1695	1695	21.9365
1696	1696	-42.0278
1697	1697	-13.6338
1698	1698	6.44473
1699	1699	9.72793
1700	1700	-20.2207
1701	1701	-5.04403
1702	1702	0.969932
1703	1703	-11.9006
1704	1704	12.8363
1705	1705	-29.3818
1706	1706	0.781818
1707	1707	39.2734
1708	1708	-7.96098
1709	1709	5.7142
1710	1710	-15.3811
1711	1711	-36.0982
1712	1712	-3.01903
1713	1713	28.2881
1714	1714	31.6576
1715	1715	14.9001
1716	1716	-21.0406
1717	1717	-0.698794
1718	1718	21.7049
1719	1719	7.65791
1720	1720	-0.0267361
1721	1721	30.5073
1722	1722	-5.32282
1723	1723	25.7478
1724	1724	20.7541
1725	1725	-15.4722
1726	1726	44.7601
1727	1727	-1.57357
1728	1728	-17.0568
1729	1729	19.9037
1730	1730	1.6894
1731	1731	20.6424
1732	1732	22.912
1733	1733	-15.8735
1734	1734	-35.2201
1735	1735	17.8103
1736	1736	37.4569
1737	1737	15.2151
1738	1738	-3.75153
1739	1739	3.90207
1740	1740	-8.624
1741	1741	31.1142
1742	1742	-24.2365
1743	1743	13.1043
1744	1744	5.07715
1745	1745	-5.8216
1746	1746	-26.4459
1747	1747	-24.9088
1748	1748	-20.1973
1749	1749	-2.01949
1750	1750	23.3318
1751	1751	-9.95414
1752	1752	-29.4255
1753	1753	33.2159
1754	1754	-18.1678
1755	1755	-29.1127
1756	1756	-2.48326
1757	1757	6.13487
1758	1758	13.7246
1759	1759	10.0997
1760	1760	4.60039
1761	1761	13.8796
1762	1762	9.72709
1763	1763	-0.485007
1764	1764	37.4118
1765	1765	35.9477
1766	1766	-51.9636
1767	1767	-23.981
1768	1768	7.34652
1769	1769	15.3809
1770	1770	-17.3284
1771	1771	16.9244
1772	1772	5.43419
1773	1773	8.15185
1774	1774	10.5005
1775	1775	-24.6297
1776	1776	22.2874
1777	1777	-8.80595
1778	1778	23.7449
1779	1779	-4.33289
1780	1780	9.61724
1781	1781	28.2649
1782	1782	18.248
1783	1783	-2.58123
1784	1784	-2.77096
1785	1785	2.20807
1786	1786	10.1398
1787	1787	63.9883
1788	1788	-2.85533
1789	1789	17.2475
1790	1790	-0.442264
1791	1791	27.8889
1792	1792	31.776
1793	1793	43.9861
1794	1794	21.0356
1795	1795	-2.54604
1796	1796	7.90537
1797	1797	-18.4038
1798	1798	9.37738
1799	1799	-8.42637
1800	1800	19.4662
1801	1801	23.1696
1802	1802	-0.528953
1803	1803	6.63396
1804	1804	15.4934
1805	1805	27.7683
1806	1806	26.8487
1807	1807	14.973
1808	1808	-48.1641
1809	1809	14.3574
1810	1810	16.0638
1811	1811	-9.92416
1812	1812	13.5493
1813	1813	-16.3184
1814	1814	-5.89238
1815	1815	9.64121
1816	1816	19.7672
1817	1817	2.92429
1818	1818	-2.00677
1819	1819	11.4223
1820	1820	-14.2752
1821	1821	-2.14178
1822	1822	27.4146
1823	1823	-6.73136
1824	1824	-4.08866
1825	1825	-22.3026
1826	1826	18.7617
1827	1827	23.1714
1828	1828	-19.1761
1829	1829	12.2675
1830	1830	12.052
1831	1831	-24.1004
1832	1832	-6.88081
1833	1833	-28.0443
1834	1834	20.9738
1835	1835	10.9988
1836	1836	27.1622
1837	1837	40.7221
1838	1838	38.1466
1839	1839	-15.6647
1840	1840	-21.5578
1841	1841	-25.2889
1842	1842	2.26761
1843	1843	21.7971
1844	1844	-13.1469
1845	1845	29.1607
1846	1846	-23.4429
1847	1847	34.8844
1848	1848	7.69279
1849	1849	-45.4226
1850	1850	7.25039
1851	1851	-6.90027
1852	1852	16.9512
1853	1853	18.9253
1854	1854	-29.9161
1855	1855	-19.3294
1856	1856	-27.008
1857	1857	-21.8472
1858	1858	38.3183
1859	1859	10.3933
1860	1860	-9.27992
1861	1861	6.86291
1862	1862	26.8589
1863	1863	-21.2776
1864	1864	20.309
1865	1865	31.0389
1866	1866	3.11656
1867	1867	26.4064
1868	1868	-29.4727
1869	1869	-7.43235
1870	1870	-8.95967
1871	1871	-5.57542
1872	1872	8.1054
1873	1873	-2.54003
1874	1874	1.22092
1875	1875	20.5263
1876	1876	-33.3831
1877	1877	28.6249
1878	1878	47.3666
1879	1879	-31.572
1880	1880	0.232547
1881	1881	-3.7073
1882	1882	29.7979
1883	1883	-30.1089
1884	1884	-4.25503
1885	1885	5.1101
1886	1886	-23.6025
1887	1887	17.5788
1888	1888	27.8399
1889	1889	-10.4346
1890	1890	25.3753
1891	1891	20.1724
1892	1892	2.6006
1893	1893	27.804
1894	1894	-29.6995
1895	1895	-27.6631
1896	1896	11.9232
1897	1897	12.2855
1898	1898	-24.9405
1899	1899	32.1052
1900	1900	40.3625
1901	1901	18.8141
1902	1902	18.9388
1903	1903	32.8777
1904	1904	-10.1467
1905	1905	10.2119
1906	1906	-26.0271
1907	1907	3.63109
1908	1908	27.6577
1909	1909	-14.0196
1910	1910	6.91599
1911	1911	2.46372
1912	1912	26.5314
1913	1913	53.1153
1914	1914	-14.0479
1915	1915	-38.3473
1916	1916	-24.1706
1917	1917	0.723148
1918	1918	-15.0373
1919	1919	21.6992
1920	1920	-12.0006
1921	1921	-24.6362
1922	1922	2.42172
1923	1923	-34.5598
1924	1924	6.3168
1925	1925	17.6319
1926	1926	39.6858
1927	1927	3.20847
1928	1928	-22.6283
1929	1929	-4.21911
1930	1930	2.87324
1931	1931	-16.8291
1932	1932	4.26472
1933	1933	-3.30991
1934	1934	18.28
1935	1935	-3.80215
1936	1936	-19.5933
1937	1937	-30.4019
1938	1938	13.2431
1939	1939	25.1068
1940	1940	21.649
1941	1941	43.27
1942	1942	13.0465
1943	1943	2.2145
1944	1944	1.22987
1945	1945	-15.821
1946	1946	-8.86865
1947	1947	24.1149
1948	1948	-30.01
1949	1949	33.8839
1950	1950	16.2981
1951	1951	48.9298
1952	1952	-14.7961
1953	1953	19.4128
1954	1954	7.84115
1955	1955	-26.5449
1956	1956	-0.330157
1957	1957	-23.5206
1958	1958	16.8293
1959	1959	-20.6578
1960	1960	-30.5573
1961	1961	-56.5068
1962	1962	5.46388
1963	1963	-4.44872
1964	1964	10.0525
1965	1965	11.8978
1966	1966	-26.9881
1967	1967	29.59
1968	1968	-2.34439
1969	1969	-10.2441
1970	1970	-49.9686
1971	1971	-5.08856
1972	1972	33.1008
1973	1973	-4.02813
1974	1974	-4.35612
1975	1975	-16.4453
1976	1976	-50.4625
1977	1977	15.1002
1978	1978	-17.5267
1979	1979	-0.840585
1980	1980	-4.66134
1981	1981	5.87659
1982	1982	-1.51491
1983	1983	-2.68844
1984	1984	-6.41423
1985	1985	-49.6681
1986	1986	-27.9799
1987	1987	-15.204
1988	1988	-6.62342
1989	1989	-14.7447
1990	1990	8.88025
1991	1991	0.863469
1992	1992	-5.66901
1993	1993	26.891
1994	1994	-21.051
1995	1995	-26.0145
1996	1996	21.1941
1997	1997	-20.4612
1998	1998	-15.4003
1999	1999	42.1577
2000	2000	-1.78074
2001	2001	-12.3187
2002	2002	-3.04746
2003	2003	-38.0123
2004	2004	-3.8574
2005	2005	-36.7911
2006	2006	29.9244
2007	2007	7.99597
2008	2008	-3.93046
2009	2009	19.826
2010	2010	-23.639
2011	2011	6.83099
2012	2012	-18.1754
2013	2013	5.08456
2014	2014	-20.1289
2015	2015	-17.1889
2016	2016	-20.4363
2017	2017	43.1846
2018	2018	22.245
2019	2019	-23.6736
2020	2020	-54.2222
2021	2021	5.64831
2022	2022	-4.39546
2023	2023	-25.2946
2024	2024	-9.95131
2025	2025	39.598
2026	2026	-21.2013
2027	2027	19.0922
2028	2028	1.64955
2029	2029	19.663
2030	2030	-0.350487
2031	2031	3.39592
2032	2032	22.7033
2033	2033	10.04
2034	2034	9.59824
2035	2035	32.8213
2036	2036	-2.86033
2037	2037	28.6028
2038	2038	-7.12137
2039	2039	-35.3228
2040	2040	-6.49349
2041	2041	4.12166
2042	2042	-15.0809
2043	2043	5.94228
2044	2044	-22.3591
2045	2045	2.38439
2046	2046	-6.55058
2047	2047	8.91241
2048	2048	-27.5272
2049	2049	30.5275
2050	2050	-36.3403
2051	2051	39.222
2052	2052	5.18416
2053	2053	-28.3399
2054	2054	29.011
2055	2055	-19.5847
2056	2056	10.8785
2057	2057	6.2958
2058	2058	55.5454
2059	2059	29.572
2060	2060	26.6924
2061	2061	-15.7026
2062	2062	-5.59101
2063	2063	-22.2117
2064	2064	17.8604
2065	2065	14.2806
2066	2066	26.1771
2067	2067	10.025
2068	2068	31.9282
2069	2069	14.6948
2070	2070	-17.5009
2071	2071	11.8282
2072	2072	-17.3555
2073	2073	4.31703
2074	2074	20.6732
2075	2075	-25.1421
2076	2076	17.7602
2077	2077	30.5497
2078	2078	25.9242
2079	2079	31.7715
2080	2080	-5.61651
2081	2081	20.9184
2082	2082	11.1582
2083	2083	24.9699
2084	2084	-41.0179
2085	2085	12.8613
2086	2086	6.28636
2087	2087	4.41613
2088	2088	11.2645
2089	2089	4.34826
2090	2090	17.2136
2091	2091	8.84494
2092	2092	12.1004
2093	2093	-3.92546
2094	2094	46.3997
2095	2095	-23.5479
2096	2096	10.1979
2097	2097	14.033
2098	2098	-26.85
2099	2099	-12.6909
2100	2100	-19.4233
2101	2101	26.4385
2102	2102	14.3954
2103	2103	-23.0901
2104	2104	-42.7309
2105	2105	-13.0981
2106	2106	50.1723
2107	2107	-50.1158
2108	2108	36.7835
2109	2109	10.8785
2110	2110	14.7434
2111	2111	-26.8254
2112	2112	23.5192
2113	2113	7.12815
2114	2114	-34.3312
2115	2115	3.83282
2116	2116	10.6664
2117	2117	10.1024
2118	2118	-52.4706
2119	2119	-41.9129
2120	2120	-55.6428
2121	2121	4.17376
2122	2122	13.7031
2123	2123	2.68299
2124	2124	1.96421
2125	2125	27.1272
2126	2126	34.113
2127	2127	12.8986
2128	2128	1.22209
2129	2129	-33.8763
2130	2130	-44.9925
2131	2131	38.2749
2132	2132	8.06549
2133	2133	-22.9213
2134	2134	-9.72768
2135	2135	-7.254
2136	2136	8.13048
2137	2137	36.337
2138	2138	-4.46969
2139	2139	-8.16482
2140	2140	-18.378
2141	2141	-14.0152
2142	2142	-30.6786
2143	2143	14.4713
2144	2144	-14.381
2145	2145	-22.917
2146	2146	-1.94399
2147	2147	-14.6974
2148	2148	-1.49687
2149	2149	-26.6539
2150	2150	-39.7535
2151	2151	17.666
2152	2152	29.6421
2153	2153	3.77567
2154	2154	1.62227
2155	2155	-51.8664
2156	2156	11.8129
2157	2157	9.93588
2158	2158	12.6202
2159	2159	-3.36967
2160	2160	-44.9248
2161	2161	-11.4819
2162	2162	-3.13849
2163	2163	-3.47322
2164	2164	-43.3235
2165	2165	4.10369
2166	2166	-38.7347
2167	2167	-31.6571
2168	2168	-3.68835
2169	2169	-13.323
2170	2170	13.4882
2171	2171	-29.4445
2172	2172	33.0035
2173	2173	-10.1851
2174	2174	3.70805
2175	2175	-5.99678
2176	2176	8.12266
2177	2177	11.1532
2178	2178	-14.1587
2179	2179	-17.55
2180	2180	0.597303
2181	2181	5.79499
2182	2182	-22.3123
2183	2183	34.4117
2184	2184	16.9398
2185	2185	-31.3533
2186	2186	11.7797
2187	2187	27.5286
2188	2188	-10.7082
2189	2189	-28.2576
2190	2190	-23.6196
2191	2191	-28.779
2192	2192	13.3945
2193	2193	5.03811
2194	2194	-6.62787
2195	2195	-23.2402
2196	2196	32.7315
2197	2197	-23.029
2198	2198	-16.5306
2199	2199	24.6774
2200	2200	23.7566
2201	2201	4.17368
2202	2202	-2.37576
2203	2203	22.9794
2204	2204	16.7293
2205	2205	-17.3957
2206	2206	14.1988
2207	2207	-13.0818
2208	2208	46.5089
2209	2209	-4.0678
2210	2210	2.17733
2211	2211	-42.0721
2212	2212	-5.61033
2213	2213	-26.3538
2214	2214	-0.952869
2215	2215	32.6765
2216	2216	2.01384
2217	2217	-6.57836
2218	2218	-11.254
2219	2219	17.3786
2220	2220	-12.0599
2221	2221	-0.477388
2222	2222	22.0023
2223	2223	1.332
2224	2224	0.155671
2225	2225	4.79259
2226	2226	-2.27739
2227	2227	-35.3724
2228	2228	-43.5953
2229	2229	-25.8391
2230	2230	8.50514
2231	2231	32.0987
2232	2232	2.60617
2233	2233	-6.93801
2234	2234	6.59855
2235	2235	-11.7343
2236	2236	-7.00911
2237	2237	-4.43529
2238	2238	-20.4439
2239	2239	16.4781
2240	2240	19.0229
2241	2241	20.4507
2242	2242	-10.06
2243	2243	30.6688
2244	2244	19.5877
2245	2245	14.0051
2246	2246	-17.6432
2247	2247	-8.97803
2248	2248	8.41836
2249	2249	18.9768
2250	2250	12.6528
2251	2251	-20.6361
2252	2252	14.6926
2253	2253	13.4466
2254	2254	8.82488
2255	2255	-15.6588
2256	2256	-43.2526
2257	2257	-9.07791
2258	2258	17.309
2259	2259	21.535
2260	2260	27.733
2261	2261	-6.04483
2262	2262	-36.585
2263	2263	-7.24935
2264	2264	-19.6955
2265	2265	-26.5724
2266	2266	10.8301
2267	2267	-20.3652
2268	2268	18.874
2269	2269	21.9213
2270	2270	7.54727
2271	2271	-16.4869
2272	2272	34.1764
2273	2273	-22.4543
2274	2274	-12.5862
2275	2275	-15.507
2276	2276	12.0957
2277	2277	16.8106
2278	2278	-9.49436
2279	2279	-1.79558
2280	2280	-7.78064
2281	2281	-29.1933
2282	2282	1.04362
2283	2283	-9.28118
2284	2284	7.42957
2285	2285	-10.5721
2286	2286	-28.5496
2287	2287	5.71923
2288	2288	-1.32707
2289	2289	4.10651
2290	2290	-25.4108
2291	2291	1.67496
2292	2292	5.21686
2293	2293	39.1529
2294	2294	14.1589
2295	2295	18.5945
2296	2296	23.5916
2297	2297	-30.8953
2298	2298	-7.08842
2299	2299	5.30827
2300	2300	3.55422
2301	2301	-12.0616
2302	2302	-14.6352
2303	2303	-18.9932
2304	2304	14.9841
2305	2305	13.6477
2306	2306	19.3374
2307	2307	0.836969
2308	2308	24.7383
2309	2309	9.6338
2310	2310	-14.0824
2311	2311	23.9739
2312	2312	-19.5703
2313	2313	-2.87287
2314	2314	33.7325
2315	2315	11.332
2316	2316	25.5591
2317	2317	21.5775
2318	2318	-1.47266
2319	2319	-20.3512
2320	2320	28.0402
2321	2321	34.2683
2322	2322	-0.909526
2323	2323	-2.39808
2324	2324	-3.99635
2325	2325	-8.30548
2326	2326	-7.05413
2327	2327	14.8799
2328	2328	-17.1578
2329	2329	25.6034
2330	2330	-16.9509
2331	2331	-10.5142
2332	2332	19.2015
2333	2333	33.3197
2334	2334	38.1396
2335	2335	-14.8315
2336	2336	2.41846
2337	2337	-11.6494
2338	2338	-20.6382
2339	2339	4.85101
2340	2340	19.1157
2341	2341	-21.5122
2342	2342	-11.8277
2343	2343	-34.6715
2344	2344	-13.4069
2345	2345	-4.18343
2346	2346	-18.0633
2347	2347	30.359
2348	2348	6.64525
2349	2349	19.5262
2350	2350	-21.247
2351	2351	41.7967
2352	2352	-8.48651
2353	2353	-6.78486
2354	2354	-28.9224
2355	2355	-12.4518
2356	2356	-2.23192
2357	2357	-15.8335
2358	2358	-4.97546
2359	2359	23.2477
2360	2360	15.5929
2361	2361	-15.6667
2362	2362	-2.89696
2363	2363	15.1782
2364	2364	-0.711327
2365	2365	-12.6588
2366	2366	-1.72568
2367	2367	24.2029
2368	2368	-18.7195
2369	2369	6.69116
2370	2370	3.08029
2371	2371	-23.0475
2372	2372	-6.33685
2373	2373	40.6267
2374	2374	-24.294
2375	2375	-23.6957
2376	2376	-9.63435
2377	2377	-12.8876
2378	2378	14.2626
2379	2379	-26.8913
2380	2380	-15.7626
2381	2381	-15.323
2382	2382	22.3351
2383	2383	8.7769
2384	2384	-21.8183
2385	2385	-34.6294
2386	2386	31.5157
2387	2387	6.92578
2388	2388	-12.0014
2389	2389	12.3083
2390	2390	6.07706
2391	2391	11.6483
2392	2392	-53.1507
2393	2393	15.3753
2394	2394	-5.24749
2395	2395	-22.4066
2396	2396	-19.4223
2397	2397	-29.6287
2398	2398	-14.3066
2399	2399	-35.4715
