variant	af	filter-pvalue	lrt-pvalue	beta	beta-std-err	variant_h2	notes
1_6_T_C	6.70E-01	1.23E-06	6.75E-01	9.89E-01	2.36E+00	6.06E-03	
1_252_C_G	4.02E-02	3.89E-44	1.84E-01	-6.56E+00	4.94E+00	1.92E-02	
1_265_A_T	8.65E-02	6.16E-100	3.38E-01	5.27E+00	5.50E+00	1.38E-02	
1_1432_T_C	7.67E-02	6.53E-32	7.07E-01	9.06E-01	2.41E+00	5.43E-03	
1_3527_G_A	5.87E-01	4.51E-71	5.10E-01	1.63E+00	2.48E+00	9.50E-03	
1_4184_T_G	4.71E-02	7.74E-45	7.55E-01	-1.16E+00	3.72E+00	4.51E-03	
1_5473_T_C	1.50E-01	6.90E-112	6.34E-01	1.51E+00	3.17E+00	6.87E-03	
1_5894_T_C	1.06E-01	7.08E-107	1.96E-01	3.81E+00	2.95E+00	1.87E-02	
1_6362_G_T	5.50E-02	2.84E-16	3.34E-03	2.64E+01	8.99E+00	4.23E-02	
1_9546_T_A	9.11E-01	1.13E-101	5.92E-01	-1.39E+00	2.60E+00	7.73E-03	
1_11111_C_A	2.63E-01	5.27E-02	7.97E-01	-7.50E-01	2.91E+00	3.72E-03	
1_11881_C_T	1.13E-01	1.66E-88	9.35E-01	2.49E-01	3.07E+00	1.17E-03	
1_12141_C_T	3.62E-02	2.15E-23	1.18E-01	-1.20E+01	7.68E+00	2.25E-02	
1_12540_G_C	1.33E-02	1.45E-16	6.88E-01	-2.69E+00	6.71E+00	5.79E-03	
1_14590_C_G	5.79E-02	6.34E-04	6.55E-01	-1.52E+00	3.39E+00	6.44E-03	
1_15288_C_T	5.71E-02	2.02E-72	1.09E-02	8.71E+00	3.42E+00	3.68E-02	
1_15318_G_A	6.57E-01	2.46E-06	7.46E-01	-7.22E-01	2.23E+00	4.68E-03	
1_17616_A_C	1.20E-01	7.36E-19	7.78E-01	-6.72E-01	2.38E+00	4.08E-03	
1_18448_G_A	2.17E-01	6.22E-61	3.76E-01	-2.88E+00	3.25E+00	1.28E-02	
1_19834_C_G	4.38E-01	1.61E-73	5.95E-01	1.80E+00	3.38E+00	7.68E-03	
1_22021_T_G	3.25E-01	1.68E-77	7.31E-01	-8.20E-01	2.39E+00	4.96E-03	
1_23611_T_C	1.38E-01	1.57E-02	3.47E-01	4.97E+00	5.28E+00	1.36E-02	
1_23797_T_C	6.74E-01	6.69E-13	9.43E-01	-1.51E-01	2.10E+00	1.03E-03	
1_24756_G_A	4.35E-02	5.69E-11	7.29E-01	1.95E+00	5.61E+00	5.01E-03	
1_24909_G_C	4.46E-01	4.64E-25	7.93E-01	5.97E-01	2.27E+00	3.79E-03	
1_25152_A_C	8.79E-02	1.48E-81	5.90E-01	2.27E+00	4.21E+00	7.78E-03	
1_28800_C_T	4.75E-01	5.33E-01	8.02E-01	-6.44E-01	2.56E+00	3.63E-03	
1_29978_T_A	7.04E-02	5.49E-04	3.81E-01	3.43E+00	3.91E+00	1.27E-02	
1_31157_C_A	8.43E-01	2.45E-02	4.12E-01	-2.23E+00	2.72E+00	1.18E-02	
1_33894_C_G	3.62E-01	6.62E-62	7.23E-01	8.90E-01	2.51E+00	5.11E-03	
1_34858_T_C	1.12E-02	6.19E-01	5.54E-01	2.87E+00	4.84E+00	8.54E-03	
1_35460_T_C	3.68E-01	1.24E-73	6.51E-01	1.09E+00	2.41E+00	6.53E-03	
1_35946_G_C	1.97E-01	8.49E-02	5.82E-02	-4.26E+00	2.25E+00	2.73E-02	
1_36460_T_C	2.05E-01	1.02E-03	9.77E-02	-3.75E+00	2.26E+00	2.39E-02	
1_37284_C_A	1.25E-02	6.93E-01	2.29E-02	1.21E+01	5.31E+00	3.28E-02	
1_37680_C_A	5.31E-02	1.72E-18	6.86E-01	1.58E+00	3.92E+00	5.83E-03	
1_37772_G_T	5.33E-02	1.20E-18	3.80E-01	3.34E+00	3.80E+00	1.27E-02	
1_38197_C_A	1.42E-02	1.92E-21	4.17E-01	-5.27E+00	6.49E+00	1.17E-02	
1_39843_G_A	2.81E-02	4.29E-28	5.42E-01	-2.49E+00	4.09E+00	8.81E-03	
1_40343_T_A	2.77E-02	1.12E-27	5.32E-01	-2.57E+00	4.11E+00	9.03E-03	
1_41750_C_T	2.61E-01	2.00E-02	8.44E-01	4.31E-01	2.18E+00	2.85E-03	
1_41912_T_A	5.62E-01	1.66E-23	4.07E-01	1.72E+00	2.08E+00	1.20E-02	
1_42230_C_A	9.96E-02	3.41E-28	3.79E-01	-2.84E+00	3.22E+00	1.27E-02	
1_43232_T_A	4.53E-01	1.97E-01	5.61E-01	-1.31E+00	2.25E+00	8.40E-03	
1_44152_C_A	3.48E-01	2.12E-15	3.17E-03	6.09E+00	2.06E+00	4.26E-02	
1_45382_A_T	1.96E-02	2.92E-26	7.29E-01	-2.39E+00	6.89E+00	5.00E-03	
1_45910_C_A	5.17E-01	6.17E-14	5.12E-02	-3.94E+00	2.02E+00	2.81E-02	
1_46677_A_G	5.73E-01	1.06E-01	6.08E-01	-1.02E+00	2.00E+00	7.41E-03	
1_47768_A_C	5.11E-01	3.08E-145	7.53E-01	7.17E-01	2.28E+00	4.54E-03	
1_48559_C_A	2.11E-01	5.33E-04	2.01E-01	-2.85E+00	2.23E+00	1.85E-02	
1_50384_A_T	1.26E-01	8.90E-36	2.65E-01	-3.50E+00	3.14E+00	1.61E-02	
1_53382_C_A	1.33E-02	1.45E-16	6.88E-01	-2.69E+00	6.71E+00	5.79E-03	
1_55459_T_G	6.28E-01	6.19E-01	3.66E-01	-2.11E+00	2.34E+00	1.30E-02	
1_56591_A_C	2.92E-01	6.55E-43	7.80E-01	-6.39E-01	2.29E+00	4.03E-03	
1_58915_T_A	8.84E-01	9.45E-92	7.61E-01	9.52E-01	3.13E+00	4.38E-03	
1_59344_T_A	1.31E-02	1.56E-11	8.08E-01	-2.08E+00	8.55E+00	3.51E-03	
1_61960_G_A	1.90E-02	5.63E-08	5.40E-01	2.54E+00	4.14E+00	8.85E-03	
1_62824_C_G	2.17E-02	8.06E-13	8.04E-01	1.41E+00	5.68E+00	3.58E-03	
1_63484_G_T	4.96E-01	5.11E-99	5.27E-01	1.46E+00	2.31E+00	9.12E-03	
1_64669_T_C	7.52E-02	1.26E-76	5.78E-01	2.92E+00	5.24E+00	8.03E-03	
1_64777_G_A	6.50E-02	1.95E-06	7.75E-01	-8.87E-01	3.11E+00	4.12E-03	
1_65044_C_A	3.44E-02	1.69E-37	2.96E-01	5.25E+00	5.02E+00	1.51E-02	
1_66541_G_C	5.75E-02	3.03E-24	3.93E-01	-3.31E+00	3.87E+00	1.23E-02	
1_66576_C_T	7.52E-02	2.84E-58	4.04E-01	-6.08E+00	7.28E+00	1.21E-02	
1_67044_G_A	3.42E-01	2.23E-51	4.81E-01	1.76E+00	2.51E+00	1.02E-02	
1_67152_T_A	1.24E-01	1.15E-02	3.80E-01	2.84E+00	3.24E+00	1.27E-02	
1_67320_C_A	1.08E-01	3.21E-112	3.82E-01	7.39E+00	8.44E+00	1.26E-02	
1_68004_A_C	1.19E-02	1.98E-10	5.08E-01	4.97E+00	7.51E+00	9.56E-03	
1_69388_G_C	2.37E-01	2.30E-09	4.09E-01	2.31E+00	2.80E+00	1.19E-02	
1_69525_G_T	2.75E-01	5.01E-106	3.35E-01	2.39E+00	2.48E+00	1.39E-02	
1_71958_G_A	1.70E-01	2.45E-01	8.54E-01	4.12E-01	2.23E+00	2.66E-03	
1_73580_C_T	6.70E-01	1.96E-14	1.62E-01	3.05E+00	2.18E+00	2.02E-02	
1_74727_C_G	8.56E-02	1.01E-37	6.24E-01	-1.35E+00	2.76E+00	7.07E-03	
1_75209_A_T	3.90E-01	3.07E-17	7.36E-01	-7.16E-01	2.13E+00	4.86E-03	
1_75820_T_C	4.16E-01	2.90E-21	6.14E-01	-1.04E+00	2.06E+00	7.27E-03	
1_76613_C_A	1.11E-01	1.47E-106	1.50E-01	4.40E+00	3.06E+00	2.08E-02	
1_77411_A_T	1.68E-01	8.10E-05	2.14E-03	7.34E+00	2.39E+00	4.43E-02	
1_79880_T_C	8.97E-01	1.60E-38	9.51E-01	1.89E-01	3.08E+00	8.87E-04	
1_80973_G_C	9.83E-02	1.89E-70	9.96E-01	-2.24E-02	5.05E+00	6.41E-05	
1_81153_A_C	2.88E-02	3.10E-11	5.27E-01	2.89E+00	4.56E+00	9.13E-03	
1_81229_G_A	2.50E-02	2.51E-14	6.78E-01	-1.39E+00	3.34E+00	5.99E-03	
1_82192_A_C	1.95E-01	6.94E-96	6.69E-01	-9.80E-01	2.30E+00	6.16E-03	
1_82545_G_A	5.21E-02	4.83E-14	4.81E-01	-4.88E+00	6.92E+00	1.02E-02	
1_83333_A_C	1.81E-02	7.63E-27	6.21E-01	4.03E+00	8.16E+00	7.13E-03	
1_84221_G_T	3.57E-01	1.20E-106	9.26E-02	3.58E+00	2.13E+00	2.43E-02	
1_86608_A_G	1.08E-01	1.49E-112	8.45E-01	9.85E-01	5.05E+00	2.81E-03	
1_87164_C_A	4.79E-02	1.58E-04	5.65E-01	2.87E+00	4.99E+00	8.31E-03	
1_88281_G_A	5.35E-01	1.86E-01	8.91E-01	-3.28E-01	2.39E+00	1.98E-03	
1_91477_G_A	7.10E-01	6.20E-18	2.94E-01	-2.02E+00	1.92E+00	1.51E-02	
1_93934_A_C	5.87E-02	8.92E-23	9.98E-01	-8.26E-03	2.93E+00	4.07E-05	
1_94260_A_T	2.79E-01	1.23E-24	8.67E-01	-3.82E-01	2.28E+00	2.42E-03	
1_95129_T_C	1.10E-01	1.28E-80	9.14E-02	-4.82E+00	2.86E+00	2.44E-02	
1_95495_A_C	2.17E-01	6.92E-67	5.00E-01	-1.65E+00	2.45E+00	9.74E-03	
1_99066_G_T	1.15E-02	7.34E-19	2.63E-01	5.06E+00	4.52E+00	1.62E-02	
1_99882_G_C	3.36E-01	1.39E-80	7.23E-01	7.35E-01	2.08E+00	5.11E-03	
1_100254_A_C	4.27E-02	2.31E-09	1.70E-01	-4.48E+00	3.26E+00	1.98E-02	
1_102316_C_A	6.86E-01	2.70E-01	8.97E-02	3.53E+00	2.08E+00	2.45E-02	
1_102430_G_C	8.29E-02	3.37E-01	7.01E-01	-3.40E+00	8.84E+00	5.55E-03	
1_102490_C_T	5.48E-02	4.71E-16	1.82E-01	1.55E+01	1.16E+01	1.93E-02	
1_103470_C_G	5.25E-02	1.61E-14	5.43E-01	5.76E+00	9.47E+00	8.77E-03	
1_103792_A_T	9.19E-01	3.99E-98	7.05E-01	1.10E+00	2.91E+00	5.46E-03	
1_108308_T_G	2.03E-01	2.14E-44	9.21E-01	-2.61E-01	2.64E+00	1.43E-03	
1_108474_A_T	2.25E-02	6.42E-01	6.90E-01	1.96E+00	4.91E+00	5.76E-03	
1_109236_G_C	1.31E-02	1.17E-01	6.39E-01	-1.95E+00	4.16E+00	6.77E-03	
1_109601_G_C	4.56E-02	8.71E-49	1.20E-01	9.36E+00	6.02E+00	2.24E-02	
1_113479_T_G	1.44E-01	1.34E-105	9.25E-01	3.32E-01	3.54E+00	1.35E-03	
1_113888_C_G	6.74E-01	2.08E-06	9.48E-01	-1.50E-01	2.32E+00	9.37E-04	
1_114699_A_C	1.01E-01	5.35E-67	9.83E-01	7.06E-02	3.31E+00	3.08E-04	
1_114717_G_A	1.79E-02	5.27E-10	7.54E-01	-1.19E+00	3.81E+00	4.53E-03	
1_115309_A_G	4.75E-02	5.79E-58	1.98E-02	9.82E+00	4.21E+00	3.36E-02	
1_116011_G_A	3.72E-01	4.19E-136	3.65E-06	9.10E+00	1.96E+00	6.68E-02	
1_116825_C_T	3.22E-01	2.23E-03	6.78E-01	-1.20E+00	2.88E+00	5.99E-03	
1_117697_G_A	3.18E-01	6.63E-68	3.06E-01	-2.19E+00	2.13E+00	1.48E-02	
1_121121_C_A	1.19E-01	2.41E-02	8.95E-01	-2.90E-01	2.20E+00	1.90E-03	
1_122486_A_G	3.80E-01	6.07E-37	8.03E-01	5.78E-01	2.32E+00	3.59E-03	
1_122622_C_G	1.71E-01	3.75E-08	5.01E-01	-2.06E+00	3.06E+00	9.72E-03	
1_123191_T_C	2.85E-01	3.91E-36	4.22E-01	-1.78E+00	2.22E+00	1.16E-02	
1_123229_C_T	4.42E-01	3.04E-21	8.51E-01	-4.10E-01	2.19E+00	2.71E-03	
1_123707_A_G	1.02E-01	1.10E-05	9.81E-01	-8.51E-02	3.55E+00	3.46E-04	
1_124741_C_A	1.46E-01	2.91E-27	6.22E-01	1.38E+00	2.80E+00	7.11E-03	
1_124753_C_G	1.10E-01	7.40E-89	5.24E-01	-2.16E+00	3.39E+00	9.21E-03	
1_125010_A_C	3.41E-01	3.78E-64	6.72E-01	-1.36E+00	3.22E+00	6.12E-03	
1_125633_A_T	5.94E-02	7.75E-40	6.31E-01	1.35E+00	2.81E+00	6.94E-03	
1_125648_A_T	7.58E-02	8.22E-56	3.21E-01	-5.52E+00	5.57E+00	1.43E-02	
1_125883_T_C	1.60E-02	5.29E-16	6.73E-01	1.65E+00	3.92E+00	6.09E-03	
1_126149_A_T	7.97E-01	3.39E-02	4.80E-01	-1.63E+00	2.31E+00	1.02E-02	
1_126506_G_C	1.41E-01	1.83E-23	1.00E-01	-3.90E+00	2.37E+00	2.37E-02	
1_126510_A_T	4.58E-02	1.54E-02	2.81E-01	-3.57E+00	3.30E+00	1.56E-02	
1_126828_G_T	2.15E-01	1.87E-132	1.97E-01	4.20E+00	3.26E+00	1.86E-02	
1_127212_T_C	9.52E-01	9.11E-70	2.90E-01	6.73E+00	6.36E+00	1.53E-02	
1_127303_A_G	1.45E-01	6.77E-09	9.02E-01	-3.14E-01	2.54E+00	1.78E-03	
1_127968_C_G	7.62E-02	3.96E-51	6.80E-01	-1.89E+00	4.59E+00	5.96E-03	
1_128715_G_C	3.60E-01	1.49E-66	6.94E-01	9.54E-01	2.43E+00	5.67E-03	
1_128964_T_A	3.08E-02	4.80E-20	5.64E-01	3.56E+00	6.17E+00	8.34E-03	
1_131819_T_G	1.04E-01	4.78E-55	7.32E-01	-1.15E+00	3.35E+00	4.94E-03	
1_131958_G_T	7.46E-02	1.75E-82	9.99E-01	5.30E-03	3.53E+00	2.17E-05	
1_132584_C_A	4.25E-02	6.52E-01	4.66E-01	2.12E+00	2.91E+00	1.05E-02	
1_133496_A_T	1.67E-01	6.32E-18	7.84E-01	6.37E-01	2.32E+00	3.96E-03	
1_134044_A_T	1.50E-01	1.95E-127	8.94E-01	4.23E-01	3.17E+00	1.93E-03	
1_134323_A_T	3.96E-01	6.97E-02	6.85E-01	9.25E-01	2.28E+00	5.85E-03	
1_134784_A_T	1.92E-01	2.90E-50	1.74E-01	-3.53E+00	2.59E+00	1.96E-02	
1_135075_T_A	5.20E-01	9.09E-40	1.98E-01	-2.98E+00	2.31E+00	1.86E-02	
1_135216_T_G	1.52E-02	2.26E-13	6.73E-01	-1.56E+00	3.70E+00	6.09E-03	
1_135632_G_C	4.35E-02	2.62E-36	2.44E-01	4.55E+00	3.90E+00	1.68E-02	
1_135770_A_T	2.50E-02	8.01E-27	4.79E-02	-9.57E+00	4.84E+00	2.86E-02	
1_138320_C_G	1.02E-01	9.56E-36	1.28E-01	5.36E+00	3.52E+00	2.20E-02	
1_139891_C_T	9.19E-02	5.70E-07	1.66E-01	3.97E+00	2.86E+00	2.00E-02	
1_140534_T_A	5.04E-01	6.28E-25	9.02E-01	-3.16E-01	2.58E+00	1.77E-03	
1_140609_T_A	2.84E-01	6.37E-07	2.78E-01	2.10E+00	1.93E+00	1.57E-02	
1_141168_C_A	1.89E-01	4.08E-03	7.78E-01	8.81E-01	3.13E+00	4.06E-03	
1_141510_G_T	2.83E-01	4.41E-03	9.18E-01	2.45E-01	2.39E+00	1.48E-03	
1_141589_C_T	8.96E-02	5.41E-11	2.03E-01	-3.22E+00	2.53E+00	1.84E-02	
1_143269_A_C	1.63E-01	4.12E-08	2.75E-01	-3.83E+00	3.51E+00	1.58E-02	
1_144994_A_T	1.31E-02	1.56E-11	8.08E-01	-2.08E+00	8.55E+00	3.51E-03	
1_145286_G_A	1.48E-01	6.28E-02	8.16E-01	5.57E-01	2.39E+00	3.37E-03	
1_146571_C_G	1.09E-01	6.77E-103	4.65E-01	2.03E+00	2.77E+00	1.06E-02	
1_149829_T_C	3.24E-01	5.78E-73	6.68E-01	9.86E-01	2.30E+00	6.19E-03	
1_150085_T_C	1.67E-02	1.80E-22	8.45E-01	1.58E+00	8.05E+00	2.83E-03	
1_150190_A_T	5.46E-02	1.77E-18	2.12E-01	1.42E+01	1.14E+01	1.80E-02	
1_155044_A_G	8.81E-02	1.44E-15	4.50E-01	1.84E+00	2.43E+00	1.09E-02	
1_155725_T_G	3.34E-01	8.12E-33	6.08E-01	1.24E+00	2.41E+00	7.41E-03	
1_159492_A_T	1.30E-01	5.83E-16	4.29E-01	-1.77E+00	2.24E+00	1.14E-02	
1_159568_T_G	3.30E-01	4.05E-19	6.25E-01	-1.41E+00	2.89E+00	7.05E-03	
1_159846_C_T	3.01E-01	5.83E-02	2.32E-01	2.53E+00	2.11E+00	1.73E-02	
1_160814_G_A	1.31E-02	1.56E-11	8.08E-01	-2.08E+00	8.55E+00	3.51E-03	
1_161154_T_A	9.51E-01	1.59E-65	8.81E-01	7.28E-01	4.88E+00	2.16E-03	
1_161372_C_G	1.31E-01	2.14E-45	1.44E-01	-4.07E+00	2.78E+00	2.11E-02	
1_165517_A_G	6.75E-02	2.74E-08	1.94E-01	4.55E+00	3.50E+00	1.88E-02	
1_165874_C_T	4.92E-02	6.73E-12	2.29E-01	-4.34E+00	3.61E+00	1.74E-02	
1_168846_A_T	5.11E-01	4.47E-50	5.94E-01	-1.24E+00	2.32E+00	7.71E-03	
1_169069_G_T	1.71E-02	5.03E-13	7.50E-01	-1.02E+00	3.20E+00	4.61E-03	
1_171777_C_A	6.37E-01	9.44E-72	9.65E-01	1.07E-01	2.41E+00	6.39E-04	
1_172110_T_A	1.94E-02	9.73E-02	3.99E-01	2.91E+00	3.45E+00	1.22E-02	
1_172837_A_C	2.90E-01	2.77E-15	1.06E-01	3.27E+00	2.03E+00	2.33E-02	
1_174477_T_G	8.73E-02	5.24E-101	1.87E-01	1.33E+01	1.00E+01	1.91E-02	
1_175191_G_C	8.33E-02	3.02E-08	1.22E-01	6.43E+00	4.16E+00	2.23E-02	
1_180147_G_C	7.06E-01	1.30E-01	5.89E-01	-1.13E+00	2.09E+00	7.80E-03	
1_180565_A_T	4.42E-02	1.76E-15	1.93E-01	-6.22E+00	4.78E+00	1.88E-02	
1_180947_C_T	8.02E-01	8.85E-92	1.28E-01	3.76E+00	2.46E+00	2.20E-02	
1_181358_C_T	1.56E-01	8.59E-01	5.06E-01	-1.75E+00	2.63E+00	9.59E-03	
1_182668_G_C	2.78E-01	4.41E-01	5.03E-01	1.46E+00	2.18E+00	9.67E-03	
1_184241_A_T	3.64E-01	3.44E-27	7.20E-01	7.79E-01	2.17E+00	5.18E-03	
1_187260_C_G	5.44E-02	4.15E-35	5.22E-02	7.73E+00	3.98E+00	2.80E-02	
1_188029_T_C	2.06E-02	2.03E-12	8.22E-01	2.41E+00	1.07E+01	3.24E-03	
1_188116_C_T	1.63E-01	1.41E-41	2.57E-01	2.88E+00	2.54E+00	1.64E-02	
1_188686_C_G	1.49E-01	4.35E-07	8.50E-01	6.97E-01	3.69E+00	2.73E-03	
1_189214_T_C	5.37E-02	2.40E-17	1.59E-01	-9.07E+00	6.44E+00	2.03E-02	
1_190090_T_G	8.65E-02	9.95E-08	6.85E-01	1.80E+00	4.45E+00	5.85E-03	
1_190869_C_G	1.50E-01	1.75E-04	1.25E-01	-3.66E+00	2.39E+00	2.21E-02	
1_191248_T_G	3.69E-02	2.50E-33	8.78E-01	3.90E-01	2.54E+00	2.22E-03	
1_191765_A_C	4.03E-01	4.48E-10	1.97E-01	2.54E+00	1.97E+00	1.86E-02	
1_194689_G_C	1.74E-01	4.89E-04	5.00E-01	1.60E+00	2.37E+00	9.74E-03	
1_195611_C_A	2.28E-01	1.20E-01	8.76E-01	4.76E-01	3.04E+00	2.26E-03	
1_196502_G_C	2.00E-01	7.56E-11	3.77E-01	-2.98E+00	3.37E+00	1.28E-02	
1_197075_T_A	1.31E-02	6.21E-11	4.59E-01	3.98E+00	5.37E+00	1.07E-02	
1_197867_T_A	1.33E-01	2.37E-04	2.31E-01	3.33E+00	2.78E+00	1.73E-02	
1_198690_G_T	1.06E-01	2.05E-95	2.52E-01	-3.43E+00	2.99E+00	1.65E-02	
1_198798_A_C	8.13E-01	2.13E-32	5.32E-01	1.54E+00	2.46E+00	9.02E-03	
1_200811_T_C	1.48E-01	4.39E-02	4.00E-01	2.39E+00	2.84E+00	1.21E-02	
1_201148_C_G	5.90E-01	5.42E-37	6.41E-01	1.35E+00	2.90E+00	6.74E-03	
1_202331_C_A	7.22E-01	1.04E-01	4.38E-01	-1.65E+00	2.12E+00	1.12E-02	
1_202752_T_C	3.90E-02	1.04E-48	6.89E-01	1.07E+00	2.68E+00	5.77E-03	
1_203240_A_T	1.66E-01	1.45E-05	3.95E-01	2.37E+00	2.78E+00	1.23E-02	
1_204394_C_T	1.77E-01	1.69E-28	6.56E-01	-1.62E+00	3.63E+00	6.42E-03	
1_204436_G_A	2.09E-01	2.12E-12	6.44E-01	1.21E+00	2.61E+00	6.67E-03	
1_205358_G_A	2.35E-01	1.10E-03	5.47E-01	-1.48E+00	2.46E+00	8.69E-03	
1_205392_C_T	3.47E-01	8.15E-52	1.15E-01	3.30E+00	2.09E+00	2.27E-02	
1_206210_C_G	5.65E-02	1.06E-19	8.03E-02	9.16E+00	5.24E+00	2.52E-02	
1_208305_T_A	2.46E-01	3.45E-66	2.08E-02	5.01E+00	2.17E+00	3.34E-02	
1_208519_G_C	4.88E-02	1.89E-13	1.20E-01	-6.15E+00	3.95E+00	2.25E-02	
1_210010_C_G	1.04E-02	2.74E-12	7.93E-01	-1.48E+00	5.61E+00	3.80E-03	
1_210328_A_T	6.85E-01	1.95E-22	3.97E-01	1.83E+00	2.16E+00	1.22E-02	
1_210915_A_T	1.73E-02	4.41E-01	5.00E-01	-5.61E+00	8.33E+00	9.73E-03	
1_213662_G_C	4.74E-01	1.25E-01	9.06E-01	-2.51E-01	2.13E+00	1.70E-03	
1_214058_A_C	2.06E-02	2.03E-12	8.22E-01	2.41E+00	1.07E+01	3.24E-03	
1_216442_A_G	9.90E-02	2.87E-22	3.26E-01	-6.21E+00	6.32E+00	1.42E-02	
1_218228_A_C	7.97E-01	8.09E-205	6.41E-01	1.23E+00	2.63E+00	6.72E-03	
1_221424_G_C	6.56E-02	6.24E-58	9.84E-01	7.10E-02	3.57E+00	2.87E-04	
1_223613_G_T	2.75E-02	4.34E-22	1.55E-01	6.30E+00	4.42E+00	2.05E-02	
1_223809_A_G	4.58E-02	6.75E-12	1.69E-01	-4.04E+00	2.94E+00	1.99E-02	
1_224419_A_C	5.25E-02	1.61E-14	5.43E-01	5.76E+00	9.47E+00	8.77E-03	
1_224560_T_G	7.67E-01	7.98E-35	6.28E-01	-1.59E+00	3.28E+00	6.99E-03	
1_225078_G_C	1.96E-02	3.60E-27	7.81E-01	-1.57E+00	5.64E+00	4.02E-03	
1_225812_A_G	4.88E-02	6.47E-67	9.73E-02	1.04E+01	6.29E+00	2.39E-02	
1_227327_C_T	5.77E-02	1.39E-63	9.68E-01	-1.98E-01	4.98E+00	5.73E-04	
1_227357_T_C	2.81E-02	1.08E-30	6.78E-02	-2.10E+01	1.15E+01	2.64E-02	
1_227560_A_G	8.27E-01	4.15E-02	6.35E-01	1.22E+00	2.56E+00	6.85E-03	
1_228801_T_C	1.12E-02	6.09E-10	2.82E-01	-4.74E+00	4.41E+00	1.55E-02	
1_229074_C_A	6.85E-02	2.99E-02	6.44E-01	-1.23E+00	2.67E+00	6.67E-03	
1_229142_A_T	2.46E-02	4.11E-03	5.60E-01	-1.89E+00	3.24E+00	8.41E-03	
1_230574_G_T	5.44E-02	1.90E-18	1.19E-01	1.39E+01	8.93E+00	2.25E-02	
1_230621_A_G	2.43E-01	1.22E-29	3.51E-01	2.52E+00	2.70E+00	1.35E-02	
1_231418_G_T	6.77E-01	2.53E-138	6.66E-01	-9.43E-01	2.19E+00	6.22E-03	
1_232319_G_C	3.61E-01	3.00E-12	9.96E-01	9.33E-03	1.79E+00	7.54E-05	
1_233127_G_T	4.52E-02	7.55E-10	7.09E-01	1.23E+00	3.28E+00	5.39E-03	
1_234363_A_C	2.46E-01	1.24E-36	8.99E-01	2.70E-01	2.14E+00	1.83E-03	
1_234584_G_T	2.47E-01	5.92E-154	7.97E-01	5.20E-01	2.03E+00	3.71E-03	
1_235372_T_G	2.62E-01	9.17E-01	1.56E-02	5.25E+00	2.17E+00	3.49E-02	
1_235582_C_A	2.35E-01	1.07E-15	6.93E-01	8.86E-01	2.24E+00	5.70E-03	
1_236199_T_C	1.35E-01	5.22E-91	5.68E-01	1.36E+00	2.38E+00	8.25E-03	
1_242135_C_A	7.35E-02	5.67E-57	4.01E-01	-4.02E+00	4.79E+00	1.21E-02	
1_242262_G_T	7.60E-01	2.07E-19	7.15E-01	-7.99E-01	2.19E+00	5.26E-03	
1_243206_G_A	7.98E-01	2.27E-63	6.72E-01	8.96E-01	2.12E+00	6.11E-03	
1_244906_C_A	2.25E-01	3.07E-07	8.48E-01	5.16E-01	2.69E+00	2.77E-03	
1_247430_T_G	2.49E-01	1.24E-21	2.38E-01	2.29E+00	1.94E+00	1.70E-02	
1_247594_A_C	5.76E-01	1.46E-19	5.95E-01	-1.06E+00	1.99E+00	7.68E-03	
1_250301_G_T	1.94E-01	2.27E-109	1.07E-01	3.46E+00	2.15E+00	2.33E-02	
1_251198_T_G	5.44E-02	5.36E-16	2.82E-01	8.29E+00	7.71E+00	1.55E-02	
1_251964_T_G	4.25E-01	3.00E-142	5.46E-01	-1.10E+00	1.82E+00	8.71E-03	
1_252613_G_C	1.67E-02	1.80E-22	8.45E-01	1.58E+00	8.05E+00	2.83E-03	
1_253067_T_C	6.17E-01	2.03E-13	6.73E-01	7.50E-01	1.77E+00	6.10E-03	
1_254002_G_T	2.08E-02	2.71E-04	4.60E-01	-4.20E+00	5.69E+00	1.07E-02	
1_254903_T_A	9.21E-01	2.47E-114	4.43E-01	3.29E+00	4.29E+00	1.11E-02	
1_254939_T_G	3.02E-01	1.75E-01	8.94E-01	4.29E-01	3.22E+00	1.92E-03	
1_255263_G_A	1.31E-02	1.56E-11	8.08E-01	-2.08E+00	8.55E+00	3.51E-03	
1_256276_G_C	1.80E-01	1.26E-25	8.13E-01	8.96E-01	3.78E+00	3.42E-03	
1_257775_C_G	3.73E-02	1.73E-10	8.44E-01	6.83E-01	3.47E+00	2.84E-03	
1_258973_C_A	1.32E-01	3.66E-17	1.23E-01	-5.10E+00	3.31E+00	2.22E-02	
1_259860_A_G	2.81E-02	1.08E-30	6.78E-02	-2.10E+01	1.15E+01	2.64E-02	
1_260916_G_T	2.62E-01	2.58E-45	9.61E-01	1.24E-01	2.50E+00	7.14E-04	
1_264470_A_C	4.08E-02	4.01E-25	7.53E-01	2.38E+00	7.56E+00	4.55E-03	
1_264635_G_T	1.25E-01	7.34E-86	1.87E-01	-3.56E+00	2.70E+00	1.90E-02	
1_266530_T_C	1.33E-02	3.26E-10	9.77E-01	8.24E-02	2.86E+00	4.15E-04	
1_267130_T_C	2.60E-02	2.70E-10	3.83E-01	4.34E+00	4.98E+00	1.26E-02	
1_267424_A_T	5.25E-02	1.61E-14	5.43E-01	5.76E+00	9.47E+00	8.77E-03	
1_268298_A_G	2.06E-02	2.03E-12	8.22E-01	2.41E+00	1.07E+01	3.24E-03	
1_268439_G_A	1.85E-01	6.03E-87	3.74E-01	-2.56E+00	2.87E+00	1.28E-02	
1_269526_T_G	4.56E-02	7.57E-26	4.40E-03	1.29E+01	4.52E+00	4.11E-02	
1_269756_A_C	4.35E-01	2.61E-06	2.79E-01	2.22E+00	2.05E+00	1.56E-02	
1_270341_A_C	1.90E-01	9.80E-150	7.35E-01	9.70E-01	2.86E+00	4.89E-03	
1_270954_A_G	6.86E-01	1.91E-16	5.53E-01	1.44E+00	2.43E+00	8.58E-03	
1_271721_A_T	2.06E-02	1.68E-29	9.70E-02	1.39E+01	8.36E+00	2.40E-02	
1_272572_A_C	1.58E-01	2.46E-139	2.47E-01	-3.77E+00	3.25E+00	1.67E-02	
1_274062_A_G	3.98E-02	1.54E-01	2.24E-02	-7.27E+00	3.19E+00	3.30E-02	
1_277526_G_C	6.38E-02	5.37E-06	6.82E-01	2.41E+00	5.88E+00	5.91E-03	
1_279263_C_A	3.23E-02	2.41E-07	3.30E-01	-3.41E+00	3.50E+00	1.41E-02	
1_280993_C_G	6.42E-01	5.21E-69	6.89E-01	-1.06E+00	2.64E+00	5.78E-03	
1_281028_T_C	5.96E-02	5.52E-64	6.54E-01	1.95E+00	4.35E+00	6.47E-03	
1_281611_A_T	4.06E-02	4.16E-25	9.09E-01	1.02E+00	8.90E+00	1.65E-03	
1_281891_C_T	2.22E-01	5.31E-01	8.01E-01	-5.52E-01	2.19E+00	3.65E-03	
1_283079_G_T	2.23E-01	9.24E-23	5.27E-01	1.74E+00	2.75E+00	9.14E-03	
1_283125_C_T	9.90E-02	3.59E-77	3.98E-01	2.82E+00	3.34E+00	1.22E-02	
1_284161_C_A	1.92E-02	4.69E-15	6.68E-01	-1.72E+00	4.01E+00	6.19E-03	
1_285327_C_T	5.44E-02	1.06E-15	9.51E-01	-4.67E-01	7.64E+00	8.82E-04	
1_291209_A_G	6.50E-01	1.55E-159	8.93E-01	3.03E-01	2.25E+00	1.94E-03	
1_292063_A_G	4.05E-01	2.36E-08	8.27E-01	-6.00E-01	2.74E+00	3.16E-03	
1_292239_T_C	2.25E-01	6.27E-68	2.24E-01	-3.15E+00	2.59E+00	1.76E-02	
1_293220_A_T	1.97E-01	6.84E-40	2.83E-01	-2.55E+00	2.38E+00	1.55E-02	
1_294795_C_G	1.81E-02	6.49E-02	9.41E-01	3.46E-01	4.70E+00	1.06E-03	
1_294818_A_C	2.08E-02	6.07E-02	7.60E-01	1.43E+00	4.67E+00	4.41E-03	
1_295994_A_T	1.86E-01	5.00E-04	5.04E-02	-4.77E+00	2.44E+00	2.82E-02	
1_298106_A_G	1.59E-01	5.78E-22	1.17E-01	4.67E+00	2.98E+00	2.27E-02	
1_298110_T_G	3.25E-01	1.01E-02	5.32E-01	1.46E+00	2.33E+00	9.02E-03	
1_298602_C_G	1.87E-02	7.66E-20	8.38E-01	7.26E-01	3.54E+00	2.96E-03	
1_299782_A_C	2.68E-01	3.46E-16	1.76E-01	-2.81E+00	2.08E+00	1.96E-02	
1_300150_C_T	5.14E-01	3.30E-107	9.17E-01	-2.39E-01	2.30E+00	1.50E-03	
1_300465_A_G	1.14E-01	2.86E-01	4.58E-01	-2.26E+00	3.05E+00	1.07E-02	
1_301466_C_T	5.25E-02	5.50E-15	1.20E-01	1.08E+01	6.93E+00	2.24E-02	
1_301780_A_C	1.94E-02	1.91E-18	6.33E-01	-4.24E+00	8.87E+00	6.90E-03	
1_303230_C_G	1.45E-01	4.20E-18	4.91E-01	2.05E+00	2.97E+00	9.95E-03	
1_304527_C_T	1.53E-01	7.42E-56	8.60E-01	3.53E-01	1.99E+00	2.55E-03	
1_305350_G_T	2.27E-02	4.89E-22	3.66E-01	4.73E+00	5.24E+00	1.30E-02	
1_306422_A_T	4.96E-02	8.96E-68	7.54E-01	1.74E+00	5.55E+00	4.52E-03	
1_306794_G_A	2.15E-01	1.90E-45	7.98E-01	6.49E-01	2.54E+00	3.69E-03	
1_307659_C_A	1.12E-01	3.35E-111	4.09E-01	2.49E+00	3.01E+00	1.19E-02	
1_313101_C_G	5.85E-02	1.27E-12	8.92E-01	-4.93E-01	3.65E+00	1.95E-03	
1_313184_C_G	1.75E-01	8.65E-35	5.72E-01	-1.51E+00	2.67E+00	8.16E-03	
1_313245_T_C	2.17E-01	1.46E-47	4.75E-01	-1.74E+00	2.43E+00	1.03E-02	
1_314162_G_T	3.62E-02	8.23E-28	9.82E-01	6.81E-02	3.08E+00	3.19E-04	
1_314269_C_T	2.01E-01	3.95E-28	3.32E-01	3.27E+00	3.37E+00	1.40E-02	
1_314827_G_C	5.55E-01	4.28E-02	7.35E-01	9.40E-01	2.77E+00	4.89E-03	
1_316419_G_T	1.84E-01	1.87E-19	2.06E-01	3.19E+00	2.52E+00	1.83E-02	
1_316741_T_A	1.61E-01	9.42E-02	2.49E-01	-2.92E+00	2.53E+00	1.66E-02	
1_316840_A_G	2.56E-02	8.99E-22	2.46E-01	6.34E+00	5.47E+00	1.67E-02	
1_317894_A_C	8.83E-02	9.37E-26	4.30E-01	-4.35E+00	5.51E+00	1.14E-02	
1_318495_A_C	2.17E-02	4.27E-21	9.15E-01	-3.58E-01	3.34E+00	1.55E-03	
1_319211_A_C	1.02E-01	1.15E-10	7.75E-02	9.01E+00	5.10E+00	2.55E-02	
1_321221_G_T	6.04E-02	1.97E-24	1.28E-01	5.49E+00	3.61E+00	2.20E-02	
1_321490_T_G	1.71E-01	5.50E-08	6.85E-01	-1.24E+00	3.05E+00	5.86E-03	
1_321966_G_A	1.20E-01	2.12E-139	1.82E-13	1.87E+01	2.53E+00	1.06E-01	
1_323620_T_A	3.27E-02	5.05E-37	6.50E-01	-2.65E+00	5.83E+00	6.55E-03	
1_324018_C_T	1.58E-01	4.17E-01	6.28E-01	-1.26E+00	2.60E+00	7.00E-03	
1_325739_T_G	1.17E-01	3.08E-65	2.01E-01	-5.24E+00	4.09E+00	1.85E-02	
1_327080_T_C	6.64E-01	7.03E-01	3.20E-01	2.22E+00	2.23E+00	1.44E-02	
1_328192_T_G	1.22E-01	4.06E-36	7.55E-01	1.15E+00	3.70E+00	4.51E-03	
1_330582_C_A	4.19E-01	1.85E-201	4.81E-01	-1.36E+00	1.93E+00	1.02E-02	
1_331099_C_T	4.19E-02	7.74E-01	2.54E-01	-4.92E+00	4.31E+00	1.65E-02	
1_331762_C_T	1.94E-02	1.91E-18	6.33E-01	-4.24E+00	8.87E+00	6.90E-03	
1_332212_G_T	2.06E-02	1.68E-29	9.70E-02	1.39E+01	8.36E+00	2.40E-02	
1_334185_T_G	7.94E-02	2.24E-67	3.13E-01	-3.76E+00	3.73E+00	1.46E-02	
1_334893_A_G	5.46E-02	1.77E-18	2.12E-01	1.42E+01	1.14E+01	1.80E-02	
1_335402_C_T	1.42E-02	3.67E-24	7.32E-02	7.29E+00	4.07E+00	2.59E-02	
1_335757_A_C	2.73E-02	2.97E-01	8.51E-01	-8.59E-01	4.57E+00	2.72E-03	
1_336719_G_C	2.35E-02	1.74E-26	9.25E-01	3.94E-01	4.20E+00	1.35E-03	
1_336827_T_A	3.04E-02	2.22E-21	4.05E-01	-6.44E+00	7.74E+00	1.20E-02	
1_338344_G_C	4.47E-01	8.81E-50	9.21E-01	-2.55E-01	2.58E+00	1.43E-03	
1_343006_T_A	5.27E-01	1.19E-18	6.80E-01	7.34E-01	1.78E+00	5.96E-03	
1_343537_G_A	8.14E-01	1.21E-59	6.87E-01	8.02E-01	1.99E+00	5.82E-03	
1_344685_A_C	9.12E-02	1.35E-88	3.86E-01	5.87E+00	6.77E+00	1.25E-02	
1_345396_T_C	1.85E-01	1.97E-12	4.30E-01	-2.18E+00	2.76E+00	1.14E-02	
1_345625_T_C	1.06E-01	4.42E-01	9.83E-01	7.02E-02	3.30E+00	3.07E-04	
1_346652_G_A	3.15E-02	2.41E-09	5.03E-02	-7.33E+00	3.74E+00	2.83E-02	
1_346720_G_C	9.31E-02	1.54E-28	8.26E-01	-5.62E-01	2.56E+00	3.18E-03	
1_348344_A_C	7.37E-02	4.27E-08	4.91E-02	-1.26E+01	6.40E+00	2.84E-02	
1_349248_C_T	2.40E-01	4.48E-97	7.09E-01	-9.53E-01	2.56E+00	5.38E-03	
1_350065_C_A	6.71E-02	9.84E-28	5.00E-01	3.32E+00	4.92E+00	9.74E-03	
1_350525_A_G	9.00E-01	4.57E-129	8.19E-01	-6.44E-01	2.81E+00	3.31E-03	
1_350555_A_G	1.60E-01	3.15E-03	7.58E-01	-8.73E-01	2.83E+00	4.46E-03	
1_350826_G_T	2.22E-01	2.53E-71	3.81E-02	-5.62E+00	2.71E+00	2.99E-02	
1_351611_A_G	2.31E-01	4.57E-195	9.68E-01	-8.78E-02	2.18E+00	5.81E-04	
1_351814_C_G	4.85E-02	4.35E-02	5.53E-01	-3.16E+00	5.34E+00	8.56E-03	
1_352295_A_C	1.19E-02	1.98E-10	5.08E-01	4.97E+00	7.51E+00	9.56E-03	
1_353149_A_T	4.20E-01	1.14E-06	4.09E-01	-1.63E+00	1.97E+00	1.19E-02	
1_356229_T_A	2.93E-01	4.59E-13	3.79E-01	1.78E+00	2.02E+00	1.27E-02	
1_356836_C_G	5.75E-02	9.10E-09	2.82E-01	-3.39E+00	3.15E+00	1.55E-02	
1_357324_G_T	1.71E-01	7.97E-01	2.08E-01	3.16E+00	2.51E+00	1.82E-02	
1_359772_T_C	5.15E-02	8.32E-54	8.60E-01	-6.90E-01	3.91E+00	2.54E-03	
1_359924_G_A	3.47E-01	2.96E-46	3.67E-01	-1.79E+00	1.98E+00	1.30E-02	
1_361098_C_G	5.29E-02	1.11E-07	5.50E-02	-8.85E+00	4.61E+00	2.77E-02	
1_361496_C_G	8.17E-02	4.21E-01	7.63E-01	-1.38E+00	4.59E+00	4.35E-03	
1_361503_G_T	8.90E-01	2.08E-127	6.51E-01	2.05E+00	4.54E+00	6.53E-03	
1_361599_C_G	6.00E-02	3.21E-21	5.52E-01	2.07E+00	3.48E+00	8.59E-03	
1_361707_G_C	2.06E-02	2.03E-12	8.22E-01	2.41E+00	1.07E+01	3.24E-03	
1_361809_A_G	2.45E-01	6.27E-09	3.76E-01	1.79E+00	2.02E+00	1.28E-02	
1_362910_T_C	1.73E-02	4.41E-01	5.00E-01	-5.61E+00	8.33E+00	9.73E-03	
1_363585_G_T	2.06E-01	6.26E-63	9.44E-01	-1.54E-01	2.17E+00	1.02E-03	
1_364098_G_A	3.72E-01	5.86E-12	5.26E-01	1.19E+00	1.87E+00	9.15E-03	
1_364883_C_G	3.82E-01	6.62E-01	1.44E-01	-3.32E+00	2.27E+00	2.11E-02	
1_365971_A_G	7.88E-02	8.10E-02	8.84E-01	4.76E-01	3.26E+00	2.11E-03	
1_367059_G_A	5.77E-01	8.48E-02	6.66E-01	1.10E+00	2.54E+00	6.23E-03	
1_368093_C_T	6.37E-01	1.04E-07	3.03E-01	-2.36E+00	2.29E+00	1.49E-02	
1_368263_T_A	1.61E-01	5.94E-134	1.84E-01	4.36E+00	3.28E+00	1.92E-02	
1_368539_G_C	2.52E-01	9.65E-207	4.79E-01	2.52E+00	3.55E+00	1.02E-02	
1_369315_A_G	1.02E-02	1.21E-13	2.60E-01	-5.71E+00	5.06E+00	1.63E-02	
1_370572_T_C	2.69E-01	6.92E-07	3.01E-01	-2.53E+00	2.45E+00	1.49E-02	
1_374238_T_G	3.29E-02	1.01E-35	2.56E-01	-6.34E+00	5.58E+00	1.64E-02	
1_375736_G_T	3.04E-01	7.74E-41	9.34E-01	1.76E-01	2.13E+00	1.19E-03	
1_376759_A_G	8.97E-01	7.97E-134	9.73E-01	-8.99E-02	2.63E+00	4.93E-04	
1_377181_A_G	1.48E-02	5.66E-12	2.51E-01	6.12E+00	5.33E+00	1.66E-02	
1_378619_T_A	1.31E-02	1.56E-11	8.08E-01	-2.08E+00	8.55E+00	3.51E-03	
1_380246_T_G	5.33E-02	1.94E-01	3.26E-01	2.75E+00	2.81E+00	1.42E-02	
1_381262_T_C	8.10E-02	9.89E-01	3.17E-01	-2.71E+00	2.71E+00	1.44E-02	
1_381903_A_T	1.74E-01	1.27E-77	2.70E-01	3.22E+00	2.91E+00	1.59E-02	
1_381983_T_A	3.92E-01	1.77E-121	2.53E-01	2.39E+00	2.09E+00	1.65E-02	
1_382038_T_C	3.75E-02	7.99E-24	5.53E-02	1.38E+01	7.21E+00	2.77E-02	
1_383763_T_C	1.66E-01	3.26E-141	7.76E-01	-1.09E+00	3.84E+00	4.11E-03	
1_384457_G_C	2.06E-02	1.68E-29	9.70E-02	1.39E+01	8.36E+00	2.40E-02	
1_384625_C_G	4.64E-01	1.23E-58	6.22E-01	1.22E+00	2.47E+00	7.12E-03	
1_385202_G_C	1.47E-01	3.25E-121	5.85E-01	-1.31E+00	2.40E+00	7.89E-03	
1_385773_C_A	1.04E-02	6.14E-04	3.64E-01	2.84E+00	3.13E+00	1.31E-02	
1_386148_G_C	8.93E-01	6.36E-142	6.10E-01	3.08E+00	6.03E+00	7.37E-03	
1_386865_G_T	2.77E-02	8.43E-30	3.82E-01	-6.80E+00	7.77E+00	1.26E-02	
1_388021_C_A	7.80E-01	2.94E-01	2.30E-01	2.82E+00	2.35E+00	1.73E-02	
1_388325_T_C	8.43E-01	4.02E-96	9.84E-01	4.54E-02	2.27E+00	2.89E-04	
1_388540_A_C	5.92E-02	3.24E-19	1.14E-01	8.59E+00	5.43E+00	2.28E-02	
1_391285_G_C	2.36E-01	1.17E-25	9.74E-01	-8.22E-02	2.53E+00	4.70E-04	
1_392435_C_T	3.14E-01	6.41E-18	9.04E-01	-3.01E-01	2.50E+00	1.74E-03	
1_392646_C_A	9.04E-01	8.86E-142	4.31E-02	1.16E+01	5.71E+00	2.92E-02	
1_392738_C_G	8.46E-02	1.95E-65	9.78E-01	-7.30E-02	2.59E+00	4.07E-04	
1_393259_G_A	6.80E-01	4.60E-01	9.12E-01	2.64E-01	2.40E+00	1.59E-03	
1_395239_C_A	1.09E-01	1.82E-27	3.28E-01	-2.62E+00	2.68E+00	1.41E-02	
1_397127_T_C	6.00E-01	1.64E-192	7.89E-01	-7.12E-01	2.66E+00	3.87E-03	
1_400985_G_A	2.06E-02	2.03E-12	8.22E-01	2.41E+00	1.07E+01	3.24E-03	
1_402083_G_A	7.19E-02	7.20E-61	4.14E-01	3.21E+00	3.93E+00	1.18E-02	
1_403865_A_G	7.42E-02	3.58E-08	1.85E-02	-1.28E+01	5.44E+00	3.40E-02	
1_405026_G_C	1.20E-01	2.94E-01	8.85E-01	-4.87E-01	3.38E+00	2.08E-03	
1_405041_C_T	2.89E-01	3.02E-05	6.12E-01	-1.05E+00	2.07E+00	7.33E-03	
1_407719_T_C	8.73E-02	5.24E-101	1.87E-01	1.33E+01	1.00E+01	1.91E-02	
1_409277_C_T	2.82E-01	5.66E-01	6.45E-01	9.85E-01	2.14E+00	6.65E-03	
1_409486_C_G	4.78E-01	1.53E-05	4.19E-01	1.82E+00	2.25E+00	1.17E-02	
1_410537_C_G	2.81E-02	1.08E-30	6.78E-02	-2.10E+01	1.15E+01	2.64E-02	
1_411556_A_G	1.77E-02	7.35E-01	9.37E-01	3.27E-01	4.11E+00	1.15E-03	
1_413283_G_T	5.44E-02	4.56E-16	2.48E-01	8.95E+00	7.74E+00	1.67E-02	
1_415060_G_T	5.25E-02	5.78E-13	7.46E-01	1.22E+00	3.77E+00	4.68E-03	
1_415158_A_T	3.35E-01	9.24E-33	8.01E-01	5.21E-01	2.07E+00	3.63E-03	
1_416202_A_G	2.77E-01	2.83E-05	7.52E-01	5.98E-01	1.90E+00	4.55E-03	
1_416296_A_G	1.16E-01	1.82E-13	2.95E-01	-2.93E+00	2.80E+00	1.51E-02	
1_419841_G_T	8.75E-02	9.90E-19	1.51E-01	3.68E+00	2.56E+00	2.07E-02	
1_420399_A_G	2.26E-01	4.26E-18	8.95E-02	-4.97E+00	2.92E+00	2.45E-02	
1_420426_A_G	1.67E-02	1.80E-22	8.45E-01	1.58E+00	8.05E+00	2.83E-03	
1_420753_C_A	6.65E-02	9.06E-01	3.89E-01	-4.16E+00	4.83E+00	1.24E-02	
1_421078_C_A	2.94E-02	8.38E-06	8.76E-01	-7.31E-01	4.69E+00	2.25E-03	
1_421359_A_T	2.26E-01	7.56E-01	6.44E-01	-1.27E+00	2.75E+00	6.67E-03	
1_421621_C_T	8.94E-02	1.79E-18	6.95E-01	1.39E+00	3.53E+00	5.67E-03	
1_422075_T_G	3.53E-01	2.48E-104	3.79E-01	2.16E+00	2.46E+00	1.27E-02	
1_424211_A_T	5.04E-02	1.12E-01	9.86E-01	6.83E-02	3.87E+00	2.55E-04	
1_424642_G_C	4.15E-01	2.62E-11	9.34E-01	-2.11E-01	2.54E+00	1.20E-03	
1_428606_C_A	1.35E-01	8.46E-66	9.11E-01	-3.24E-01	2.89E+00	1.62E-03	
1_429887_C_T	1.20E-01	2.15E-05	2.95E-01	-2.70E+00	2.58E+00	1.51E-02	
1_430189_T_A	1.95E-01	1.77E-30	6.82E-01	9.20E-01	2.25E+00	5.91E-03	
1_430418_C_G	1.75E-02	2.49E-26	4.73E-01	-4.59E+00	6.39E+00	1.04E-02	
1_430635_T_A	3.56E-01	4.21E-21	8.17E-01	-5.03E-01	2.17E+00	3.34E-03	
1_431317_G_A	6.63E-02	2.33E-87	8.08E-03	1.22E+01	4.61E+00	3.82E-02	
1_432881_C_T	1.95E-01	8.20E-27	5.87E-01	-1.87E+00	3.44E+00	7.84E-03	
1_434434_G_A	1.56E-02	6.74E-14	9.58E-01	1.79E-01	3.36E+00	7.68E-04	
1_435234_G_C	2.79E-01	2.29E-22	7.23E-01	7.65E-01	2.16E+00	5.12E-03	
1_437286_T_G	7.94E-01	1.84E-26	6.03E-01	1.59E+00	3.06E+00	7.51E-03	
1_437969_A_G	3.48E-01	3.85E-82	1.82E-01	3.47E+00	2.60E+00	1.92E-02	
1_439154_A_G	7.42E-02	4.13E-67	4.21E-01	2.68E+00	3.33E+00	1.16E-02	
1_443265_A_T	8.77E-02	6.78E-101	9.07E-01	6.10E-01	5.24E+00	1.68E-03	
1_443302_C_A	1.01E-01	1.03E-20	9.77E-01	-9.23E-02	3.27E+00	4.08E-04	
1_443859_A_G	2.50E-02	3.27E-01	4.17E-01	2.87E+00	3.54E+00	1.17E-02	
1_444961_A_C	2.96E-02	3.56E-33	4.78E-02	-1.10E+01	5.56E+00	2.86E-02	
1_444984_T_C	8.29E-02	3.25E-95	6.58E-02	6.46E+00	3.51E+00	2.66E-02	
1_445724_A_T	4.10E-02	5.97E-25	7.32E-01	2.30E+00	6.73E+00	4.94E-03	
1_446104_A_T	2.17E-01	5.12E-33	8.53E-02	4.14E+00	2.41E+00	2.48E-02	
1_446407_C_G	2.19E-02	5.36E-21	6.51E-01	-2.48E+00	5.47E+00	6.54E-03	
1_446602_T_G	1.58E-02	5.93E-02	9.04E-01	4.97E-01	4.13E+00	1.74E-03	
1_446639_T_C	3.88E-01	5.62E-48	2.79E-01	2.13E+00	1.97E+00	1.56E-02	
1_446902_A_T	1.86E-01	2.01E-116	2.00E-01	4.12E+00	3.21E+00	1.85E-02	
1_447220_G_A	2.88E-02	1.84E-03	4.85E-01	-3.14E+00	4.50E+00	1.01E-02	
1_448711_C_G	1.33E-02	1.45E-16	6.88E-01	-2.69E+00	6.71E+00	5.79E-03	
1_449754_G_A	4.06E-01	5.33E-16	5.79E-01	-1.13E+00	2.03E+00	8.02E-03	
1_450922_A_T	8.89E-01	1.92E-122	1.71E-01	3.41E+00	2.50E+00	1.97E-02	
1_452101_T_C	9.19E-02	1.82E-64	3.49E-01	-3.10E+00	3.31E+00	1.35E-02	
1_453187_A_C	1.04E-02	2.81E-10	5.64E-01	2.25E+00	3.90E+00	8.33E-03	
1_455313_C_A	1.47E-01	5.42E-78	9.74E-01	-1.31E-01	3.99E+00	4.74E-04	
1_458476_C_T	2.17E-02	9.04E-01	3.01E-01	3.65E+00	3.53E+00	1.49E-02	
1_460605_T_G	8.88E-01	5.02E-100	7.64E-01	-9.62E-01	3.20E+00	4.34E-03	
1_463212_G_T	7.71E-02	1.34E-75	9.54E-01	-1.64E-01	2.86E+00	8.26E-04	
1_465202_A_C	1.01E-01	7.61E-100	6.13E-01	1.89E+00	3.74E+00	7.30E-03	
1_465884_T_A	1.69E-01	1.12E-01	9.72E-01	-9.60E-02	2.74E+00	5.06E-04	
1_466063_G_T	2.77E-02	1.06E-42	2.21E-01	5.61E+00	4.58E+00	1.77E-02	
1_466251_C_A	1.97E-01	2.36E-01	2.11E-01	3.59E+00	2.87E+00	1.81E-02	
1_466282_G_T	7.10E-02	5.17E-61	7.74E-01	9.77E-01	3.40E+00	4.15E-03	
1_467074_C_A	4.44E-02	1.11E-16	7.82E-01	6.94E-01	2.50E+00	4.00E-03	
1_467533_G_A	4.88E-02	1.22E-02	8.48E-01	-7.77E-01	4.04E+00	2.78E-03	
1_470035_G_C	9.20E-01	4.71E-114	3.26E-01	4.51E+00	4.59E+00	1.42E-02	
1_473120_T_C	2.67E-01	5.83E-05	7.66E-01	-6.26E-01	2.11E+00	4.29E-03	
1_473954_T_G	8.73E-02	1.07E-01	4.92E-01	2.04E+00	2.98E+00	9.91E-03	
1_473991_T_G	5.65E-02	9.24E-55	4.87E-01	-2.88E+00	4.14E+00	1.00E-02	
1_475351_T_C	8.93E-01	7.42E-91	4.00E-01	2.68E+00	3.18E+00	1.22E-02	
1_476456_T_G	2.83E-02	6.67E-12	2.55E-01	5.75E+00	5.04E+00	1.64E-02	
1_476561_T_A	9.05E-01	1.23E-65	1.77E-01	7.07E+00	5.24E+00	1.95E-02	
1_476854_T_A	1.62E-01	5.01E-10	2.38E-01	-2.88E+00	2.44E+00	1.71E-02	
1_476951_C_A	1.81E-01	1.25E-22	5.69E-01	-2.28E+00	4.01E+00	8.22E-03	
1_477541_C_T	5.92E-02	3.15E-56	3.94E-01	3.01E+00	3.54E+00	1.23E-02	
1_479142_G_T	4.84E-01	9.23E-55	3.68E-01	1.99E+00	2.21E+00	1.30E-02	
1_479378_C_T	8.75E-02	2.18E-47	8.03E-01	9.92E-01	3.98E+00	3.60E-03	
1_479705_C_A	1.28E-01	6.23E-01	3.05E-01	-2.44E+00	2.38E+00	1.48E-02	
1_481228_T_C	2.88E-02	2.73E-07	7.78E-01	-1.32E+00	4.69E+00	4.07E-03	
1_483612_T_G	1.06E-01	2.87E-38	1.92E-01	3.02E+00	2.31E+00	1.88E-02	
1_484133_A_T	9.29E-02	4.21E-93	9.77E-01	8.94E-02	3.15E+00	4.10E-04	
1_485225_T_G	9.35E-02	1.18E-20	3.49E-01	1.98E+00	2.11E+00	1.35E-02	
1_485688_C_A	1.56E-01	6.37E-132	6.39E-01	2.28E+00	4.85E+00	6.78E-03	
1_487596_A_T	7.62E-01	4.05E-76	9.32E-02	4.40E+00	2.62E+00	2.42E-02	
1_488811_C_A	1.50E-02	3.23E-01	7.96E-01	-1.55E+00	6.02E+00	3.72E-03	
1_488898_G_T	8.66E-01	6.74E-25	5.59E-01	1.36E+00	2.33E+00	8.43E-03	
1_488904_A_C	5.37E-02	1.93E-15	9.84E-01	-1.05E-01	5.26E+00	2.88E-04	
1_489196_A_C	1.24E-01	9.46E-05	2.47E-02	6.70E+00	2.98E+00	3.24E-02	
1_489237_T_A	2.69E-02	2.59E-04	9.31E-01	-3.44E-01	3.98E+00	1.25E-03	
1_492631_G_A	4.05E-01	1.94E-48	5.33E-01	1.40E+00	2.24E+00	9.01E-03	
1_493103_C_G	1.83E-02	1.71E-26	3.18E-01	7.09E+00	7.11E+00	1.44E-02	
1_496222_A_G	4.72E-01	4.14E-34	8.22E-01	4.07E-01	1.81E+00	3.25E-03	
1_496692_C_G	1.97E-01	6.82E-67	1.49E-01	2.76E+00	1.92E+00	2.08E-02	
1_496946_A_C	1.14E-01	4.39E-86	8.69E-01	6.30E-01	3.82E+00	2.38E-03	
1_497793_T_C	3.00E-01	1.41E-101	4.95E-01	1.49E+00	2.18E+00	9.85E-03	
1_497948_G_T	2.06E-02	1.68E-29	9.70E-02	1.39E+01	8.36E+00	2.40E-02	
1_498091_G_T	1.08E-02	5.17E-11	9.38E-01	-3.10E-01	3.96E+00	1.13E-03	
1_498726_A_C	3.60E-01	1.66E-04	7.00E-01	8.05E-01	2.09E+00	5.55E-03	
1_499414_A_C	2.50E-02	8.23E-01	3.12E-01	4.52E+00	4.47E+00	1.46E-02	
1_501134_A_C	9.23E-02	1.00E-101	7.60E-01	1.39E+00	4.53E+00	4.42E-03	
1_501512_G_T	3.49E-01	5.48E-20	8.52E-01	-3.52E-01	1.89E+00	2.69E-03	
1_502673_T_C	8.79E-02	6.28E-55	3.01E-01	3.93E+00	3.80E+00	1.49E-02	
1_503846_G_C	2.40E-01	3.54E-134	2.37E-03	8.25E+00	2.71E+00	4.39E-02	
1_504452_C_G	4.64E-01	3.67E-23	7.00E-01	8.38E-01	2.17E+00	5.57E-03	
1_504529_T_A	6.38E-01	1.35E-60	7.82E-01	-5.71E-01	2.07E+00	3.99E-03	
1_505766_C_A	9.69E-02	1.10E-92	7.35E-01	-1.00E+00	2.97E+00	4.88E-03	
1_506266_C_A	2.15E-02	1.20E-05	9.69E-01	1.50E-01	3.82E+00	5.66E-04	
1_507426_G_C	5.31E-01	2.08E-14	6.30E-01	1.12E+00	2.32E+00	6.96E-03	
1_508049_G_A	4.00E-01	2.10E-162	4.49E-01	-1.57E+00	2.07E+00	1.09E-02	
1_508211_T_G	7.29E-02	3.49E-09	1.37E-01	-8.83E+00	5.94E+00	2.15E-02	
1_508674_G_T	2.63E-01	1.81E-07	7.93E-01	-5.38E-01	2.04E+00	3.80E-03	
1_509053_G_A	3.55E-01	2.36E-02	7.85E-01	5.80E-01	2.12E+00	3.94E-03	
1_509939_A_T	2.17E-02	3.41E-12	8.24E-01	-8.71E-01	3.92E+00	3.21E-03	
1_511167_G_C	1.27E-02	8.77E-10	9.90E-01	-6.69E-02	5.39E+00	1.79E-04	
1_511169_A_T	7.16E-01	3.14E-01	1.99E-01	3.19E+00	2.48E+00	1.85E-02	
1_511830_T_C	6.92E-01	3.19E-84	8.55E-01	4.16E-01	2.27E+00	2.64E-03	
1_512428_A_G	7.58E-02	5.12E-86	7.33E-01	1.28E+00	3.76E+00	4.93E-03	
1_513300_A_G	7.23E-01	3.23E-13	5.58E-01	1.52E+00	2.61E+00	8.45E-03	
1_514391_T_C	5.79E-02	9.96E-12	8.73E-01	-7.04E-01	4.39E+00	2.32E-03	
1_516936_T_A	6.77E-02	1.01E-54	7.25E-01	-1.43E+00	4.08E+00	5.07E-03	
1_517083_A_T	1.50E-02	3.23E-01	7.96E-01	-1.55E+00	6.02E+00	3.72E-03	
1_518202_G_T	2.15E-01	8.88E-162	4.34E-01	-1.74E+00	2.22E+00	1.13E-02	
1_519188_A_C	4.84E-01	1.76E-31	3.26E-01	-2.07E+00	2.10E+00	1.42E-02	
1_519535_C_T	2.81E-02	1.08E-30	6.78E-02	-2.10E+01	1.15E+01	2.64E-02	
1_519736_A_T	2.06E-02	2.03E-12	8.22E-01	2.41E+00	1.07E+01	3.24E-03	
1_520868_G_A	7.75E-01	6.38E-10	9.96E-01	-1.35E-02	2.44E+00	8.01E-05	
1_521565_C_T	3.16E-01	1.30E-17	4.44E-01	-2.39E+00	3.12E+00	1.11E-02	
1_524017_C_G	3.85E-01	1.10E-66	5.81E-01	-1.46E+00	2.65E+00	7.97E-03	
1_525924_A_C	1.15E-02	7.34E-19	2.63E-01	5.06E+00	4.52E+00	1.62E-02	
1_526174_C_A	1.12E-02	1.09E-14	3.02E-01	5.13E+00	4.97E+00	1.49E-02	
1_526323_A_C	1.94E-02	1.91E-18	6.33E-01	-4.24E+00	8.87E+00	6.90E-03	
1_527008_T_C	3.73E-01	9.20E-01	7.02E-01	8.78E-01	2.29E+00	5.53E-03	
1_527047_C_A	4.06E-02	4.16E-25	9.09E-01	1.02E+00	8.90E+00	1.65E-03	
1_528794_C_T	4.91E-01	2.50E-67	5.58E-01	1.05E+00	1.79E+00	8.46E-03	
1_529766_A_C	1.35E-02	2.07E-10	6.05E-01	3.16E+00	6.12E+00	7.46E-03	
1_531054_T_G	8.94E-02	1.08E-69	6.60E-01	1.11E+00	2.52E+00	6.34E-03	
1_531275_C_A	3.53E-01	1.27E-68	8.25E-01	5.64E-01	2.55E+00	3.20E-03	
1_532556_A_G	2.88E-02	1.86E-28	1.93E-01	-8.82E+00	6.77E+00	1.88E-02	
1_533379_C_A	2.98E-01	5.01E-27	6.93E-01	-1.06E+00	2.69E+00	5.69E-03	
1_533764_C_T	2.81E-02	1.08E-30	6.78E-02	-2.10E+01	1.15E+01	2.64E-02	
1_534485_A_T	1.89E-01	8.26E-54	7.62E-01	-6.34E-01	2.09E+00	4.38E-03	
1_534597_G_A	8.83E-02	1.21E-90	6.36E-01	-1.76E+00	3.73E+00	6.82E-03	
1_535186_G_C	1.61E-01	1.85E-62	7.59E-02	-4.77E+00	2.69E+00	2.56E-02	
1_535539_C_G	1.33E-02	1.45E-16	6.88E-01	-2.69E+00	6.71E+00	5.79E-03	
1_536796_C_T	5.67E-02	4.43E-74	1.11E-02	8.74E+00	3.44E+00	3.66E-02	
1_538537_G_A	2.38E-01	7.04E-09	2.05E-01	3.41E+00	2.69E+00	1.83E-02	
1_540895_G_T	5.81E-02	2.12E-07	8.96E-01	-3.59E-01	2.75E+00	1.89E-03	
1_541161_G_T	7.57E-01	1.73E-01	6.93E-01	8.82E-01	2.24E+00	5.69E-03	
1_541703_C_G	5.73E-02	6.94E-14	9.60E-01	-2.43E-01	4.79E+00	7.31E-04	
1_542570_A_C	3.10E-01	1.35E-09	2.55E-01	-2.37E+00	2.08E+00	1.64E-02	
1_544316_C_T	5.79E-01	3.55E-02	5.43E-01	-1.36E+00	2.24E+00	8.78E-03	
1_544821_T_G	2.83E-02	6.67E-12	2.55E-01	5.75E+00	5.04E+00	1.64E-02	
1_544919_A_T	5.58E-02	1.84E-14	5.50E-01	3.59E+00	6.00E+00	8.63E-03	
1_545183_A_G	6.88E-02	3.13E-08	3.52E-01	-2.30E+00	2.47E+00	1.34E-02	
1_545376_C_G	1.06E-01	3.93E-71	8.00E-01	7.17E-01	2.83E+00	3.65E-03	
1_549936_G_T	5.00E-02	2.10E-14	6.55E-01	-1.95E+00	4.36E+00	6.44E-03	
1_550113_A_G	5.35E-02	4.73E-43	3.76E-01	3.77E+00	4.25E+00	1.28E-02	
1_551786_C_T	8.23E-02	3.42E-44	9.05E-01	3.02E-01	2.52E+00	1.73E-03	
1_553136_A_G	1.73E-02	2.37E-02	9.68E-01	1.81E-01	4.55E+00	5.73E-04	
1_553433_A_G	1.64E-01	6.45E-03	6.72E-01	-1.33E+00	3.13E+00	6.12E-03	
1_554644_C_G	1.90E-02	2.33E-06	4.34E-01	3.18E+00	4.06E+00	1.13E-02	
1_554665_C_T	2.81E-02	1.08E-30	6.78E-02	-2.10E+01	1.15E+01	2.64E-02	
1_555020_C_G	5.33E-02	2.67E-15	2.69E-02	1.08E+01	4.88E+00	3.19E-02	
1_556827_T_A	2.30E-01	7.88E-84	9.28E-01	2.11E-01	2.32E+00	1.31E-03	
1_556835_G_C	5.31E-02	8.13E-14	6.62E-01	2.39E+00	5.48E+00	6.30E-03	
1_558380_A_G	1.80E-01	1.71E-18	9.12E-01	-2.56E-01	2.31E+00	1.60E-03	
1_558622_T_A	1.16E-01	4.53E-40	6.16E-02	5.59E+00	2.99E+00	2.70E-02	
1_559976_G_T	7.71E-02	1.11E-01	1.90E-01	8.30E+00	6.33E+00	1.89E-02	
1_560619_G_T	1.91E-01	5.53E-15	7.67E-02	-5.15E+00	2.91E+00	2.56E-02	
1_560675_C_T	3.60E-01	1.75E-15	4.61E-02	-4.62E+00	2.31E+00	2.88E-02	
1_561131_C_G	4.46E-01	2.75E-62	6.64E-01	9.68E-01	2.23E+00	6.26E-03	
1_562953_A_T	6.41E-01	1.08E-31	7.74E-01	6.05E-01	2.11E+00	4.15E-03	
1_563223_C_A	2.88E-01	3.37E-01	9.24E-01	-2.65E-01	2.78E+00	1.38E-03	
1_563298_G_C	1.15E-02	1.38E-01	8.12E-01	9.85E-01	4.14E+00	3.43E-03	
1_563934_C_G	7.29E-01	4.77E-73	5.55E-01	-1.25E+00	2.13E+00	8.52E-03	
1_563968_G_C	2.96E-02	1.28E-03	3.36E-01	-4.86E+00	5.04E+00	1.39E-02	
1_565205_T_C	2.01E-01	3.19E-19	3.10E-01	2.39E+00	2.35E+00	1.47E-02	
1_565980_A_T	9.65E-02	9.61E-07	8.53E-01	-8.27E-01	4.47E+00	2.67E-03	
1_567110_T_A	2.79E-02	5.73E-31	2.12E-02	-2.08E+01	9.02E+00	3.33E-02	
1_570142_C_G	1.35E-02	2.07E-10	6.05E-01	3.16E+00	6.12E+00	7.46E-03	
1_571433_A_G	1.61E-01	2.30E-134	2.39E-02	-7.69E+00	3.40E+00	3.26E-02	
1_572640_T_A	6.73E-01	9.84E-37	7.43E-01	7.22E-01	2.20E+00	4.74E-03	
1_573385_G_C	6.68E-01	1.04E-02	7.63E-01	6.32E-01	2.10E+00	4.35E-03	
1_576037_A_T	5.35E-01	1.39E-97	7.86E-01	6.10E-01	2.25E+00	3.92E-03	
1_576592_C_A	4.15E-02	2.84E-44	9.87E-01	1.10E-01	6.67E+00	2.38E-04	
1_578351_G_T	1.31E-02	1.56E-11	8.08E-01	-2.08E+00	8.55E+00	3.51E-03	
1_579270_T_A	2.40E-02	9.97E-27	7.94E-01	-1.02E+00	3.92E+00	3.77E-03	
1_579583_C_A	8.59E-01	1.83E-41	9.77E-01	-1.03E-01	3.57E+00	4.15E-04	
1_579718_G_C	3.57E-01	1.27E-41	9.32E-01	-2.19E-01	2.55E+00	1.24E-03	
1_579839_T_A	2.81E-02	1.08E-30	6.78E-02	-2.10E+01	1.15E+01	2.64E-02	
1_580529_G_A	9.79E-02	7.41E-01	5.38E-01	2.13E+00	3.46E+00	8.88E-03	
1_580743_T_G	1.24E-01	9.05E-41	9.19E-01	-2.78E-01	2.73E+00	1.47E-03	
1_581212_A_T	2.81E-02	6.01E-29	9.09E-01	-8.75E-01	7.64E+00	1.65E-03	
1_581255_G_T	5.71E-02	3.63E-07	9.50E-01	-2.40E-01	3.80E+00	9.13E-04	
1_581810_G_C	1.62E-01	9.68E-129	4.80E-01	-2.97E+00	4.20E+00	1.02E-02	
1_582604_A_C	1.50E-01	1.17E-06	8.28E-01	-5.32E-01	2.45E+00	3.13E-03	
1_582798_C_T	7.35E-02	3.59E-08	1.45E-01	-8.53E+00	5.85E+00	2.10E-02	
1_584094_T_G	3.33E-01	8.10E-95	7.86E-01	-8.20E-01	3.02E+00	3.93E-03	
1_584163_G_A	8.25E-02	6.06E-14	6.34E-01	-2.05E+00	4.30E+00	6.87E-03	
1_584528_C_A	3.14E-01	8.93E-99	6.47E-01	1.25E+00	2.73E+00	6.60E-03	
1_585013_A_G	1.36E-01	8.53E-69	2.05E-01	4.42E+00	3.49E+00	1.83E-02	
1_589156_T_A	7.52E-02	1.38E-81	3.57E-01	-2.77E+00	3.01E+00	1.33E-02	
1_591104_T_G	2.02E-02	1.40E-01	7.70E-01	-8.72E-01	2.99E+00	4.21E-03	
1_592641_A_G	6.54E-01	7.46E-31	1.84E-01	2.44E+00	1.84E+00	1.92E-02	
1_594311_C_T	1.75E-01	5.23E-78	9.62E-01	-1.29E-01	2.74E+00	6.82E-04	
1_594355_A_G	2.80E-01	2.35E-35	9.10E-01	2.77E-01	2.44E+00	1.64E-03	
1_594511_C_G	1.33E-01	2.22E-27	5.27E-01	1.67E+00	2.63E+00	9.14E-03	
1_595316_G_A	8.80E-01	5.95E-86	7.00E-02	5.32E+00	2.93E+00	2.62E-02	
1_595458_A_C	1.73E-02	1.70E-25	4.07E-01	4.69E+00	5.66E+00	1.20E-02	
1_596060_T_G	1.29E-01	2.49E-61	8.17E-01	-7.55E-01	3.26E+00	3.34E-03	
1_596535_T_C	1.16E-01	3.81E-57	3.40E-01	2.65E+00	2.78E+00	1.38E-02	
1_597400_C_A	7.02E-01	2.07E-44	4.31E-01	1.80E+00	2.28E+00	1.14E-02	
1_598370_C_G	4.73E-01	7.55E-47	6.61E-01	-9.51E-01	2.17E+00	6.34E-03	
1_598894_G_T	2.06E-02	2.03E-12	8.22E-01	2.41E+00	1.07E+01	3.24E-03	
1_599065_C_A	2.81E-02	1.21E-15	3.19E-01	4.67E+00	4.68E+00	1.44E-02	
1_600674_A_G	2.99E-01	4.20E-58	2.01E-01	3.24E+00	2.53E+00	1.85E-02	
1_601572_G_T	4.42E-02	1.13E-04	1.58E-01	4.01E+00	2.84E+00	2.04E-02	
1_601828_C_A	2.21E-02	5.48E-22	4.40E-01	-3.63E+00	4.70E+00	1.12E-02	
1_602675_T_G	8.41E-01	4.74E-30	2.28E-01	-2.98E+00	2.47E+00	1.74E-02	
1_603707_G_T	3.21E-02	3.49E-21	4.28E-01	-2.61E+00	3.30E+00	1.14E-02	
1_604806_C_T	1.55E-01	9.41E-71	4.50E-01	2.23E+00	2.94E+00	1.09E-02	
1_605163_G_A	2.93E-01	1.26E-24	2.72E-01	2.29E+00	2.09E+00	1.59E-02	
1_605274_G_C	7.32E-01	3.05E-03	5.96E-01	-1.11E+00	2.09E+00	7.65E-03	
1_605594_G_A	3.98E-02	6.11E-17	7.69E-01	9.58E-01	3.27E+00	4.23E-03	
1_605647_A_C	3.04E-01	1.49E-207	9.29E-01	2.01E-01	2.25E+00	1.29E-03	
1_606034_G_A	2.26E-01	3.02E-66	7.57E-01	-7.53E-01	2.44E+00	4.46E-03	
1_611417_A_C	1.73E-02	4.41E-01	5.00E-01	-5.61E+00	8.33E+00	9.73E-03	
1_611820_T_G	4.81E-02	3.72E-02	7.16E-01	-1.95E+00	5.37E+00	5.24E-03	
1_612560_T_A	6.44E-02	8.67E-06	9.32E-01	4.78E-01	5.63E+00	1.23E-03	
1_612572_A_T	9.08E-02	7.70E-97	1.64E-01	4.77E+00	3.42E+00	2.01E-02	
1_613021_A_G	7.50E-02	7.07E-01	3.75E-01	-4.22E+00	4.75E+00	1.28E-02	
1_613079_T_A	1.69E-01	8.25E-04	5.59E-01	-1.76E+00	3.00E+00	8.44E-03	
1_613149_A_G	3.47E-01	2.80E-04	4.14E-01	1.73E+00	2.12E+00	1.18E-02	
1_614369_A_T	5.25E-01	2.04E-02	5.17E-01	1.49E+00	2.30E+00	9.34E-03	
1_615363_C_A	3.97E-01	1.24E-122	2.75E-01	2.58E+00	2.36E+00	1.58E-02	
1_615900_C_G	1.58E-01	7.39E-135	8.53E-01	-8.24E-01	4.44E+00	2.68E-03	
1_616795_T_A	8.87E-01	7.66E-92	7.11E-01	-8.85E-01	2.39E+00	5.35E-03	
1_618976_A_C	4.23E-02	7.80E-48	5.43E-01	-1.87E+00	3.08E+00	8.78E-03	
1_620747_C_A	2.44E-01	8.38E-78	7.35E-01	-8.77E-01	2.59E+00	4.89E-03	
1_621317_G_C	3.72E-01	1.78E-10	9.35E-01	-2.10E-01	2.56E+00	1.18E-03	
1_622621_G_T	2.14E-01	1.49E-05	4.17E-01	-2.65E+00	3.26E+00	1.17E-02	
1_623615_T_A	6.15E-02	1.67E-08	8.91E-01	3.97E-01	2.90E+00	1.97E-03	
1_625208_G_T	6.73E-02	6.31E-42	7.99E-01	7.53E-01	2.96E+00	3.68E-03	
1_627519_A_C	1.84E-01	9.70E-01	6.26E-01	1.54E+00	3.15E+00	7.04E-03	
1_630027_C_T	1.80E-01	1.58E-114	2.27E-02	6.77E+00	2.97E+00	3.29E-02	
1_631344_A_T	2.06E-01	7.33E-19	7.77E-01	-7.54E-01	2.66E+00	4.09E-03	
1_633526_C_G	2.81E-02	1.08E-30	6.78E-02	-2.10E+01	1.15E+01	2.64E-02	
1_634664_C_G	6.76E-01	1.96E-41	2.40E-01	2.22E+00	1.89E+00	1.70E-02	
1_634682_G_A	1.63E-02	7.43E-03	3.16E-01	-3.61E+00	3.60E+00	1.45E-02	
1_634743_A_G	2.88E-02	1.24E-33	3.05E-03	1.16E+01	3.91E+00	4.28E-02	
1_636101_A_G	2.88E-02	2.34E-20	6.53E-01	1.80E+00	4.00E+00	6.49E-03	
1_636316_A_C	1.55E-01	5.72E-08	3.48E-01	-3.08E+00	3.29E+00	1.35E-02	
1_636629_G_A	1.51E-01	6.55E-02	8.73E-01	3.55E-01	2.21E+00	2.32E-03	
1_636829_T_A	5.63E-01	2.35E-147	7.41E-01	7.01E-01	2.12E+00	4.77E-03	
1_637035_A_G	4.48E-02	4.92E-25	8.04E-01	-6.85E-01	2.77E+00	3.58E-03	
1_638770_G_T	1.67E-02	1.80E-22	8.45E-01	1.58E+00	8.05E+00	2.83E-03	
1_640266_G_A	1.45E-01	1.00E-07	8.18E-01	7.27E-01	3.17E+00	3.31E-03	
1_641953_A_C	1.42E-02	1.92E-21	4.17E-01	-5.27E+00	6.49E+00	1.17E-02	
1_642388_A_T	1.16E-01	3.31E-01	7.37E-01	-9.27E-01	2.76E+00	4.85E-03	
1_643712_T_G	5.63E-02	1.98E-17	1.06E-01	8.69E+00	5.37E+00	2.34E-02	
1_645440_G_A	2.08E-02	6.07E-02	7.60E-01	1.43E+00	4.67E+00	4.41E-03	
1_647060_T_A	7.21E-01	3.29E-61	9.35E-01	2.10E-01	2.57E+00	1.18E-03	
1_647526_G_A	9.58E-02	5.47E-07	6.72E-01	-2.17E+00	5.12E+00	6.12E-03	
1_649478_T_G	8.23E-02	4.28E-69	6.64E-01	-3.00E+00	6.90E+00	6.28E-03	
1_649522_C_G	1.35E-02	2.07E-10	6.05E-01	3.16E+00	6.12E+00	7.46E-03	
1_650897_G_T	1.73E-02	4.41E-01	5.00E-01	-5.61E+00	8.33E+00	9.73E-03	
1_651058_A_T	1.19E-02	1.98E-10	5.08E-01	4.97E+00	7.51E+00	9.56E-03	
1_652099_C_T	2.83E-02	1.47E-30	7.79E-02	-1.58E+01	8.94E+00	2.54E-02	
1_654700_G_C	2.81E-01	8.59E-17	9.09E-01	-3.14E-01	2.76E+00	1.65E-03	
1_657021_C_A	8.37E-01	3.03E-57	6.73E-01	-1.30E+00	3.08E+00	6.10E-03	
1_657575_G_T	1.69E-01	3.12E-06	5.23E-02	5.93E+00	3.06E+00	2.80E-02	
1_658221_C_A	3.00E-02	3.60E-12	4.53E-01	-2.59E+00	3.44E+00	1.08E-02	
1_659218_G_T	1.12E-02	1.81E-01	9.99E-01	5.39E-03	4.25E+00	1.83E-05	
1_660495_G_T	3.50E-02	5.38E-22	5.43E-01	2.41E+00	3.96E+00	8.77E-03	
1_661918_G_T	1.17E-01	7.39E-62	7.21E-01	-1.15E+00	3.21E+00	5.16E-03	
1_662142_G_T	1.12E-02	1.09E-14	3.02E-01	5.13E+00	4.97E+00	1.49E-02	
1_665871_C_T	1.81E-02	7.63E-27	6.21E-01	4.03E+00	8.16E+00	7.13E-03	
1_667569_G_T	2.46E-01	6.23E-05	5.43E-01	-1.38E+00	2.27E+00	8.77E-03	
1_669559_T_C	8.73E-01	7.78E-84	6.66E-01	1.57E+00	3.63E+00	6.24E-03	
1_669670_G_A	8.74E-01	1.91E-83	5.78E-01	2.13E+00	3.83E+00	8.04E-03	
1_669988_A_T	1.48E-01	3.14E-123	6.28E-03	1.09E+01	3.97E+00	3.94E-02	
1_672740_A_G	2.71E-02	6.98E-03	4.48E-01	-2.41E+00	3.17E+00	1.09E-02	
1_673911_A_G	5.38E-01	4.45E-177	4.60E-01	1.30E+00	1.76E+00	1.07E-02	
1_675073_A_G	4.95E-01	6.78E-109	5.40E-01	1.25E+00	2.05E+00	8.84E-03	
1_675338_T_C	4.99E-01	2.25E-196	6.29E-01	9.59E-01	1.99E+00	6.97E-03	
1_675821_C_G	7.73E-02	3.96E-01	7.30E-01	9.73E-01	2.82E+00	4.98E-03	
1_676351_A_C	2.65E-01	1.41E-02	7.27E-01	-8.51E-01	2.44E+00	5.04E-03	
1_678646_A_G	5.73E-02	4.78E-21	3.31E-01	4.55E+00	4.68E+00	1.40E-02	
1_679257_G_A	7.44E-02	5.53E-57	7.63E-01	1.57E+00	5.21E+00	4.35E-03	
1_680697_C_A	2.21E-02	2.73E-26	6.66E-01	2.08E+00	4.83E+00	6.23E-03	
1_681021_G_A	4.98E-02	6.12E-68	4.80E-02	1.15E+01	5.81E+00	2.85E-02	
1_681462_G_T	2.76E-01	1.94E-06	6.39E-01	1.18E+00	2.51E+00	6.77E-03	
1_683074_C_G	1.31E-02	8.04E-08	8.45E-01	-1.05E+00	5.37E+00	2.82E-03	
1_683736_C_G	1.04E-02	8.31E-03	2.97E-01	-6.65E+00	6.38E+00	1.50E-02	
1_684372_T_A	1.75E-01	1.41E-24	4.30E-02	-5.23E+00	2.58E+00	2.92E-02	
1_685346_C_G	1.30E-01	2.59E-104	3.28E-01	3.68E+00	3.76E+00	1.41E-02	
1_687938_T_C	2.79E-01	8.64E-24	5.30E-01	2.09E+00	3.33E+00	9.06E-03	
1_690229_C_A	1.83E-02	4.21E-02	7.01E-01	1.02E+00	2.66E+00	5.55E-03	
1_691019_C_G	1.63E-01	5.25E-27	5.50E-02	4.15E+00	2.16E+00	2.77E-02	
1_691207_A_T	1.33E-02	1.45E-16	6.88E-01	-2.69E+00	6.71E+00	5.79E-03	
1_691950_C_A	5.67E-01	1.34E-24	8.73E-01	3.30E-01	2.07E+00	2.30E-03	
1_692665_G_A	9.14E-01	7.16E-105	5.48E-01	1.98E+00	3.30E+00	8.68E-03	
1_696352_C_A	5.25E-02	1.61E-14	5.43E-01	5.76E+00	9.47E+00	8.77E-03	
1_696471_A_C	9.52E-01	9.11E-70	2.90E-01	6.73E+00	6.36E+00	1.53E-02	
1_697029_G_T	5.23E-02	1.88E-19	3.78E-01	5.26E+00	5.97E+00	1.27E-02	
1_698396_C_G	9.79E-02	6.10E-02	6.31E-01	1.36E+00	2.83E+00	6.94E-03	
1_698621_C_T	6.48E-02	1.93E-02	7.55E-01	1.39E+00	4.44E+00	4.51E-03	
1_699368_A_C	4.40E-01	9.07E-31	9.92E-01	-2.43E-02	2.42E+00	1.45E-04	
1_700671_G_C	9.11E-01	2.01E-112	4.16E-01	-4.17E+00	5.12E+00	1.18E-02	
1_701970_A_C	4.67E-02	4.22E-51	1.95E-01	-4.25E+00	3.28E+00	1.87E-02	
1_703715_A_C	1.78E-01	1.90E-33	9.31E-01	-2.28E-01	2.62E+00	1.26E-03	
1_703909_C_A	1.98E-01	4.63E-10	4.16E-01	-1.83E+00	2.25E+00	1.17E-02	
1_705295_G_C	1.54E-01	3.02E-17	7.67E-01	7.61E-01	2.56E+00	4.29E-03	
1_706079_A_G	1.94E-02	1.91E-18	6.33E-01	-4.24E+00	8.87E+00	6.90E-03	
1_706199_C_A	5.33E-02	2.97E-17	5.37E-01	-3.43E+00	5.55E+00	8.91E-03	
1_708388_C_T	8.23E-01	1.02E-105	7.73E-01	6.55E-01	2.27E+00	4.16E-03	
1_708514_A_G	3.04E-01	3.39E-11	6.20E-01	-1.10E+00	2.22E+00	7.17E-03	
1_709946_C_A	7.81E-02	6.21E-28	1.57E-02	9.20E+00	3.81E+00	3.49E-02	
1_710961_T_G	1.60E-01	9.55E-06	5.16E-01	-2.47E+00	3.80E+00	9.38E-03	
1_714308_A_C	1.73E-01	1.32E-05	2.12E-01	-4.03E+00	3.22E+00	1.80E-02	
1_716844_G_T	1.33E-02	1.32E-09	2.18E-01	-9.02E+00	7.33E+00	1.78E-02	
1_716915_C_A	1.38E-01	2.70E-02	9.96E-02	7.24E+00	4.39E+00	2.38E-02	
1_717606_A_G	1.44E-01	2.86E-09	9.80E-01	7.27E-02	2.90E+00	3.61E-04	
1_717953_T_A	1.47E-01	5.49E-01	2.74E-01	-3.20E+00	2.92E+00	1.58E-02	
1_720816_T_G	1.44E-01	7.24E-95	9.47E-01	-1.73E-01	2.61E+00	9.59E-04	
1_721061_T_G	4.94E-01	3.42E-06	4.39E-01	1.62E+00	2.10E+00	1.12E-02	
1_721783_C_T	1.77E-01	8.22E-61	1.57E-01	3.52E+00	2.49E+00	2.04E-02	
1_723706_G_A	7.81E-02	1.61E-04	5.03E-01	1.97E+00	2.94E+00	9.66E-03	
1_724562_C_G	8.96E-01	2.04E-36	1.72E-01	3.62E+00	2.65E+00	1.97E-02	
1_724566_C_T	8.33E-02	1.37E-46	6.34E-01	-1.46E+00	3.06E+00	6.88E-03	
1_725239_C_G	8.98E-02	2.89E-80	1.69E-01	-5.21E+00	3.79E+00	1.98E-02	
1_725261_T_A	1.42E-01	5.11E-122	1.51E-01	-5.50E+00	3.83E+00	2.07E-02	
1_726030_T_A	5.25E-02	1.61E-14	5.43E-01	5.76E+00	9.47E+00	8.77E-03	
1_726568_T_A	1.93E-01	1.36E-94	3.85E-02	4.88E+00	2.36E+00	2.99E-02	
1_727403_T_C	6.96E-02	1.44E-75	8.04E-01	-9.50E-01	3.82E+00	3.59E-03	
1_727958_A_C	5.83E-02	1.33E-08	9.01E-02	5.21E+00	3.07E+00	2.45E-02	
1_727962_C_T	3.30E-01	8.23E-77	4.77E-02	4.31E+00	2.18E+00	2.86E-02	
1_729694_G_C	9.21E-01	2.89E-111	7.36E-01	1.18E+00	3.51E+00	4.86E-03	
1_730999_C_A	5.01E-01	7.23E-09	5.03E-01	1.50E+00	2.24E+00	9.67E-03	
1_731244_C_T	1.39E-01	2.85E-141	6.86E-01	1.10E+00	2.72E+00	5.84E-03	
1_733660_C_T	7.60E-01	5.90E-03	7.34E-01	8.03E-01	2.36E+00	4.91E-03	
1_733782_A_T	1.29E-01	1.28E-03	7.90E-01	7.39E-01	2.77E+00	3.85E-03	
1_734150_G_C	3.79E-01	9.80E-53	7.76E-01	-6.63E-01	2.32E+00	4.12E-03	
1_736307_A_G	6.00E-02	1.24E-42	7.93E-01	-1.68E+00	6.40E+00	3.80E-03	
1_736651_C_G	2.60E-02	1.49E-19	9.10E-01	5.73E-01	5.07E+00	1.63E-03	
1_737305_T_A	6.69E-02	1.02E-39	9.14E-01	-3.37E-01	3.13E+00	1.56E-03	
1_737549_T_G	7.17E-02	9.68E-28	5.62E-01	2.24E+00	3.86E+00	8.37E-03	
1_738228_T_A	5.00E-02	4.60E-65	9.07E-01	-6.28E-01	5.40E+00	1.68E-03	
1_738518_G_A	1.96E-02	2.92E-26	7.29E-01	-2.39E+00	6.89E+00	5.00E-03	
1_739511_A_T	2.96E-02	1.28E-03	3.36E-01	-4.86E+00	5.04E+00	1.39E-02	
1_739895_C_G	1.63E-01	7.59E-08	8.55E-01	5.36E-01	2.92E+00	2.65E-03	
1_741015_A_C	5.26E-01	3.48E-22	2.87E-01	2.19E+00	2.05E+00	1.54E-02	
1_742232_G_C	1.01E-01	1.75E-72	5.63E-02	6.53E+00	3.42E+00	2.76E-02	
1_743083_T_C	8.15E-02	5.22E-61	6.69E-01	1.33E+00	3.12E+00	6.17E-03	
1_743448_T_C	2.25E-02	6.79E-01	4.49E-01	4.13E+00	5.46E+00	1.09E-02	
1_743852_T_C	5.58E-02	5.48E-16	3.85E-01	5.08E+00	5.85E+00	1.25E-02	
1_744716_C_T	1.00E-02	3.93E-13	2.74E-01	4.77E+00	4.36E+00	1.58E-02	
1_746167_G_T	3.67E-01	1.65E-54	2.11E-01	3.89E+00	3.11E+00	1.81E-02	
1_748773_T_G	1.16E-01	8.78E-102	2.37E-01	3.09E+00	2.61E+00	1.71E-02	
1_749123_G_C	3.28E-01	1.12E-40	5.65E-01	-1.68E+00	2.92E+00	8.31E-03	
1_750014_T_G	2.29E-02	1.55E-32	4.65E-01	2.50E+00	3.42E+00	1.05E-02	
1_751823_G_A	8.50E-01	1.18E-96	1.18E-01	4.03E+00	2.58E+00	2.25E-02	
1_753120_A_C	9.48E-02	3.55E-14	6.33E-01	1.74E+00	3.65E+00	6.90E-03	
1_753397_C_T	3.29E-01	7.55E-06	5.80E-01	-1.48E+00	2.68E+00	7.99E-03	
1_754062_C_G	5.54E-02	7.78E-18	1.08E-01	6.30E+00	3.92E+00	2.32E-02	
1_754767_C_G	1.63E-02	1.25E-21	5.03E-01	3.43E+00	5.11E+00	9.67E-03	
1_756936_A_C	4.40E-01	6.10E-191	5.43E-01	1.18E+00	1.94E+00	8.78E-03	
1_757145_G_C	1.86E-01	5.34E-05	9.80E-01	7.35E-02	3.00E+00	3.54E-04	
1_758199_T_A	1.70E-01	1.10E-03	1.87E-01	3.26E+00	2.47E+00	1.91E-02	
1_765066_A_T	1.50E-02	3.23E-01	7.96E-01	-1.55E+00	6.02E+00	3.72E-03	
1_768000_C_G	2.11E-01	2.70E-23	9.81E-01	-5.33E-02	2.20E+00	3.50E-04	
1_768423_T_C	6.58E-02	3.28E-07	8.44E-01	4.85E-01	2.46E+00	2.84E-03	
1_769625_T_G	4.98E-01	1.06E-13	2.32E-01	-2.52E+00	2.11E+00	1.72E-02	
1_773955_G_T	5.13E-01	1.61E-26	8.32E-01	4.34E-01	2.05E+00	3.06E-03	
1_774420_G_C	5.15E-02	2.69E-44	6.99E-01	-1.37E+00	3.55E+00	5.57E-03	
1_775497_G_T	4.06E-02	4.16E-25	9.09E-01	1.02E+00	8.90E+00	1.65E-03	
1_776231_G_A	1.65E-01	3.69E-26	2.99E-01	-4.67E+00	4.50E+00	1.50E-02	
1_776773_T_A	4.02E-02	3.39E-25	4.93E-01	-4.63E+00	6.74E+00	9.91E-03	
1_776938_C_A	7.10E-02	1.26E-07	7.55E-01	-9.90E-01	3.17E+00	4.51E-03	
1_777975_A_T	3.28E-01	1.96E-97	9.66E-01	-9.72E-02	2.26E+00	6.22E-04	
1_778264_T_C	1.17E-02	3.33E-14	1.45E-01	6.58E+00	4.52E+00	2.10E-02	
1_778819_G_A	5.50E-02	1.27E-15	5.26E-01	5.74E+00	9.04E+00	9.16E-03	
1_779092_C_G	7.34E-01	2.66E-03	6.98E-02	-4.20E+00	2.31E+00	2.62E-02	
1_779245_A_T	4.60E-01	2.10E-58	9.16E-01	1.92E-01	1.83E+00	1.52E-03	
1_779912_A_C	1.73E-02	2.37E-02	9.68E-01	1.81E-01	4.55E+00	5.73E-04	
1_780570_C_T	4.09E-01	6.71E-148	8.52E-01	-4.16E-01	2.23E+00	2.69E-03	
1_783022_G_A	5.07E-01	6.31E-12	4.70E-01	1.63E+00	2.26E+00	1.04E-02	
1_784759_T_G	1.24E-01	9.83E-147	3.01E-01	4.23E+00	4.09E+00	1.49E-02	
1_785672_T_G	1.49E-01	1.57E-07	4.42E-01	3.57E+00	4.64E+00	1.11E-02	
1_785928_A_C	5.25E-02	1.61E-14	5.43E-01	5.76E+00	9.47E+00	8.77E-03	
1_787295_A_G	5.19E-02	7.11E-19	7.47E-01	-1.67E+00	5.20E+00	4.65E-03	
1_787600_A_T	1.42E-01	5.24E-120	6.11E-01	-1.93E+00	3.80E+00	7.34E-03	
1_790723_C_T	1.63E-02	4.74E-09	1.42E-01	6.40E+00	4.36E+00	2.12E-02	
1_791137_C_G	1.97E-01	1.02E-126	3.73E-01	-4.12E+00	4.62E+00	1.29E-02	
1_792932_T_C	1.15E-02	7.34E-19	2.63E-01	5.06E+00	4.52E+00	1.62E-02	
1_793928_C_T	2.11E-01	6.32E-01	7.73E-01	-7.45E-01	2.58E+00	4.17E-03	
1_794522_T_G	2.00E-02	4.80E-16	4.74E-01	3.09E+00	4.32E+00	1.03E-02	
1_795613_A_G	2.07E-01	6.33E-02	3.87E-01	2.03E+00	2.35E+00	1.25E-02	
1_796124_C_G	8.23E-02	4.28E-69	6.64E-01	-3.00E+00	6.90E+00	6.28E-03	
1_798124_T_C	4.90E-02	1.26E-11	3.96E-02	-8.30E+00	4.03E+00	2.97E-02	
1_798269_C_A	6.71E-02	2.06E-07	6.53E-01	-2.06E+00	4.59E+00	6.49E-03	
1_798806_C_T	1.94E-02	6.64E-15	7.06E-01	-1.46E+00	3.88E+00	5.44E-03	
1_799281_A_T	1.42E-02	1.92E-21	4.17E-01	-5.27E+00	6.49E+00	1.17E-02	
1_799578_G_C	3.00E-01	4.45E-66	5.93E-01	1.18E+00	2.21E+00	7.72E-03	
1_800262_A_G	2.35E-01	4.08E-27	5.52E-01	2.04E+00	3.43E+00	8.58E-03	
1_800396_T_C	3.65E-02	9.26E-36	3.59E-01	4.27E+00	4.65E+00	1.32E-02	
1_800647_G_T	5.00E-02	1.13E-14	9.24E-01	-3.42E-01	3.56E+00	1.38E-03	
1_801707_C_A	2.19E-02	2.74E-25	5.27E-01	2.89E+00	4.57E+00	9.13E-03	
1_802158_T_A	3.60E-02	3.28E-33	3.77E-01	-3.02E+00	3.42E+00	1.28E-02	
1_803034_C_T	1.00E-02	2.40E-01	9.58E-01	-2.10E-01	3.94E+00	7.69E-04	
1_803065_A_C	5.67E-02	1.11E-15	5.71E-01	3.19E+00	5.63E+00	8.17E-03	
1_803217_C_G	6.23E-02	1.20E-13	9.45E-01	-2.11E-01	3.04E+00	1.00E-03	
1_804317_C_A	1.29E-01	6.71E-68	4.98E-01	2.35E+00	3.47E+00	9.78E-03	
1_804747_C_T	1.00E-02	3.31E-14	1.93E-01	4.52E+00	3.47E+00	1.88E-02	
1_804866_C_A	1.25E-01	2.81E-49	4.85E-01	2.57E+00	3.68E+00	1.01E-02	
1_805762_A_T	1.59E-01	4.11E-05	9.40E-01	1.60E-01	2.13E+00	1.09E-03	
1_806927_G_T	5.96E-02	2.20E-16	8.51E-01	4.84E-01	2.57E+00	2.71E-03	
1_808494_C_G	1.75E-01	1.34E-02	4.11E-01	-1.62E+00	1.97E+00	1.19E-02	
1_808873_T_A	1.71E-02	4.77E-13	9.86E-01	5.57E-02	3.26E+00	2.47E-04	
1_809542_T_A	2.14E-01	1.45E-14	7.96E-01	8.54E-01	3.31E+00	3.73E-03	
1_810090_A_G	5.52E-02	2.87E-16	6.65E-01	3.33E+00	7.69E+00	6.25E-03	
1_810146_A_G	6.80E-01	1.10E-02	9.15E-01	2.19E-01	2.06E+00	1.54E-03	
1_810322_G_A	2.02E-02	1.81E-28	4.58E-01	4.89E+00	6.59E+00	1.07E-02	
1_811289_G_T	1.42E-02	1.92E-21	4.17E-01	-5.27E+00	6.49E+00	1.17E-02	
1_812318_A_C	2.60E-02	2.66E-27	3.67E-01	-4.60E+00	5.11E+00	1.30E-02	
1_812975_C_A	2.81E-02	1.08E-30	6.78E-02	-2.10E+01	1.15E+01	2.64E-02	
1_813148_C_T	3.12E-02	3.63E-01	6.50E-01	1.43E+00	3.15E+00	6.54E-03	
1_813343_A_G	7.62E-02	8.12E-01	7.50E-02	-5.21E+00	2.93E+00	2.57E-02	
1_814667_C_A	1.40E-02	6.92E-19	7.37E-01	-1.52E+00	4.54E+00	4.85E-03	
1_818098_C_A	3.27E-01	1.83E-12	1.90E-01	-2.64E+00	2.01E+00	1.89E-02	
1_818797_T_C	1.12E-01	1.27E-66	7.28E-01	1.03E+00	2.95E+00	5.03E-03	
1_819136_T_C	1.40E-01	2.40E-74	4.56E-02	5.20E+00	2.60E+00	2.88E-02	
1_819830_A_T	5.06E-02	4.72E-65	5.88E-01	-2.18E+00	4.02E+00	7.81E-03	
1_824631_T_G	2.42E-02	1.62E-07	9.29E-01	2.61E-01	2.94E+00	1.28E-03	
1_825233_A_T	9.44E-02	6.59E-109	1.62E-01	4.63E+00	3.31E+00	2.02E-02	
1_826443_G_A	3.29E-02	8.30E-02	9.17E-01	5.71E-01	5.48E+00	1.51E-03	
1_827072_A_G	1.82E-01	4.40E-51	6.02E-01	-1.27E+00	2.43E+00	7.53E-03	
1_827400_C_T	1.63E-01	2.49E-116	1.71E-02	5.57E+00	2.34E+00	3.44E-02	
1_827924_T_C	5.17E-02	2.44E-20	4.25E-01	3.35E+00	4.19E+00	1.15E-02	
1_829316_A_C	1.36E-01	2.54E-79	1.20E-03	8.10E+00	2.50E+00	4.67E-02	
1_829973_G_T	1.50E-01	8.52E-09	4.43E-01	2.31E+00	3.02E+00	1.11E-02	
1_830194_T_C	7.41E-01	6.87E-34	9.18E-01	2.21E-01	2.14E+00	1.49E-03	
1_831342_T_G	1.33E-02	1.45E-16	6.88E-01	-2.69E+00	6.71E+00	5.79E-03	
1_831925_T_G	5.06E-02	2.14E-13	8.26E-01	-1.05E+00	4.79E+00	3.17E-03	
1_832315_A_G	8.80E-01	3.85E-32	5.71E-01	-1.46E+00	2.57E+00	8.17E-03	
1_832963_C_T	8.56E-02	1.75E-99	4.35E-01	4.41E+00	5.64E+00	1.13E-02	
1_834558_C_G	2.13E-02	9.78E-07	1.61E-01	5.78E+00	4.13E+00	2.02E-02	
1_835786_C_G	9.69E-02	6.24E-23	6.15E-01	-2.31E+00	4.59E+00	7.27E-03	
1_836347_T_A	6.79E-01	1.06E-17	8.83E-01	-3.71E-01	2.53E+00	2.12E-03	
1_836781_T_A	6.81E-02	2.60E-39	9.05E-01	-4.88E-01	4.09E+00	1.72E-03	
1_840534_G_C	6.96E-02	6.75E-73	6.76E-01	2.52E+00	6.03E+00	6.04E-03	
1_841191_C_A	4.88E-01	3.59E-06	2.56E-01	2.76E+00	2.43E+00	1.64E-02	
1_842817_C_A	4.16E-01	4.53E-114	4.39E-01	1.64E+00	2.12E+00	1.12E-02	
1_843255_T_C	2.84E-01	1.06E-16	7.95E-01	-6.31E-01	2.43E+00	3.75E-03	
1_844475_G_T	6.88E-01	7.75E-02	7.32E-01	-8.64E-01	2.52E+00	4.94E-03	
1_847580_T_G	2.17E-01	2.54E-02	2.14E-01	-2.52E+00	2.03E+00	1.79E-02	
1_849081_G_T	2.39E-01	7.94E-27	7.64E-01	6.67E-01	2.22E+00	4.34E-03	
1_851380_A_T	2.09E-01	2.05E-113	2.32E-05	1.01E+01	2.39E+00	6.10E-02	
1_851907_T_G	9.12E-02	1.35E-88	3.86E-01	5.87E+00	6.77E+00	1.25E-02	
1_853971_A_C	7.72E-01	5.44E-87	7.04E-02	3.85E+00	2.13E+00	2.61E-02	
1_854398_A_G	1.57E-01	5.16E-120	5.86E-01	1.87E+00	3.43E+00	7.87E-03	
1_854459_C_T	4.64E-01	3.69E-39	4.92E-01	-1.57E+00	2.28E+00	9.91E-03	
1_855276_T_G	1.65E-01	6.06E-05	2.36E-01	-2.66E+00	2.25E+00	1.71E-02	
1_855862_T_G	1.81E-02	6.16E-17	8.17E-01	-1.27E+00	5.52E+00	3.33E-03	
1_857104_T_C	5.46E-02	1.17E-15	8.28E-01	-7.80E-01	3.59E+00	3.14E-03	
1_857468_G_A	7.83E-02	1.32E-01	8.64E-01	-4.97E-01	2.90E+00	2.47E-03	
1_860849_A_T	5.04E-01	9.16E-01	4.36E-01	1.51E+00	1.94E+00	1.12E-02	
1_861787_A_G	2.06E-01	2.03E-33	1.56E-02	-6.25E+00	2.58E+00	3.49E-02	
1_861896_C_A	1.59E-01	4.92E-18	6.18E-01	-1.41E+00	2.83E+00	7.19E-03	
1_864355_A_T	1.17E-01	1.70E-108	1.25E-01	-6.98E+00	4.55E+00	2.21E-02	
1_867116_G_A	4.32E-01	1.17E-27	5.79E-01	-1.09E+00	1.96E+00	8.02E-03	
1_868649_A_G	7.27E-02	3.84E-01	2.48E-01	-4.67E+00	4.04E+00	1.67E-02	
1_869464_G_C	1.28E-01	1.20E-09	7.72E-01	-9.07E-01	3.12E+00	4.19E-03	
1_870373_C_G	3.50E-02	5.24E-35	4.69E-01	2.82E+00	3.90E+00	1.05E-02	
1_871771_T_A	3.02E-02	8.63E-33	3.80E-01	-3.57E+00	4.06E+00	1.27E-02	
1_872451_T_C	5.35E-02	2.18E-13	9.78E-01	-1.50E-01	5.50E+00	3.95E-04	
1_872783_C_A	3.01E-01	1.52E-38	6.82E-01	1.15E+00	2.80E+00	5.91E-03	
1_872975_T_A	8.74E-01	3.67E-109	1.98E-01	-3.52E+00	2.73E+00	1.86E-02	
1_877193_C_T	3.54E-02	2.37E-41	3.07E-03	1.38E+01	4.66E+00	4.27E-02	
1_880637_T_C	1.52E-01	7.72E-35	8.00E-01	7.05E-01	2.78E+00	3.66E-03	
1_883401_T_G	3.57E-01	4.78E-50	7.00E-01	8.07E-01	2.10E+00	5.56E-03	
1_883830_A_G	1.17E-02	4.38E-06	4.61E-01	-3.28E+00	4.46E+00	1.06E-02	
1_884016_A_G	5.67E-01	7.05E-230	7.11E-01	7.61E-01	2.05E+00	5.36E-03	
1_884184_A_G	4.13E-01	1.51E-167	9.70E-01	7.71E-02	2.04E+00	5.45E-04	
1_884983_A_C	2.14E-01	9.66E-09	6.15E-01	-1.42E+00	2.82E+00	7.25E-03	
1_885383_A_T	1.06E-01	1.57E-10	6.77E-01	1.23E+00	2.96E+00	6.01E-03	
1_885876_C_T	9.58E-02	4.66E-15	5.20E-01	-2.48E+00	3.85E+00	9.30E-03	
1_885997_C_G	2.84E-01	8.17E-100	4.99E-05	1.18E+01	2.90E+00	5.85E-02	
1_886342_G_C	1.32E-01	1.56E-61	7.85E-01	8.93E-01	3.27E+00	3.94E-03	
1_886630_G_A	5.59E-01	1.60E-09	6.11E-01	1.41E+00	2.77E+00	7.34E-03	
1_887143_C_G	4.70E-01	2.71E-09	9.13E-02	3.63E+00	2.15E+00	2.44E-02	
1_887446_A_T	1.05E-01	6.49E-94	7.83E-01	-6.48E-01	2.35E+00	3.98E-03	
1_890545_A_T	1.80E-01	5.01E-50	9.73E-01	-1.05E-01	3.17E+00	4.81E-04	
1_892372_T_G	4.23E-01	5.52E-04	6.10E-01	1.57E+00	3.07E+00	7.37E-03	
1_892442_A_C	3.85E-01	3.71E-18	6.69E-01	-1.20E+00	2.80E+00	6.17E-03	
1_894648_G_C	2.31E-02	3.09E-06	6.86E-01	-1.61E+00	3.98E+00	5.83E-03	
1_894809_C_A	2.69E-01	1.37E-71	2.28E-01	2.81E+00	2.33E+00	1.74E-02	
1_895134_C_G	5.54E-01	2.19E-01	9.35E-01	1.78E-01	2.16E+00	1.19E-03	
1_895958_G_T	1.08E-02	7.16E-03	4.74E-01	-2.64E+00	3.69E+00	1.03E-02	
1_898851_T_A	2.15E-02	2.80E-05	9.51E-01	1.83E-01	2.96E+00	8.96E-04	
1_899829_C_A	5.48E-02	4.71E-16	1.82E-01	1.55E+01	1.16E+01	1.93E-02	
1_900072_T_G	3.40E-02	8.67E-42	5.30E-04	1.22E+01	3.52E+00	5.00E-02	
1_900457_A_C	7.19E-02	1.15E-15	9.23E-01	2.70E-01	2.80E+00	1.39E-03	
1_901323_G_T	7.29E-02	3.31E-15	8.02E-01	-6.70E-01	2.68E+00	3.61E-03	
1_906207_C_A	7.60E-02	3.70E-09	2.74E-01	-4.58E+00	4.18E+00	1.58E-02	
1_910084_C_T	5.25E-02	3.20E-13	9.96E-01	-1.73E-02	3.20E+00	7.82E-05	
1_910112_A_T	2.80E-01	5.09E-38	2.95E-01	2.22E+00	2.12E+00	1.51E-02	
1_910237_A_C	3.71E-02	7.07E-24	1.26E-01	9.16E+00	5.99E+00	2.21E-02	
1_911203_T_G	3.46E-02	8.22E-21	4.87E-01	2.80E+00	4.02E+00	1.00E-02	
1_913907_C_T	5.06E-01	7.06E-06	2.87E-01	2.38E+00	2.23E+00	1.54E-02	
1_915124_G_C	6.98E-02	1.41E-46	7.74E-01	9.24E-01	3.22E+00	4.14E-03	
1_915466_T_C	1.55E-01	5.80E-133	3.57E-01	-4.29E+00	4.66E+00	1.33E-02	
1_915499_C_G	5.23E-02	3.26E-06	4.64E-01	-3.80E+00	5.19E+00	1.06E-02	
1_915703_C_T	6.34E-01	1.41E-10	8.08E-01	6.93E-01	2.86E+00	3.50E-03	
1_916099_G_C	9.98E-02	1.70E-73	2.64E-01	-3.44E+00	3.08E+00	1.61E-02	
1_917105_T_A	7.83E-02	7.79E-15	7.92E-01	-1.36E+00	5.14E+00	3.81E-03	
1_917333_T_A	1.76E-01	1.41E-05	2.18E-01	2.82E+00	2.29E+00	1.78E-02	
1_917787_A_T	2.81E-02	1.08E-30	6.78E-02	-2.10E+01	1.15E+01	2.64E-02	
1_921691_G_T	5.25E-02	1.61E-14	5.43E-01	5.76E+00	9.47E+00	8.77E-03	
1_922057_G_T	2.23E-02	1.74E-03	9.14E-01	-3.23E-01	2.98E+00	1.57E-03	
1_922767_C_G	7.89E-01	1.82E-67	7.61E-01	-7.09E-01	2.34E+00	4.38E-03	
1_923757_T_G	1.97E-01	1.49E-07	3.84E-01	2.33E+00	2.67E+00	1.26E-02	
1_924230_A_T	2.56E-01	1.36E-23	4.82E-01	1.46E+00	2.08E+00	1.02E-02	
1_925290_T_G	3.48E-02	7.13E-35	7.62E-01	-1.16E+00	3.84E+00	4.37E-03	
1_925296_T_C	2.19E-02	4.12E-25	6.10E-01	-2.49E+00	4.87E+00	7.36E-03	
1_927663_C_G	2.79E-02	3.09E-30	2.78E-01	-9.83E+00	9.07E+00	1.57E-02	
1_929186_T_A	3.73E-02	8.03E-24	1.12E-01	1.32E+01	8.34E+00	2.29E-02	
1_929430_C_T	5.77E-02	1.08E-14	1.08E-01	9.81E+00	6.10E+00	2.32E-02	
1_929784_T_A	3.45E-01	3.21E-28	8.92E-01	2.45E-01	1.80E+00	1.96E-03	
1_930632_T_A	1.33E-02	1.45E-16	6.88E-01	-2.69E+00	6.71E+00	5.79E-03	
1_934172_T_G	7.85E-02	3.60E-50	4.56E-01	-2.22E+00	2.97E+00	1.08E-02	
1_935375_T_C	1.71E-01	1.41E-50	8.09E-01	6.90E-01	2.85E+00	3.49E-03	
1_935761_G_T	6.77E-01	2.87E-261	9.39E-02	3.82E+00	2.28E+00	2.42E-02	
1_935910_A_C	5.06E-01	6.83E-10	7.56E-01	7.40E-01	2.39E+00	4.48E-03	
1_936046_C_G	1.50E-01	3.91E-69	8.43E-01	5.81E-01	2.93E+00	2.87E-03	
1_937336_T_C	5.48E-02	4.71E-16	1.82E-01	1.55E+01	1.16E+01	1.93E-02	
1_937499_G_T	1.67E-02	1.80E-22	8.45E-01	1.58E+00	8.05E+00	2.83E-03	
1_937697_C_T	2.99E-01	7.16E-09	2.60E-01	2.78E+00	2.47E+00	1.63E-02	
1_938461_G_A	5.49E-01	8.88E-02	2.41E-01	2.21E+00	1.89E+00	1.69E-02	
1_939271_T_C	4.21E-01	6.73E-02	3.88E-01	-2.07E+00	2.40E+00	1.25E-02	
1_939439_G_C	5.53E-01	3.56E-22	5.74E-01	1.15E+00	2.04E+00	8.12E-03	
1_939991_C_T	8.85E-01	3.28E-156	1.61E-01	7.84E+00	5.59E+00	2.02E-02	
1_940746_T_C	3.79E-02	2.69E-07	6.30E-02	-9.43E+00	5.07E+00	2.68E-02	
1_942782_A_T	2.06E-02	1.68E-29	9.70E-02	1.39E+01	8.36E+00	2.40E-02	
1_943664_T_G	3.96E-02	3.61E-25	5.15E-01	-3.97E+00	6.09E+00	9.39E-03	
1_946673_G_A	5.36E-01	4.17E-14	5.01E-01	-1.41E+00	2.09E+00	9.72E-03	
1_946955_C_T	1.71E-01	3.46E-02	8.04E-01	7.61E-01	3.07E+00	3.58E-03	
1_947484_C_A	9.30E-01	8.10E-94	1.17E-01	6.33E+00	4.05E+00	2.26E-02	
1_948071_C_G	5.21E-01	3.75E-172	3.89E-01	1.62E+00	1.88E+00	1.24E-02	
1_948903_C_T	3.92E-02	1.91E-23	7.51E-01	-1.39E+00	4.39E+00	4.59E-03	
1_949016_T_G	1.04E-02	1.29E-01	8.96E-01	4.66E-01	3.56E+00	1.89E-03	
1_950407_G_C	2.65E-02	6.71E-06	5.62E-01	-3.04E+00	5.23E+00	8.37E-03	
1_953309_T_A	4.09E-01	2.84E-18	2.87E-01	-2.32E+00	2.18E+00	1.54E-02	
1_954404_G_A	2.81E-02	1.08E-30	6.78E-02	-2.10E+01	1.15E+01	2.64E-02	
1_955147_G_T	7.75E-02	9.12E-02	4.89E-01	2.92E+00	4.22E+00	9.98E-03	
1_955523_T_A	1.15E-01	9.88E-37	2.00E-01	3.26E+00	2.54E+00	1.85E-02	
1_955809_T_C	1.77E-01	6.62E-31	4.86E-01	-1.76E+00	2.52E+00	1.01E-02	
1_956306_C_T	2.96E-01	5.57E-08	7.74E-01	6.34E-01	2.21E+00	4.14E-03	
1_956496_A_C	3.88E-01	1.21E-86	7.39E-01	9.62E-01	2.89E+00	4.81E-03	
1_957189_G_T	1.38E-02	6.95E-18	8.08E-01	-1.11E+00	4.59E+00	3.50E-03	
1_958501_A_G	6.85E-01	8.54E-02	2.65E-01	-2.38E+00	2.14E+00	1.61E-02	
1_961482_C_A	3.31E-02	6.25E-03	5.38E-01	1.76E+00	2.86E+00	8.89E-03	
1_962305_T_C	5.31E-02	2.67E-15	2.43E-01	7.46E+00	6.38E+00	1.69E-02	
1_962522_C_T	8.97E-01	1.44E-132	7.87E-01	1.21E+00	4.49E+00	3.90E-03	
1_963179_T_A	7.46E-02	2.11E-15	8.10E-01	7.22E-01	3.00E+00	3.47E-03	
1_963209_T_A	5.75E-02	4.52E-11	8.17E-01	8.46E-01	3.65E+00	3.35E-03	
1_963820_T_C	2.28E-01	4.83E-02	9.48E-01	-1.70E-01	2.60E+00	9.41E-04	
1_964365_G_A	1.01E-01	5.04E-23	8.01E-01	-8.17E-01	3.25E+00	3.63E-03	
1_965139_C_A	3.23E-02	4.28E-36	3.92E-01	-4.47E+00	5.23E+00	1.23E-02	
1_965184_G_C	4.73E-02	3.63E-02	8.05E-01	-1.14E+00	4.60E+00	3.57E-03	
1_966393_C_G	4.08E-01	4.56E-01	3.83E-01	1.97E+00	2.26E+00	1.26E-02	
1_968529_A_G	8.81E-02	1.52E-06	4.13E-01	2.54E+00	3.10E+00	1.18E-02	
1_969508_T_C	1.60E-01	1.12E-45	1.66E-01	5.03E+00	3.63E+00	2.00E-02	
1_969623_T_A	4.13E-02	4.85E-24	6.54E-01	2.91E+00	6.49E+00	6.47E-03	
1_969774_A_T	1.65E-01	7.57E-09	3.59E-01	-2.96E+00	3.23E+00	1.33E-02	
1_969979_T_C	1.21E-02	6.42E-12	4.87E-01	-2.67E+00	3.83E+00	1.00E-02	
1_973727_T_G	2.74E-01	4.46E-01	4.19E-01	-1.60E+00	1.99E+00	1.17E-02	
1_974601_G_A	1.05E-01	1.88E-15	2.80E-01	-3.00E+00	2.77E+00	1.56E-02	
1_979001_T_A	9.35E-01	2.36E-87	4.43E-01	1.92E+00	2.50E+00	1.11E-02	
1_979339_G_A	7.90E-01	4.33E-08	3.96E-01	-1.89E+00	2.22E+00	1.23E-02	
1_980777_C_G	6.04E-02	1.16E-04	7.33E-01	-1.29E+00	3.78E+00	4.93E-03	
1_980845_A_G	9.58E-02	1.64E-19	8.12E-01	8.51E-01	3.58E+00	3.43E-03	
1_982111_A_T	1.04E-01	5.33E-109	4.42E-01	3.16E+00	4.11E+00	1.11E-02	
1_983683_T_C	1.49E-01	3.12E-01	6.68E-01	-1.51E+00	3.52E+00	6.20E-03	
1_983698_A_T	4.05E-01	3.19E-01	6.61E-01	1.14E+00	2.59E+00	6.33E-03	
1_984761_A_C	7.35E-02	3.58E-09	1.32E-01	-1.08E+01	7.18E+00	2.17E-02	
1_984879_G_A	2.06E-02	9.52E-28	4.71E-01	2.49E+00	3.46E+00	1.04E-02	
1_986246_C_A	2.67E-02	9.49E-21	6.93E-01	-1.10E+00	2.78E+00	5.70E-03	
1_988832_T_G	2.81E-02	1.08E-30	6.78E-02	-2.10E+01	1.15E+01	2.64E-02	
1_992292_T_A	5.54E-01	5.74E-10	2.19E-01	-2.94E+00	2.39E+00	1.77E-02	
1_992555_T_G	5.31E-02	1.06E-13	2.54E-01	3.25E+00	2.85E+00	1.65E-02	
1_993565_C_T	1.73E-02	2.30E-25	2.73E-01	-4.53E+00	4.13E+00	1.58E-02	
1_993930_C_G	8.60E-02	7.61E-83	6.94E-01	1.17E+00	2.96E+00	5.69E-03	
1_995305_T_A	7.35E-02	3.58E-09	1.32E-01	-1.08E+01	7.18E+00	2.17E-02	
1_996238_C_G	6.75E-01	6.07E-248	8.46E-01	4.15E-01	2.14E+00	2.80E-03	
1_996290_G_A	1.44E-01	1.18E-03	6.66E-01	-1.19E+00	2.76E+00	6.24E-03	
1_998069_A_C	1.09E-01	2.90E-121	9.20E-01	-2.90E-01	2.90E+00	1.44E-03	
1_998121_G_T	1.19E-01	8.90E-112	4.93E-03	8.62E+00	3.06E+00	4.06E-02	
