sample_id	sample_id2	phensim
zero	zero	-29.9908
1	1	1.31367
2	2	-9.02553
3	3	25.9843
4	4	27.2759
5	5	12.8743
6	6	-20.6508
7	7	31.4849
8	8	-14.0018
9	9	-12.4942
10	10	-22.0759
11	11	19.3141
12	12	-4.25587
13	13	7.56037
14	14	-11.2146
15	15	5.12681
16	16	5.60051
17	17	1.29622
18	18	-4.50303
19	19	-14.0923
20	20	2.66725
21	21	-9.55159
22	22	-24.6858
23	23	6.59243
24	24	-11.2649
25	25	7.06152
26	26	-14.1862
27	27	7.52584
28	28	-21.4844
29	29	-27.417
30	30	7.83797
31	31	17.6723
32	32	8.00382
33	33	1.26682
34	34	-36.6306
35	35	11.112
36	36	-6.29198
37	37	-0.0953075
38	38	-32.1832
39	39	-20.6939
40	40	6.66342
41	41	-23.1762
42	42	-10.6922
43	43	-37.276
44	44	-11.4007
45	45	48.2088
46	46	1.1221
47	47	19.399
48	48	19.7603
49	49	4.70886
50	50	18.0905
51	51	33.2004
52	52	14.3488
53	53	1.91236
54	54	15.7148
55	55	21.6062
56	56	-5.43836
57	57	-12.1077
58	58	-11.2439
59	59	-5.2904
60	60	13.7564
61	61	-17.1076
62	62	23.4851
63	63	-0.762991
64	64	5.77561
65	65	1.10495
66	66	35.862
67	67	-18.8041
68	68	-1.67426
69	69	11.7139
70	70	29.7876
71	71	-24.862
72	72	-23.1906
73	73	19.3376
74	74	37.2727
75	75	1.89908
76	76	-2.48003
77	77	12.3885
78	78	7.39692
79	79	-9.28421
80	80	-6.4936
81	81	-36.6054
82	82	11.1856
83	83	-19.6207
84	84	20.8893
85	85	-14.8873
86	86	-3.72312
87	87	-3.08016
88	88	-11.0568
89	89	-23.2913
90	90	14.0567
91	91	23.8206
92	92	4.53655
93	93	-12.9976
94	94	-26.2688
95	95	-13.2621
96	96	-42.8825
97	97	-1.40144
98	98	-2.25092
99	99	5.39683
100	100	15.7845
101	101	3.64721
102	102	-3.48062
103	103	17.3871
104	104	-16.5505
105	105	-3.91787
106	106	16.9795
107	107	1.75076
108	108	-15.8232
109	109	-1.12538
110	110	1.68973
111	111	-42.9167
112	112	-10.5469
113	113	-1.16177
114	114	9.37564
115	115	-34.6509
116	116	-37.1538
117	117	25.3026
118	118	3.49623
119	119	12.7366
120	120	27.2737
121	121	-21.5885
122	122	0.91398
123	123	-22.8488
124	124	-28.3709
125	125	8.83414
126	126	11.8408
127	127	6.98052
128	128	7.59717
129	129	-30.6846
130	130	-19.2681
131	131	7.74815
132	132	1.9814
133	133	18.2412
134	134	-16.669
135	135	-28.6924
136	136	12.9429
137	137	4.96492
138	138	-7.74175
139	139	-13.2656
140	140	14.2095
141	141	-36.2285
142	142	26.1683
143	143	-12.8493
144	144	19.7531
145	145	-39.5893
146	146	-5.23396
147	147	-27.2256
148	148	-5.93611
149	149	12.1617
150	150	14.0022
151	151	25.675
152	152	-16.0944
153	153	-26.0869
154	154	-35.648
155	155	-13.133
156	156	8.36546
157	157	-22.4094
158	158	20.0814
159	159	14.2492
160	160	6.11627
161	161	22.9359
162	162	-29.133
163	163	9.90678
164	164	8.18881
165	165	-36.7754
166	166	-9.70908
167	167	53.503
168	168	-15.5623
169	169	-39.3628
170	170	20.0561
171	171	-10.3934
172	172	-13.1886
173	173	-10.8845
174	174	7.78402
175	175	-5.02994
176	176	-6.47111
177	177	-1.45958
178	178	4.22232
179	179	7.64426
180	180	-15.8835
181	181	-7.25165
182	182	-8.89917
183	183	-5.55198
184	184	-5.27143
185	185	5.30905
186	186	51.2772
187	187	31.8541
188	188	-5.74812
189	189	5.11467
190	190	15.4393
191	191	-21.5174
192	192	14.2145
193	193	-2.93089
194	194	-9.41576
195	195	6.92642
196	196	4.25194
197	197	11.7134
198	198	-20.5391
199	199	-8.00066
200	200	-16.8029
201	201	-0.701882
202	202	14.5554
203	203	2.8041
204	204	1.36945
205	205	1.61408
206	206	-10.2968
207	207	-7.16856
208	208	-16.3969
209	209	-18.21
210	210	-0.72339
211	211	-1.96803
212	212	-16.9578
213	213	-21.8155
214	214	-29.2725
215	215	-30.1656
216	216	14.8054
217	217	-35.049
218	218	-10.7848
219	219	30.2108
220	220	7.32254
221	221	-14.5511
222	222	11.837
223	223	-6.0227
224	224	34.5135
225	225	-25.121
226	226	-30.4879
227	227	14.3894
228	228	42.143
229	229	10.0729
230	230	-12.3247
231	231	-24.8174
232	232	-12.9697
233	233	-7.91061
234	234	-17.0191
235	235	9.23082
236	236	-10.3669
237	237	-1.95524
238	238	3.63273
239	239	-3.93872
240	240	10.2512
241	241	-7.83244
242	242	-23.3818
243	243	-22.678
244	244	1.50208
245	245	-48.0852
246	246	13.9217
247	247	-17.364
248	248	-7.7657
249	249	-15.6616
250	250	42.0021
251	251	-32.1088
252	252	6.02431
253	253	10.091
254	254	-2.15924
255	255	42.0902
256	256	-21.7265
257	257	-3.71138
258	258	10.3676
259	259	-3.52407
260	260	13.7076
261	261	44.2015
262	262	22.605
263	263	-0.940315
264	264	-7.45796
265	265	-8.70316
266	266	-25.9589
267	267	3.72
268	268	-5.46091
269	269	5.50943
270	270	0.796129
271	271	26.6282
272	272	-7.31224
273	273	8.3608
274	274	6.31801
275	275	28.5711
276	276	19.7792
277	277	17.9801
278	278	-34.0575
279	279	-6.14384
280	280	-7.96722
281	281	-27.9792
282	282	-10.9806
283	283	2.48589
284	284	-8.54704
285	285	-7.25659
286	286	-26.8685
287	287	-2.00329
288	288	9.97139
289	289	-0.334056
290	290	8.89394
291	291	-15.8074
292	292	33.6403
293	293	-33.3627
294	294	6.15581
295	295	4.28078
296	296	44.4403
297	297	-10.467
298	298	12.5991
299	299	27.5262
300	300	-22.7345
301	301	-33.0547
302	302	8.71685
303	303	-18.4289
304	304	1.6317
305	305	-15.901
306	306	-9.65874
307	307	-14.0024
308	308	-25.3246
309	309	-0.404434
310	310	-3.78186
311	311	-4.18233
312	312	-17.6539
313	313	20.0631
314	314	7.33438
315	315	-14.0748
316	316	-15.7579
317	317	0.175453
318	318	20.7403
319	319	-29.5243
320	320	21.4208
321	321	12.289
322	322	-5.59107
323	323	-6.76831
324	324	-17.9964
325	325	-10.4426
326	326	10.7761
327	327	-12.9898
328	328	-6.69757
329	329	-5.2982
330	330	30.1987
331	331	6.88844
332	332	23.2255
333	333	-13.8604
334	334	1.57713
335	335	21.4876
336	336	33.9475
337	337	-13.7356
338	338	-24.7257
339	339	-12.6447
340	340	-27.4084
341	341	-11.9776
342	342	-7.53703
343	343	27.3797
344	344	14.4479
345	345	5.07699
346	346	30.0229
347	347	-2.74853
348	348	11.3212
349	349	11.4807
350	350	3.97082
351	351	20.1497
352	352	-25.8068
353	353	-8.145
354	354	-0.28102
355	355	3.51258
356	356	-22.328
357	357	42.5806
358	358	-4.71575
359	359	6.74965
360	360	18.3357
361	361	24.5698
362	362	-1.80308
363	363	3.33909
364	364	15.3604
365	365	4.08842
366	366	16.8244
367	367	-50.4225
368	368	-4.62142
369	369	-32.2251
370	370	28.0702
371	371	46.7641
372	372	-1.70724
373	373	10.163
374	374	-3.41757
375	375	-0.363482
376	376	-9.15515
377	377	-0.283583
378	378	-0.267327
379	379	17.1768
380	380	-35.481
381	381	2.94857
382	382	8.16215
383	383	-3.18574
384	384	-1.68069
385	385	-19.1911
386	386	-3.5436
387	387	12.7234
388	388	14.4325
389	389	-7.14444
390	390	-25.9918
391	391	-13.4604
392	392	19.9961
393	393	-8.51668
394	394	6.33672
395	395	-10.0543
396	396	-8.71885
397	397	3.53364
398	398	13.2334
399	399	-7.50937
400	400	17.3808
401	401	-11.034
402	402	-35.1551
403	403	12.1207
404	404	16.3482
405	405	-5.65214
406	406	-1.03442
407	407	-8.79543
408	408	18.4902
409	409	19.8671
410	410	8.78324
411	411	-2.91369
412	412	21.712
413	413	13.2603
414	414	20.789
415	415	17.3916
416	416	27.1852
417	417	24.7908
418	418	2.43238
419	419	-39.3987
420	420	-1.7384
421	421	-10.0684
422	422	-22.0343
423	423	-22.6919
424	424	-7.30138
425	425	-20.7467
426	426	-35.6351
427	427	5.64807
428	428	-11.9591
429	429	-16.7825
430	430	-25.9652
431	431	-10.4983
432	432	23.5707
433	433	-33.0773
434	434	-0.426457
435	435	35.1187
436	436	-19.596
437	437	18.3121
438	438	7.89214
439	439	12.9814
440	440	15.8412
441	441	-13.7173
442	442	23.6441
443	443	-26.7122
444	444	9.01079
445	445	1.65203
446	446	-2.34654
447	447	0.722166
448	448	13.989
449	449	38.8484
450	450	-21.1103
451	451	24.9154
452	452	32.395
453	453	31.8891
454	454	-28.5506
455	455	-36.5863
456	456	33.9986
457	457	30.1669
458	458	36.2253
459	459	6.15894
460	460	-8.15749
461	461	-27.0438
462	462	5.41611
463	463	-13.6221
464	464	20.868
465	465	27.6365
466	466	-13.3901
467	467	-23.4193
468	468	29.5856
469	469	-25.2513
470	470	21.466
471	471	9.24115
472	472	14.9291
473	473	-7.2379
474	474	33.3404
475	475	7.71168
476	476	0.0815379
477	477	-1.25334
478	478	-10.572
479	479	27.5737
480	480	-6.8948
481	481	-2.9501
482	482	-8.85694
483	483	-0.0214778
484	484	-5.42226
485	485	-27.2196
486	486	-10.9773
487	487	2.37945
488	488	-4.64114
489	489	-2.14262
490	490	0.912977
491	491	-14.0491
492	492	24.9838
493	493	-20.9922
494	494	-29.7156
495	495	1.45428
496	496	-3.50282
497	497	-13.1195
498	498	-8.18843
499	499	-18.3081
500	500	-12.4164
501	501	23.0841
502	502	4.76288
503	503	-18.4624
504	504	-30.8575
505	505	-20.9551
506	506	-26.2487
507	507	16.4735
508	508	-0.910996
509	509	-10.6885
510	510	5.3279
511	511	-0.483433
512	512	-19.7376
513	513	-39.627
514	514	29.4026
515	515	8.32522
516	516	34.3941
517	517	-5.26797
518	518	41.0318
519	519	-13.1164
520	520	3.03954
521	521	18.2342
522	522	-0.582553
523	523	12.7193
524	524	17.0576
525	525	-30.4428
526	526	6.54642
527	527	-7.41767
528	528	18.5834
529	529	18.1006
530	530	3.05583
531	531	15.6956
532	532	-36.9693
533	533	-13.4795
534	534	14.4678
535	535	-25.8864
536	536	13.2153
537	537	23.6248
538	538	29.551
539	539	4.94259
540	540	-16.3821
541	541	18.0117
542	542	4.96986
543	543	-26.8353
544	544	8.30414
545	545	-4.08251
546	546	-2.30832
547	547	-12.9819
548	548	3.1544
549	549	-5.0326
550	550	-35.7214
551	551	9.97093
552	552	-9.81569
553	553	-8.84482
554	554	22.9035
555	555	30.0107
556	556	-10.9908
557	557	0.258786
558	558	30.0299
559	559	11.5061
560	560	5.38712
561	561	-14.6704
562	562	-2.56789
563	563	7.69771
564	564	-43.6036
565	565	37.2346
566	566	9.68087
567	567	19.8123
568	568	10.3573
569	569	45.4169
570	570	16.8906
571	571	23.3789
572	572	-39.551
573	573	16.6768
574	574	-10.7958
575	575	-14.2125
576	576	3.80633
577	577	31.9202
578	578	2.59236
579	579	-20.2266
580	580	-1.64105
581	581	29.8249
582	582	-5.39221
583	583	-2.72995
584	584	-29.9588
585	585	7.85439
586	586	11.7874
587	587	18.3532
588	588	22.7213
589	589	25.8391
590	590	18.1613
591	591	-1.05259
592	592	8.69828
593	593	-18.9673
594	594	2.7556
595	595	-3.37543
596	596	-34.6465
597	597	-2.17073
598	598	-8.52417
599	599	28.2135
600	600	37.4367
601	601	7.37422
602	602	-14.3061
603	603	28.1647
604	604	-18.421
605	605	0.837897
606	606	-10.9695
607	607	14.4145
608	608	8.41814
609	609	-9.81841
610	610	-34.875
611	611	2.74614
612	612	15.2615
613	613	14.2908
614	614	-5.59903
615	615	3.68484
616	616	-5.6802
617	617	-6.77573
618	618	-4.8247
619	619	16.3196
620	620	-19.6232
621	621	-8.11954
622	622	1.54049
623	623	11.7471
624	624	18.2309
625	625	22.4579
626	626	-13.036
627	627	25.7672
628	628	-1.85737
629	629	-13.0945
630	630	0.168777
631	631	-9.56031
632	632	12.5749
633	633	21.7497
634	634	0.0833613
635	635	0.703296
636	636	18.3517
637	637	-29.7427
638	638	-21.9571
639	639	-36.6126
640	640	-5.47522
641	641	-13.0228
642	642	12.5635
643	643	-31.747
644	644	-22.6079
645	645	4.93496
646	646	15.8236
647	647	34.231
648	648	12.6726
649	649	1.33405
650	650	13.2352
651	651	33.0915
652	652	-15.7962
653	653	2.13866
654	654	-0.570862
655	655	-15.2186
656	656	-4.0157
657	657	28.3669
658	658	24.1225
659	659	-18.4359
660	660	-22.6142
661	661	-12.4387
662	662	5.77418
663	663	11.6698
664	664	-2.98839
665	665	9.16212
666	666	9.69337
667	667	-42.6778
668	668	11.4531
669	669	-7.54305
670	670	-1.73989
671	671	-17.7737
672	672	11.2163
673	673	6.57227
674	674	10.0573
675	675	-34.9164
676	676	14.1303
677	677	-18.725
678	678	-35.7051
679	679	-8.82317
680	680	-20.4611
681	681	-24.2562
682	682	-26.3002
683	683	-1.95649
684	684	13.1754
685	685	2.58644
686	686	11.082
687	687	-33.1132
688	688	33.0875
689	689	-31.5168
690	690	5.91223
691	691	-7.74673
692	692	33.2335
693	693	1.53794
694	694	14.139
695	695	19.8237
696	696	18.006
697	697	7.76926
698	698	-7.05147
699	699	-13.49
700	700	17.1842
701	701	20.6817
702	702	0.521854
703	703	30.4753
704	704	-4.71256
705	705	-4.31694
706	706	0.958312
707	707	-10.7999
708	708	8.97303
709	709	-5.92535
710	710	16.8472
711	711	3.56773
712	712	-4.40394
713	713	17.9796
714	714	-14.6214
715	715	4.28309
716	716	-25.9422
717	717	0.0929659
718	718	11.1575
719	719	-11.0562
720	720	-26.5449
721	721	-35.7513
722	722	2.36935
723	723	-1.60025
724	724	15.5481
725	725	9.47964
726	726	67.6829
727	727	14.1908
728	728	1.1004
729	729	-38.1903
730	730	16.5315
731	731	-26.7655
732	732	31.5478
733	733	-15.2425
734	734	3.33321
735	735	-5.57044
736	736	-27.8219
737	737	-19.5037
738	738	-15.0319
739	739	5.30732
740	740	-25.9573
741	741	-11.4087
742	742	-25.711
743	743	13.0052
744	744	0.0241161
745	745	-14.2589
746	746	3.78924
747	747	-2.18904
748	748	-14.3576
749	749	-12.2921
750	750	5.08334
751	751	-17.4194
752	752	-32.9966
753	753	18.7059
754	754	37.5368
755	755	-26.489
756	756	-25.7269
757	757	-25.1726
758	758	-21.8301
759	759	-15.6257
760	760	-3.4481
761	761	-21.1827
762	762	-30.2377
763	763	4.73783
764	764	2.93182
765	765	6.11357
766	766	19.9066
767	767	22.4369
768	768	-22.7241
769	769	13.6815
770	770	15.3573
771	771	4.56906
772	772	-5.91123
773	773	1.08099
774	774	13.8854
775	775	5.4862
776	776	22.6574
777	777	-2.05838
778	778	3.97816
779	779	-3.03653
780	780	26.0041
781	781	2.77721
782	782	-21.551
783	783	-16.3213
784	784	-8.95265
785	785	-15.071
786	786	-8.1395
787	787	10.3714
788	788	23.0805
789	789	-1.63077
790	790	-30.1658
791	791	-2.85758
792	792	-7.48235
793	793	-20.9613
794	794	-4.84428
795	795	18.7098
796	796	15.9212
797	797	-12.101
798	798	28.2161
799	799	-7.80825
800	800	20.458
801	801	9.25193
802	802	31.9186
803	803	-6.46142
804	804	4.77471
805	805	-33.8106
806	806	-28.6561
807	807	42.6002
808	808	4.35278
809	809	-36.1906
810	810	13.5673
811	811	-18.1687
812	812	27.3389
813	813	-16.2317
814	814	16.0654
815	815	-24.9072
816	816	2.91348
817	817	20.3302
818	818	12.9242
819	819	1.32459
820	820	-6.06167
821	821	-9.71897
822	822	-16.0359
823	823	14.5752
824	824	-20.2884
825	825	0.660204
826	826	15.1174
827	827	5.19755
828	828	10.1486
829	829	-20.8506
830	830	-24.3033
831	831	-16.9603
832	832	-13.2353
833	833	-26.5162
834	834	-13.9426
835	835	38.75
836	836	-9.4563
837	837	20.0761
838	838	-8.30287
839	839	-4.97069
840	840	27.1295
841	841	8.5473
842	842	-5.60999
843	843	31.1277
844	844	20.5096
845	845	-8.72592
846	846	-14.1647
847	847	-21.8462
848	848	33.4725
849	849	17.1451
850	850	0.602428
851	851	13.2279
852	852	1.26839
853	853	17.3726
854	854	14.9117
855	855	2.65714
856	856	-10.2792
857	857	-29.2253
858	858	3.80874
859	859	-19.8431
860	860	-38.3101
861	861	22.1074
862	862	13.1456
863	863	16.096
864	864	26.8057
865	865	-24.0966
866	866	-25.4522
867	867	-48.5964
868	868	-11.0471
869	869	15.3291
870	870	-12.0753
871	871	13.7287
872	872	-30.9355
873	873	-14.3265
874	874	-33.8794
875	875	6.77663
876	876	28.4028
877	877	43.8393
878	878	-43.1778
879	879	14.4092
880	880	-28.3114
881	881	-0.15852
882	882	1.17702
883	883	11.6655
884	884	-22.8474
885	885	-8.57402
886	886	47.9031
887	887	6.3041
888	888	-19.2588
889	889	-4.84808
890	890	-9.75195
891	891	19.0149
892	892	-5.72244
893	893	15.4054
894	894	-12.8897
895	895	9.05635
896	896	15.4843
897	897	-5.67755
898	898	20.052
899	899	14.8043
900	900	10.9681
901	901	-13.4921
902	902	18.1113
903	903	8.65977
904	904	29.8975
905	905	-43.6328
906	906	-9.46929
907	907	-8.17395
908	908	40.9597
909	909	9.91031
910	910	4.73971
911	911	32.0612
912	912	-11.3913
913	913	20.154
914	914	-10.0588
915	915	-6.16416
916	916	12.4734
917	917	-22.9587
918	918	21.3979
919	919	19.6552
920	920	0.314198
921	921	-10.7207
922	922	-0.463262
923	923	-10.8697
924	924	-19.1916
925	925	12.9305
926	926	-47.5908
927	927	12.0051
928	928	33.7112
929	929	-30.1647
930	930	30.5562
931	931	19.3339
932	932	21.5004
933	933	-13.9734
934	934	-20.1326
935	935	-3.71985
936	936	5.8319
937	937	-3.07896
938	938	8.1154
939	939	6.6999
940	940	4.16164
941	941	27.398
942	942	14.738
943	943	-11.1177
944	944	-3.72409
945	945	26.6406
946	946	23.5581
947	947	16.3485
948	948	2.16585
949	949	19.2709
950	950	6.54035
951	951	-9.29286
952	952	-17.7908
953	953	23.5988
954	954	8.62461
955	955	10.8281
956	956	13.7089
957	957	-20.9141
958	958	2.92548
959	959	-0.538881
960	960	-24.9436
961	961	18.8061
962	962	11.289
963	963	10.4291
964	964	-12.8321
965	965	31.0414
966	966	20.8931
967	967	18.1107
968	968	-24.9871
969	969	31.6876
970	970	31.9942
971	971	15.5991
972	972	27.2267
973	973	-7.67065
974	974	4.49387
975	975	-9.8323
976	976	3.05784
977	977	36.2227
978	978	62.7976
979	979	-2.8732
980	980	12.5479
981	981	28.4883
982	982	-5.24176
983	983	5.50004
984	984	-19.2186
985	985	24.0874
986	986	-0.0646335
987	987	26.7404
988	988	24.8107
989	989	20.3649
990	990	36.9249
991	991	1.22394
992	992	31.4588
993	993	-20.2874
994	994	-20.5038
995	995	6.53379
996	996	35.8139
997	997	-2.67738
998	998	6.17524
999	999	-42.6785
1000	1000	2.82002
1001	1001	13.4375
1002	1002	-9.04578
1003	1003	-27.7247
1004	1004	-9.71371
1005	1005	18.8212
1006	1006	41.0219
1007	1007	11.8876
1008	1008	16.1477
1009	1009	25.1679
1010	1010	8.89015
1011	1011	34.7223
1012	1012	7.43
1013	1013	11.2694
1014	1014	-17.0241
1015	1015	11.1334
1016	1016	0.0373646
1017	1017	-8.47123
1018	1018	-6.48213
1019	1019	-7.79042
1020	1020	-23.362
1021	1021	3.51331
1022	1022	3.29281
1023	1023	-1.52881
1024	1024	-1.94005
1025	1025	-26.0413
1026	1026	-30.4794
1027	1027	-15.6161
1028	1028	-33.8421
1029	1029	-7.77581
1030	1030	18.4375
1031	1031	31.3587
1032	1032	41.6142
1033	1033	-32.4143
1034	1034	16.8113
1035	1035	-32.1602
1036	1036	-21.8233
1037	1037	-40.0268
1038	1038	-3.51082
1039	1039	24.566
1040	1040	38.5273
1041	1041	-13.491
1042	1042	-10.1939
1043	1043	4.91205
1044	1044	-21.9463
1045	1045	-6.61791
1046	1046	1.84656
1047	1047	-25.7319
1048	1048	-15.7963
1049	1049	21.2349
1050	1050	-2.77639
1051	1051	23.9622
1052	1052	-15.4962
1053	1053	-24.9983
1054	1054	-6.46236
1055	1055	-2.39786
1056	1056	4.07807
1057	1057	25.2807
1058	1058	-24.7432
1059	1059	-30.4459
1060	1060	29.1029
1061	1061	3.86989
1062	1062	3.70366
1063	1063	-14.0891
1064	1064	0.369231
1065	1065	4.11721
1066	1066	19.1096
1067	1067	-17.8806
1068	1068	-8.22474
1069	1069	23.3289
1070	1070	-13.4678
1071	1071	-10.5307
1072	1072	52.2262
1073	1073	-16.9393
1074	1074	1.42178
1075	1075	-26.3089
1076	1076	-4.43299
1077	1077	8.08875
1078	1078	-1.87438
1079	1079	1.41805
1080	1080	8.18118
1081	1081	-0.982842
1082	1082	4.21521
1083	1083	7.83669
1084	1084	9.95706
1085	1085	-9.10806
1086	1086	-12.2198
1087	1087	12.9561
1088	1088	-8.62989
1089	1089	13.02
1090	1090	6.35961
1091	1091	11.5487
1092	1092	11.233
1093	1093	12.587
1094	1094	-14.1614
1095	1095	26.7056
1096	1096	12.0058
1097	1097	22.8314
1098	1098	1.47164
1099	1099	-1.02766
1100	1100	12.2288
1101	1101	8.11495
1102	1102	36.623
1103	1103	69.0978
1104	1104	-21.9735
1105	1105	-24.7613
1106	1106	-2.51288
1107	1107	-26.2382
1108	1108	-21.7416
1109	1109	38.1569
1110	1110	3.95875
1111	1111	23.3682
1112	1112	10.9901
1113	1113	-17.8902
1114	1114	30.8405
1115	1115	6.75435
1116	1116	-21.603
1117	1117	-7.95059
1118	1118	5.09995
1119	1119	-1.94201
1120	1120	5.04068
1121	1121	34.1427
1122	1122	-9.12959
1123	1123	-0.870347
1124	1124	-13.6282
1125	1125	30.5121
1126	1126	24.6646
1127	1127	-14.1601
1128	1128	-12.1846
1129	1129	-2.92704
1130	1130	-1.36965
1131	1131	5.21825
1132	1132	-46.9441
1133	1133	12.598
1134	1134	-10.7893
1135	1135	-3.32879
1136	1136	-44.6303
1137	1137	-12.0281
1138	1138	-11.7471
1139	1139	-21.3476
1140	1140	-20.2218
1141	1141	16.2359
1142	1142	14.6692
1143	1143	20.3907
1144	1144	27.0073
1145	1145	-21.8724
1146	1146	3.10034
1147	1147	-1.77706
1148	1148	18.301
1149	1149	28.1782
1150	1150	-13.4748
1151	1151	-6.60829
1152	1152	3.81591
1153	1153	-30.3405
1154	1154	-11.0539
1155	1155	12.5315
1156	1156	-6.28637
1157	1157	-29.9413
1158	1158	12.414
1159	1159	-13.0527
1160	1160	7.16107
1161	1161	-10.4017
1162	1162	-8.14567
1163	1163	-25.9511
1164	1164	-19.9766
1165	1165	-11.4802
1166	1166	4.2112
1167	1167	-40.2426
1168	1168	8.38979
1169	1169	2.39177
1170	1170	7.67738
1171	1171	-26.5942
1172	1172	15.2126
1173	1173	-24.5264
1174	1174	2.2265
1175	1175	17.6333
1176	1176	-10.0324
1177	1177	12.15
1178	1178	-7.23995
1179	1179	-0.394011
1180	1180	-42.0656
1181	1181	13.3397
1182	1182	3.9086
1183	1183	11.9601
1184	1184	6.29709
1185	1185	45.156
1186	1186	4.63305
1187	1187	1.34918
1188	1188	24.8415
1189	1189	-13.182
1190	1190	26.7579
1191	1191	-26.9562
1192	1192	-46.8561
1193	1193	-4.14982
1194	1194	-0.370742
1195	1195	-22.251
1196	1196	14.8725
1197	1197	24.4227
1198	1198	-33.0408
1199	1199	-3.16022
1200	1200	-0.446227
1201	1201	17.6988
1202	1202	19.1782
1203	1203	-9.85932
1204	1204	-33.7453
1205	1205	-23.0777
1206	1206	-6.85491
1207	1207	1.44546
1208	1208	3.87711
1209	1209	46.6055
1210	1210	-22.1795
1211	1211	-27.0827
1212	1212	6.91424
1213	1213	-21.5531
1214	1214	36.7392
1215	1215	3.50226
1216	1216	14.2172
1217	1217	26.5287
1218	1218	-8.42187
1219	1219	31.9359
1220	1220	5.99733
1221	1221	8.65838
1222	1222	-25.5679
1223	1223	24.9727
1224	1224	-1.5251
1225	1225	-25.7862
1226	1226	-12.3859
1227	1227	-20.2437
1228	1228	1.06548
1229	1229	10.5469
1230	1230	9.59498
1231	1231	36.9074
1232	1232	-17.9842
1233	1233	-25.0111
1234	1234	-10.5085
1235	1235	4.12707
1236	1236	-0.0894764
1237	1237	9.5718
1238	1238	-3.24681
1239	1239	-28.2596
1240	1240	-24.1257
1241	1241	-13.7993
1242	1242	16.2555
1243	1243	-23.6544
1244	1244	-9.37878
1245	1245	2.6297
1246	1246	20.4606
1247	1247	8.51028
1248	1248	-2.18181
1249	1249	28.6097
1250	1250	1.97653
1251	1251	14.941
1252	1252	40.5373
1253	1253	-8.9521
1254	1254	1.90584
1255	1255	-21.494
1256	1256	-31.4697
1257	1257	1.71784
1258	1258	2.56883
1259	1259	-14.1272
1260	1260	-23.0283
1261	1261	-8.92934
1262	1262	37.9397
1263	1263	30.5014
1264	1264	-13.9025
1265	1265	-19.9827
1266	1266	-7.37173
1267	1267	17.1346
1268	1268	10.4374
1269	1269	-25.3929
1270	1270	-41.1313
1271	1271	34.1322
1272	1272	20.7288
1273	1273	12.0861
1274	1274	-15.9863
1275	1275	-4.73646
1276	1276	-8.35892
1277	1277	39.7978
1278	1278	-25.5987
1279	1279	4.7733
1280	1280	1.29758
1281	1281	-12.0607
1282	1282	24.7046
1283	1283	-1.95254
1284	1284	15.0553
1285	1285	-18.1095
1286	1286	-2.53254
1287	1287	14.8797
1288	1288	9.7633
1289	1289	12.262
1290	1290	-5.01436
1291	1291	-16.5284
1292	1292	-4.75341
1293	1293	-32.0856
1294	1294	6.16181
1295	1295	-9.46483
1296	1296	-1.79684
1297	1297	-19.9586
1298	1298	32.2313
1299	1299	-22.4691
1300	1300	-15.8962
1301	1301	-5.09085
1302	1302	-2.63492
1303	1303	-0.552302
1304	1304	-7.59216
1305	1305	5.14542
1306	1306	-12.3666
1307	1307	38.0962
1308	1308	17.8346
1309	1309	12.6798
1310	1310	-40.6358
1311	1311	0.465154
1312	1312	35.4127
1313	1313	33.1369
1314	1314	10.6564
1315	1315	25.2499
1316	1316	4.96078
1317	1317	13.6827
1318	1318	-28.2575
1319	1319	15.3146
1320	1320	-5.63079
1321	1321	0.22774
1322	1322	-7.34439
1323	1323	-10.6757
1324	1324	20.1507
1325	1325	-16.644
1326	1326	20.9696
1327	1327	35.4287
1328	1328	-17.236
1329	1329	-1.40862
1330	1330	-31.8259
1331	1331	-19.5591
1332	1332	10.7082
1333	1333	13.3978
1334	1334	-14.0918
1335	1335	-25.5053
1336	1336	-20.6354
1337	1337	14.8377
1338	1338	-4.91672
1339	1339	11.8081
1340	1340	-30.4961
1341	1341	12.6991
1342	1342	-5.23938
1343	1343	13.8631
1344	1344	8.48408
1345	1345	22.2409
1346	1346	-36.8319
1347	1347	-14.6798
1348	1348	-31.135
1349	1349	-22.4643
1350	1350	9.25643
1351	1351	29.949
1352	1352	-4.24081
1353	1353	7.45516
1354	1354	-11.6263
1355	1355	12.4979
1356	1356	-15.0658
1357	1357	31.0714
1358	1358	30.9105
1359	1359	-36.9137
1360	1360	22.1361
1361	1361	-3.37306
1362	1362	-1.18326
1363	1363	-14.1635
1364	1364	20.3817
1365	1365	35.3124
1366	1366	2.91717
1367	1367	16.293
1368	1368	7.2572
1369	1369	-9.0623
1370	1370	16.5845
1371	1371	8.8601
1372	1372	-17.1248
1373	1373	9.26739
1374	1374	8.1294
1375	1375	13.492
1376	1376	0.656098
1377	1377	-27.8375
1378	1378	-13.8492
1379	1379	26.351
1380	1380	-1.33276
1381	1381	-7.60997
1382	1382	33.6328
1383	1383	-18.1514
1384	1384	-36.2828
1385	1385	22.9057
1386	1386	2.47949
1387	1387	0.181495
1388	1388	-2.47476
1389	1389	-16.0746
1390	1390	2.09829
1391	1391	17.0059
1392	1392	31.4648
1393	1393	0.22443
1394	1394	27.8197
1395	1395	-23.2872
1396	1396	-8.6156
1397	1397	-25.1067
1398	1398	-14.4169
1399	1399	8.89863
1400	1400	12.3351
1401	1401	21.51
1402	1402	29.3824
1403	1403	1.76555
1404	1404	-6.91441
1405	1405	-24.4586
1406	1406	27.1202
1407	1407	27.7468
1408	1408	-10.3354
1409	1409	-28.9552
1410	1410	-8.03971
1411	1411	-0.490804
1412	1412	14.3144
1413	1413	11.5733
1414	1414	5.03421
1415	1415	-3.11568
1416	1416	-28.028
1417	1417	0.207818
1418	1418	-2.06867
1419	1419	35.0078
1420	1420	5.00861
1421	1421	-3.12737
1422	1422	-4.24814
1423	1423	-26.9358
1424	1424	12.538
1425	1425	-14.5966
1426	1426	-34.6319
1427	1427	-3.03534
1428	1428	0.419687
1429	1429	1.65954
1430	1430	31.5685
1431	1431	10.3493
1432	1432	17.0965
1433	1433	-6.41036
1434	1434	18.1083
1435	1435	18.6797
1436	1436	-3.69087
1437	1437	21.2391
1438	1438	-16.9048
1439	1439	-23.8483
1440	1440	0.735856
1441	1441	40.6822
1442	1442	-17.8396
1443	1443	-1.07204
1444	1444	9.15374
1445	1445	2.24495
1446	1446	-13.7093
1447	1447	-6.39759
1448	1448	-30.8092
1449	1449	-1.07499
1450	1450	11.2043
1451	1451	-0.969805
1452	1452	-26.1045
1453	1453	8.74526
1454	1454	-1.72754
1455	1455	27.564
1456	1456	-18.8555
1457	1457	-4.5297
1458	1458	5.80367
1459	1459	2.62474
1460	1460	4.08585
1461	1461	0.407453
1462	1462	-40.1547
1463	1463	-3.94819
1464	1464	1.02246
1465	1465	14.8396
1466	1466	-8.56975
1467	1467	19.9827
1468	1468	23.0937
1469	1469	-12.1543
1470	1470	16.4072
1471	1471	-21.2573
1472	1472	-7.5467
1473	1473	-23.0317
1474	1474	-5.05683
1475	1475	5.33732
1476	1476	-34.6805
1477	1477	-0.111653
1478	1478	-0.116998
1479	1479	17.5914
1480	1480	26.5917
1481	1481	-13.3227
1482	1482	8.64055
1483	1483	26.596
1484	1484	1.7869
1485	1485	-21.9113
1486	1486	3.45257
1487	1487	-13.8039
1488	1488	16.0355
1489	1489	-4.67648
1490	1490	-12.4458
1491	1491	21.7922
1492	1492	12.6884
1493	1493	-10.7047
1494	1494	30.946
1495	1495	4.00976
1496	1496	-13.5566
1497	1497	3.73203
1498	1498	14.7593
1499	1499	-4.09761
1500	1500	-5.0627
1501	1501	21.9608
1502	1502	6.01736
1503	1503	0.415313
1504	1504	-8.2627
1505	1505	17.1328
1506	1506	48.7351
1507	1507	-46.6608
1508	1508	-21.834
1509	1509	-16.1435
1510	1510	2.98673
1511	1511	8.31089
1512	1512	-1.53478
1513	1513	-40.2495
1514	1514	7.5191
1515	1515	20.427
1516	1516	1.17596
1517	1517	-2.38046
1518	1518	20.235
1519	1519	27.6157
1520	1520	-23.5733
1521	1521	-46.1648
1522	1522	-1.57163
1523	1523	13.3269
1524	1524	26.9397
1525	1525	-12.7635
1526	1526	31.5141
1527	1527	2.903
1528	1528	45.0227
1529	1529	-12.6194
1530	1530	-0.455061
1531	1531	-14.4405
1532	1532	0.0864606
1533	1533	3.90872
1534	1534	-19.7449
1535	1535	-0.86968
1536	1536	5.77129
1537	1537	2.87212
1538	1538	-0.722544
1539	1539	30.8087
1540	1540	5.12233
1541	1541	12.036
1542	1542	6.80094
1543	1543	-0.374664
1544	1544	-9.49414
1545	1545	3.19328
1546	1546	-11.0008
1547	1547	-2.03251
1548	1548	-0.937127
1549	1549	-14.3413
1550	1550	8.40882
1551	1551	-41.4656
1552	1552	8.15143
1553	1553	11.2416
1554	1554	21.2548
1555	1555	-2.56262
1556	1556	-42.93
1557	1557	-0.386579
1558	1558	13.1464
1559	1559	-13.2815
1560	1560	-14.4485
1561	1561	-23.9981
1562	1562	2.4383
1563	1563	-21.9419
1564	1564	-38.9954
1565	1565	-33.4549
1566	1566	-18.6238
1567	1567	17.575
1568	1568	-4.13975
1569	1569	-13.6689
1570	1570	18.5805
1571	1571	15.0686
1572	1572	-17.142
1573	1573	-20.6447
1574	1574	16.2821
1575	1575	33.4457
1576	1576	27.0684
1577	1577	-8.25413
1578	1578	-1.26089
1579	1579	8.77176
1580	1580	-8.74555
1581	1581	-1.27571
1582	1582	-8.48089
1583	1583	25.1045
1584	1584	1.80739
1585	1585	19.2456
1586	1586	10.6242
1587	1587	12.8654
1588	1588	-8.10913
1589	1589	21.8442
1590	1590	-37.2557
1591	1591	-42.6489
1592	1592	14.3332
1593	1593	-11.9976
1594	1594	-3.1072
1595	1595	-8.75675
1596	1596	-50.9341
1597	1597	-1.22056
1598	1598	28.0898
1599	1599	-11.3188
1600	1600	-15.4373
1601	1601	-6.27418
1602	1602	40.7952
1603	1603	-3.04444
1604	1604	-26.4586
1605	1605	-34.184
1606	1606	-3.47595
1607	1607	-0.218513
1608	1608	-3.32725
1609	1609	2.80057
1610	1610	-15.455
1611	1611	4.78599
1612	1612	-16.0295
1613	1613	7.45584
1614	1614	16.7554
1615	1615	6.2144
1616	1616	5.9155
1617	1617	2.38757
1618	1618	9.29666
1619	1619	19.3884
1620	1620	-48.2988
1621	1621	-3.50287
1622	1622	5.61392
1623	1623	-56.8682
1624	1624	-1.75586
1625	1625	29.0885
1626	1626	11.9352
1627	1627	-10.5568
1628	1628	5.00523
1629	1629	22.6186
1630	1630	-5.83589
1631	1631	-21.5277
1632	1632	0.313412
1633	1633	36.1361
1634	1634	-15.0029
1635	1635	-36.4351
1636	1636	-3.48115
1637	1637	-3.37531
1638	1638	17.5364
1639	1639	17.8344
1640	1640	-9.42715
1641	1641	14.1039
1642	1642	24.7778
1643	1643	-23.2458
1644	1644	-4.30401
1645	1645	-0.238752
1646	1646	9.45407
1647	1647	18.6432
1648	1648	38.005
1649	1649	48.3695
1650	1650	12.0879
1651	1651	2.30132
1652	1652	-26.5883
1653	1653	0.184071
1654	1654	-7.74989
1655	1655	-26.2913
1656	1656	15.2909
1657	1657	26.3957
1658	1658	-30.0828
1659	1659	10.8313
1660	1660	-20.7624
1661	1661	-8.9658
1662	1662	-39.9679
1663	1663	-3.73227
1664	1664	41.4837
1665	1665	2.9021
1666	1666	-7.74645
1667	1667	-27.9414
1668	1668	22.6085
1669	1669	-12.5917
1670	1670	-10.0933
1671	1671	22.8614
1672	1672	2.66318
1673	1673	0.622229
1674	1674	-8.73641
1675	1675	-32.4992
1676	1676	18.1741
1677	1677	-6.42766
1678	1678	29.1711
1679	1679	29.4415
1680	1680	4.90513
1681	1681	-4.89402
1682	1682	21.017
1683	1683	-20.4312
1684	1684	16.3764
1685	1685	-28.9025
1686	1686	-13.9238
1687	1687	-11.2396
1688	1688	33.9133
1689	1689	5.92117
1690	1690	-10.2699
1691	1691	-13.5142
1692	1692	6.50162
1693	1693	-18.2614
1694	1694	-12.725
1695	1695	23.6469
1696	1696	11.4518
1697	1697	-26.4501
1698	1698	4.84147
1699	1699	-10.4338
1700	1700	3.58554
1701	1701	25.3078
1702	1702	51.0515
1703	1703	-23.0894
1704	1704	24.0536
1705	1705	-7.79317
1706	1706	-11.2975
1707	1707	-6.24834
1708	1708	15.1917
1709	1709	-0.150809
1710	1710	6.58838
1711	1711	7.28633
1712	1712	-6.62555
1713	1713	-7.60569
1714	1714	-24.3621
1715	1715	28.9544
1716	1716	34.6787
1717	1717	-4.31839
1718	1718	-37.2166
1719	1719	-11.3458
1720	1720	31.3751
1721	1721	22.1084
1722	1722	3.33916
1723	1723	-8.41149
1724	1724	12.3721
1725	1725	-37.1328
1726	1726	-2.22802
1727	1727	9.31808
1728	1728	24.2519
1729	1729	-23.3561
1730	1730	-33.5036
1731	1731	-28.2735
1732	1732	4.65585
1733	1733	-12.5537
1734	1734	2.87092
1735	1735	-13.5094
1736	1736	-6.37111
1737	1737	32.1452
1738	1738	30.2117
1739	1739	-19.0251
1740	1740	27.4487
1741	1741	-59.8108
1742	1742	-26.0008
1743	1743	7.30614
1744	1744	25.5156
1745	1745	46.5061
1746	1746	7.17162
1747	1747	-47.8295
1748	1748	-24.1851
1749	1749	-0.948273
1750	1750	0.293984
1751	1751	-20.3069
1752	1752	50.5643
1753	1753	-5.40864
1754	1754	27.5927
1755	1755	11.5076
1756	1756	12.1387
1757	1757	-42.9431
1758	1758	-7.73406
1759	1759	-1.00971
1760	1760	1.91369
1761	1761	-6.95963
1762	1762	31.4351
1763	1763	-23.5995
1764	1764	-9.12016
1765	1765	29.5764
1766	1766	20.7668
1767	1767	-5.22287
1768	1768	40.4773
1769	1769	-15.9228
1770	1770	-10.0573
1771	1771	17.2068
1772	1772	-25.7238
1773	1773	-12.5748
1774	1774	-17.1053
1775	1775	-6.42718
1776	1776	4.23828
1777	1777	-7.05482
1778	1778	-19.2719
1779	1779	2.91663
1780	1780	35.8225
1781	1781	26.1756
1782	1782	-0.593027
1783	1783	16.5006
1784	1784	-34.1559
1785	1785	8.25984
1786	1786	-3.00507
1787	1787	12.7859
1788	1788	6.84644
1789	1789	-16.4386
1790	1790	-4.66237
1791	1791	-7.8372
1792	1792	-26.1223
1793	1793	-17.3294
1794	1794	-3.8589
1795	1795	-38.6719
1796	1796	25.9584
1797	1797	7.19071
1798	1798	-7.923
1799	1799	-35.7845
1800	1800	-15.2432
1801	1801	12.2125
1802	1802	-18.8839
1803	1803	25.7242
1804	1804	-17.0134
1805	1805	9.13326
1806	1806	-10.8419
1807	1807	-1.10064
1808	1808	-13.426
1809	1809	-9.57209
1810	1810	-3.85378
1811	1811	15.6378
1812	1812	-1.77258
1813	1813	9.38207
1814	1814	-15.3235
1815	1815	30.2636
1816	1816	-16.7886
1817	1817	-43.5589
1818	1818	29.5592
1819	1819	-13.7811
1820	1820	-11.2039
1821	1821	2.73023
1822	1822	-1.87578
1823	1823	13.754
1824	1824	-2.95259
1825	1825	-1.42835
1826	1826	-16.5411
1827	1827	-26.0734
1828	1828	10.3505
1829	1829	9.13714
1830	1830	-21.6327
1831	1831	11.2157
1832	1832	-15.6185
1833	1833	-31.8269
1834	1834	28.5263
1835	1835	11.725
1836	1836	28.9703
1837	1837	-5.83727
1838	1838	-7.07358
1839	1839	2.07461
1840	1840	-7.42173
1841	1841	2.59792
1842	1842	-5.44725
1843	1843	3.32626
1844	1844	-9.19422
1845	1845	-37.4543
1846	1846	-9.27008
1847	1847	34.0619
1848	1848	14.1117
1849	1849	-22.3192
1850	1850	-29.4998
1851	1851	18.1789
1852	1852	-3.29887
1853	1853	-15.9781
1854	1854	-18.5087
1855	1855	6.78087
1856	1856	-23.2214
1857	1857	16.5524
1858	1858	10.8854
1859	1859	32.8923
1860	1860	-19.6301
1861	1861	4.8942
1862	1862	37.9573
1863	1863	-12.6574
1864	1864	23.9526
1865	1865	-1.14176
1866	1866	-22.7857
1867	1867	7.5076
1868	1868	-13.1479
1869	1869	6.21865
1870	1870	20.3882
1871	1871	18.9373
1872	1872	31.9227
1873	1873	-13.5826
1874	1874	37.9136
1875	1875	-27.3462
1876	1876	-7.32107
1877	1877	-2.15562
1878	1878	-6.08299
1879	1879	-9.85088
1880	1880	25.439
1881	1881	-30.8635
1882	1882	-35.8647
1883	1883	14.4618
1884	1884	4.35435
1885	1885	16.457
1886	1886	-15.7148
1887	1887	38.6554
1888	1888	-2.18721
1889	1889	10.8487
1890	1890	-38.4466
1891	1891	-3.61247
1892	1892	-6.47425
1893	1893	-5.02518
1894	1894	-13.8759
1895	1895	-17.699
1896	1896	-39.3444
1897	1897	-13.9322
1898	1898	-12.6881
1899	1899	-26.6263
1900	1900	33.4182
1901	1901	-13.9463
1902	1902	18.8623
1903	1903	24.2346
1904	1904	-2.14857
1905	1905	10.4585
1906	1906	25.3153
1907	1907	-7.32866
1908	1908	20.2749
1909	1909	-10.2474
1910	1910	-15.3608
1911	1911	18.039
1912	1912	-17.5145
1913	1913	-40.4269
1914	1914	0.757936
1915	1915	-8.14457
1916	1916	27.2488
1917	1917	34.3638
1918	1918	-8.09384
1919	1919	-5.96604
1920	1920	-24.7829
1921	1921	-0.234059
1922	1922	29.0738
1923	1923	1.39433
1924	1924	19.2857
1925	1925	-25.9379
1926	1926	4.93027
1927	1927	-6.52619
1928	1928	13.7873
1929	1929	11.7186
1930	1930	-23.9005
1931	1931	20.865
1932	1932	-5.59701
1933	1933	-9.17628
1934	1934	-4.47838
1935	1935	26.6065
1936	1936	-31.1094
1937	1937	-11.4803
1938	1938	7.62435
1939	1939	8.63769
1940	1940	23.2482
1941	1941	6.20289
1942	1942	10.6592
1943	1943	43.3806
1944	1944	-7.6547
1945	1945	12.623
1946	1946	-7.73062
1947	1947	18.2667
1948	1948	28.8314
1949	1949	-1.71094
1950	1950	6.65754
1951	1951	-11.7373
1952	1952	-0.0821684
1953	1953	14.0925
1954	1954	2.83297
1955	1955	-24.2916
1956	1956	-4.95969
1957	1957	-0.719081
1958	1958	15.6676
1959	1959	-15.039
1960	1960	-31.5892
1961	1961	-7.38702
1962	1962	29.2851
1963	1963	31.6197
1964	1964	-4.7309
1965	1965	-14.4086
1966	1966	-15.7972
1967	1967	-1.18288
1968	1968	45.4657
1969	1969	-14.3582
1970	1970	-2.31707
1971	1971	16.4711
1972	1972	-19.9099
1973	1973	4.51347
1974	1974	9.61317
1975	1975	0.743692
1976	1976	8.16805
1977	1977	-2.9747
1978	1978	9.52176
1979	1979	-15.2472
1980	1980	-13.7665
1981	1981	-17.7056
1982	1982	14.5908
1983	1983	7.79137
1984	1984	-4.95009
1985	1985	-9.75546
1986	1986	-9.93152
1987	1987	-8.61795
1988	1988	-37.1151
1989	1989	-30.7766
1990	1990	8.83578
1991	1991	3.57563
1992	1992	-13.5349
1993	1993	-10.2835
1994	1994	-8.48954
1995	1995	-30.5392
1996	1996	-41.7682
1997	1997	-8.78267
1998	1998	18.0629
1999	1999	-14.8323
2000	2000	29.9642
2001	2001	-12.2363
2002	2002	-6.81603
2003	2003	-10.7506
2004	2004	9.78207
2005	2005	-0.356154
2006	2006	10.28
2007	2007	6.20299
2008	2008	-3.89733
2009	2009	-18.7825
2010	2010	51.8344
2011	2011	11.8166
2012	2012	2.22773
2013	2013	-1.57794
2014	2014	19.8228
2015	2015	24.513
2016	2016	-15.5791
2017	2017	-26.4214
2018	2018	-34.9976
2019	2019	-3.00898
2020	2020	15.6103
2021	2021	-5.7919
2022	2022	-14.0357
2023	2023	34.0711
2024	2024	11.7412
2025	2025	12.5981
2026	2026	23.2881
2027	2027	-35.6313
2028	2028	-15.477
2029	2029	-22.9521
2030	2030	12.6805
2031	2031	-1.39792
2032	2032	-11.6514
2033	2033	-11.0286
2034	2034	12.6709
2035	2035	6.48513
2036	2036	-31.145
2037	2037	-28.0437
2038	2038	-8.62203
2039	2039	19.9498
2040	2040	-2.44752
2041	2041	-21.3229
2042	2042	-1.91542
2043	2043	19.598
2044	2044	20.5545
2045	2045	-18.2144
2046	2046	-26.2058
2047	2047	-5.35174
2048	2048	-23.0729
2049	2049	-6.58374
2050	2050	-1.87252
2051	2051	-18.3861
2052	2052	-27.5088
2053	2053	34.2785
2054	2054	10.8886
2055	2055	-30.4269
2056	2056	17.368
2057	2057	26.1839
2058	2058	-17.3711
2059	2059	9.08814
2060	2060	-8.19304
2061	2061	-13.0513
2062	2062	-12.6009
2063	2063	6.58046
2064	2064	25.1405
2065	2065	-26.317
2066	2066	27.3932
2067	2067	10.4787
2068	2068	-25.1367
2069	2069	11.1201
2070	2070	14.2384
2071	2071	10.994
2072	2072	-23.5107
2073	2073	-4.09466
2074	2074	31.0782
2075	2075	-22.4969
2076	2076	-4.68521
2077	2077	-14.3632
2078	2078	-6.64898
2079	2079	-2.5011
2080	2080	24.7913
2081	2081	-35.1253
2082	2082	22.5717
2083	2083	3.40994
2084	2084	3.64691
2085	2085	-14.9117
2086	2086	-19.7288
2087	2087	-7.607
2088	2088	-24.284
2089	2089	-15.052
2090	2090	-27.8339
2091	2091	31.0946
2092	2092	-25.2411
2093	2093	-6.42852
2094	2094	35.2629
2095	2095	-27.5652
2096	2096	2.78808
2097	2097	16.6871
2098	2098	0.462366
2099	2099	-5.83256
2100	2100	-6.03543
2101	2101	-14.9642
2102	2102	14.2017
2103	2103	-1.25121
2104	2104	7.68858
2105	2105	-12.9716
2106	2106	-0.859402
2107	2107	-3.37921
2108	2108	-9.54191
2109	2109	-38.6478
2110	2110	0.197302
2111	2111	-9.08334
2112	2112	9.96549
2113	2113	-6.69824
2114	2114	32.0308
2115	2115	-25.715
2116	2116	41.2531
2117	2117	17.6365
2118	2118	38.2111
2119	2119	26.1673
2120	2120	8.06594
2121	2121	4.70603
2122	2122	-20.6294
2123	2123	12.1242
2124	2124	7.66027
2125	2125	21.6465
2126	2126	19.4173
2127	2127	15.0891
2128	2128	-19.9141
2129	2129	37.3619
2130	2130	-0.42703
2131	2131	0.29349
2132	2132	-18.278
2133	2133	19.1346
2134	2134	-8.90919
2135	2135	-15.1389
2136	2136	2.59852
2137	2137	-21.9338
2138	2138	7.111
2139	2139	25.9646
2140	2140	22.6275
2141	2141	-0.91871
2142	2142	28.4637
2143	2143	-32.3818
2144	2144	6.78161
2145	2145	-7.06311
2146	2146	9.70173
2147	2147	18.9191
2148	2148	-14.4814
2149	2149	0.322356
2150	2150	-10.7624
2151	2151	-13.0963
2152	2152	1.62894
2153	2153	23.0606
2154	2154	19.3755
2155	2155	-2.13804
2156	2156	-24.1445
2157	2157	-23.6087
2158	2158	-12.8895
2159	2159	3.14093
2160	2160	19.7176
2161	2161	25.8234
2162	2162	4.74255
2163	2163	12.557
2164	2164	-2.39889
2165	2165	-17.5717
2166	2166	-10.7465
2167	2167	-26.8881
2168	2168	-34.9174
2169	2169	-3.48844
2170	2170	-1.01984
2171	2171	-32.7589
2172	2172	-14.4727
2173	2173	-5.52608
2174	2174	12.4543
2175	2175	-18.1417
2176	2176	38.9415
2177	2177	-19.7438
2178	2178	8.8203
2179	2179	-17.0691
2180	2180	1.70738
2181	2181	31.5922
2182	2182	23.0758
2183	2183	4.8398
2184	2184	-20.4298
2185	2185	4.08202
2186	2186	-10.2282
2187	2187	-16.2839
2188	2188	7.2739
2189	2189	28.3481
2190	2190	13.6175
2191	2191	-1.35262
2192	2192	-8.31753
2193	2193	32.3758
2194	2194	32.6878
2195	2195	-19.0545
2196	2196	10.522
2197	2197	-4.49298
2198	2198	-1.35392
2199	2199	2.68642
2200	2200	-15.1414
2201	2201	16.8193
2202	2202	29.18
2203	2203	-14.4971
2204	2204	-9.3482
2205	2205	19.717
2206	2206	12.8772
2207	2207	1.43696
2208	2208	3.32855
2209	2209	10.7411
2210	2210	34.7699
2211	2211	19.7749
2212	2212	-23.8582
2213	2213	4.53253
2214	2214	19.3436
2215	2215	-17.0898
2216	2216	7.75947
2217	2217	-16.3523
2218	2218	-15.7047
2219	2219	-6.87498
2220	2220	35.277
2221	2221	25.904
2222	2222	40.7187
2223	2223	29.8048
2224	2224	-11.8844
2225	2225	48.7807
2226	2226	12.4038
2227	2227	-11.6714
2228	2228	-0.555701
2229	2229	-17.3964
2230	2230	9.39793
2231	2231	22.9861
2232	2232	-19.6456
2233	2233	-14.5126
2234	2234	21.4827
2235	2235	-10.5537
2236	2236	-8.0201
2237	2237	-17.9882
2238	2238	13.9211
2239	2239	32.0285
2240	2240	2.43521
2241	2241	6.06867
2242	2242	-1.50724
2243	2243	19.784
2244	2244	-21.9196
2245	2245	5.37377
2246	2246	43.5684
2247	2247	-32.847
2248	2248	11.285
2249	2249	-54.5723
2250	2250	21.2393
2251	2251	0.305934
2252	2252	-14.6687
2253	2253	35.3457
2254	2254	0.397953
2255	2255	-30.6425
2256	2256	-1.97072
2257	2257	-2.81697
2258	2258	42.6069
2259	2259	17.9748
2260	2260	-19.9202
2261	2261	-4.38259
2262	2262	-13.4409
2263	2263	-43.4957
2264	2264	-10.5196
2265	2265	0.290267
2266	2266	8.90245
2267	2267	-27.8952
2268	2268	7.85883
2269	2269	-1.82629
2270	2270	-18.5001
2271	2271	-33.0752
2272	2272	21.9461
2273	2273	-2.7977
2274	2274	-4.22522
2275	2275	-27.6947
2276	2276	-6.09012
2277	2277	45.4573
2278	2278	0.160413
2279	2279	-25.4647
2280	2280	-5.076
2281	2281	12.2844
2282	2282	32.0544
2283	2283	9.91778
2284	2284	33.1799
2285	2285	-10.459
2286	2286	30.2069
2287	2287	24.5807
2288	2288	-13.4816
2289	2289	37.6861
2290	2290	27.7153
2291	2291	-3.73034
2292	2292	39.1708
2293	2293	26.8163
2294	2294	-6.92713
2295	2295	-32.9996
2296	2296	-7.88673
2297	2297	4.15762
2298	2298	18.5774
2299	2299	-1.81891
2300	2300	1.94446
2301	2301	-18.2282
2302	2302	-0.25106
2303	2303	-24.1783
2304	2304	16.404
2305	2305	2.93731
2306	2306	-6.69488
2307	2307	-27.6589
2308	2308	-1.91591
2309	2309	-2.62099
2310	2310	22.8009
2311	2311	22.0009
2312	2312	-0.604206
2313	2313	25.7648
2314	2314	1.17214
2315	2315	38.9726
2316	2316	19.9309
2317	2317	12.4244
2318	2318	-6.77306
2319	2319	-23.4501
2320	2320	-16.3195
2321	2321	-17.5945
2322	2322	-7.20892
2323	2323	-12.7929
2324	2324	-25.0906
2325	2325	-10.1658
2326	2326	-3.59727
2327	2327	-16.6752
2328	2328	-13.3747
2329	2329	31.1757
2330	2330	-3.3415
2331	2331	1.49765
2332	2332	-9.93537
2333	2333	15.2131
2334	2334	7.72974
2335	2335	-5.10247
2336	2336	-22.1103
2337	2337	15.8569
2338	2338	33.2725
2339	2339	-29.1539
2340	2340	-31.8546
2341	2341	23.5652
2342	2342	4.95419
2343	2343	-3.64264
2344	2344	-1.30885
2345	2345	-45.182
2346	2346	-13.6706
2347	2347	3.92537
2348	2348	13.8028
2349	2349	6.57523
2350	2350	25.655
2351	2351	-11.8767
2352	2352	17.7444
2353	2353	-12.8079
2354	2354	-5.16043
2355	2355	0.611006
2356	2356	1.07384
2357	2357	-21.9242
2358	2358	5.99579
2359	2359	-34.5609
2360	2360	-18.7334
2361	2361	-35.1789
2362	2362	-7.77972
2363	2363	7.47815
2364	2364	5.70717
2365	2365	-10.8582
2366	2366	-0.205855
2367	2367	27.0166
2368	2368	11.2192
2369	2369	-3.08485
2370	2370	-10.4684
2371	2371	-25.3435
2372	2372	-11.2956
2373	2373	38.4113
2374	2374	24.0697
2375	2375	15.6036
2376	2376	-9.43933
2377	2377	5.81174
2378	2378	20.8188
2379	2379	29.44
2380	2380	-7.20415
2381	2381	16.2858
2382	2382	19.5552
2383	2383	45.6965
2384	2384	37.4314
2385	2385	15.0688
2386	2386	19.4187
2387	2387	3.79984
2388	2388	6.99151
2389	2389	-6.99962
2390	2390	21.7928
2391	2391	39.0262
2392	2392	-11.1472
2393	2393	-4.20127
2394	2394	1.3414
2395	2395	-12.014
2396	2396	18.67
2397	2397	-1.49352
2398	2398	5.24084
2399	2399	-26.2347
2400	2400	-32.0382
2401	2401	-21.7184
2402	2402	23.9481
2403	2403	-7.07828
2404	2404	12.9987
2405	2405	2.49404
2406	2406	-1.63212
2407	2407	23.349
2408	2408	10.1757
2409	2409	4.98983
2410	2410	-2.78559
2411	2411	23.7954
2412	2412	30.4412
2413	2413	2.45715
2414	2414	-10.4876
2415	2415	-13.4586
2416	2416	-8.58687
2417	2417	8.46358
2418	2418	-20.6318
2419	2419	7.40511
2420	2420	13.5732
2421	2421	-17.5289
2422	2422	-6.27899
2423	2423	6.57506
2424	2424	17.3973
2425	2425	-3.81418
2426	2426	41.7035
2427	2427	18.3502
2428	2428	13.8718
2429	2429	8.33392
2430	2430	-57.0451
2431	2431	-30.9783
2432	2432	7.83943
2433	2433	-20.1972
2434	2434	25.6429
2435	2435	6.97937
2436	2436	-10.6354
2437	2437	-10.8352
2438	2438	-24.6313
2439	2439	-4.10434
2440	2440	-21.3257
2441	2441	3.74285
2442	2442	17.0746
2443	2443	-8.60776
2444	2444	7.63266
2445	2445	22.92
2446	2446	-21.2556
2447	2447	-3.0575
2448	2448	-22.8932
2449	2449	-24.0361
2450	2450	-30.4198
2451	2451	1.13694
2452	2452	-12.3063
2453	2453	-24.4115
2454	2454	-7.50854
2455	2455	25.1154
2456	2456	29.7111
2457	2457	-4.34673
2458	2458	30.0794
2459	2459	23.4743
2460	2460	-24.0832
2461	2461	-15.573
2462	2462	19.1288
2463	2463	4.38286
2464	2464	-25.6069
2465	2465	2.73027
2466	2466	4.13813
2467	2467	8.77334
2468	2468	-19.6357
2469	2469	6.31015
2470	2470	41.6172
2471	2471	-8.66574
2472	2472	-4.77807
2473	2473	11.1137
2474	2474	18.5644
2475	2475	-20.2654
2476	2476	-14.1836
2477	2477	10.1389
2478	2478	4.92482
2479	2479	7.62053
2480	2480	-48.2027
2481	2481	8.96702
2482	2482	6.16458
2483	2483	-28.0764
2484	2484	-46.6239
2485	2485	-8.08784
2486	2486	-13.1758
2487	2487	-8.58656
2488	2488	-17.0123
2489	2489	-5.63496
2490	2490	33.8353
2491	2491	42.0058
2492	2492	28.4023
2493	2493	-42.2306
2494	2494	8.5657
2495	2495	-11.0144
2496	2496	-28.0479
2497	2497	42.7179
2498	2498	-0.619084
2499	2499	-21.7097
2500	2500	2.45387
2501	2501	26.9564
2502	2502	27.2138
2503	2503	-37.5609
2504	2504	0.251761
2505	2505	-28.5354
2506	2506	-20.6432
2507	2507	0.396821
2508	2508	-24.4839
2509	2509	-18.0866
2510	2510	-1.15365
2511	2511	-10.3757
2512	2512	18.3197
2513	2513	18.5084
2514	2514	-14.9411
2515	2515	7.56554
2516	2516	-32.9752
2517	2517	19.8068
2518	2518	23.8355
2519	2519	16.8655
2520	2520	-25.2776
2521	2521	-20.0745
2522	2522	-15.5701
2523	2523	-13.9169
2524	2524	11.8597
2525	2525	2.74306
2526	2526	-8.19493
2527	2527	11.4006
2528	2528	-17.4412
2529	2529	-15.731
2530	2530	-3.37576
2531	2531	5.03512
2532	2532	7.16006
2533	2533	-11.2063
2534	2534	4.88936
2535	2535	-24.8085
2536	2536	-40.7571
2537	2537	19.6948
2538	2538	-26.3003
2539	2539	19.6154
2540	2540	-15.5866
2541	2541	-14.0675
2542	2542	5.18052
2543	2543	-40.9228
2544	2544	-18.778
2545	2545	13.3755
2546	2546	-1.07942
2547	2547	-17.1146
2548	2548	-16.0993
2549	2549	6.55375
2550	2550	-46.7096
2551	2551	-41.4243
2552	2552	29.3247
2553	2553	-23.9912
2554	2554	-1.53186
2555	2555	23.0173
2556	2556	25.6539
2557	2557	-33.953
2558	2558	19.1315
2559	2559	0.311518
2560	2560	-3.82289
2561	2561	-25.8813
2562	2562	23.9605
2563	2563	0.251049
2564	2564	-7.33037
2565	2565	26.3219
2566	2566	25.9503
2567	2567	7.79962
2568	2568	-21.5257
2569	2569	20.6366
2570	2570	5.90885
2571	2571	-9.30029
2572	2572	-19.45
2573	2573	16.6783
2574	2574	52.2621
2575	2575	17.1629
2576	2576	-30.8287
2577	2577	26.4046
2578	2578	-8.67384
2579	2579	-1.61749
2580	2580	12.6729
2581	2581	36.704
2582	2582	-8.84723
2583	2583	-46.6994
2584	2584	-33.8513
2585	2585	3.06855
2586	2586	-15.6564
2587	2587	-24.4295
2588	2588	-9.01468
2589	2589	-10.1758
2590	2590	43.153
2591	2591	-0.546729
2592	2592	-31.3433
2593	2593	14.6706
2594	2594	13.1102
2595	2595	6.86835
2596	2596	-20.6129
2597	2597	-5.86212
2598	2598	-40.9501
2599	2599	15.5191
2600	2600	16.7168
2601	2601	-8.40889
2602	2602	-11.0378
2603	2603	12.9562
2604	2604	8.66635
2605	2605	-11.4971
2606	2606	-9.0828
2607	2607	12.323
2608	2608	-9.28541
2609	2609	4.14793
2610	2610	4.85829
2611	2611	20.923
2612	2612	-35.4475
2613	2613	-15.017
2614	2614	-5.3543
2615	2615	-25.9925
2616	2616	50.8789
2617	2617	-5.84573
2618	2618	-15.0055
2619	2619	-1.33063
2620	2620	10.8528
2621	2621	-12.5744
2622	2622	20.2914
2623	2623	7.2904
2624	2624	26.0003
2625	2625	25.0267
2626	2626	-37.6705
2627	2627	-2.3366
2628	2628	6.96979
2629	2629	6.18085
2630	2630	-18.7731
2631	2631	12.5079
2632	2632	10.8865
2633	2633	12.2165
2634	2634	19.7557
2635	2635	12.4841
2636	2636	4.10804
2637	2637	-6.82361
2638	2638	31.8623
2639	2639	-11.2727
2640	2640	7.16507
2641	2641	-21.4472
2642	2642	-21.4266
2643	2643	-6.42432
2644	2644	-32.6928
2645	2645	-24.0386
2646	2646	-23.1727
2647	2647	17.3244
2648	2648	1.53509
2649	2649	-2.4711
2650	2650	-22.9385
2651	2651	27.7855
2652	2652	-7.29415
2653	2653	-7.47013
2654	2654	-3.38773
2655	2655	-18.89
2656	2656	-15.1154
2657	2657	15.2236
2658	2658	26.8571
2659	2659	11.8663
2660	2660	-0.287444
2661	2661	0.688151
2662	2662	-16.9325
2663	2663	-3.42405
2664	2664	-21.4629
2665	2665	26.6629
2666	2666	-11.7607
2667	2667	-51.4195
2668	2668	10.6831
2669	2669	-16.8536
2670	2670	18.5199
2671	2671	-33.8394
2672	2672	-5.14019
2673	2673	5.93404
2674	2674	-10.9233
2675	2675	7.50414
2676	2676	20.9833
2677	2677	4.99328
2678	2678	-20.1532
2679	2679	29.6076
2680	2680	-5.76523
2681	2681	-21.0171
2682	2682	-10.3419
2683	2683	25.4639
2684	2684	-40.7039
2685	2685	-1.24567
2686	2686	47.9117
2687	2687	-7.60885
2688	2688	16.1293
2689	2689	1.35107
2690	2690	-7.2855
2691	2691	33.7155
2692	2692	8.55845
2693	2693	28.5183
2694	2694	36.9639
2695	2695	18.7938
2696	2696	-10.8019
2697	2697	1.47494
2698	2698	-29.2172
2699	2699	-22.5836
2700	2700	2.93414
2701	2701	20.81
2702	2702	30.7456
2703	2703	-19.1625
2704	2704	2.79183
2705	2705	30.7903
2706	2706	-16.3658
2707	2707	-37.8222
2708	2708	-4.51104
2709	2709	19.5211
2710	2710	13.8729
2711	2711	-7.1556
2712	2712	-4.51127
2713	2713	2.51676
2714	2714	33.8993
2715	2715	25.9105
2716	2716	26.997
2717	2717	18.9534
2718	2718	0.380288
2719	2719	31.895
2720	2720	-39.5932
2721	2721	-10.9343
2722	2722	-11.7315
2723	2723	53.2745
2724	2724	17.6083
2725	2725	-22.3816
2726	2726	-16.0572
2727	2727	5.4056
2728	2728	3.77713
2729	2729	30.5915
2730	2730	-24.3583
2731	2731	12.9679
2732	2732	-20.1951
2733	2733	23.4153
2734	2734	13.1252
2735	2735	1.18852
2736	2736	-12.8568
2737	2737	9.04562
2738	2738	-11.6941
2739	2739	37.9477
2740	2740	1.58148
2741	2741	17.4795
2742	2742	39.2972
2743	2743	-5.38558
2744	2744	-5.07704
2745	2745	-11.4615
2746	2746	-17.3349
2747	2747	-20.2889
2748	2748	-20.0931
2749	2749	15.9859
2750	2750	11.4032
2751	2751	13.2432
2752	2752	-1.31631
2753	2753	-9.70657
2754	2754	-45.786
2755	2755	-12.8776
2756	2756	-34.6292
2757	2757	27.2859
2758	2758	28.2458
2759	2759	7.53325
2760	2760	-24.5578
2761	2761	16.6834
2762	2762	-30.2436
2763	2763	1.7778
2764	2764	-15.0063
2765	2765	15.161
2766	2766	1.27272
2767	2767	-22.9543
2768	2768	21.7495
2769	2769	-11.0974
2770	2770	-1.4626
2771	2771	7.35836
2772	2772	-17.8497
2773	2773	-37.2967
2774	2774	-4.30606
2775	2775	13.2715
2776	2776	17.6716
2777	2777	24.1941
2778	2778	-8.76116
2779	2779	-14.2323
2780	2780	-10.2215
2781	2781	38.076
2782	2782	13.6684
2783	2783	9.43535
2784	2784	-6.84963
2785	2785	-5.09438
2786	2786	14.2124
2787	2787	13.1238
2788	2788	39.0331
2789	2789	-19.1442
2790	2790	-19.6672
2791	2791	-33.6117
2792	2792	-12.56
2793	2793	-13.8007
2794	2794	9.03404
2795	2795	-19.2155
2796	2796	7.12379
2797	2797	-29.2713
2798	2798	24.6437
2799	2799	16.8567
2800	2800	26.716
2801	2801	26.045
2802	2802	-5.76981
2803	2803	-2.61755
2804	2804	-27.7957
2805	2805	-0.320653
2806	2806	-9.13613
2807	2807	16.4957
2808	2808	2.03435
2809	2809	-24.62
2810	2810	15.3075
2811	2811	-19.659
2812	2812	-1.41327
2813	2813	5.83392
2814	2814	-9.71849
2815	2815	-33.5838
2816	2816	6.84514
2817	2817	41.437
2818	2818	11.6899
2819	2819	-1.21164
2820	2820	20.4134
2821	2821	-8.84251
2822	2822	22.1296
2823	2823	-2.27925
2824	2824	9.77891
2825	2825	-23.9422
2826	2826	-20.1248
2827	2827	-60.0953
2828	2828	-9.55346
2829	2829	36.2069
2830	2830	-0.330814
2831	2831	1.53449
2832	2832	5.02691
2833	2833	-1.39854
2834	2834	10.5663
2835	2835	38.6817
2836	2836	12.3048
2837	2837	-8.86338
2838	2838	48.8484
2839	2839	-4.73833
2840	2840	-7.70469
2841	2841	-8.11208
2842	2842	-29.0139
2843	2843	-27.542
2844	2844	12.849
2845	2845	16.56
2846	2846	-25.9453
2847	2847	7.03658
2848	2848	10.5172
2849	2849	-14.3395
2850	2850	4.65081
2851	2851	56.0089
2852	2852	16.9968
2853	2853	-13.784
2854	2854	6.55926
2855	2855	-22.9603
2856	2856	-24.5789
2857	2857	-12.6003
2858	2858	12.8601
2859	2859	-9.66239
2860	2860	0.649124
2861	2861	27.5687
2862	2862	-14.8569
2863	2863	11.3871
2864	2864	-27.3007
2865	2865	-11.0508
2866	2866	0.284673
2867	2867	28.7918
2868	2868	-18.4613
2869	2869	28.2545
2870	2870	24.1866
2871	2871	42.9971
2872	2872	-9.63586
2873	2873	27.8012
2874	2874	1.41469
2875	2875	13.4453
2876	2876	24.1454
2877	2877	-9.10636
2878	2878	-2.2641
2879	2879	-12.512
2880	2880	-14.9758
2881	2881	26.3459
2882	2882	41.824
2883	2883	38.4458
2884	2884	7.60566
2885	2885	-11.4393
2886	2886	-12.445
2887	2887	-30.1592
2888	2888	-21.4028
2889	2889	7.50938
2890	2890	25.4691
2891	2891	-17.936
2892	2892	15.944
2893	2893	-28.1496
2894	2894	11.2189
2895	2895	-18.3608
2896	2896	-38.6239
2897	2897	33.6061
2898	2898	-70.2791
2899	2899	12.6579
2900	2900	23.7125
2901	2901	-2.89012
2902	2902	-17.7751
2903	2903	8.91092
2904	2904	-17.0862
2905	2905	15.5092
2906	2906	13.2334
2907	2907	15.2672
2908	2908	2.31511
2909	2909	14.3648
2910	2910	37.6005
2911	2911	-23.4382
2912	2912	-2.11806
2913	2913	-7.77487
2914	2914	-6.99507
2915	2915	8.20676
2916	2916	5.84072
2917	2917	19.8614
2918	2918	18.5654
2919	2919	-13.9287
2920	2920	12.6983
2921	2921	-7.19774
2922	2922	-1.93953
2923	2923	-16.7051
2924	2924	-25.563
2925	2925	-32.9085
2926	2926	-9.74743
2927	2927	-38.2171
2928	2928	-18.9902
2929	2929	2.17946
2930	2930	-12.0794
2931	2931	9.92494
2932	2932	-16.759
2933	2933	-11.7383
2934	2934	3.43044
2935	2935	30.4087
2936	2936	-9.19614
2937	2937	-7.83978
2938	2938	-13.8504
2939	2939	26.8723
2940	2940	13.0647
2941	2941	-23.17
2942	2942	-1.66067
2943	2943	-13.0096
2944	2944	4.25374
2945	2945	-24.7444
2946	2946	10.8479
2947	2947	-21.2178
2948	2948	38.309
2949	2949	-25.3011
2950	2950	19.2512
2951	2951	6.88732
2952	2952	4.91111
2953	2953	23.2298
2954	2954	13.1012
2955	2955	15.7166
2956	2956	-3.28083
2957	2957	2.05196
2958	2958	1.79488
2959	2959	-22.347
2960	2960	20.7083
2961	2961	-2.00083
2962	2962	-6.09314
2963	2963	-19.8753
2964	2964	36.3523
2965	2965	-16.7251
2966	2966	2.63568
2967	2967	-45.4115
2968	2968	14.6385
2969	2969	-30.3065
2970	2970	-23.6015
2971	2971	16.9866
2972	2972	8.68147
2973	2973	12.4811
2974	2974	-48.9203
2975	2975	43.4343
2976	2976	11.1104
2977	2977	4.82207
2978	2978	-40.7246
2979	2979	-77.2725
2980	2980	11.7359
2981	2981	15.2282
2982	2982	-9.93373
2983	2983	-13.7411
2984	2984	-14.6797
2985	2985	36.3871
2986	2986	23.8882
2987	2987	30.7046
2988	2988	-18.8956
2989	2989	-9.05708
2990	2990	-42.8819
2991	2991	-28.4222
2992	2992	9.09786
2993	2993	7.34722
2994	2994	-23.9318
2995	2995	24.1468
2996	2996	-27.333
2997	2997	55.4473
2998	2998	12.27
2999	2999	-33.4115
3000	3000	19.0015
3001	3001	3.45919
3002	3002	10.2702
3003	3003	22.3458
3004	3004	26.8215
3005	3005	16.1244
3006	3006	6.11571
3007	3007	10.5481
3008	3008	1.87316
3009	3009	19.3938
3010	3010	-19.4635
3011	3011	-22.4397
3012	3012	22.7478
3013	3013	-8.27432
3014	3014	16.0046
3015	3015	-7.77553
3016	3016	-8.55755
3017	3017	-15.2307
3018	3018	-26.5203
3019	3019	-40.5617
3020	3020	52.8745
3021	3021	-13.8746
3022	3022	-44.9716
3023	3023	-21.5431
3024	3024	-19.7839
3025	3025	31.5223
3026	3026	-1.29654
3027	3027	5.2134
3028	3028	-38.4719
3029	3029	4.38861
3030	3030	-18.9899
3031	3031	23.3645
3032	3032	-21.3942
3033	3033	41.6213
3034	3034	-5.62809
3035	3035	0.327421
3036	3036	22.4784
3037	3037	9.698
3038	3038	47.3633
3039	3039	2.91569
3040	3040	24.8453
3041	3041	4.50707
3042	3042	20.2481
3043	3043	-1.34361
3044	3044	26.893
3045	3045	-5.95059
3046	3046	9.96339
3047	3047	18.2318
3048	3048	-10.2689
3049	3049	14.0701
3050	3050	10.8743
3051	3051	40.6756
3052	3052	7.14649
3053	3053	16.7407
3054	3054	13.6474
3055	3055	15.7718
3056	3056	-3.84572
3057	3057	-9.40757
3058	3058	2.888
3059	3059	-1.73148
3060	3060	4.82319
3061	3061	-3.02774
3062	3062	-12.6268
3063	3063	9.95172
3064	3064	19.196
3065	3065	3.03913
3066	3066	-39.5101
3067	3067	-4.76907
3068	3068	2.81054
3069	3069	6.82406
3070	3070	15.1596
3071	3071	-30.1371
3072	3072	-9.58382
3073	3073	13.8468
3074	3074	-38.735
3075	3075	14.889
3076	3076	-1.75619
3077	3077	-4.88668
3078	3078	-22.7188
3079	3079	-15.5455
3080	3080	8.46575
3081	3081	0.280926
3082	3082	-12.4109
3083	3083	-6.94189
3084	3084	-40.3804
3085	3085	-6.09825
3086	3086	2.97099
3087	3087	17.2722
3088	3088	3.63725
3089	3089	28.0162
3090	3090	-11.6908
3091	3091	-13.5007
3092	3092	20.7451
3093	3093	10.0245
3094	3094	-14.0407
3095	3095	14.1658
3096	3096	2.39225
3097	3097	40.7234
3098	3098	4.69192
3099	3099	22.8195
3100	3100	-13.2698
3101	3101	-10.885
3102	3102	8.18177
3103	3103	-24.5908
3104	3104	-32.4884
3105	3105	-20.4566
3106	3106	-12.6739
3107	3107	20.7561
3108	3108	12.7376
3109	3109	6.02088
3110	3110	12.253
3111	3111	-18.2332
3112	3112	18.6225
3113	3113	-15.6727
3114	3114	-10.0699
3115	3115	12.1087
3116	3116	13.4417
3117	3117	1.74017
3118	3118	-18.1905
3119	3119	11.2383
3120	3120	3.42573
3121	3121	-1.34272
3122	3122	4.21988
3123	3123	23.4154
3124	3124	1.49888
3125	3125	34.4223
3126	3126	-18.1454
3127	3127	7.75551
3128	3128	6.461
3129	3129	-24.186
3130	3130	0.796623
3131	3131	-30.9757
3132	3132	17.8312
3133	3133	25.6528
3134	3134	2.62601
3135	3135	18.2985
3136	3136	-7.19316
3137	3137	7.89614
3138	3138	-57.2616
3139	3139	-3.92603
3140	3140	-6.67542
3141	3141	1.16957
3142	3142	30.5366
3143	3143	-8.71725
3144	3144	-23.9725
3145	3145	-0.337318
3146	3146	-13.7044
3147	3147	-7.01271
3148	3148	-16.2565
3149	3149	8.26323
3150	3150	32.181
3151	3151	14.1539
3152	3152	15.2026
3153	3153	31.4979
3154	3154	-31.0255
3155	3155	25.472
3156	3156	-5.44763
3157	3157	-20.2479
3158	3158	-31.6953
3159	3159	-12.8257
3160	3160	-12.2266
3161	3161	-1.98526
3162	3162	10.4876
3163	3163	36.9113
3164	3164	-19.5216
3165	3165	-30.2377
3166	3166	-14.4078
3167	3167	33.8831
3168	3168	-16.1916
3169	3169	-22.7221
3170	3170	-10.2671
3171	3171	18.3233
3172	3172	-20.56
3173	3173	1.12477
3174	3174	-4.87856
3175	3175	-13.4092
3176	3176	10.9815
3177	3177	6.7985
3178	3178	10.7471
3179	3179	-9.25396
3180	3180	-11.8781
3181	3181	34.5062
3182	3182	7.85873
3183	3183	10.3445
3184	3184	10.052
3185	3185	-11.2472
3186	3186	-32.7001
3187	3187	-11.129
3188	3188	-11.3281
3189	3189	24.2632
3190	3190	10.0061
3191	3191	14.4092
3192	3192	-14.1545
3193	3193	-18.3815
3194	3194	-16.8108
3195	3195	26.4159
3196	3196	6.00284
3197	3197	-22.2546
3198	3198	-15.85
3199	3199	4.48553
3200	3200	2.25929
3201	3201	8.59238
3202	3202	-7.06983
3203	3203	11.4789
3204	3204	0.264375
3205	3205	37.2736
3206	3206	14.695
3207	3207	-29.4406
3208	3208	1.30373
3209	3209	32.4561
3210	3210	-23.1674
3211	3211	4.56171
3212	3212	4.93652
3213	3213	-2.24509
3214	3214	-35.4264
3215	3215	-23.9124
3216	3216	-1.6572
3217	3217	22.1331
3218	3218	-14.0287
3219	3219	-1.55141
3220	3220	-11.4322
3221	3221	-31.5268
3222	3222	-20.4886
3223	3223	-4.35125
3224	3224	-3.79726
3225	3225	14.9532
3226	3226	21.7473
3227	3227	15.9249
3228	3228	-3.46812
3229	3229	8.61857
3230	3230	6.59197
3231	3231	-33.411
3232	3232	-8.55667
3233	3233	40.4649
3234	3234	-13.2259
3235	3235	-5.5962
3236	3236	-0.977483
3237	3237	-10.1907
3238	3238	-14.0342
3239	3239	24.0811
3240	3240	39.9536
3241	3241	-11.2695
3242	3242	-4.30742
3243	3243	9.63955
3244	3244	6.42918
3245	3245	1.80204
3246	3246	-1.80908
3247	3247	1.44668
3248	3248	-5.08359
3249	3249	-25.6727
3250	3250	-8.84728
3251	3251	-35.3235
3252	3252	11.6643
3253	3253	30.6131
3254	3254	-15.9553
3255	3255	-4.8455
3256	3256	32.5919
3257	3257	0.472326
3258	3258	-28.2732
3259	3259	23.4842
3260	3260	0.552048
3261	3261	6.92746
3262	3262	15.855
3263	3263	-28.4769
3264	3264	-38.2777
3265	3265	-5.05518
3266	3266	22.5106
3267	3267	4.20843
3268	3268	1.08877
3269	3269	1.68326
3270	3270	34.653
3271	3271	7.23356
3272	3272	-15.4773
3273	3273	28.8836
3274	3274	-6.79611
3275	3275	24.8614
3276	3276	-27.1253
3277	3277	4.1023
3278	3278	13.516
3279	3279	14.1773
3280	3280	-17.7521
3281	3281	33.4935
3282	3282	-28.7814
3283	3283	-13.182
3284	3284	-40.211
3285	3285	24.8012
3286	3286	-31.3149
3287	3287	-19.7711
3288	3288	-19.0246
3289	3289	16.8644
3290	3290	-14.2852
3291	3291	29.7824
3292	3292	-37.3858
3293	3293	9.33684
3294	3294	-20.9088
3295	3295	-14.3277
3296	3296	14.7011
3297	3297	-3.74488
3298	3298	19.3261
3299	3299	-26.6498
3300	3300	-2.58501
3301	3301	-1.96146
3302	3302	-22.0408
3303	3303	-47.3145
3304	3304	0.654068
3305	3305	-19.7303
3306	3306	-11.4704
3307	3307	-26.709
3308	3308	13.9907
3309	3309	-38.4874
3310	3310	18.5512
3311	3311	-2.95668
3312	3312	12.8008
3313	3313	-36.8599
3314	3314	8.37198
3315	3315	6.08662
3316	3316	7.63974
3317	3317	-6.47309
3318	3318	1.55929
3319	3319	-5.13377
3320	3320	-9.10631
3321	3321	15.5031
3322	3322	-0.141858
3323	3323	9.80321
3324	3324	-5.31795
3325	3325	6.26714
3326	3326	3.8678
3327	3327	14.4263
3328	3328	2.54186
3329	3329	-1.87064
3330	3330	26.7647
3331	3331	15.3441
3332	3332	21.3026
3333	3333	-8.06989
3334	3334	-7.73866
3335	3335	6.76732
3336	3336	-12.2518
3337	3337	25.3168
3338	3338	-20.2575
3339	3339	5.76553
3340	3340	-7.99182
3341	3341	-30.0161
3342	3342	19.5834
3343	3343	-20.4834
3344	3344	31.7471
3345	3345	18.638
3346	3346	-1.34449
3347	3347	-7.41044
3348	3348	-14.1615
3349	3349	7.15797
3350	3350	-4.1044
3351	3351	-7.69946
3352	3352	-3.26699
3353	3353	5.87933
3354	3354	-10.0547
3355	3355	24.297
3356	3356	-19.0141
3357	3357	-11.5521
3358	3358	31.4186
3359	3359	1.95119
3360	3360	-30.2321
3361	3361	9.6337
3362	3362	-13.7195
3363	3363	-40.9692
3364	3364	-16.5268
3365	3365	-9.70208
3366	3366	18.9405
3367	3367	15.6262
3368	3368	14.6655
3369	3369	-4.65676
3370	3370	-22.5884
3371	3371	4.31043
3372	3372	-24.3103
3373	3373	-0.156568
3374	3374	4.16261
3375	3375	-31.9498
3376	3376	23.1426
3377	3377	22.7448
3378	3378	11.4016
3379	3379	-4.65049
3380	3380	20.5316
3381	3381	22.6041
3382	3382	27.1466
3383	3383	-23.4331
3384	3384	-23.774
3385	3385	-20.7105
3386	3386	-3.16736
3387	3387	-56.75
3388	3388	1.09459
3389	3389	31.4511
3390	3390	-37.755
3391	3391	-11.597
3392	3392	-9.90953
3393	3393	-11.69
3394	3394	-14.9581
3395	3395	-9.52973
3396	3396	-3.4659
3397	3397	-17.8864
3398	3398	-13.978
3399	3399	21.1909
3400	3400	-12.5745
3401	3401	1.4051
3402	3402	13.0866
3403	3403	18.3011
3404	3404	-6.02823
3405	3405	-26.5708
3406	3406	3.38421
3407	3407	11.8412
3408	3408	-10.6622
3409	3409	-10.3005
3410	3410	5.71238
3411	3411	-20.5526
3412	3412	4.61412
3413	3413	-14.2027
3414	3414	27.7505
3415	3415	-24.955
3416	3416	-5.65172
3417	3417	-4.63471
3418	3418	-13.8658
3419	3419	-16.4209
3420	3420	-13.5737
3421	3421	-33.6222
3422	3422	2.80139
3423	3423	-5.57567
3424	3424	-9.67125
3425	3425	-10.6135
3426	3426	2.18524
3427	3427	8.17396
3428	3428	9.99651
3429	3429	-17.7736
3430	3430	36.5972
3431	3431	-25.0172
3432	3432	-41.7947
3433	3433	-15.1113
3434	3434	20.5218
3435	3435	33.5029
3436	3436	4.69656
3437	3437	-21.8696
3438	3438	-13.0247
3439	3439	0.126732
3440	3440	15.1357
3441	3441	7.53665
3442	3442	-4.18767
3443	3443	-17.9054
3444	3444	-5.88592
3445	3445	7.9115
3446	3446	-12.1459
3447	3447	29.1706
3448	3448	-17.5981
3449	3449	-16.8941
3450	3450	-12.045
3451	3451	-25.1406
3452	3452	2.47617
3453	3453	-20.995
3454	3454	0.362768
3455	3455	0.695307
3456	3456	4.73672
3457	3457	1.46505
3458	3458	2.0605
3459	3459	9.32874
3460	3460	-2.12794
3461	3461	-4.54799
3462	3462	2.21918
3463	3463	56.8369
3464	3464	-20.9515
3465	3465	-12.2513
3466	3466	-10.3468
3467	3467	-0.684033
3468	3468	5.14914
3469	3469	-32.9554
3470	3470	3.95396
3471	3471	10.7146
3472	3472	38.65
3473	3473	7.67867
3474	3474	14.4787
3475	3475	27.5919
3476	3476	-6.17794
3477	3477	13.3676
3478	3478	14.4853
3479	3479	-7.44324
3480	3480	2.01015
3481	3481	-47.4401
3482	3482	24.8194
3483	3483	-20.7951
3484	3484	-36.9472
3485	3485	-3.16776
3486	3486	1.03428
3487	3487	-17.1542
3488	3488	-2.88012
3489	3489	9.77257
3490	3490	-6.31276
3491	3491	2.87856
3492	3492	-0.148349
3493	3493	6.21277
3494	3494	3.78961
3495	3495	9.35486
3496	3496	-5.00774
3497	3497	17.6001
3498	3498	2.09148
3499	3499	41.9366
3500	3500	34.9434
3501	3501	10.1699
3502	3502	-7.96882
3503	3503	1.79243
3504	3504	9.01954
3505	3505	1.50974
3506	3506	12.7703
3507	3507	-4.27063
3508	3508	23.679
3509	3509	22.2818
3510	3510	19.8226
3511	3511	8.21473
3512	3512	16.6988
3513	3513	18.1339
3514	3514	-7.758
3515	3515	-6.60097
3516	3516	-6.68093
3517	3517	22.9094
3518	3518	-50.3411
3519	3519	13.6694
3520	3520	29.3505
3521	3521	-46.901
3522	3522	28.046
3523	3523	-9.15065
3524	3524	-0.46095
3525	3525	-3.86747
3526	3526	-7.6339
3527	3527	-3.07572
3528	3528	-0.417084
3529	3529	-16.9123
3530	3530	38.8537
3531	3531	-24.3029
3532	3532	-34.4156
3533	3533	3.84528
3534	3534	-26.9368
3535	3535	8.16066
3536	3536	31.4182
3537	3537	13.5483
3538	3538	-18.7609
3539	3539	-10.6208
3540	3540	10.6149
3541	3541	5.66411
3542	3542	2.93701
3543	3543	3.87017
3544	3544	-40.0393
3545	3545	-15.2243
3546	3546	-8.61639
3547	3547	12.0998
3548	3548	-7.71759
3549	3549	17.9689
3550	3550	21.1192
3551	3551	1.25658
3552	3552	-2.3545
3553	3553	14.1348
3554	3554	2.86811
3555	3555	7.01142
3556	3556	-15.8668
3557	3557	34.8009
3558	3558	10.6534
3559	3559	-6.70259
3560	3560	8.66926
3561	3561	-15.2788
3562	3562	31.2475
3563	3563	19.2948
3564	3564	12.5856
3565	3565	-11.4135
3566	3566	-21.0954
3567	3567	-18.6637
3568	3568	-15.065
3569	3569	13.0148
3570	3570	15.6264
3571	3571	-8.54943
3572	3572	-7.29918
3573	3573	-31.8715
3574	3574	28.5418
3575	3575	-46.7072
3576	3576	13.3524
3577	3577	15.7972
3578	3578	32.8645
3579	3579	-17.5729
3580	3580	20.1318
3581	3581	-10.8064
3582	3582	-12.2556
3583	3583	-26.4684
3584	3584	-14.3138
3585	3585	26.6379
3586	3586	18.5912
3587	3587	-36.3027
3588	3588	-2.91417
3589	3589	31.0505
3590	3590	-4.91771
3591	3591	-18.9972
3592	3592	31.7016
3593	3593	-23.2525
3594	3594	6.94199
3595	3595	23.4216
3596	3596	15.3988
3597	3597	-1.27948
3598	3598	22.4504
3599	3599	-10.9354
3600	3600	-18.4537
3601	3601	30.0304
3602	3602	-11.7896
3603	3603	17.5867
3604	3604	3.8286
3605	3605	-8.41843
3606	3606	19.9636
3607	3607	-30.2273
3608	3608	-17.4797
3609	3609	21.2431
3610	3610	-15.2104
3611	3611	15.5231
3612	3612	6.40423
3613	3613	-3.84313
3614	3614	-12.8042
3615	3615	-30.4457
3616	3616	6.26775
3617	3617	-10.6939
3618	3618	5.02626
3619	3619	13.1208
3620	3620	-3.18912
3621	3621	40.6786
3622	3622	-45.1957
3623	3623	24.5487
3624	3624	-9.52644
3625	3625	35.7324
3626	3626	25.5836
3627	3627	4.16048
3628	3628	2.15609
3629	3629	9.34834
3630	3630	7.33407
3631	3631	22.4098
3632	3632	-0.307293
3633	3633	-12.3585
3634	3634	18.4073
3635	3635	-7.46812
3636	3636	6.72084
3637	3637	-14.4292
3638	3638	-1.43764
3639	3639	5.76705
3640	3640	3.79104
3641	3641	-34.8971
3642	3642	5.74478
3643	3643	-30.3692
3644	3644	-22.6132
3645	3645	-3.90651
3646	3646	32.1499
3647	3647	7.67559
3648	3648	-10.9958
3649	3649	10.6036
3650	3650	-7.17269
3651	3651	-24.4252
3652	3652	18.9409
3653	3653	-15.7039
3654	3654	0.235775
3655	3655	24.5114
3656	3656	-1.86943
3657	3657	2.67959
3658	3658	-20.9134
3659	3659	7.40937
3660	3660	-29.9254
3661	3661	-11.2063
3662	3662	-19.6429
3663	3663	0.568644
3664	3664	-15.9932
3665	3665	-12.9874
3666	3666	-55.8955
3667	3667	-35.9246
3668	3668	5.37359
3669	3669	-12.4224
3670	3670	-36.7297
3671	3671	40.7294
3672	3672	6.14141
3673	3673	16.9991
3674	3674	-3.26533
3675	3675	2.53022
3676	3676	11.3817
3677	3677	-3.1077
3678	3678	-9.78413
3679	3679	18.5546
3680	3680	1.15149
3681	3681	-13.1259
3682	3682	30.8888
3683	3683	3.88208
3684	3684	-10.1717
3685	3685	-31.8178
3686	3686	-15.1652
3687	3687	0.576884
3688	3688	-30.7352
3689	3689	37.2098
3690	3690	5.96777
3691	3691	35.5414
3692	3692	56.6157
3693	3693	7.50176
3694	3694	26.4777
3695	3695	0.201701
3696	3696	22.182
3697	3697	-1.10347
3698	3698	25.4829
3699	3699	-6.27963
3700	3700	7.78884
3701	3701	23.9799
3702	3702	29.2275
3703	3703	-8.03431
3704	3704	-15.1812
3705	3705	-5.78911
3706	3706	19.8931
3707	3707	-21.2733
3708	3708	-17.9823
3709	3709	-2.13935
3710	3710	-15.424
3711	3711	37.9668
3712	3712	2.19723
3713	3713	-2.47228
3714	3714	22.9579
3715	3715	14.9938
3716	3716	-25.8137
3717	3717	-8.15316
3718	3718	-2.22817
3719	3719	25.7485
3720	3720	2.2245
3721	3721	-24.7099
3722	3722	-5.97086
3723	3723	19.8204
3724	3724	14.4705
3725	3725	10.2734
3726	3726	-18.8034
3727	3727	-35.8792
3728	3728	2.95473
3729	3729	-1.3693
3730	3730	2.29416
3731	3731	-34.1689
3732	3732	1.09449
3733	3733	-4.78662
3734	3734	3.19205
3735	3735	11.1706
3736	3736	-5.06409
3737	3737	6.89866
3738	3738	7.76487
3739	3739	-14.0268
3740	3740	-19.3578
3741	3741	-10.2818
3742	3742	2.6521
3743	3743	6.45469
3744	3744	-10.5438
3745	3745	7.97584
3746	3746	19.8345
3747	3747	-21.529
3748	3748	-21.4289
3749	3749	-29.9631
3750	3750	22.9102
3751	3751	-3.34883
3752	3752	-10.729
3753	3753	6.64093
3754	3754	33.9661
3755	3755	26.885
3756	3756	10.4754
3757	3757	-8.77147
3758	3758	-19.6799
3759	3759	38.8837
3760	3760	-27.9658
3761	3761	-26.7966
3762	3762	-37.5624
3763	3763	23.1865
3764	3764	41.4826
3765	3765	22.4287
3766	3766	19.093
3767	3767	-27.6057
3768	3768	11.3155
3769	3769	11.8738
3770	3770	8.43519
3771	3771	-7.61509
3772	3772	21.0108
3773	3773	17.9882
3774	3774	-21.1038
3775	3775	18.4209
3776	3776	30.6948
3777	3777	30.3809
3778	3778	2.02073
3779	3779	-31.6402
3780	3780	38.4572
3781	3781	3.1754
3782	3782	-30.1445
3783	3783	-12.5992
3784	3784	2.8746
3785	3785	-20.7323
3786	3786	-9.63798
3787	3787	44.7254
3788	3788	-5.7218
3789	3789	10.0289
3790	3790	42.6729
3791	3791	-11.6283
3792	3792	6.56785
3793	3793	8.9106
3794	3794	-4.34588
3795	3795	25.6568
3796	3796	-52.6319
3797	3797	14.4397
3798	3798	10.165
3799	3799	1.23789
3800	3800	11.8056
3801	3801	10.1621
3802	3802	36.2006
3803	3803	-5.17277
3804	3804	43.777
3805	3805	-33.7757
3806	3806	-4.4217
3807	3807	-16.803
3808	3808	6.42174
3809	3809	20.4842
3810	3810	9.5179
3811	3811	16.6152
3812	3812	2.46411
3813	3813	4.56369
3814	3814	-6.53791
3815	3815	-6.61285
3816	3816	-25.6623
3817	3817	-8.63511
3818	3818	-30.436
3819	3819	-12.667
3820	3820	25.5858
3821	3821	0.631932
3822	3822	-2.32542
3823	3823	-9.93848
3824	3824	25.0184
3825	3825	-9.71597
3826	3826	18.33
3827	3827	10.5682
3828	3828	-6.59877
3829	3829	-0.377196
3830	3830	6.4665
3831	3831	25.715
3832	3832	-22.7399
3833	3833	-25.6482
3834	3834	-16.5171
3835	3835	-0.516992
3836	3836	0.718379
3837	3837	-0.814422
3838	3838	28.2778
3839	3839	-8.93982
3840	3840	3.17262
3841	3841	0.967524
3842	3842	36.6528
3843	3843	-22.3338
3844	3844	29.6961
3845	3845	-12.6598
3846	3846	3.3292
3847	3847	-26.4942
3848	3848	-1.03277
3849	3849	26.0807
3850	3850	32.5443
3851	3851	-22.5206
3852	3852	14.0639
3853	3853	25.2912
3854	3854	3.72174
3855	3855	-14.6348
3856	3856	-24.572
3857	3857	20.1997
3858	3858	-23.4425
3859	3859	32.8587
3860	3860	27.6951
3861	3861	7.59993
3862	3862	6.68558
3863	3863	18.7383
3864	3864	-11.0968
3865	3865	-11.9306
3866	3866	-24.6651
3867	3867	3.44009
3868	3868	-29.788
3869	3869	-9.92949
3870	3870	8.63134
3871	3871	12.2722
3872	3872	-8.15024
3873	3873	9.08165
3874	3874	3.24216
3875	3875	5.6194
3876	3876	-3.87057
3877	3877	2.52477
3878	3878	10.4577
3879	3879	-21.284
3880	3880	-13.9549
3881	3881	-2.02147
3882	3882	28.1684
3883	3883	-28.6101
3884	3884	-10.5015
3885	3885	-34.7695
3886	3886	8.50986
3887	3887	19.0411
3888	3888	-0.715521
3889	3889	57.6458
3890	3890	-12.9442
3891	3891	19.3585
3892	3892	-2.00415
3893	3893	-13.071
3894	3894	-35.8988
3895	3895	-18.6865
3896	3896	-17.2081
3897	3897	-0.463483
3898	3898	-14.7377
3899	3899	10.477
3900	3900	-7.2116
3901	3901	-15.3517
3902	3902	-21.6643
3903	3903	-4.25929
3904	3904	38.2829
3905	3905	5.85298
3906	3906	-27.9198
3907	3907	-1.22955
3908	3908	-7.10545
3909	3909	-22.3247
3910	3910	25.4563
3911	3911	17.8681
3912	3912	13.2421
3913	3913	-32.9823
3914	3914	-5.67414
3915	3915	9.88238
3916	3916	29.4726
3917	3917	8.25889
3918	3918	22.7631
3919	3919	-14.8089
3920	3920	-13.5669
3921	3921	-17.9531
3922	3922	-11.2532
3923	3923	-17.7428
3924	3924	-25.5554
3925	3925	2.51812
3926	3926	-6.34134
3927	3927	8.3335
3928	3928	-39.7402
3929	3929	-14.3686
3930	3930	-37.0542
3931	3931	4.98701
3932	3932	-4.97094
3933	3933	15.3311
3934	3934	-15.3836
3935	3935	37.0889
3936	3936	-22.8635
3937	3937	3.48906
3938	3938	21.615
3939	3939	25.3384
3940	3940	24.9563
3941	3941	15.6478
3942	3942	-4.50036
3943	3943	16.4948
3944	3944	-44.1368
3945	3945	0.366588
3946	3946	-33.3436
3947	3947	42.8326
3948	3948	-0.747929
3949	3949	-21.7027
3950	3950	0.785298
3951	3951	36.4306
3952	3952	24.3032
3953	3953	9.99535
3954	3954	-14.9133
3955	3955	-7.38054
3956	3956	4.24213
3957	3957	-13.9041
3958	3958	8.33408
3959	3959	-17.4844
3960	3960	7.22032
3961	3961	4.29317
3962	3962	6.15595
3963	3963	22.6819
3964	3964	11.8927
3965	3965	15.2017
3966	3966	-6.64433
3967	3967	-2.31836
3968	3968	-3.69217
3969	3969	7.81224
3970	3970	-43.8726
3971	3971	-24.2665
3972	3972	42.9495
3973	3973	8.4763
3974	3974	3.56297
3975	3975	36.9651
3976	3976	-3.86866
3977	3977	26.2573
3978	3978	4.46544
3979	3979	7.22881
3980	3980	3.33283
3981	3981	-6.32951
3982	3982	2.86879
3983	3983	12.7873
3984	3984	8.0651
3985	3985	22.8128
3986	3986	-4.27903
3987	3987	29.0524
3988	3988	-30.9178
3989	3989	0.657446
3990	3990	1.44161
3991	3991	-32.4234
3992	3992	43.0885
3993	3993	-8.83043
3994	3994	5.69696
3995	3995	25.7743
3996	3996	16.625
3997	3997	-12.9536
3998	3998	-7.86682
3999	3999	12.9402
4000	4000	40.926
4001	4001	-43.5343
4002	4002	-15.4199
4003	4003	0.285435
4004	4004	8.93036
4005	4005	-12.8035
4006	4006	-2.8814
4007	4007	-12.3774
4008	4008	-15.8833
4009	4009	-19.0244
4010	4010	-22.6584
4011	4011	-10.345
4012	4012	-25.4499
4013	4013	25.7527
4014	4014	6.88644
4015	4015	0.582626
4016	4016	-8.99252
4017	4017	-0.925005
4018	4018	-9.95253
4019	4019	9.84545
4020	4020	-2.09609
4021	4021	-12.6591
4022	4022	1.58341
4023	4023	22.7976
4024	4024	-7.05621
4025	4025	-16.9808
4026	4026	15.772
4027	4027	-1.77282
4028	4028	-19.5328
4029	4029	6.03982
4030	4030	-25.4655
4031	4031	-5.85113
4032	4032	-0.183562
4033	4033	-12.524
4034	4034	6.91981
4035	4035	-26.7955
4036	4036	-15.2161
4037	4037	16.751
4038	4038	-9.59831
4039	4039	20.5006
4040	4040	-13.6004
4041	4041	31.5611
4042	4042	29.0381
4043	4043	-37.1171
4044	4044	-16.4283
4045	4045	2.43468
4046	4046	21.7627
4047	4047	16.7624
4048	4048	-6.51228
4049	4049	-2.10701
4050	4050	14.6972
4051	4051	-28.202
4052	4052	0.688748
4053	4053	-8.64274
4054	4054	-2.39172
4055	4055	-12.5258
4056	4056	-20.2247
4057	4057	-25.1238
4058	4058	2.76008
4059	4059	7.00455
4060	4060	-8.36878
4061	4061	-32.9301
4062	4062	-18.1838
4063	4063	-15.2522
4064	4064	-7.64594
4065	4065	20.2382
4066	4066	-13.1111
4067	4067	3.24508
4068	4068	-1.62545
4069	4069	-2.20091
4070	4070	17.3332
4071	4071	-11.1931
4072	4072	-16.9139
4073	4073	-2.1354
4074	4074	-1.57028
4075	4075	3.30289
4076	4076	-13.6605
4077	4077	11.4031
4078	4078	-6.60936
4079	4079	-11.3741
4080	4080	13.8051
4081	4081	43.8169
4082	4082	3.38343
4083	4083	53.093
4084	4084	-31.4173
4085	4085	-28.6773
4086	4086	-7.12019
4087	4087	25.1695
4088	4088	2.77847
4089	4089	-5.20331
4090	4090	16.5836
4091	4091	-2.41587
4092	4092	25.1454
4093	4093	-4.2845
4094	4094	-24.9156
4095	4095	-10.8513
4096	4096	27.1587
4097	4097	2.13526
4098	4098	9.72996
4099	4099	-0.355968
4100	4100	0.968332
4101	4101	4.38045
4102	4102	29.1849
4103	4103	-11.3007
4104	4104	16.9199
4105	4105	35.6194
4106	4106	4.01365
4107	4107	12.557
4108	4108	-9.70199
4109	4109	-28.1951
4110	4110	20.3584
4111	4111	-14.556
4112	4112	-5.69112
4113	4113	25.5249
4114	4114	-25.135
4115	4115	2.1944
4116	4116	28.4759
4117	4117	10.2889
4118	4118	-10.286
4119	4119	9.50707
4120	4120	23.1493
4121	4121	7.37534
4122	4122	5.97028
4123	4123	12.3602
4124	4124	11.7025
4125	4125	18.5297
4126	4126	-14.6924
4127	4127	-21.8798
4128	4128	-2.77825
4129	4129	-5.89777
4130	4130	17.3623
4131	4131	-8.52221
4132	4132	-16.9451
4133	4133	1.86057
4134	4134	21.6484
4135	4135	3.63253
4136	4136	1.507
4137	4137	-12.9032
4138	4138	-18.5166
4139	4139	18.1478
4140	4140	22.5104
4141	4141	45.0485
4142	4142	-24.8951
4143	4143	-26.7282
4144	4144	-11.8705
4145	4145	-38.3191
4146	4146	-18.6476
4147	4147	-14.7485
4148	4148	1.21599
4149	4149	51.9808
4150	4150	-3.54184
4151	4151	4.01565
4152	4152	-0.82826
4153	4153	-33.4924
4154	4154	-23.9611
4155	4155	25.8877
4156	4156	-7.99205
4157	4157	-26.3887
4158	4158	26.1409
4159	4159	-11.035
4160	4160	-4.2194
4161	4161	19.605
4162	4162	-27.1185
4163	4163	-21.5967
4164	4164	8.06893
4165	4165	-36.6219
4166	4166	-0.8804
4167	4167	-4.65054
4168	4168	-0.0796588
4169	4169	-8.7735
4170	4170	8.16206
4171	4171	49.4348
4172	4172	-45.0972
4173	4173	-14.9974
4174	4174	45.3117
4175	4175	15.9826
4176	4176	-21.1872
4177	4177	5.94451
4178	4178	-3.32032
4179	4179	-4.04171
4180	4180	-12.5936
4181	4181	20.5841
4182	4182	-45.6702
4183	4183	-39.5274
4184	4184	0.387562
4185	4185	4.95527
4186	4186	-10.5013
4187	4187	-6.17495
4188	4188	-1.77394
4189	4189	22.2983
4190	4190	2.27716
4191	4191	-10.345
4192	4192	-11.5364
4193	4193	19.6463
4194	4194	39.3171
4195	4195	-18.6715
4196	4196	21.9052
4197	4197	-6.43662
4198	4198	22.3986
4199	4199	-3.01002
4200	4200	16.3276
4201	4201	-40.1601
4202	4202	33.5576
4203	4203	-13.6125
4204	4204	25.8592
4205	4205	-25.6653
4206	4206	12.5361
4207	4207	-16.614
4208	4208	-33.9502
4209	4209	-14.923
4210	4210	8.21519
4211	4211	-39.2983
4212	4212	-26.2914
4213	4213	-7.48443
4214	4214	-0.509888
4215	4215	-40.6352
4216	4216	3.93653
4217	4217	-7.39286
4218	4218	-28.6927
4219	4219	23.0376
4220	4220	-0.566107
4221	4221	26.556
4222	4222	-19.6769
4223	4223	-18.8992
4224	4224	-25.6052
4225	4225	-20.7426
4226	4226	9.76755
4227	4227	15.505
4228	4228	22.2865
4229	4229	29.5976
4230	4230	-26.5035
4231	4231	-1.92378
4232	4232	3.20664
4233	4233	11.3243
4234	4234	-2.86879
4235	4235	-7.0693
4236	4236	-9.00278
4237	4237	-5.32996
4238	4238	-22.7212
4239	4239	5.50924
4240	4240	20.9107
4241	4241	-32.1405
4242	4242	-2.11188
4243	4243	-10.7227
4244	4244	5.39041
4245	4245	-17.886
4246	4246	-7.58206
4247	4247	-34.7126
4248	4248	-0.425444
4249	4249	-20.6055
4250	4250	-25.3502
4251	4251	2.04834
4252	4252	-7.37262
4253	4253	-1.07432
4254	4254	6.75151
4255	4255	25.3641
4256	4256	22.1557
4257	4257	16.381
4258	4258	15.5318
4259	4259	-23.9764
4260	4260	20.7912
4261	4261	-20.3976
4262	4262	2.17278
4263	4263	21.3856
4264	4264	-6.00259
4265	4265	-16.5422
4266	4266	-0.289698
4267	4267	-44.092
4268	4268	26.4346
4269	4269	-5.84996
4270	4270	-6.34961
4271	4271	-27.8077
4272	4272	12.4804
4273	4273	-2.37919
4274	4274	-35.1784
4275	4275	-7.43218
4276	4276	4.12608
4277	4277	39.341
4278	4278	-1.45677
4279	4279	12.1585
4280	4280	-4.16693
4281	4281	0.73818
4282	4282	0.556974
4283	4283	-8.98463
4284	4284	0.221857
4285	4285	26.7716
4286	4286	5.98737
4287	4287	45.9934
4288	4288	2.58324
4289	4289	27.2899
4290	4290	-9.3921
4291	4291	-17.5798
4292	4292	-9.88318
4293	4293	-3.62813
4294	4294	-5.22157
4295	4295	-34.0326
4296	4296	0.871227
4297	4297	15.1658
4298	4298	4.35052
4299	4299	-12.4162
4300	4300	24.5661
4301	4301	-18.5633
4302	4302	36.4127
4303	4303	0.0599609
4304	4304	22.5487
4305	4305	-4.82239
4306	4306	-8.31069
4307	4307	-20.658
4308	4308	-7.86245
4309	4309	13.8821
4310	4310	31.8645
4311	4311	4.61471
4312	4312	13.6233
4313	4313	-7.25088
4314	4314	0.915125
4315	4315	0.320063
4316	4316	10.2312
4317	4317	7.01433
4318	4318	36.1361
4319	4319	-24.0738
4320	4320	10.6092
4321	4321	-14.8503
4322	4322	23.1769
4323	4323	-28.061
4324	4324	6.15487
4325	4325	5.15871
4326	4326	-38.037
4327	4327	-17.1624
4328	4328	-25.7348
4329	4329	-0.0292307
4330	4330	7.01408
4331	4331	28.8263
4332	4332	24.3636
4333	4333	-15.8127
4334	4334	0.165928
4335	4335	-21.9308
4336	4336	18.2404
4337	4337	20.304
4338	4338	1.41019
4339	4339	-23.3667
4340	4340	-3.37357
4341	4341	5.91754
4342	4342	2.1435
4343	4343	-3.07888
4344	4344	-11.7942
4345	4345	18.078
4346	4346	-2.11377
4347	4347	1.96692
4348	4348	-22.6979
4349	4349	18.7564
4350	4350	-41.4876
4351	4351	-5.97657
4352	4352	-0.147727
4353	4353	-22.9958
4354	4354	8.47074
4355	4355	13.7179
4356	4356	1.68472
4357	4357	10.6535
4358	4358	-17.3642
4359	4359	34.4464
4360	4360	14.2753
4361	4361	-15.1023
4362	4362	4.61076
4363	4363	10.1698
4364	4364	14.2784
4365	4365	7.49765
4366	4366	10.3884
4367	4367	4.35816
4368	4368	17.4504
4369	4369	-11.3471
4370	4370	15.906
4371	4371	6.48823
4372	4372	3.24324
4373	4373	1.79974
4374	4374	-21.0602
4375	4375	10.5988
4376	4376	-5.10634
4377	4377	-8.17809
4378	4378	13.3186
4379	4379	-7.04761
4380	4380	25.3717
4381	4381	-8.16022
4382	4382	38.5837
4383	4383	-12.9602
4384	4384	-30.6725
4385	4385	5.49176
4386	4386	2.88762
4387	4387	-20.7515
4388	4388	-4.76322
4389	4389	-17.3868
4390	4390	14.948
4391	4391	-11.0218
4392	4392	10.1118
4393	4393	5.93141
4394	4394	-7.0874
4395	4395	-6.60783
4396	4396	7.24456
4397	4397	32.0979
4398	4398	20.6984
4399	4399	-41.0397
4400	4400	-6.19315
4401	4401	-3.1946
4402	4402	6.30149
4403	4403	-18.2953
4404	4404	-30.0093
4405	4405	-6.58792
4406	4406	30.483
4407	4407	-14.1682
4408	4408	1.58356
4409	4409	14.0487
4410	4410	8.91924
4411	4411	-24.6368
4412	4412	15.2146
4413	4413	-6.27364
4414	4414	-11.5358
4415	4415	-17.211
4416	4416	-4.39704
4417	4417	-25.636
4418	4418	-21.7878
4419	4419	17.9899
4420	4420	0.888017
4421	4421	12.9611
4422	4422	13.2657
4423	4423	-23.3655
4424	4424	-9.47528
4425	4425	24.1641
4426	4426	-0.734247
4427	4427	-19.7581
4428	4428	-8.43564
4429	4429	-1.2864
4430	4430	-41.3854
4431	4431	-21.4795
4432	4432	1.68984
4433	4433	2.78596
4434	4434	-1.74304
4435	4435	-26.9295
4436	4436	-5.6245
4437	4437	-19.2564
4438	4438	-26.2223
4439	4439	26.6737
4440	4440	-5.93553
4441	4441	7.3931
4442	4442	-14.7172
4443	4443	21.1025
4444	4444	38.6833
4445	4445	14.7782
4446	4446	7.83081
4447	4447	10.5165
4448	4448	-19.6252
4449	4449	10.9179
4450	4450	6.6209
4451	4451	15.0652
4452	4452	12.489
4453	4453	-2.91161
4454	4454	16.965
4455	4455	-21.2955
4456	4456	-22.3286
4457	4457	14.2824
4458	4458	9.06708
4459	4459	10.7422
4460	4460	-15.9078
4461	4461	-41.6668
4462	4462	38.7621
4463	4463	-18.9796
4464	4464	-2.68388
4465	4465	-1.75751
4466	4466	11.1251
4467	4467	-10.4315
4468	4468	-11.6302
4469	4469	-13.4755
4470	4470	-3.64043
4471	4471	11.4361
4472	4472	1.93427
4473	4473	4.08095
4474	4474	14.3804
4475	4475	-14.3332
4476	4476	-24.4147
4477	4477	9.33529
4478	4478	-29.0605
4479	4479	-34.831
4480	4480	3.66491
4481	4481	-23.0013
4482	4482	14.3546
4483	4483	7.5996
4484	4484	4.22267
4485	4485	-0.769947
4486	4486	37.5048
4487	4487	-26.5122
4488	4488	28.3186
4489	4489	-17.1179
4490	4490	8.31838
4491	4491	-23.3308
4492	4492	-7.20429
4493	4493	23.0756
4494	4494	29.6664
4495	4495	14.2123
4496	4496	-3.77866
4497	4497	11.9149
4498	4498	-13.6135
4499	4499	16.1881
4500	4500	-8.72824
4501	4501	22.7782
4502	4502	-3.51554
4503	4503	1.60459
4504	4504	33.4062
4505	4505	-10.8765
4506	4506	-10.1058
4507	4507	32.5952
4508	4508	15.0281
4509	4509	4.09764
4510	4510	22.3628
4511	4511	-30.516
4512	4512	-0.360411
4513	4513	-14.4919
4514	4514	28.1047
4515	4515	11.6032
4516	4516	15.8751
4517	4517	-3.28992
4518	4518	-4.06506
4519	4519	5.77481
4520	4520	10.6781
4521	4521	4.47218
4522	4522	20.6344
4523	4523	-0.809867
4524	4524	-8.18312
4525	4525	-22.3335
4526	4526	25.132
4527	4527	6.96683
4528	4528	-16.5297
4529	4529	-1.08155
4530	4530	10.2883
4531	4531	4.55874
4532	4532	14.0499
4533	4533	17.7747
4534	4534	5.99475
4535	4535	34.8311
4536	4536	-26.1237
4537	4537	32.5164
4538	4538	9.09356
4539	4539	33.8433
4540	4540	1.16692
4541	4541	-16.5717
4542	4542	-23.073
4543	4543	-9.6114
4544	4544	21.0263
4545	4545	25.0902
4546	4546	18.7816
4547	4547	-19.2921
4548	4548	-18.5321
4549	4549	-1.46222
4550	4550	-0.33123
4551	4551	-8.78086
4552	4552	-5.2437
4553	4553	42.278
4554	4554	8.91342
4555	4555	4.83874
4556	4556	-29.0551
4557	4557	-1.88879
4558	4558	-31.09
4559	4559	-1.10331
4560	4560	-50.5248
4561	4561	14.4744
4562	4562	-25.1534
4563	4563	-45.4559
4564	4564	-25.4112
4565	4565	-6.23081
4566	4566	-16.82
4567	4567	-2.6761
4568	4568	-45.1517
4569	4569	1.55819
4570	4570	-2.30907
4571	4571	-19.2738
4572	4572	-3.33184
4573	4573	20.4022
4574	4574	21.6721
4575	4575	-6.25691
4576	4576	-11.3727
4577	4577	-9.06482
4578	4578	-38.6826
4579	4579	7.30573
4580	4580	-4.58559
4581	4581	-2.79424
4582	4582	4.88452
4583	4583	7.45605
4584	4584	-14.8171
4585	4585	-8.10965
4586	4586	-3.10865
4587	4587	-25.4068
4588	4588	-9.82899
4589	4589	-23.3479
4590	4590	-9.49332
4591	4591	25.9076
4592	4592	11.453
4593	4593	-6.43161
4594	4594	14.1742
4595	4595	3.55511
4596	4596	-2.14246
4597	4597	-19.9834
4598	4598	-3.35881
4599	4599	-18.2058
4600	4600	11.0836
4601	4601	-1.12106
4602	4602	-15.2658
4603	4603	21.3596
4604	4604	-6.15572
4605	4605	-7.91489
4606	4606	3.44897
4607	4607	-7.54878
4608	4608	8.38944
4609	4609	6.24666
4610	4610	8.45751
4611	4611	-2.86736
4612	4612	8.64045
4613	4613	6.51352
4614	4614	37.4699
4615	4615	9.8197
4616	4616	-23.8397
4617	4617	13.1212
4618	4618	16.7667
4619	4619	2.09254
4620	4620	-20.6231
4621	4621	-7.94493
4622	4622	-19.6384
4623	4623	-31.1915
4624	4624	-17.8845
4625	4625	-13.5413
4626	4626	-7.04806
4627	4627	2.56018
4628	4628	-8.12501
4629	4629	25.8543
4630	4630	10.6978
4631	4631	25.6165
4632	4632	1.52478
4633	4633	-40.1547
4634	4634	7.07014
4635	4635	-1.88499
4636	4636	-15.9646
4637	4637	-0.767012
4638	4638	-3.4438
4639	4639	-9.60217
4640	4640	-17.8489
4641	4641	-26.3596
4642	4642	-3.35348
4643	4643	25.5128
4644	4644	-6.14823
4645	4645	19.8509
4646	4646	-14.4263
4647	4647	16.4317
4648	4648	-24.9072
4649	4649	7.49284
4650	4650	34.7354
4651	4651	-10.5615
4652	4652	-32.6684
4653	4653	-10.1674
4654	4654	0.264306
4655	4655	10.2933
4656	4656	23.6213
4657	4657	-33.7267
4658	4658	-3.15286
4659	4659	-2.92813
4660	4660	-28.9
4661	4661	-9.13957
4662	4662	-10.1663
4663	4663	-12.0651
4664	4664	14.1872
4665	4665	-21.9948
4666	4666	3.69305
4667	4667	-15.6147
4668	4668	-21.1507
4669	4669	24.7065
4670	4670	19.4328
4671	4671	1.49642
4672	4672	-22.2847
4673	4673	6.2646
4674	4674	4.116
4675	4675	9.33827
4676	4676	28.9417
4677	4677	2.91233
4678	4678	-10.3695
4679	4679	6.02127
4680	4680	-12.2176
4681	4681	-6.8307
4682	4682	-20.4427
4683	4683	1.99603
4684	4684	14.3379
4685	4685	-13.9255
4686	4686	-5.74531
4687	4687	-8.90692
4688	4688	-12.1792
4689	4689	-3.46175
4690	4690	-10.17
4691	4691	34.3934
4692	4692	33.8174
4693	4693	28.7223
4694	4694	-6.50789
4695	4695	25.5216
4696	4696	10.2263
4697	4697	-10.4149
4698	4698	3.63418
4699	4699	-3.00195
4700	4700	-30.9461
4701	4701	-14.517
4702	4702	3.6174
4703	4703	-12.14
4704	4704	-21.6155
4705	4705	-9.97185
4706	4706	34.0923
4707	4707	11.3742
4708	4708	11.3865
4709	4709	5.74453
4710	4710	-3.16863
4711	4711	14.9978
4712	4712	3.56496
4713	4713	15.7383
4714	4714	-8.47619
4715	4715	36.7451
4716	4716	40.272
4717	4717	22.7079
4718	4718	-16.2091
4719	4719	-2.53326
4720	4720	-29.8188
4721	4721	-25.4037
4722	4722	-51.622
4723	4723	-9.16612
4724	4724	-9.94947
4725	4725	27.0585
4726	4726	21.1751
4727	4727	-25.2843
4728	4728	-11.0453
4729	4729	-39.7988
4730	4730	-14.0206
4731	4731	12.5172
4732	4732	-30.104
4733	4733	-18.604
4734	4734	22.068
4735	4735	-23.2294
4736	4736	1.48937
4737	4737	0.216825
4738	4738	8.44656
4739	4739	11.6395
4740	4740	3.98115
4741	4741	21.1321
4742	4742	-40.3633
4743	4743	-13.3351
4744	4744	14.7457
4745	4745	-14.5388
4746	4746	11.8796
4747	4747	-16.0005
4748	4748	11.8354
4749	4749	7.32685
4750	4750	-7.44484
4751	4751	48.322
4752	4752	36.2077
4753	4753	-0.409519
4754	4754	-6.03835
4755	4755	-7.85185
4756	4756	-30.2847
4757	4757	0.953862
4758	4758	9.91146
4759	4759	-3.26926
4760	4760	-9.68326
4761	4761	-4.486
4762	4762	-25.4472
4763	4763	-13.0044
4764	4764	15.2781
4765	4765	22.2292
4766	4766	16.9873
4767	4767	22.9622
4768	4768	24.6202
4769	4769	9.69189
4770	4770	-10.2848
4771	4771	-6.79795
4772	4772	-7.39391
4773	4773	0.646137
4774	4774	29.5966
4775	4775	-4.94858
4776	4776	32.487
4777	4777	8.15389
4778	4778	-3.45941
4779	4779	-33.4221
4780	4780	4.39008
4781	4781	25.03
4782	4782	-1.87957
4783	4783	-7.29106
4784	4784	-16.3214
4785	4785	9.50481
4786	4786	16.4345
4787	4787	36.7686
4788	4788	-7.28886
4789	4789	14.4466
4790	4790	-22.2432
4791	4791	13.857
4792	4792	11.1349
4793	4793	-2.78402
4794	4794	-16.2472
4795	4795	9.56675
4796	4796	-3.40272
4797	4797	30.8418
4798	4798	-16.6838
4799	4799	-2.13842
