variant	af	filter-pvalue	lrt-pvalue	beta	beta-std-err	variant_h2	notes
EW033_RS00085	3.21E-01	4.90E-01	7.39E-01	-1.16E-01	3.48E-01	4.54E-02	
EW033_RS00650	3.57E-02	9.68E-01	8.67E-01	-1.54E-01	9.12E-01	2.30E-02	
EW033_RS00655	3.57E-02	2.16E-01	4.77E-01	6.75E-01	9.43E-01	9.69E-02	
EW033_RS00740	3.93E-01	1.17E-02	5.55E-02	7.97E-01	4.07E-01	2.57E-01	
EW033_RS00770	3.57E-02	7.72E-01	8.45E-01	1.81E-01	9.20E-01	2.68E-02	
EW033_RS00785	1.07E-01	9.99E-01	7.76E-01	-1.83E-01	6.40E-01	3.90E-02	
EW033_RS00790	1.07E-01	9.99E-01	7.76E-01	-1.83E-01	6.40E-01	3.90E-02	
EW033_RS00830	3.57E-02	4.79E-01	3.11E-01	-8.80E-01	8.60E-01	1.38E-01	
EW033_RS00860	3.57E-02	7.72E-01	8.45E-01	1.81E-01	9.20E-01	2.68E-02	
EW033_RS01025	3.57E-02	7.90E-01	9.72E-01	-2.84E-02	8.17E-01	4.72E-03	
EW033_RS01030	1.07E-01	9.99E-01	7.76E-01	-1.83E-01	6.40E-01	3.90E-02	
EW033_RS01045	2.86E-01	4.65E-01	7.88E-01	-9.84E-02	3.65E-01	3.67E-02	
EW033_RS01050	8.93E-02	7.23E-01	5.79E-01	-3.62E-01	6.48E-01	7.58E-02	
EW033_RS01080	3.57E-02	6.82E-02	2.62E-01	9.59E-01	8.46E-01	1.52E-01	
EW033_RS01085	8.93E-02	2.07E-01	2.54E-01	6.62E-01	5.74E-01	1.55E-01	
EW033_RS01090	3.57E-02	2.16E-01	4.77E-01	6.75E-01	9.43E-01	9.69E-02	
EW033_RS01100	3.57E-02	2.16E-01	4.77E-01	6.75E-01	9.43E-01	9.69E-02	
EW033_RS01105	3.57E-02	6.40E-06	1.91E-01	-1.08E+00	8.16E-01	1.77E-01	
EW033_RS01115	7.14E-02	3.45E-01	4.23E-01	5.35E-01	6.63E-01	1.09E-01	
EW033_RS01165	3.57E-02	2.83E-01	6.04E-01	4.46E-01	8.54E-01	7.08E-02	
EW033_RS01305	3.57E-02	2.16E-01	4.77E-01	6.75E-01	9.43E-01	9.69E-02	
EW033_RS01330	1.07E-01	9.99E-01	7.76E-01	-1.83E-01	6.40E-01	3.90E-02	
EW033_RS01345	2.50E-01	2.65E-01	5.68E-01	-2.20E-01	3.83E-01	7.80E-02	
EW033_RS01355	1.79E-01	2.59E-01	4.76E-01	3.36E-01	4.68E-01	9.72E-02	
EW033_RS01360	7.14E-02	7.55E-01	8.92E-01	8.69E-02	6.34E-01	1.86E-02	
EW033_RS01390	2.68E-01	2.29E-01	4.72E-01	-2.67E-01	3.69E-01	9.80E-02	
EW033_RS01435	3.04E-01	1.04E-01	3.51E-01	3.73E-01	3.97E-01	1.27E-01	
EW033_RS01500	1.07E-01	9.99E-01	7.76E-01	-1.83E-01	6.40E-01	3.90E-02	
EW033_RS01535	3.57E-02	9.83E-01	8.50E-01	-1.65E-01	8.65E-01	2.59E-02	
EW033_RS01590	3.57E-02	8.88E-01	8.54E-01	1.69E-01	9.12E-01	2.51E-02	
EW033_RS01595	3.57E-02	7.72E-01	8.45E-01	1.81E-01	9.20E-01	2.68E-02	
EW033_RS01690	5.18E-01	3.21E-02	1.86E-01	5.47E-01	4.09E-01	1.79E-01	
EW033_RS01720	2.14E-01	9.69E-01	6.88E-01	-1.92E-01	4.76E-01	5.48E-02	
EW033_RS01725	3.57E-02	4.66E-01	2.70E-01	9.45E-01	8.49E-01	1.50E-01	
EW033_RS01730	7.14E-02	9.80E-01	8.90E-01	-1.09E-01	7.81E-01	1.89E-02	
EW033_RS01735	3.57E-02	2.16E-01	4.77E-01	6.75E-01	9.43E-01	9.69E-02	
EW033_RS01750	3.57E-02	2.16E-01	4.77E-01	6.75E-01	9.43E-01	9.69E-02	
EW033_RS01790	7.50E-01	5.22E-02	2.43E-01	4.48E-01	3.79E-01	1.59E-01	
EW033_RS02125	3.57E-01	3.18E-02	1.09E-01	6.76E-01	4.15E-01	2.16E-01	
EW033_RS02135	7.14E-02	9.80E-01	8.90E-01	-1.09E-01	7.81E-01	1.89E-02	
EW033_RS02210	7.14E-02	9.80E-01	8.90E-01	-1.09E-01	7.81E-01	1.89E-02	
EW033_RS02220	3.57E-02	7.72E-01	8.45E-01	1.81E-01	9.20E-01	2.68E-02	
EW033_RS02240	7.50E-01	5.22E-02	2.43E-01	4.48E-01	3.79E-01	1.59E-01	
EW033_RS02245	1.07E-01	9.99E-01	7.76E-01	-1.83E-01	6.40E-01	3.90E-02	
EW033_RS02250	5.36E-02	4.62E-01	8.12E-01	1.79E-01	7.51E-01	3.25E-02	
EW033_RS02255	2.14E-01	1.65E-02	4.17E-02	9.14E-01	4.38E-01	2.73E-01	
EW033_RS02260	3.57E-02	2.16E-01	4.77E-01	6.75E-01	9.43E-01	9.69E-02	
EW033_RS02290	3.57E-02	2.16E-01	4.77E-01	6.75E-01	9.43E-01	9.69E-02	
EW033_RS02325	2.14E-01	6.43E-01	9.50E-01	3.18E-02	4.99E-01	8.66E-03	
EW033_RS02380	4.29E-01	4.67E-02	1.82E-01	5.45E-01	4.03E-01	1.81E-01	
EW033_RS02385	3.93E-01	1.01E-01	3.14E-01	4.08E-01	4.01E-01	1.37E-01	
EW033_RS02390	1.07E-01	9.65E-01	8.14E-01	-1.40E-01	5.92E-01	3.21E-02	
EW033_RS02395	1.07E-01	1.66E-01	3.47E-01	5.22E-01	5.50E-01	1.28E-01	
EW033_RS02410	1.79E-01	5.23E-01	7.94E-01	1.32E-01	5.05E-01	3.57E-02	
EW033_RS02415	1.79E-01	2.38E-01	4.74E-01	3.51E-01	4.86E-01	9.77E-02	
EW033_RS02435	3.57E-02	3.67E-01	2.71E-01	9.46E-01	8.50E-01	1.50E-01	
EW033_RS02455	7.14E-02	4.38E-01	3.94E-01	5.66E-01	6.59E-01	1.16E-01	
EW033_RS02460	3.93E-01	1.03E-01	3.24E-01	4.06E-01	4.08E-01	1.34E-01	
EW033_RS02465	1.79E-01	1.97E-01	3.59E-01	4.15E-01	4.48E-01	1.25E-01	
EW033_RS02700	7.14E-02	4.26E-01	7.58E-01	-1.84E-01	5.95E-01	4.21E-02	
EW033_RS02710	2.50E-01	2.65E-01	5.68E-01	-2.20E-01	3.83E-01	7.80E-02	
EW033_RS02760	1.43E-01	6.02E-01	8.52E-01	9.96E-02	5.30E-01	2.56E-02	
EW033_RS02770	7.14E-02	9.80E-01	8.90E-01	-1.09E-01	7.81E-01	1.89E-02	
EW033_RS02815	3.57E-02	7.72E-01	8.45E-01	1.81E-01	9.20E-01	2.68E-02	
EW033_RS02835	7.14E-02	3.45E-01	4.23E-01	5.35E-01	6.63E-01	1.09E-01	
EW033_RS02895	1.07E-01	5.58E-01	7.15E-01	2.34E-01	6.38E-01	4.99E-02	
EW033_RS02905	5.00E-01	9.19E-03	4.87E-02	8.36E-01	4.14E-01	2.65E-01	
EW033_RS02910	5.00E-01	9.19E-03	4.87E-02	8.36E-01	4.14E-01	2.65E-01	
EW033_RS02915	1.07E-01	1.36E-01	3.17E-01	5.52E-01	5.47E-01	1.36E-01	
EW033_RS03000	7.14E-02	9.80E-01	8.90E-01	-1.09E-01	7.81E-01	1.89E-02	
EW033_RS03025	3.93E-01	4.19E-02	1.54E-01	5.83E-01	4.03E-01	1.93E-01	
EW033_RS03030	7.14E-02	5.32E-01	7.29E-01	2.27E-01	6.52E-01	4.73E-02	
EW033_RS03110	7.14E-02	1.09E-02	2.04E-01	8.36E-01	6.50E-01	1.72E-01	
EW033_RS03140	3.57E-02	2.16E-01	4.77E-01	6.75E-01	9.43E-01	9.69E-02	
EW033_RS03180	3.57E-02	8.88E-01	9.99E-01	1.37E-03	8.58E-01	2.17E-04	
EW033_RS03325	3.57E-02	2.16E-01	4.77E-01	6.75E-01	9.43E-01	9.69E-02	
EW033_RS03485	3.57E-02	9.83E-01	8.50E-01	-1.65E-01	8.65E-01	2.59E-02	
EW033_RS03500	2.68E-01	1.66E-01	3.97E-01	-3.21E-01	3.76E-01	1.15E-01	
EW033_RS03555	3.21E-01	2.85E-02	9.13E-02	7.08E-01	4.12E-01	2.28E-01	
EW033_RS03565	3.57E-02	4.79E-01	3.11E-01	-8.80E-01	8.60E-01	1.38E-01	
EW033_RS03640	3.57E-02	2.16E-01	4.77E-01	6.75E-01	9.43E-01	9.69E-02	
EW033_RS03650	3.57E-02	2.83E-01	6.04E-01	4.46E-01	8.54E-01	7.08E-02	
EW033_RS03735	3.57E-02	7.72E-01	8.45E-01	1.81E-01	9.20E-01	2.68E-02	
EW033_RS03825	3.57E-02	2.16E-01	4.77E-01	6.75E-01	9.43E-01	9.69E-02	
EW033_RS03855	2.86E-01	2.19E-02	1.03E-01	6.71E-01	4.04E-01	2.20E-01	
EW033_RS04000	7.14E-02	9.80E-01	8.90E-01	-1.09E-01	7.81E-01	1.89E-02	
EW033_RS04165	3.57E-02	7.72E-01	8.45E-01	1.81E-01	9.20E-01	2.68E-02	
EW033_RS04190	1.07E-01	9.99E-01	7.76E-01	-1.83E-01	6.40E-01	3.90E-02	
EW033_RS04200	1.79E-01	1.05E-01	2.92E-01	-4.40E-01	4.14E-01	1.43E-01	
EW033_RS04230	1.43E-01	8.78E-01	9.23E-01	-5.17E-02	5.30E-01	1.33E-02	
EW033_RS04260	3.57E-02	3.67E-01	2.71E-01	9.46E-01	8.50E-01	1.50E-01	
EW033_RS04335	7.14E-02	9.80E-01	8.90E-01	-1.09E-01	7.81E-01	1.89E-02	
EW033_RS04485	1.61E-01	3.87E-01	5.08E-01	3.44E-01	5.16E-01	9.02E-02	
EW033_RS04565	7.14E-02	6.13E-01	6.24E-01	3.36E-01	6.82E-01	6.69E-02	
EW033_RS04635	1.07E-01	5.58E-01	7.15E-01	2.34E-01	6.38E-01	4.99E-02	
EW033_RS04815	4.82E-01	1.44E-02	8.28E-02	7.28E-01	4.12E-01	2.34E-01	
EW033_RS04820	1.07E-01	9.99E-01	7.76E-01	-1.83E-01	6.40E-01	3.90E-02	
EW033_RS04840	2.50E-01	1.88E-01	3.69E-01	3.97E-01	4.37E-01	1.22E-01	
EW033_RS04870	7.14E-02	9.80E-01	8.90E-01	-1.09E-01	7.81E-01	1.89E-02	
EW033_RS04945	1.07E-01	8.76E-01	9.81E-01	1.51E-02	6.45E-01	3.19E-03	
EW033_RS05135	3.21E-01	1.37E-01	3.36E-01	4.11E-01	4.23E-01	1.31E-01	
EW033_RS05140	3.93E-01	8.41E-02	2.41E-01	4.83E-01	4.08E-01	1.59E-01	
EW033_RS05145	1.79E-01	2.38E-01	4.74E-01	3.51E-01	4.86E-01	9.77E-02	
EW033_RS05155	3.57E-02	9.83E-01	8.50E-01	-1.65E-01	8.65E-01	2.59E-02	
EW033_RS05200	1.07E-01	9.99E-01	7.76E-01	-1.83E-01	6.40E-01	3.90E-02	
EW033_RS05395	7.14E-02	3.45E-01	4.23E-01	5.35E-01	6.63E-01	1.09E-01	
EW033_RS05430	3.57E-02	6.82E-02	2.62E-01	9.59E-01	8.46E-01	1.52E-01	
EW033_RS05500	5.00E-01	9.19E-03	4.87E-02	8.36E-01	4.14E-01	2.65E-01	
EW033_RS05515	3.57E-02	5.07E-01	3.47E-01	-7.68E-01	8.10E-01	1.28E-01	
EW033_RS05520	2.50E-01	2.65E-01	5.68E-01	-2.20E-01	3.83E-01	7.80E-02	
EW033_RS05530	3.57E-02	6.82E-02	2.62E-01	9.59E-01	8.46E-01	1.52E-01	
EW033_RS05565	4.82E-01	4.38E-03	2.38E-02	9.19E-01	3.95E-01	3.02E-01	
EW033_RS05650	5.36E-02	6.46E-01	7.31E-01	2.57E-01	7.44E-01	4.70E-02	
EW033_RS05670	5.00E-01	9.19E-03	4.87E-02	8.36E-01	4.14E-01	2.65E-01	
EW033_RS05675	5.00E-01	9.19E-03	4.87E-02	8.36E-01	4.14E-01	2.65E-01	
EW033_RS05740	1.07E-01	3.50E-01	4.13E-01	4.48E-01	5.43E-01	1.12E-01	
EW033_RS05745	1.79E-01	6.86E-01	8.69E-01	-7.75E-02	4.66E-01	2.26E-02	
EW033_RS05750	7.14E-02	9.80E-01	8.90E-01	-1.09E-01	7.81E-01	1.89E-02	
EW033_RS05755	9.64E-01	3.70E-01	1.58E-01	-1.15E+00	8.04E-01	1.91E-01	
EW033_RS05780	3.57E-02	8.88E-01	9.99E-01	1.37E-03	8.58E-01	2.17E-04	
EW033_RS05790	1.07E-01	9.99E-01	7.76E-01	-1.83E-01	6.40E-01	3.90E-02	
EW033_RS05795	3.57E-02	7.72E-01	8.45E-01	1.81E-01	9.20E-01	2.68E-02	
EW033_RS05805	3.57E-02	9.83E-01	8.50E-01	-1.65E-01	8.65E-01	2.59E-02	
EW033_RS05815	2.50E-01	5.80E-01	8.69E-01	7.99E-02	4.84E-01	2.25E-02	
EW033_RS05920	3.21E-01	2.39E-01	5.06E-01	2.87E-01	4.30E-01	9.07E-02	
EW033_RS06025	5.36E-02	3.15E-02	3.53E-01	7.08E-01	7.56E-01	1.26E-01	
EW033_RS06120	3.57E-02	6.82E-02	2.62E-01	9.59E-01	8.46E-01	1.52E-01	
EW033_RS06195	1.43E-01	9.02E-01	8.98E-01	-7.10E-02	5.52E-01	1.75E-02	
EW033_RS06235	1.07E-01	8.76E-01	9.81E-01	1.51E-02	6.45E-01	3.19E-03	
EW033_RS06375	1.43E-01	4.57E-01	5.64E-01	3.02E-01	5.20E-01	7.87E-02	
EW033_RS06420	3.57E-02	9.83E-01	8.50E-01	-1.65E-01	8.65E-01	2.59E-02	
EW033_RS06425	3.57E-02	8.96E-01	7.29E-01	-3.18E-01	9.14E-01	4.73E-02	
EW033_RS06475	3.57E-02	7.72E-01	8.45E-01	1.81E-01	9.20E-01	2.68E-02	
EW033_RS06540	3.57E-02	2.16E-01	4.77E-01	6.75E-01	9.43E-01	9.69E-02	
EW033_RS06640	6.61E-01	3.91E-01	6.43E-01	1.61E-01	3.46E-01	6.33E-02	
EW033_RS06655	3.57E-02	4.79E-01	3.11E-01	-8.80E-01	8.60E-01	1.38E-01	
EW033_RS06705	3.57E-02	6.82E-02	2.62E-01	9.59E-01	8.46E-01	1.52E-01	
EW033_RS06755	3.57E-02	7.72E-01	8.45E-01	1.81E-01	9.20E-01	2.68E-02	
EW033_RS06930	1.07E-01	4.84E-01	5.15E-01	3.85E-01	5.87E-01	8.87E-02	
EW033_RS06940	3.57E-02	7.72E-01	8.45E-01	1.81E-01	9.20E-01	2.68E-02	
EW033_RS06975	5.36E-02	8.60E-02	5.57E-01	4.39E-01	7.43E-01	8.01E-02	
EW033_RS07235	3.57E-02	9.83E-01	8.50E-01	-1.65E-01	8.65E-01	2.59E-02	
EW033_RS07265	7.14E-02	4.38E-01	3.94E-01	5.66E-01	6.59E-01	1.16E-01	
EW033_RS07360	3.57E-02	8.96E-01	7.29E-01	-3.18E-01	9.14E-01	4.73E-02	
EW033_RS07365	3.57E-02	2.16E-01	4.77E-01	6.75E-01	9.43E-01	9.69E-02	
EW033_RS07420	8.93E-02	5.12E-01	2.73E-01	-6.14E-01	5.54E-01	1.49E-01	
EW033_RS07495	2.14E-01	6.43E-01	9.50E-01	3.18E-02	4.99E-01	8.66E-03	
EW033_RS07505	2.14E-01	9.04E-01	8.37E-01	-1.05E-01	5.05E-01	2.82E-02	
EW033_RS07570	3.57E-02	2.83E-01	6.04E-01	4.46E-01	8.54E-01	7.08E-02	
EW033_RS07600	1.79E-01	4.70E-01	6.82E-01	2.02E-01	4.90E-01	5.60E-02	
EW033_RS07620	3.57E-02	2.16E-01	4.77E-01	6.75E-01	9.43E-01	9.69E-02	
EW033_RS07640	7.14E-02	8.65E-01	9.97E-01	-2.44E-03	6.38E-01	5.22E-04	
EW033_RS07735	3.57E-02	8.96E-01	7.29E-01	-3.18E-01	9.14E-01	4.73E-02	
EW033_RS07740	3.57E-02	8.96E-01	7.29E-01	-3.18E-01	9.14E-01	4.73E-02	
EW033_RS07850	4.64E-01	6.04E-02	2.91E-01	4.32E-01	4.05E-01	1.44E-01	
EW033_RS07855	8.93E-02	4.97E-01	5.37E-01	3.48E-01	5.60E-01	8.43E-02	
EW033_RS07935	7.14E-02	9.80E-01	8.90E-01	-1.09E-01	7.81E-01	1.89E-02	
EW033_RS07955	4.11E-01	4.87E-02	1.96E-01	5.09E-01	3.88E-01	1.76E-01	
EW033_RS07960	4.29E-01	9.04E-03	5.02E-02	7.94E-01	3.96E-01	2.63E-01	
EW033_RS07990	3.57E-02	7.72E-01	8.45E-01	1.81E-01	9.20E-01	2.68E-02	
EW033_RS08040	3.57E-02	7.72E-01	8.45E-01	1.81E-01	9.20E-01	2.68E-02	
EW033_RS08045	7.14E-02	9.80E-01	8.90E-01	-1.09E-01	7.81E-01	1.89E-02	
EW033_RS08175	3.57E-02	2.16E-01	4.77E-01	6.75E-01	9.43E-01	9.69E-02	
EW033_RS08185	1.07E-01	1.24E-01	2.71E-01	6.19E-01	5.56E-01	1.50E-01	
EW033_RS08200	1.07E-01	9.99E-01	7.76E-01	-1.83E-01	6.40E-01	3.90E-02	
EW033_RS08205	7.14E-02	9.80E-01	8.90E-01	-1.09E-01	7.81E-01	1.89E-02	
EW033_RS08330	7.14E-02	1.09E-02	2.04E-01	8.36E-01	6.50E-01	1.72E-01	
EW033_RS08360	2.14E-01	6.43E-01	9.50E-01	3.18E-02	4.99E-01	8.66E-03	
EW033_RS08490	3.57E-02	6.82E-02	2.62E-01	9.59E-01	8.46E-01	1.52E-01	
EW033_RS08515	2.50E-01	2.65E-01	5.68E-01	-2.20E-01	3.83E-01	7.80E-02	
EW033_RS08520	2.50E-01	2.65E-01	5.68E-01	-2.20E-01	3.83E-01	7.80E-02	
EW033_RS08790	7.14E-02	4.27E-01	2.46E-01	-6.90E-01	5.88E-01	1.58E-01	
EW033_RS08835	1.43E-01	9.97E-02	2.81E-01	5.35E-01	4.91E-01	1.47E-01	
EW033_RS08860	2.86E-01	5.95E-01	9.57E-01	2.42E-02	4.47E-01	7.38E-03	
EW033_RS08985	3.57E-02	2.16E-01	4.77E-01	6.75E-01	9.43E-01	9.69E-02	
EW033_RS09010	1.07E-01	9.99E-01	7.76E-01	-1.83E-01	6.40E-01	3.90E-02	
EW033_RS09085	7.50E-01	5.22E-02	2.43E-01	4.48E-01	3.79E-01	1.59E-01	
EW033_RS09195	7.14E-02	1.92E-01	5.09E-01	4.53E-01	6.82E-01	9.01E-02	
EW033_RS09290	3.57E-02	7.72E-01	8.45E-01	1.81E-01	9.20E-01	2.68E-02	
EW033_RS09340	3.57E-02	7.72E-01	8.45E-01	1.81E-01	9.20E-01	2.68E-02	
EW033_RS09430	3.93E-01	4.52E-02	1.46E-01	5.89E-01	4.00E-01	1.97E-01	
EW033_RS09470	3.57E-02	2.16E-01	4.77E-01	6.75E-01	9.43E-01	9.69E-02	
EW033_RS09475	2.50E-01	3.07E-01	6.64E-01	1.81E-01	4.15E-01	5.93E-02	
EW033_RS09520	7.14E-02	4.38E-01	3.94E-01	5.66E-01	6.59E-01	1.16E-01	
EW033_RS09525	7.14E-02	9.80E-01	8.90E-01	-1.09E-01	7.81E-01	1.89E-02	
EW033_RS09560	1.07E-01	8.76E-01	9.81E-01	1.51E-02	6.45E-01	3.19E-03	
EW033_RS09565	3.57E-02	7.72E-01	8.45E-01	1.81E-01	9.20E-01	2.68E-02	
EW033_RS09570	1.07E-01	5.58E-01	7.15E-01	2.34E-01	6.38E-01	4.99E-02	
EW033_RS09580	3.57E-02	4.66E-01	2.70E-01	9.45E-01	8.49E-01	1.50E-01	
EW033_RS09610	4.29E-01	9.04E-03	5.02E-02	7.94E-01	3.96E-01	2.63E-01	
EW033_RS09705	3.57E-02	8.88E-01	9.99E-01	1.37E-03	8.58E-01	2.17E-04	
EW033_RS09760	7.14E-02	3.45E-01	4.23E-01	5.35E-01	6.63E-01	1.09E-01	
EW033_RS09865	6.96E-01	1.83E-01	4.43E-01	2.70E-01	3.49E-01	1.04E-01	
EW033_RS09875	7.14E-02	3.45E-01	4.23E-01	5.35E-01	6.63E-01	1.09E-01	
EW033_RS09915	7.14E-02	9.80E-01	8.90E-01	-1.09E-01	7.81E-01	1.89E-02	
EW033_RS09920	1.07E-01	9.99E-01	7.76E-01	-1.83E-01	6.40E-01	3.90E-02	
EW033_RS09930	3.57E-02	4.66E-01	2.70E-01	9.45E-01	8.49E-01	1.50E-01	
EW033_RS09935	4.64E-01	1.20E-02	6.39E-02	7.78E-01	4.11E-01	2.49E-01	
EW033_RS09940	4.82E-01	1.98E-02	1.02E-01	6.80E-01	4.08E-01	2.21E-01	
EW033_RS10205	4.29E-01	4.63E-02	2.32E-01	4.68E-01	3.87E-01	1.62E-01	
EW033_RS10210	2.50E-01	2.08E-01	4.47E-01	3.27E-01	4.27E-01	1.04E-01	
EW033_RS10255	2.50E-01	4.10E-01	7.49E-01	1.37E-01	4.27E-01	4.37E-02	
EW033_RS10285	2.50E-01	5.80E-01	8.69E-01	7.99E-02	4.84E-01	2.25E-02	
EW033_RS10290	1.07E-01	4.55E-01	5.55E-01	3.29E-01	5.54E-01	8.05E-02	
EW033_RS10310	5.36E-02	6.92E-01	5.99E-01	4.29E-01	8.12E-01	7.18E-02	
EW033_RS10575	3.57E-01	2.35E-02	8.76E-02	6.79E-01	3.90E-01	2.30E-01	
EW033_RS10715	7.14E-02	9.80E-01	8.90E-01	-1.09E-01	7.81E-01	1.89E-02	
EW033_RS10720	1.07E-01	9.65E-01	8.14E-01	-1.40E-01	5.92E-01	3.21E-02	
EW033_RS10750	3.57E-02	8.72E-01	9.47E-01	-5.71E-02	8.59E-01	9.04E-03	
EW033_RS10755	3.57E-02	8.96E-01	7.29E-01	-3.18E-01	9.14E-01	4.73E-02	
EW033_RS10825	3.57E-02	7.72E-01	8.45E-01	1.81E-01	9.20E-01	2.68E-02	
EW033_RS10830	1.25E-01	6.70E-01	9.99E-01	-7.28E-04	5.29E-01	1.87E-04	
EW033_RS10855	5.36E-02	6.92E-01	5.99E-01	4.29E-01	8.12E-01	7.18E-02	
EW033_RS10870	2.14E-01	9.04E-01	8.37E-01	-1.05E-01	5.05E-01	2.82E-02	
EW033_RS10945	7.14E-02	9.80E-01	8.90E-01	-1.09E-01	7.81E-01	1.89E-02	
EW033_RS10980	1.07E-01	9.99E-01	7.76E-01	-1.83E-01	6.40E-01	3.90E-02	
EW033_RS11005	7.14E-02	1.09E-02	2.04E-01	8.36E-01	6.50E-01	1.72E-01	
EW033_RS11030	7.14E-02	3.45E-01	4.23E-01	5.35E-01	6.63E-01	1.09E-01	
EW033_RS11035	7.14E-02	3.45E-01	4.23E-01	5.35E-01	6.63E-01	1.09E-01	
EW033_RS11040	4.11E-01	4.75E-02	1.66E-01	5.14E-01	3.66E-01	1.88E-01	
EW033_RS11060	5.36E-01	2.33E-02	1.28E-01	6.10E-01	3.95E-01	2.06E-01	
EW033_RS11095	5.36E-02	5.95E-01	4.94E-01	5.56E-01	8.08E-01	9.32E-02	
EW033_RS11375	8.93E-02	8.45E-01	6.97E-01	-2.53E-01	6.46E-01	5.33E-02	
EW033_RS11460	3.57E-02	2.83E-01	6.04E-01	4.46E-01	8.54E-01	7.08E-02	
EW033_RS11485	7.14E-02	7.12E-08	1.09E-02	-1.47E+00	5.56E-01	3.38E-01	
EW033_RS11490	2.86E-01	7.88E-03	3.18E-02	9.03E-01	4.10E-01	2.87E-01	
EW033_RS11520	1.79E-01	4.70E-01	6.82E-01	2.02E-01	4.90E-01	5.60E-02	
EW033_RS12280	1.79E-01	9.83E-01	7.40E-01	-1.78E-01	5.34E-01	4.54E-02	
EW033_RS12445	3.57E-02	7.72E-01	8.45E-01	1.81E-01	9.20E-01	2.68E-02	
EW033_RS12450	7.14E-02	2.96E-01	3.42E-01	6.03E-01	6.29E-01	1.29E-01	
EW033_RS12480	3.57E-02	2.16E-01	4.77E-01	6.75E-01	9.43E-01	9.69E-02	
EW033_RS12520	3.57E-02	6.82E-02	2.62E-01	9.59E-01	8.46E-01	1.52E-01	
EW033_RS12545	1.43E-01	4.78E-01	6.53E-01	2.58E-01	5.71E-01	6.14E-02	
EW033_RS12560	3.57E-02	9.83E-01	8.50E-01	-1.65E-01	8.65E-01	2.59E-02	
EW033_RS12605	1.07E-01	8.76E-01	9.81E-01	1.51E-02	6.45E-01	3.19E-03	
EW033_RS12655	8.93E-02	7.91E-01	8.43E-01	1.37E-01	6.86E-01	2.71E-02	
EW033_RS12675	7.14E-02	4.38E-01	3.94E-01	5.66E-01	6.59E-01	1.16E-01	
EW033_RS12700	7.14E-02	9.80E-01	8.90E-01	-1.09E-01	7.81E-01	1.89E-02	
EW033_RS12760	2.50E-01	2.65E-01	5.68E-01	-2.20E-01	3.83E-01	7.80E-02	
EW033_RS12795	7.14E-02	3.45E-01	4.23E-01	5.35E-01	6.63E-01	1.09E-01	
EW033_RS12905	1.07E-01	3.15E-01	4.92E-01	3.64E-01	5.26E-01	9.36E-02	
EW033_RS12990	2.68E-01	4.05E-02	1.70E-01	5.49E-01	3.95E-01	1.86E-01	
EW033_RS13000	3.57E-02	7.72E-01	8.45E-01	1.81E-01	9.20E-01	2.68E-02	
EW033_RS13020	1.07E-01	8.76E-01	9.81E-01	1.51E-02	6.45E-01	3.19E-03	
EW033_RS13050	3.57E-02	2.83E-01	6.04E-01	4.46E-01	8.54E-01	7.08E-02	
EW033_RS13055	7.14E-02	9.80E-01	8.90E-01	-1.09E-01	7.81E-01	1.89E-02	
EW033_RS13160	2.86E-01	2.67E-01	5.16E-01	2.82E-01	4.31E-01	8.87E-02	
EW033_RS13190	1.96E-01	1.32E-01	3.43E-01	4.37E-01	4.57E-01	1.29E-01	
EW033_RS13220	1.07E-01	1.66E-01	3.47E-01	5.22E-01	5.50E-01	1.28E-01	
EW033_RS13270	3.57E-02	7.72E-01	8.45E-01	1.81E-01	9.20E-01	2.68E-02	
EW033_RS13465	1.07E-01	8.76E-01	9.81E-01	1.51E-02	6.45E-01	3.19E-03	
EW033_RS13520	2.14E-01	1.65E-02	4.17E-02	9.14E-01	4.38E-01	2.73E-01	
EW033_RS13610	1.07E-01	9.99E-01	7.76E-01	-1.83E-01	6.40E-01	3.90E-02	
EW033_RS13645	1.07E-01	9.99E-01	7.76E-01	-1.83E-01	6.40E-01	3.90E-02	
EW033_RS13685	3.57E-02	2.16E-01	4.77E-01	6.75E-01	9.43E-01	9.69E-02	
EW033_RS13700	2.14E-01	2.10E-01	3.43E-01	4.34E-01	4.54E-01	1.29E-01	
EW033_RS13705	7.14E-02	1.92E-01	5.09E-01	4.53E-01	6.82E-01	9.01E-02	
EW033_RS13725	3.21E-01	2.39E-01	5.06E-01	2.87E-01	4.30E-01	9.07E-02	
EW033_RS13820	3.57E-02	7.72E-01	8.45E-01	1.81E-01	9.20E-01	2.68E-02	
EW033_RS13845	3.57E-02	7.72E-01	8.45E-01	1.81E-01	9.20E-01	2.68E-02	
EW033_RS13850	3.57E-02	2.16E-01	4.77E-01	6.75E-01	9.43E-01	9.69E-02	
EW033_RS13860	3.57E-02	7.72E-01	8.45E-01	1.81E-01	9.20E-01	2.68E-02	
EW033_RS13940	2.14E-01	5.09E-02	1.32E-01	6.47E-01	4.24E-01	2.04E-01	
EW033_RS13960	7.14E-02	6.13E-01	6.24E-01	3.36E-01	6.82E-01	6.69E-02	
EW033_RS13980	3.57E-02	6.65E-01	7.60E-01	-2.51E-01	8.17E-01	4.18E-02	
EW033_RS13990	3.21E-01	2.39E-01	5.06E-01	2.87E-01	4.30E-01	9.07E-02	
EW033_RS13995	1.07E-01	9.99E-01	7.76E-01	-1.83E-01	6.40E-01	3.90E-02	
EW033_RS14000	2.14E-01	9.04E-01	8.37E-01	-1.05E-01	5.05E-01	2.82E-02	
EW033_RS14040	3.57E-02	5.64E-01	4.06E-01	-6.80E-01	8.12E-01	1.13E-01	
EW033_RS14100	3.57E-02	2.16E-01	4.77E-01	6.75E-01	9.43E-01	9.69E-02	
EW033_RS14180	4.64E-01	2.61E-02	1.14E-01	6.54E-01	4.07E-01	2.14E-01	
EW033_RS14190	3.57E-02	7.72E-01	8.45E-01	1.81E-01	9.20E-01	2.68E-02	
EW033_RS14245	7.14E-02	1.92E-01	5.09E-01	4.53E-01	6.82E-01	9.01E-02	
EW033_RS14250	3.57E-02	9.83E-01	8.50E-01	-1.65E-01	8.65E-01	2.59E-02	
EW033_RS14275	5.36E-02	6.24E-01	5.46E-01	-4.55E-01	7.49E-01	8.25E-02	
EW033_RS14280	7.14E-02	4.38E-01	3.94E-01	5.66E-01	6.59E-01	1.16E-01	
EW033_RS14290	3.21E-01	2.80E-01	6.52E-01	1.82E-01	4.02E-01	6.16E-02	
EW033_RS14305	3.57E-02	8.88E-01	9.99E-01	1.37E-03	8.58E-01	2.17E-04	
EW033_RS14365	2.50E-01	5.80E-01	8.69E-01	7.99E-02	4.84E-01	2.25E-02	
EW033_RS14380	2.14E-01	9.04E-01	8.37E-01	-1.05E-01	5.05E-01	2.82E-02	
EW033_RS14385	7.14E-02	9.80E-01	8.90E-01	-1.09E-01	7.81E-01	1.89E-02	
EW033_RS14390	3.57E-02	2.16E-01	4.77E-01	6.75E-01	9.43E-01	9.69E-02	
EW033_RS14400	7.14E-02	9.80E-01	8.90E-01	-1.09E-01	7.81E-01	1.89E-02	
EW033_RS14415	1.07E-01	2.68E-01	4.37E-01	4.28E-01	5.47E-01	1.06E-01	
EW033_RS14550	1.07E-01	3.50E-01	4.13E-01	4.48E-01	5.43E-01	1.12E-01	
EW033_RS14555	1.79E-01	5.23E-01	7.94E-01	1.32E-01	5.05E-01	3.57E-02	
EW033_RS14605	2.32E-01	4.86E-02	1.41E-01	6.35E-01	4.24E-01	1.99E-01	
EW033_RS14640	3.57E-02	2.16E-01	4.77E-01	6.75E-01	9.43E-01	9.69E-02	
EW033_RS14655	2.86E-01	4.62E-02	1.39E-01	6.07E-01	4.05E-01	2.00E-01	
EW033_RS14675	4.29E-01	4.67E-02	1.82E-01	5.45E-01	4.03E-01	1.81E-01	
EW033_RS14710	7.14E-02	1.92E-01	5.09E-01	4.53E-01	6.82E-01	9.01E-02	
EW033_RS14720	3.57E-02	2.16E-01	4.77E-01	6.75E-01	9.43E-01	9.69E-02	
EW033_RS14725	1.07E-01	9.65E-01	8.14E-01	-1.40E-01	5.92E-01	3.21E-02	
EW033_RS14760	3.21E-01	2.85E-02	9.13E-02	7.08E-01	4.12E-01	2.28E-01	
EW033_RS14765	3.21E-01	2.85E-02	9.13E-02	7.08E-01	4.12E-01	2.28E-01	
EW033_RS14770	7.14E-02	3.45E-01	4.23E-01	5.35E-01	6.63E-01	1.09E-01	
EW033_RS14780	4.29E-01	3.31E-02	1.35E-01	6.21E-01	4.09E-01	2.02E-01	
EW033_RS14805	1.25E-01	3.69E-01	5.63E-01	2.88E-01	4.95E-01	7.89E-02	
EW033_RS14810	3.57E-01	2.53E-01	5.82E-01	2.30E-01	4.15E-01	7.51E-02	
EW033_RS14815	5.00E-01	9.19E-03	4.87E-02	8.36E-01	4.14E-01	2.65E-01	
EW033_RS14835	3.57E-02	7.72E-01	8.45E-01	1.81E-01	9.20E-01	2.68E-02	
EW033_RS14865	3.04E-01	4.73E-01	9.38E-01	3.27E-02	4.17E-01	1.07E-02	
EW033_RS14885	2.50E-01	5.80E-01	8.69E-01	7.99E-02	4.84E-01	2.25E-02	
EW033_RS14890	7.14E-02	1.92E-01	5.09E-01	4.53E-01	6.82E-01	9.01E-02	
EW033_RS14910	7.14E-02	5.11E-01	7.04E-01	2.38E-01	6.24E-01	5.18E-02	
EW033_RS14915	2.14E-01	2.42E-01	4.87E-01	3.12E-01	4.46E-01	9.49E-02	
EW033_RS14940	3.21E-01	9.16E-02	3.61E-01	3.62E-01	3.93E-01	1.24E-01	
EW033_RS14975	1.07E-01	5.58E-01	7.15E-01	2.34E-01	6.38E-01	4.99E-02	
EW033_RS15015	2.14E-01	3.84E-01	6.60E-01	2.01E-01	4.54E-01	6.01E-02	
EW033_RS15055	3.57E-02	8.72E-01	9.47E-01	-5.71E-02	8.59E-01	9.04E-03	
EW033_RS15090	2.14E-01	6.43E-01	9.50E-01	3.18E-02	4.99E-01	8.66E-03	
EW033_RS15100	3.57E-02	8.88E-01	9.99E-01	1.37E-03	8.58E-01	2.17E-04	
EW033_RS15110	7.14E-02	9.80E-01	8.90E-01	-1.09E-01	7.81E-01	1.89E-02	
EW033_RS15155	3.57E-02	4.66E-01	2.70E-01	9.45E-01	8.49E-01	1.50E-01	
EW033_RS15165	7.14E-02	9.80E-01	8.90E-01	-1.09E-01	7.81E-01	1.89E-02	
EW033_RS15175	3.57E-02	5.64E-01	4.06E-01	-6.80E-01	8.12E-01	1.13E-01	
EW033_RS15205	4.64E-01	1.20E-02	6.39E-02	7.78E-01	4.11E-01	2.49E-01	
EW033_RS15255	7.50E-01	5.22E-02	2.43E-01	4.48E-01	3.79E-01	1.59E-01	
EW033_RS15430	2.50E-01	8.16E-02	2.41E-01	5.13E-01	4.32E-01	1.59E-01	
EW033_RS15550	4.64E-01	1.20E-02	6.39E-02	7.78E-01	4.11E-01	2.49E-01	
EW033_RS15570	4.11E-01	8.68E-03	4.22E-02	8.06E-01	3.87E-01	2.72E-01	
EW033_RS15575	2.50E-01	4.88E-03	2.28E-02	9.67E-01	4.12E-01	3.04E-01	
EW033_RS15580	3.57E-01	1.09E-02	4.79E-02	8.00E-01	3.95E-01	2.66E-01	
EW033_RS15585	1.79E-01	9.83E-01	7.40E-01	-1.78E-01	5.34E-01	4.54E-02	
EW033_RS15605	1.07E-01	4.02E-01	5.86E-01	3.04E-01	5.54E-01	7.44E-02	
EW033_RS15635	3.57E-02	6.65E-01	7.60E-01	-2.51E-01	8.17E-01	4.18E-02	
EW033_RS15655	7.50E-01	5.22E-02	2.43E-01	4.48E-01	3.79E-01	1.59E-01	
EW033_RS15685	7.32E-01	4.38E-02	2.19E-01	4.57E-01	3.67E-01	1.67E-01	
EW033_RS15755	2.14E-01	3.15E-01	5.79E-01	-2.21E-01	3.96E-01	7.57E-02	
EW033_RS15770	3.57E-02	7.72E-01	8.45E-01	1.81E-01	9.20E-01	2.68E-02	
EW033_RS15795	3.57E-02	2.16E-01	4.77E-01	6.75E-01	9.43E-01	9.69E-02	
EW033_RS15800	7.14E-02	1.09E-02	2.04E-01	8.36E-01	6.50E-01	1.72E-01	
EW033_RS15815	7.14E-02	4.38E-01	3.94E-01	5.66E-01	6.59E-01	1.16E-01	
EW033_RS15860	5.18E-01	5.59E-03	2.82E-02	8.95E-01	3.97E-01	2.93E-01	
EW033_RS15870	3.57E-02	3.67E-01	2.71E-01	9.46E-01	8.50E-01	1.50E-01	
EW033_RS15880	7.50E-01	5.22E-02	2.43E-01	4.48E-01	3.79E-01	1.59E-01	
EW033_RS15915	7.14E-02	4.12E-01	5.21E-01	-3.83E-01	5.94E-01	8.76E-02	
EW033_RS15920	3.57E-02	8.88E-01	9.99E-01	1.37E-03	8.58E-01	2.17E-04	
EW033_RS15960	3.57E-02	2.16E-01	4.77E-01	6.75E-01	9.43E-01	9.69E-02	
EW033_RS15990	5.36E-02	4.62E-01	8.12E-01	1.79E-01	7.51E-01	3.25E-02	
EW033_RS16020	3.57E-02	8.96E-01	7.29E-01	-3.18E-01	9.14E-01	4.73E-02	
EW033_RS16050	3.57E-02	8.72E-01	9.47E-01	-5.71E-02	8.59E-01	9.04E-03	
EW033_RS16055	3.57E-02	3.34E-01	5.22E-01	-5.25E-01	8.14E-01	8.73E-02	
EW033_RS16305	1.61E-01	5.57E-01	9.48E-01	3.03E-02	4.62E-01	8.92E-03	
EW033_RS16320	1.79E-01	1.73E-02	6.32E-02	8.53E-01	4.50E-01	2.50E-01	
EW033_RS16325	3.57E-01	3.18E-02	1.09E-01	6.76E-01	4.15E-01	2.16E-01	
