sample_id	sample_id2	phensim
zero	zero	-38.8015
1	1	34.5043
2	2	20.6115
3	3	-9.09716
4	4	13.008
5	5	29.0991
6	6	11.0258
7	7	-45.723
8	8	0.279557
9	9	10.7836
10	10	-28.1796
11	11	-54.5386
12	12	21.6883
13	13	-15.376
14	14	12.0475
15	15	-2.02609
16	16	-4.27731
17	17	28.0481
18	18	29.6521
19	19	-20.1795
20	20	19.3041
21	21	-27.231
22	22	-0.382343
23	23	-44.2226
24	24	2.03898
25	25	17.319
26	26	15.27
27	27	-28.5817
28	28	18.3061
29	29	-4.90484
30	30	26.2396
31	31	8.65042
32	32	9.78075
33	33	-18.9517
34	34	24.0147
35	35	-36.6344
36	36	-23.4812
37	37	1.34214
38	38	1.4456
39	39	-44.0293
40	40	-6.53846
41	41	-23.171
42	42	-0.370972
43	43	16.0404
44	44	-5.46972
45	45	-32.5273
46	46	7.1054
47	47	9.4771
48	48	36.8747
49	49	21.4025
50	50	-33.9546
51	51	-26.7587
52	52	-12.7038
53	53	-16.2549
54	54	-15.8482
55	55	-17.5024
56	56	-5.91186
57	57	9.94676
58	58	-43.0272
59	59	-21.2852
60	60	16.7474
61	61	10.0629
62	62	27.831
63	63	11.7485
64	64	27.2453
65	65	0.67433
66	66	3.28017
67	67	28.8611
68	68	-37.108
69	69	-11.2957
70	70	27.344
71	71	21.9931
72	72	27.611
73	73	19.6339
74	74	0.0141692
75	75	6.4672
76	76	-13.1822
77	77	27.318
78	78	15.3431
79	79	-24.6172
80	80	-37.0229
81	81	18.6055
82	82	15.4423
83	83	-6.83195
84	84	-10.4636
85	85	-15.09
86	86	-6.33092
87	87	-11.0737
88	88	-11.4861
89	89	13.1263
90	90	-8.5357
91	91	23.7877
92	92	6.96929
93	93	-43.3101
94	94	-20.1641
95	95	13.4461
96	96	-29.2882
97	97	11.4639
98	98	16.0132
99	99	-11.4322
100	100	-13.1729
101	101	3.40497
102	102	-12.0886
103	103	1.16295
104	104	13.5584
105	105	-10.4061
106	106	-14.9907
107	107	2.34765
108	108	52.787
109	109	-0.137317
110	110	3.5186
111	111	45.8977
112	112	4.84573
113	113	-16.4779
114	114	10.0374
115	115	-2.26223
116	116	2.05787
117	117	21.2565
118	118	-18.8438
119	119	11.8471
120	120	25.4531
121	121	-2.95006
122	122	-1.04761
123	123	3.33123
124	124	20.6014
125	125	18.6064
126	126	18.0934
127	127	1.7184
128	128	1.607
129	129	2.28502
130	130	13.9166
131	131	-26.0467
132	132	6.20333
133	133	8.38808
134	134	12.3728
135	135	7.64392
136	136	36.5837
137	137	4.22685
138	138	-1.48204
139	139	-26.9396
140	140	-8.68412
141	141	8.89062
142	142	23.9688
143	143	10.0906
144	144	-6.95791
145	145	-3.29566
146	146	-10.5887
147	147	9.66874
148	148	-27.6112
149	149	-16.3255
150	150	-11.4459
151	151	-2.62833
152	152	22.6581
153	153	28.0132
154	154	6.32066
155	155	-17.9928
156	156	0.49238
157	157	-16.57
158	158	25.5162
159	159	-31.8169
160	160	-52.1559
161	161	5.56997
162	162	-49.7833
163	163	-3.46974
164	164	11.9253
165	165	-10.8458
166	166	-1.01299
167	167	-10.8069
168	168	-16.4445
169	169	-8.04953
170	170	-18.5718
171	171	1.49633
172	172	-15.4116
173	173	-1.03153
174	174	-74.0913
175	175	33.2684
176	176	-32.1315
177	177	8.14067
178	178	22.2867
179	179	-15.815
180	180	-33.4707
181	181	-27.4513
182	182	8.66354
183	183	17.3889
184	184	7.24132
185	185	12.6417
186	186	-8.82283
187	187	-34.8749
188	188	-24.6012
189	189	13.2076
190	190	6.48759
191	191	-24.3293
192	192	25.5335
193	193	-30.9055
194	194	5.12729
195	195	16.9663
196	196	31.1183
197	197	3.59444
198	198	1.71942
199	199	-37.5431
200	200	-11.2434
201	201	-13.1083
202	202	-9.02476
203	203	9.75427
204	204	-15.2007
205	205	-14.1194
206	206	-23.4748
207	207	49.5545
208	208	39.1718
209	209	21.0364
210	210	-1.42839
211	211	17.3593
212	212	-8.08273
213	213	-12.2497
214	214	36.9549
215	215	17.3832
216	216	-20.3756
217	217	-19.9825
218	218	13.3955
219	219	51.4868
220	220	7.13422
221	221	7.31301
222	222	-5.90181
223	223	9.57677
224	224	5.72958
225	225	12.869
226	226	1.49162
227	227	11.987
228	228	-8.62471
229	229	25.9438
230	230	-4.56842
231	231	2.50065
232	232	33.7807
233	233	-31.7178
234	234	26.3803
235	235	-1.97946
236	236	-0.305369
237	237	9.12039
238	238	-16.2853
239	239	9.73879
240	240	-34.4635
241	241	8.10043
242	242	-2.72614
243	243	-4.77693
244	244	-21.5869
245	245	0.174898
246	246	49.8061
247	247	-12.5111
248	248	22.3157
249	249	-15.0569
250	250	3.76959
251	251	57.062
252	252	-16.3353
253	253	13.0861
254	254	5.34583
255	255	16.1893
256	256	-20.0764
257	257	-11.6413
258	258	0.25225
259	259	-3.5115
260	260	-9.9378
261	261	11.0296
262	262	-25.0444
263	263	19.874
264	264	5.50532
265	265	11.7354
266	266	9.76544
267	267	12.1942
268	268	16.9537
269	269	-23.368
270	270	32.5258
271	271	-28.8683
272	272	-33.0623
273	273	26.4246
274	274	20.9329
275	275	-24.9733
276	276	11.8314
277	277	-17.0058
278	278	-32.9556
279	279	-24.7571
280	280	-30.0168
281	281	-22.8576
282	282	-18.6113
283	283	12.2712
284	284	29.5055
285	285	4.28808
286	286	-14.6298
287	287	-26.3803
288	288	-0.407324
289	289	-23.6326
290	290	15.0102
291	291	21.8569
292	292	3.56019
293	293	32.208
294	294	20.5364
295	295	-23.4224
296	296	-7.43561
297	297	-11.9417
298	298	13.0556
299	299	1.10449
300	300	15.2618
301	301	19.7389
302	302	4.21984
303	303	-8.00052
304	304	-40.0642
305	305	3.71729
306	306	-13.5123
307	307	17.2047
308	308	8.83399
309	309	-1.41381
310	310	-25.9529
311	311	-46.9329
312	312	5.6081
313	313	-29.4718
314	314	3.17101
315	315	-10.4251
316	316	36.787
317	317	-4.7739
318	318	-5.16627
319	319	-4.6582
320	320	-8.01356
321	321	-30.6577
322	322	-2.75565
323	323	10.8073
324	324	27.5192
325	325	5.31296
326	326	26.5816
327	327	-33.4235
328	328	3.02877
329	329	57.5794
330	330	19.5311
331	331	4.96215
332	332	-32.9972
333	333	2.48086
334	334	12.7593
335	335	13.7865
336	336	-8.20792
337	337	24.4903
338	338	-6.54493
339	339	0.0947911
340	340	12.4104
341	341	-1.7262
342	342	25.0263
343	343	-10.9275
344	344	-8.33247
345	345	-11.1571
346	346	14.659
347	347	-16.1796
348	348	15.3974
349	349	-36.2163
350	350	-25.7279
351	351	-39.335
352	352	35.099
353	353	-16.2581
354	354	3.86603
355	355	-12.8906
356	356	18.8147
357	357	-33.4881
358	358	31.81
359	359	3.79812
360	360	-2.31421
361	361	59.6439
362	362	30.0762
363	363	10.1733
364	364	-62.231
365	365	4.94848
366	366	-28.908
367	367	17.4829
368	368	-2.06802
369	369	-28.9603
370	370	11.8021
371	371	-8.10436
372	372	-39.2187
373	373	-11.5781
374	374	47.1902
375	375	-4.69591
376	376	27.5581
377	377	31.0159
378	378	-12.6033
379	379	-24.4697
380	380	-19.3661
381	381	10.26
382	382	-10.7644
383	383	-17.8682
384	384	-15.1931
385	385	-51.1627
386	386	-32.6907
387	387	-4.64803
388	388	-12.4943
389	389	-1.67291
390	390	-34.5646
391	391	-2.59683
392	392	13.2388
393	393	-16.3784
394	394	-26.4423
395	395	30.7443
396	396	-10.3419
397	397	-27.8483
398	398	13.9247
399	399	32.7638
400	400	-3.00215
401	401	20.4821
402	402	22.1204
403	403	19.446
404	404	0.0978209
405	405	28.6017
406	406	1.26839
407	407	-12.491
408	408	-39.47
409	409	-19.7297
410	410	-10.931
411	411	-19.1609
412	412	8.95053
413	413	-32.186
414	414	35.27
415	415	1.08518
416	416	23.2397
417	417	-11.0439
418	418	-2.76612
419	419	-42.7736
420	420	39.685
421	421	-49.1691
422	422	-1.35379
423	423	30.7857
424	424	-20.8407
425	425	23.5177
426	426	-15.4245
427	427	0.938534
428	428	-5.8698
429	429	-17.6552
430	430	-16.8148
431	431	-3.04824
432	432	-4.08127
433	433	27.2039
434	434	7.02338
435	435	-15.5389
436	436	-20.9008
437	437	14.4614
438	438	55.2119
439	439	33.7979
440	440	0.240609
441	441	3.20353
442	442	-19.4836
443	443	-24.4805
444	444	-51.9743
445	445	-25.792
446	446	14.7434
447	447	6.01907
448	448	-22.6669
449	449	10.2374
450	450	-23.6767
451	451	25.0813
452	452	-15.6079
453	453	1.69415
454	454	-9.33707
455	455	5.89417
456	456	-17.8294
457	457	-9.13537
458	458	-2.80929
459	459	-3.79906
460	460	19.9328
461	461	28.1539
462	462	-50.0018
463	463	22.8424
464	464	11.5282
465	465	9.02984
466	466	-58.5912
467	467	14.349
468	468	8.58443
469	469	6.3599
470	470	-21.0448
471	471	-6.31618
472	472	-15.2542
473	473	-2.68062
474	474	-13.5189
475	475	54.8179
476	476	21.6233
477	477	-2.58598
478	478	-19.7346
479	479	3.39834
480	480	11.2631
481	481	22.1595
482	482	25.9065
483	483	-9.30843
484	484	34.237
485	485	-16.608
486	486	-33.388
487	487	-8.1449
488	488	3.09911
489	489	2.98171
490	490	-1.13564
491	491	-8.78449
492	492	-18.0429
493	493	-36.2252
494	494	33.411
495	495	34.026
496	496	4.79985
497	497	-3.73811
498	498	18.8768
499	499	-25.0089
500	500	4.50429
501	501	7.81469
502	502	-10.9232
503	503	32.314
504	504	1.17001
505	505	20.7255
506	506	4.91763
507	507	21.9669
508	508	1.28536
509	509	41.04
510	510	-4.37264
511	511	-38.64
512	512	22.849
513	513	-25.4949
514	514	-0.63214
515	515	-13.0303
516	516	20.7148
517	517	2.525
518	518	3.75323
519	519	-9.07286
520	520	4.33634
521	521	29.1524
522	522	-5.04269
523	523	-42.9296
524	524	-11.1129
525	525	9.43027
526	526	-6.00495
527	527	-25.633
528	528	-11.5791
529	529	-22.3
530	530	31.6041
531	531	24.7607
532	532	6.84984
533	533	-15.3971
534	534	29.2654
535	535	9.14001
536	536	6.57757
537	537	19.7996
538	538	-0.257202
539	539	0.300183
540	540	-16.7242
541	541	-9.63216
542	542	22.2529
543	543	-16.616
544	544	-15.5162
545	545	-15.4079
546	546	-8.42657
547	547	2.66986
548	548	-20.0671
549	549	-5.52763
550	550	-6.23914
551	551	1.22992
552	552	24.4126
553	553	15.8943
554	554	0.188809
555	555	1.02088
556	556	22.9888
557	557	0.338917
558	558	33.2759
559	559	-8.79316
560	560	9.65552
561	561	-23.5058
562	562	-5.11217
563	563	-35.1251
564	564	42.3764
565	565	-28.1905
566	566	15.8312
567	567	5.45957
568	568	-19.1645
569	569	16.8118
570	570	-15.4448
571	571	5.97697
572	572	-19.4176
573	573	26.6259
574	574	7.22995
575	575	46.2872
576	576	0.665981
577	577	29.3346
578	578	7.63764
579	579	-2.51265
580	580	-3.42554
581	581	-6.29499
582	582	-0.357513
583	583	8.5014
584	584	-21.1371
585	585	-18.3889
586	586	11.1976
587	587	-20.0051
588	588	3.41196
589	589	-10.8506
590	590	-17.4111
591	591	19.9163
592	592	27.6177
593	593	24.304
594	594	19.7416
595	595	12.8282
596	596	6.64305
597	597	-37.283
598	598	25.6954
599	599	18.2067
600	600	10.0998
601	601	-16.1878
602	602	3.10208
603	603	0.733576
604	604	27.4834
605	605	-10.0068
606	606	26.0645
607	607	-23.5763
608	608	12.9574
609	609	23.0898
610	610	-17.0887
611	611	-15.953
612	612	42.4643
613	613	-0.986135
614	614	-12.8496
615	615	-10.8971
616	616	-21.2928
617	617	-50.9641
618	618	-9.01308
619	619	-53.2465
620	620	-3.02058
621	621	-12.9798
622	622	-1.65364
623	623	-18.1053
624	624	48.6744
625	625	36.0123
626	626	-5.43769
627	627	41.8639
628	628	-3.2452
629	629	16.3186
630	630	-22.8912
631	631	-23.4839
632	632	5.0946
633	633	19.6559
634	634	6.7732
635	635	36.699
636	636	18.5076
637	637	-10.0533
638	638	34.9459
639	639	-1.51307
640	640	8.21934
641	641	-41.3892
642	642	26.3596
643	643	1.13788
644	644	-19.0534
645	645	49.5542
646	646	14.5082
647	647	23.5937
648	648	-39.324
649	649	4.31664
650	650	-1.66233
651	651	-16.2391
652	652	-6.44067
653	653	-0.378085
654	654	7.67838
655	655	-18.9508
656	656	-11.2071
657	657	12.2219
658	658	-21.1382
659	659	16.1601
660	660	28.2386
661	661	9.36135
662	662	-9.07751
663	663	-16.5644
664	664	22.6711
665	665	38.7366
666	666	-11.8984
667	667	-18.332
668	668	-1.14486
669	669	5.29493
670	670	-70.5011
671	671	2.17265
672	672	-60.5398
673	673	-33.9657
674	674	3.75695
675	675	13.2284
676	676	-15.6836
677	677	22.9824
678	678	-20.8503
679	679	1.01706
680	680	-18.1493
681	681	-9.96247
682	682	18.0805
683	683	-32.7451
684	684	-4.13584
685	685	-11.7208
686	686	-15.2841
687	687	-0.000852197
688	688	-9.31699
689	689	27.2682
690	690	-13.2959
691	691	54.5241
692	692	-15.4894
693	693	12.8543
694	694	1.70015
695	695	15.6648
696	696	10.2451
697	697	-30.4013
698	698	-3.35059
699	699	-5.91562
700	700	13.2931
701	701	4.59027
702	702	11.5226
703	703	0.809116
704	704	28.0951
705	705	-32.7106
706	706	-41.9238
707	707	-14.3621
708	708	-44.7023
709	709	-2.045
710	710	-21.8843
711	711	61.2622
712	712	10.3683
713	713	-10.5047
714	714	5.41834
715	715	-13.0931
716	716	-23.7854
717	717	-6.27082
718	718	-18.3552
719	719	2.83247
720	720	19.6063
721	721	-7.1391
722	722	32.6306
723	723	4.55932
724	724	2.96729
725	725	13.6468
726	726	-0.378617
727	727	-4.02469
728	728	-16.8487
729	729	-36.1198
730	730	-19.3586
731	731	17.9313
732	732	34.4295
733	733	-36.6181
734	734	31.8863
735	735	-19.7899
736	736	25.9212
737	737	16.0087
738	738	-18.432
739	739	-26.0176
740	740	-36.0009
741	741	45.6449
742	742	11.324
743	743	-16.075
744	744	-38.7551
745	745	36.1128
746	746	50.5019
747	747	35.446
748	748	0.699786
749	749	-31.2136
750	750	-23.5565
751	751	-28.6735
752	752	-13.2705
753	753	15.7081
754	754	4.60244
755	755	11.8109
756	756	1.57782
757	757	13.5303
758	758	11.6311
759	759	-38.8787
760	760	-3.4122
761	761	-8.11104
762	762	-7.84487
763	763	12.972
764	764	37.8421
765	765	15.3069
766	766	-29.935
767	767	-27.0559
768	768	4.41061
769	769	-26.2832
770	770	-4.16114
771	771	38.2335
772	772	-12.8099
773	773	26.733
774	774	-10.1023
775	775	16.7275
776	776	16.3912
777	777	6.60231
778	778	45.1281
779	779	-0.392026
780	780	-10.7246
781	781	-18.9532
782	782	10.2027
783	783	36.3787
784	784	-5.26495
785	785	-25.4692
786	786	9.95868
787	787	-43.0246
788	788	1.84296
789	789	4.88531
790	790	19.7726
791	791	21.7284
792	792	-21.4213
793	793	9.32715
794	794	26.0091
795	795	-1.18615
796	796	-3.59674
797	797	32.188
798	798	-32.7392
799	799	7.25957
800	800	32.4375
801	801	15.9083
802	802	-28.0496
803	803	-15.8016
804	804	22.8389
805	805	18.8629
806	806	17.0082
807	807	45.1027
808	808	-23.129
809	809	-39.009
810	810	-26.476
811	811	-18.763
812	812	39.3769
813	813	-4.36721
814	814	-30.3078
815	815	17.3741
816	816	-14.0557
817	817	-4.35928
818	818	-20.885
819	819	31.4051
820	820	-3.76383
821	821	-18.9032
822	822	55.5437
823	823	-24.4408
824	824	-21.2514
825	825	-11.2905
826	826	-17.2247
827	827	21.2842
828	828	-40.3205
829	829	1.35864
830	830	1.01817
831	831	-11.1903
832	832	22.0171
833	833	-3.36686
834	834	-9.42845
835	835	-10.0258
836	836	20.4476
837	837	-2.49292
838	838	8.08265
839	839	-10.0729
840	840	1.69577
841	841	52.5872
842	842	16.2833
843	843	-43.8737
844	844	15.4377
845	845	-17.7567
846	846	-23.0685
847	847	10.2764
848	848	-13.6216
849	849	3.82092
850	850	17.3368
851	851	6.25614
852	852	25.3482
853	853	-51.2083
854	854	3.96763
855	855	-18.9554
856	856	-10.1839
857	857	35.4608
858	858	-6.36076
859	859	-6.22336
860	860	-26.9142
861	861	-1.75405
862	862	54.5552
863	863	45.5572
864	864	33.2939
865	865	-34.6244
866	866	-42.3269
867	867	51.8574
868	868	-27.1736
869	869	-7.0915
870	870	7.93988
871	871	-16.106
872	872	36.0359
873	873	-9.33651
874	874	10.587
875	875	-6.67088
876	876	-11.1832
877	877	-5.25666
878	878	40.8994
879	879	17.6138
880	880	4.69339
881	881	-5.34456
882	882	22.9696
883	883	17.0375
884	884	27.3416
885	885	-0.987974
886	886	3.98763
887	887	12.7532
888	888	12.2679
889	889	8.92445
890	890	3.15292
891	891	29.9615
892	892	-2.53029
893	893	-2.02051
894	894	1.24455
895	895	7.57003
896	896	7.16645
897	897	-5.95366
898	898	21.3481
899	899	12.4599
900	900	-19.8008
901	901	-4.8674
902	902	-43.7068
903	903	15.5783
904	904	-5.76007
905	905	15.2901
906	906	49.0277
907	907	12.6663
908	908	-24.4453
909	909	43.4892
910	910	6.51612
911	911	-20.0471
912	912	-15.0442
913	913	-2.34394
914	914	0.226482
915	915	4.1841
916	916	1.51806
917	917	-50.6379
918	918	-15.0166
919	919	16.0401
920	920	-27.6902
921	921	-15.5206
922	922	-14.253
923	923	-27.4178
924	924	4.46526
925	925	12.907
926	926	13.6052
927	927	6.56534
928	928	15.7229
929	929	-0.382303
930	930	10.2008
931	931	24.5455
932	932	-22.5849
933	933	23.7878
934	934	-15.2026
935	935	4.54183
936	936	-37.7221
937	937	-2.89518
938	938	-28.4275
939	939	-18.9329
940	940	-22.7326
941	941	15.1153
942	942	1.68979
943	943	-4.34318
944	944	-29.1802
945	945	22.1524
946	946	2.66846
947	947	0.628037
948	948	11.3397
949	949	15.0454
950	950	-23.7992
951	951	-19.0286
952	952	-0.909707
953	953	43.4372
954	954	34.6997
955	955	-6.47708
956	956	10.8958
957	957	27.9429
958	958	-6.20897
959	959	15.3464
960	960	6.3555
961	961	-52.9536
962	962	18.761
963	963	-30.0513
964	964	-38.0966
965	965	12.2268
966	966	-11.9335
967	967	-10.0823
968	968	-18.0961
969	969	7.51681
970	970	-8.08908
971	971	30.4319
972	972	-13.5163
973	973	-16.0674
974	974	-13.6854
975	975	-17.1983
976	976	-23.9527
977	977	-22.1111
978	978	-24.1779
979	979	13.8792
980	980	31.9575
981	981	-18.177
982	982	-10.0218
983	983	-3.79193
984	984	25.0857
985	985	-29.4698
986	986	-21.7616
987	987	13.2912
988	988	12.9301
989	989	-17.9074
990	990	4.3763
991	991	10.8695
992	992	-17.369
993	993	-39.8691
994	994	29.2238
995	995	-26.3903
996	996	2.83226
997	997	7.99626
998	998	4.4988
999	999	0.0489845
1000	1000	11.6807
1001	1001	-36.872
1002	1002	9.57507
1003	1003	-3.11283
1004	1004	-9.61532
1005	1005	-12.7752
1006	1006	-20.2848
1007	1007	-42.3661
1008	1008	35.4137
1009	1009	0.824848
1010	1010	-33.4226
1011	1011	-3.43359
1012	1012	-20.5601
1013	1013	20.8681
1014	1014	47.4711
1015	1015	17.8011
1016	1016	-42.2266
1017	1017	49.4098
1018	1018	36.3992
1019	1019	22.9265
1020	1020	-34.2534
1021	1021	28.4243
1022	1022	11.049
1023	1023	2.38663
1024	1024	-1.45474
1025	1025	5.20536
1026	1026	-12.0374
1027	1027	22.8798
1028	1028	20.8328
1029	1029	12.2171
1030	1030	-2.02259
1031	1031	-3.99722
1032	1032	-18.1707
1033	1033	30.9215
1034	1034	-29.3589
1035	1035	-23.8086
1036	1036	21.5572
1037	1037	4.32428
1038	1038	-11.0326
1039	1039	34.6826
1040	1040	-2.55534
1041	1041	-8.86004
1042	1042	-3.84757
1043	1043	23.7509
1044	1044	3.05044
1045	1045	-24.158
1046	1046	3.46423
1047	1047	-4.82665
1048	1048	-8.06837
1049	1049	21.9065
1050	1050	0.408242
1051	1051	10.2343
1052	1052	36.7231
1053	1053	33.1022
1054	1054	24.7073
1055	1055	-11.0985
1056	1056	1.27876
1057	1057	-20.4471
1058	1058	-33.7667
1059	1059	23.4494
1060	1060	-1.0213
1061	1061	-5.34431
1062	1062	-20.0549
1063	1063	6.604
1064	1064	18.7582
1065	1065	54.1305
1066	1066	13.4796
1067	1067	15.5761
1068	1068	-34.9954
1069	1069	36.2504
1070	1070	-19.5637
1071	1071	-8.41406
1072	1072	13.7331
1073	1073	-16.1725
1074	1074	-2.60296
1075	1075	5.7873
1076	1076	4.87869
1077	1077	13.4571
1078	1078	-1.142
1079	1079	-44.0762
1080	1080	-11.2982
1081	1081	4.30278
1082	1082	15.6001
1083	1083	-28.3046
1084	1084	-39.531
1085	1085	-0.816609
1086	1086	-9.67039
1087	1087	31.6462
1088	1088	9.87746
1089	1089	34.7227
1090	1090	-21.2457
1091	1091	3.32469
1092	1092	0.0161398
1093	1093	12.1505
1094	1094	19.3025
1095	1095	4.57326
1096	1096	-7.69393
1097	1097	13.8497
1098	1098	-3.8519
1099	1099	8.11421
1100	1100	11.7879
1101	1101	-16.0187
1102	1102	-14.9276
1103	1103	-15.9881
1104	1104	-15.6517
1105	1105	-5.95128
1106	1106	6.02061
1107	1107	21.8592
1108	1108	-5.40941
1109	1109	-15.3158
1110	1110	-21.1047
1111	1111	9.68201
1112	1112	-3.12559
1113	1113	-15.1647
1114	1114	-11.3676
1115	1115	-16.6343
1116	1116	-30.0892
1117	1117	4.16812
1118	1118	9.79448
1119	1119	-37.0209
1120	1120	2.99109
1121	1121	-35.0694
1122	1122	-26.4491
1123	1123	-21.6454
1124	1124	32.5695
1125	1125	60.9359
1126	1126	14.6877
1127	1127	-7.94263
1128	1128	16.868
1129	1129	7.68735
1130	1130	-10.7719
1131	1131	2.02196
1132	1132	-2.95723
1133	1133	12.6506
1134	1134	-16.2453
1135	1135	27.3706
1136	1136	-17.7167
1137	1137	6.42572
1138	1138	-7.03817
1139	1139	2.73217
1140	1140	25.7911
1141	1141	-20.7337
1142	1142	-1.27085
1143	1143	-3.48381
1144	1144	-11.8862
1145	1145	42.364
1146	1146	24.0405
1147	1147	16.2544
1148	1148	1.46587
1149	1149	-6.48483
1150	1150	-10.5424
1151	1151	-20.7131
1152	1152	-4.52701
1153	1153	15.242
1154	1154	14.3951
1155	1155	-26.9706
1156	1156	-26.9279
1157	1157	-21.8425
1158	1158	34.9462
1159	1159	30.2661
1160	1160	4.69057
1161	1161	-3.05968
1162	1162	-15.1469
1163	1163	-30.6452
1164	1164	24.0672
1165	1165	-11.1659
1166	1166	-2.18467
1167	1167	18.6581
1168	1168	-49.3805
1169	1169	17.1194
1170	1170	-30.3429
1171	1171	-1.90287
1172	1172	-0.947343
1173	1173	5.49171
1174	1174	-23.0361
1175	1175	23.1255
1176	1176	46.5087
1177	1177	37.2023
1178	1178	46.2973
1179	1179	-4.89661
1180	1180	-20.9587
1181	1181	6.32209
1182	1182	-39.2797
1183	1183	15.042
1184	1184	-4.36989
1185	1185	-15.0346
1186	1186	-3.14083
1187	1187	-5.01777
1188	1188	16.1046
1189	1189	2.97643
1190	1190	19.4322
1191	1191	-18.9956
1192	1192	-20.8034
1193	1193	25.681
1194	1194	-28.3881
1195	1195	-31.6805
1196	1196	1.44717
1197	1197	27.9703
1198	1198	-23.5472
1199	1199	-1.97563
1200	1200	-1.11956
1201	1201	44.5159
1202	1202	16.3686
1203	1203	16.9978
1204	1204	-10.8612
1205	1205	-27.8632
1206	1206	32.121
1207	1207	-1.23965
1208	1208	-42.4846
1209	1209	5.06252
1210	1210	13.3933
1211	1211	0.98332
1212	1212	6.24803
1213	1213	-27.5258
1214	1214	19.8857
1215	1215	-23.7172
1216	1216	-22.4588
1217	1217	-33.5525
1218	1218	5.84195
1219	1219	28.0745
1220	1220	-12.8187
1221	1221	1.75717
1222	1222	27.5606
1223	1223	0.765895
1224	1224	21.3041
1225	1225	-17.2009
1226	1226	-18.0246
1227	1227	1.39496
1228	1228	-16.745
1229	1229	8.12559
1230	1230	16.5072
1231	1231	17.5535
1232	1232	22.1561
1233	1233	-17.8329
1234	1234	-19.1945
1235	1235	-41.9084
1236	1236	12.4184
1237	1237	4.13189
1238	1238	-28.4074
1239	1239	-7.0959
1240	1240	26.8572
1241	1241	-24.102
1242	1242	-30.9188
1243	1243	9.56219
1244	1244	-6.51519
1245	1245	12.5971
1246	1246	-14.1612
1247	1247	-28.5406
1248	1248	24.1052
1249	1249	16.1007
1250	1250	-3.79668
1251	1251	-23.0082
1252	1252	17.7482
1253	1253	14.151
1254	1254	-30.8635
1255	1255	-12.1785
1256	1256	-28.3476
1257	1257	36.6864
1258	1258	9.67397
1259	1259	51.5268
1260	1260	33.5498
1261	1261	18.628
1262	1262	30.3253
1263	1263	6.5517
1264	1264	6.80362
1265	1265	-45.5968
1266	1266	-31.9965
1267	1267	32.3932
1268	1268	9.66989
1269	1269	-34.5913
1270	1270	12.8137
1271	1271	-19.7105
1272	1272	14.1152
1273	1273	-19.1234
1274	1274	44.9807
1275	1275	18.1571
1276	1276	19.3274
1277	1277	27.9773
1278	1278	-3.40991
1279	1279	-17.1493
1280	1280	-0.608245
1281	1281	34.3406
1282	1282	-6.32455
1283	1283	-20.8799
1284	1284	-17.0786
1285	1285	6.12499
1286	1286	33.4658
1287	1287	19.8001
1288	1288	-39.861
1289	1289	20.2294
1290	1290	25.3602
1291	1291	-32.2917
1292	1292	8.21379
1293	1293	-30.6424
1294	1294	-0.694721
1295	1295	-12.4746
1296	1296	1.29777
1297	1297	10.1255
1298	1298	8.79302
1299	1299	5.54012
1300	1300	-35.9414
1301	1301	33.3207
1302	1302	0.847914
1303	1303	24.7296
1304	1304	12.4612
1305	1305	-9.03812
1306	1306	0.140903
1307	1307	34.7161
1308	1308	-15.733
1309	1309	27.9044
1310	1310	26.7384
1311	1311	-12.3162
1312	1312	-5.8007
1313	1313	-7.72572
1314	1314	15.0151
1315	1315	27.1887
1316	1316	12.0219
1317	1317	6.62366
1318	1318	-22.1955
1319	1319	8.01566
1320	1320	-11.9456
1321	1321	40.4403
1322	1322	33.5963
1323	1323	10.364
1324	1324	6.20809
1325	1325	30.9519
1326	1326	2.55162
1327	1327	-14.5018
1328	1328	-24.4528
1329	1329	-12.9032
1330	1330	15.2623
1331	1331	31.7906
1332	1332	24.421
1333	1333	-7.70874
1334	1334	-3.47146
1335	1335	16.6779
1336	1336	-33.9655
1337	1337	-19.302
1338	1338	-8.4189
1339	1339	-13.5563
1340	1340	-2.92692
1341	1341	6.97833
1342	1342	24.0842
1343	1343	-49.9931
1344	1344	-1.49043
1345	1345	-39.051
1346	1346	10.9621
1347	1347	7.66322
1348	1348	23.1155
1349	1349	26.1675
1350	1350	42.8538
1351	1351	3.80511
1352	1352	-51.2527
1353	1353	-0.970707
1354	1354	7.28321
1355	1355	-1.26549
1356	1356	-27.4208
1357	1357	-9.11365
1358	1358	13.9365
1359	1359	-25.0104
1360	1360	25.0584
1361	1361	10.3705
1362	1362	18.1768
1363	1363	14.5026
1364	1364	7.38216
1365	1365	24.2406
1366	1366	-34.4858
1367	1367	-17.4779
1368	1368	-15.8111
1369	1369	-0.270851
1370	1370	-35.9317
1371	1371	-12.0407
1372	1372	-78.317
1373	1373	4.33797
1374	1374	-25.6386
1375	1375	-16.3567
1376	1376	25.7066
1377	1377	34.5281
1378	1378	24.7135
1379	1379	22.4523
1380	1380	-8.57734
1381	1381	-2.64106
1382	1382	27.0313
1383	1383	34.5048
1384	1384	29.5103
1385	1385	16.2568
1386	1386	-25.8217
1387	1387	43.9829
1388	1388	-42.5161
1389	1389	-4.8382
1390	1390	41.7386
1391	1391	22.1702
1392	1392	3.61207
1393	1393	-9.21739
1394	1394	-9.48733
1395	1395	10.4265
1396	1396	0.625024
1397	1397	3.90017
1398	1398	-19.0984
1399	1399	34.8559
1400	1400	9.40384
1401	1401	-20.8951
1402	1402	9.75423
1403	1403	34.3504
1404	1404	0.120145
1405	1405	1.29888
1406	1406	13.1361
1407	1407	22.9369
1408	1408	13.7666
1409	1409	32.3592
1410	1410	23.3063
1411	1411	-26.3804
1412	1412	-17.7766
1413	1413	-54.4147
1414	1414	-25.8203
1415	1415	-38.1778
1416	1416	-16.7161
1417	1417	5.78788
1418	1418	4.68184
1419	1419	6.65592
1420	1420	28.3995
1421	1421	-6.51074
1422	1422	14.8975
1423	1423	-27.2854
1424	1424	18.6567
1425	1425	-6.75297
1426	1426	-1.01572
1427	1427	-34.6277
1428	1428	25.058
1429	1429	-24.2224
1430	1430	-29.016
1431	1431	21.7225
1432	1432	9.54957
1433	1433	14.2497
1434	1434	-29.2088
1435	1435	17.752
1436	1436	-14.8728
1437	1437	1.49327
1438	1438	14.9995
1439	1439	17.2176
1440	1440	-0.203297
1441	1441	-22.8486
1442	1442	3.59898
1443	1443	-5.58441
1444	1444	-15.9577
1445	1445	31.6755
1446	1446	23.5293
1447	1447	-18.3851
1448	1448	46.6282
1449	1449	-29.8326
1450	1450	4.01707
1451	1451	3.71393
1452	1452	42.4168
1453	1453	-14.1671
1454	1454	16.847
1455	1455	9.94537
1456	1456	-32.0689
1457	1457	3.78915
1458	1458	43.2482
1459	1459	40.9835
1460	1460	-23.0988
1461	1461	-16.4101
1462	1462	-54.8585
1463	1463	48.9804
1464	1464	5.00115
1465	1465	5.20717
1466	1466	-2.24731
1467	1467	6.8202
1468	1468	-52.2495
1469	1469	-10.0883
1470	1470	-22.7875
1471	1471	21.3048
1472	1472	-3.64249
1473	1473	8.28311
1474	1474	-21.0052
1475	1475	12.5528
1476	1476	20.1359
1477	1477	-19.3942
1478	1478	0.993594
1479	1479	26.0836
1480	1480	-20.954
1481	1481	-31.5284
1482	1482	5.82692
1483	1483	-43.7517
1484	1484	54.832
1485	1485	-1.00851
1486	1486	41.1881
1487	1487	-18.8629
1488	1488	-7.51017
1489	1489	-5.93069
1490	1490	1.75729
1491	1491	-12.1535
1492	1492	-1.62532
1493	1493	-1.29537
1494	1494	-16.9982
1495	1495	20.9739
1496	1496	48.0602
1497	1497	20.8253
1498	1498	-0.198237
1499	1499	-15.4887
1500	1500	-23.0274
1501	1501	52.3624
1502	1502	23.8739
1503	1503	22.9736
1504	1504	9.75583
1505	1505	-5.9652
1506	1506	-50.2179
1507	1507	-12.3084
1508	1508	3.60404
1509	1509	-9.01751
1510	1510	28.0847
1511	1511	31.7488
1512	1512	-11.438
1513	1513	-30.0999
1514	1514	24.04
1515	1515	27.0255
1516	1516	-10.91
1517	1517	0.665612
1518	1518	28.2287
1519	1519	-12.0036
1520	1520	-12.1906
1521	1521	11.9505
1522	1522	-31.2533
1523	1523	14.4496
1524	1524	33.6721
1525	1525	1.17305
1526	1526	13.8339
1527	1527	-15.0796
1528	1528	11.966
1529	1529	14.6584
1530	1530	-39.1747
1531	1531	-36.8316
1532	1532	-8.34363
1533	1533	1.07621
1534	1534	-31.1731
1535	1535	-26.8807
1536	1536	-7.86644
1537	1537	4.3804
1538	1538	-13.338
1539	1539	4.70715
1540	1540	41.7216
1541	1541	8.92252
1542	1542	2.71705
1543	1543	22.0531
1544	1544	29.694
1545	1545	18.6132
1546	1546	30.108
1547	1547	30.4905
1548	1548	16.7169
1549	1549	3.0416
1550	1550	7.35356
1551	1551	12.0488
1552	1552	-27.6969
1553	1553	23.005
1554	1554	10.5342
1555	1555	18.6207
1556	1556	23.7947
1557	1557	-27.5375
1558	1558	-11.3521
1559	1559	-41.0314
1560	1560	29.3834
1561	1561	-31.5013
1562	1562	-5.28858
1563	1563	-27.0614
1564	1564	32.8178
1565	1565	-8.28061
1566	1566	2.45651
1567	1567	43.3134
1568	1568	-24.1244
1569	1569	-6.47796
1570	1570	-16.2143
1571	1571	-22.5875
1572	1572	-0.914785
1573	1573	-3.6641
1574	1574	8.77751
1575	1575	-24.4645
1576	1576	-14.8851
1577	1577	-39.4288
1578	1578	-15.6001
1579	1579	-35.8387
1580	1580	-44.3554
1581	1581	-5.56727
1582	1582	-3.43469
1583	1583	-0.694805
1584	1584	14.2559
1585	1585	25.8478
1586	1586	27.6148
1587	1587	-10.2831
1588	1588	-2.84957
1589	1589	8.87366
1590	1590	41.3132
1591	1591	-19.0115
1592	1592	7.32802
1593	1593	62.1819
1594	1594	-30.0873
1595	1595	21.6293
1596	1596	-0.0087813
1597	1597	1.98597
1598	1598	-14.1958
1599	1599	-4.66244
1600	1600	-42.6038
1601	1601	3.8688
1602	1602	12.0372
1603	1603	-34.6316
1604	1604	18.2871
1605	1605	-32.6686
1606	1606	-41.0518
1607	1607	26.1077
1608	1608	18.4674
1609	1609	7.57172
1610	1610	-64.5552
1611	1611	3.02676
1612	1612	-9.57792
1613	1613	-23.2516
1614	1614	17.9602
1615	1615	-3.2035
1616	1616	-8.04414
1617	1617	1.43017
1618	1618	19.2164
1619	1619	15.8811
1620	1620	16.2589
1621	1621	6.5303
1622	1622	-21.6198
1623	1623	26.2303
1624	1624	0.399521
1625	1625	-35.0642
1626	1626	-25.6256
1627	1627	-6.83013
1628	1628	-9.78128
1629	1629	-19.9546
1630	1630	-2.77043
1631	1631	13.2281
1632	1632	7.11603
1633	1633	-28.6823
1634	1634	17.6231
1635	1635	35.0495
1636	1636	53.249
1637	1637	-10.8205
1638	1638	17.317
1639	1639	2.03381
1640	1640	29.9859
1641	1641	-6.71852
1642	1642	-5.89135
1643	1643	-14.5248
1644	1644	26.489
1645	1645	40.0987
1646	1646	-44.7982
1647	1647	-17.6957
1648	1648	0.510005
1649	1649	-6.21359
1650	1650	21.354
1651	1651	-20.2999
1652	1652	-22.7254
1653	1653	-2.79468
1654	1654	10.8139
1655	1655	10.9436
1656	1656	-13.5059
1657	1657	0.173611
1658	1658	16.3151
1659	1659	31.9557
1660	1660	-6.33549
1661	1661	-19.5772
1662	1662	-8.19167
1663	1663	-18.3266
1664	1664	-24.7619
1665	1665	-16.9409
1666	1666	46.544
1667	1667	-63.2817
1668	1668	-29.7895
1669	1669	-4.60515
1670	1670	0.012279
1671	1671	14.6975
1672	1672	10.5161
1673	1673	-17.9408
1674	1674	-15.2615
1675	1675	34.7661
1676	1676	10.051
1677	1677	-1.03127
1678	1678	-19.4902
1679	1679	32.7966
1680	1680	8.08916
1681	1681	22.9411
1682	1682	-21.4412
1683	1683	-18.1366
1684	1684	-30.8143
1685	1685	-22.9437
1686	1686	-16.2612
1687	1687	-10.9852
1688	1688	29.4726
1689	1689	1.15696
1690	1690	-18.4011
1691	1691	-15.4054
1692	1692	-27.225
1693	1693	-14.5144
1694	1694	-31.485
1695	1695	15.0527
1696	1696	-48.0716
1697	1697	-4.66157
1698	1698	9.57049
1699	1699	-8.97218
1700	1700	-41.1712
1701	1701	32.9521
1702	1702	21.009
1703	1703	-28.8013
1704	1704	23.5947
1705	1705	-14.0154
1706	1706	38.339
1707	1707	35.5496
1708	1708	-3.72035
1709	1709	-1.09881
1710	1710	-0.0128327
1711	1711	-2.93006
1712	1712	5.31912
1713	1713	32.2739
1714	1714	13.1207
1715	1715	2.29717
1716	1716	-1.62347
1717	1717	-3.19032
1718	1718	-21.6369
1719	1719	8.08467
1720	1720	48.9338
1721	1721	38.6295
1722	1722	17.5634
1723	1723	38.7087
1724	1724	-18.4008
1725	1725	-16.6848
1726	1726	5.31446
1727	1727	-4.67718
1728	1728	-14.5475
1729	1729	-22.4626
1730	1730	-3.85266
1731	1731	25.9322
1732	1732	20.8124
1733	1733	4.13661
1734	1734	-12.539
1735	1735	25.4882
1736	1736	-11.6197
1737	1737	-13.8307
1738	1738	10.0799
1739	1739	11.1112
1740	1740	-13.031
1741	1741	6.70556
1742	1742	-19.6618
1743	1743	15.4628
1744	1744	-27.1113
1745	1745	43.1227
1746	1746	-55.4372
1747	1747	-15.0974
1748	1748	11.256
1749	1749	12.5655
1750	1750	22.0993
1751	1751	-9.41284
1752	1752	22.9946
1753	1753	-5.48876
1754	1754	-36.6139
1755	1755	-18.7564
1756	1756	-34.7548
1757	1757	2.5474
1758	1758	-6.06095
1759	1759	9.02091
1760	1760	10.0511
1761	1761	7.7407
1762	1762	-0.256151
1763	1763	-9.73092
1764	1764	-29.4808
1765	1765	-4.37618
1766	1766	-50.8691
1767	1767	-26.8274
1768	1768	10.9567
1769	1769	-11.0188
1770	1770	-50.2206
1771	1771	-31.3047
1772	1772	35.0186
1773	1773	9.01086
1774	1774	18.6014
1775	1775	-37.516
1776	1776	3.1116
1777	1777	-14.7127
1778	1778	-3.38444
1779	1779	-36.2346
1780	1780	-51.0786
1781	1781	-2.13855
1782	1782	7.19248
1783	1783	-17.2528
1784	1784	-21.4893
1785	1785	-9.4514
1786	1786	5.80745
1787	1787	21.2932
1788	1788	29.3816
1789	1789	22.4573
1790	1790	-12.8755
1791	1791	-3.01851
1792	1792	27.8334
1793	1793	-17.4047
1794	1794	0.822637
1795	1795	-10.0717
1796	1796	8.39071
1797	1797	-19.9185
1798	1798	23.6531
1799	1799	20.749
1800	1800	4.8454
1801	1801	0.666621
1802	1802	-2.45289
1803	1803	-0.704717
1804	1804	36.767
1805	1805	41.3442
1806	1806	26.2974
1807	1807	-13.5467
1808	1808	-47.1916
1809	1809	28.7937
1810	1810	12.3458
1811	1811	-16.712
1812	1812	-2.83324
1813	1813	10.4259
1814	1814	-0.941539
1815	1815	47.3951
1816	1816	-0.249503
1817	1817	5.44556
1818	1818	-17.0122
1819	1819	19.7848
1820	1820	-28.1464
1821	1821	-9.39665
1822	1822	1.97736
1823	1823	-35.6711
1824	1824	19.3819
1825	1825	-9.53863
1826	1826	39.7721
1827	1827	10.0857
1828	1828	0.0223176
1829	1829	65.4174
1830	1830	0.156076
1831	1831	-39.9562
1832	1832	-43.688
1833	1833	29.8897
1834	1834	1.45129
1835	1835	-2.70776
1836	1836	-18.3635
1837	1837	18.0743
1838	1838	17.2963
1839	1839	-21.8595
1840	1840	-41.3968
1841	1841	10.2847
1842	1842	21.4443
1843	1843	29.4371
1844	1844	8.05428
1845	1845	17.519
1846	1846	-31.5038
1847	1847	16.9895
1848	1848	24.9918
1849	1849	-36.6749
1850	1850	27.1998
1851	1851	-3.38715
1852	1852	2.95009
1853	1853	7.24804
1854	1854	-21.9437
1855	1855	5.29892
1856	1856	-17.5827
1857	1857	12.5103
1858	1858	26.7765
1859	1859	8.89752
1860	1860	-9.21283
1861	1861	1.62166
1862	1862	61.3758
1863	1863	-57.8159
1864	1864	21.4094
1865	1865	-6.53608
1866	1866	-30.0071
1867	1867	13.712
1868	1868	4.88757
1869	1869	-24.3655
1870	1870	-42.6393
1871	1871	-27.7926
1872	1872	-24.2636
1873	1873	54.9585
1874	1874	-13.7031
1875	1875	-6.88655
1876	1876	-20.0817
1877	1877	17.2858
1878	1878	29.0152
1879	1879	-8.94949
1880	1880	8.54107
1881	1881	2.71093
1882	1882	21.1617
1883	1883	26.5302
1884	1884	-41.2005
1885	1885	-5.26257
1886	1886	-4.40026
1887	1887	22.723
1888	1888	-4.51893
1889	1889	-24.0917
1890	1890	2.4337
1891	1891	17.2602
1892	1892	-22.0654
1893	1893	-17.4382
1894	1894	-28.4417
1895	1895	-25.4011
1896	1896	-36.6553
1897	1897	5.52313
1898	1898	-17.0625
1899	1899	-5.58417
1900	1900	12.6577
1901	1901	29.6227
1902	1902	11.0446
1903	1903	3.25237
1904	1904	-13.6074
1905	1905	9.04081
1906	1906	-35.0706
1907	1907	50.5322
1908	1908	25.5878
1909	1909	8.46815
1910	1910	29.8388
1911	1911	-10.3445
1912	1912	24.7266
1913	1913	-9.99611
1914	1914	23.2671
1915	1915	-19.0002
1916	1916	-16.2915
1917	1917	1.58647
1918	1918	3.80761
1919	1919	6.41059
1920	1920	7.05527
1921	1921	-5.89779
1922	1922	11.8127
1923	1923	33.4541
1924	1924	-1.93673
1925	1925	1.23833
1926	1926	-11.6476
1927	1927	-17.7218
1928	1928	7.03035
1929	1929	21.5259
1930	1930	0.0147302
1931	1931	-30.9902
1932	1932	-17.4979
1933	1933	-50.1013
1934	1934	-13.7161
1935	1935	-11.4349
1936	1936	-17.5178
1937	1937	-36.8726
1938	1938	-10.8515
1939	1939	-1.81923
1940	1940	44.6407
1941	1941	19.6604
1942	1942	20.4306
1943	1943	42.4329
1944	1944	10.8072
1945	1945	29.8813
1946	1946	16.6032
1947	1947	-9.63268
1948	1948	-32.6113
1949	1949	-7.51917
1950	1950	47.5964
1951	1951	3.81883
1952	1952	11.8559
1953	1953	-7.54293
1954	1954	-13.7154
1955	1955	3.98971
1956	1956	0.91591
1957	1957	-6.69435
1958	1958	16.917
1959	1959	-10.8823
1960	1960	-5.50017
1961	1961	-28.2565
1962	1962	5.74936
1963	1963	-0.590661
1964	1964	-8.89069
1965	1965	-27.9416
1966	1966	6.38547
1967	1967	66.8155
1968	1968	7.7547
1969	1969	12.7266
1970	1970	-5.76602
1971	1971	-30.1844
1972	1972	-0.627369
1973	1973	44.5126
1974	1974	4.8557
1975	1975	2.32436
1976	1976	-53.7608
1977	1977	13.3074
1978	1978	0.625234
1979	1979	-19.9231
1980	1980	3.40461
1981	1981	-7.15658
1982	1982	1.55962
1983	1983	7.26082
1984	1984	14.0101
1985	1985	-14.017
1986	1986	-20.6101
1987	1987	-12.2898
1988	1988	4.80698
1989	1989	-38.9819
1990	1990	14.2196
1991	1991	14.2783
1992	1992	-22.1064
1993	1993	-34.4384
1994	1994	-9.74588
1995	1995	-23.8605
1996	1996	-29.0394
1997	1997	7.57688
1998	1998	2.1368
1999	1999	9.38934
2000	2000	-9.46518
2001	2001	3.01131
2002	2002	-11.4738
2003	2003	-12.7052
2004	2004	0.197686
2005	2005	-48.0201
2006	2006	-3.8557
2007	2007	44.6166
2008	2008	-0.381825
2009	2009	15.1299
2010	2010	-32.0214
2011	2011	47.2701
2012	2012	-41.0183
2013	2013	23.392
2014	2014	-14.3319
2015	2015	-6.18404
2016	2016	-31.9524
2017	2017	11.0128
2018	2018	19.3059
2019	2019	-13.8211
2020	2020	-6.27837
2021	2021	9.32491
2022	2022	7.2948
2023	2023	-22.1113
2024	2024	-2.10298
2025	2025	-22.3217
2026	2026	8.936
2027	2027	-23.9249
2028	2028	24.5994
2029	2029	-3.96257
2030	2030	15.1414
2031	2031	-7.25333
2032	2032	0.609824
2033	2033	37.423
2034	2034	-25.1093
2035	2035	-0.486539
2036	2036	-6.93096
2037	2037	9.37385
2038	2038	12.5177
2039	2039	-42.4783
2040	2040	26.9801
2041	2041	28.2701
2042	2042	-43.1607
2043	2043	9.1385
2044	2044	-32.679
2045	2045	6.83886
2046	2046	-61.9533
2047	2047	31.2067
2048	2048	-11.2176
2049	2049	22.3046
2050	2050	-9.90427
2051	2051	22.8057
2052	2052	22.4457
2053	2053	-4.31647
2054	2054	-7.20061
2055	2055	-6.1304
2056	2056	-31.3789
2057	2057	16.3308
2058	2058	36.9205
2059	2059	16.8011
2060	2060	5.2402
2061	2061	2.32125
2062	2062	-16.8653
2063	2063	-9.9249
2064	2064	7.563
2065	2065	-5.19645
2066	2066	4.93269
2067	2067	13.6616
2068	2068	-25.4551
2069	2069	32.9231
2070	2070	-19.5812
2071	2071	28.2097
2072	2072	15.5985
2073	2073	18.538
2074	2074	-25.6083
2075	2075	-37.7997
2076	2076	24.532
2077	2077	12.1953
2078	2078	42.5146
2079	2079	-9.93254
2080	2080	-10.1164
2081	2081	-36.0465
2082	2082	-9.58318
2083	2083	32.0328
2084	2084	-42.5349
2085	2085	-23.8744
2086	2086	-7.07781
2087	2087	26.2427
2088	2088	15.3332
2089	2089	47.7692
2090	2090	-8.57198
2091	2091	-3.66111
2092	2092	41.0963
2093	2093	-8.48577
2094	2094	37.9655
2095	2095	43.266
2096	2096	-0.484284
2097	2097	17.9186
2098	2098	1.74276
2099	2099	1.50618
2100	2100	-36.7079
2101	2101	10.9644
2102	2102	33.2516
2103	2103	-29.929
2104	2104	-26.3091
2105	2105	50.8039
2106	2106	-0.355171
2107	2107	-27.0696
2108	2108	-1.99717
2109	2109	2.35317
2110	2110	-13.3575
2111	2111	-28.4458
2112	2112	19.7016
2113	2113	15.9569
2114	2114	-14.409
2115	2115	-28.7078
2116	2116	-8.02013
2117	2117	16.9293
2118	2118	-32.6428
2119	2119	-28.4985
2120	2120	-27.7329
2121	2121	-8.11941
2122	2122	30.9727
2123	2123	-7.9838
2124	2124	-7.97566
2125	2125	52.4975
2126	2126	27.1116
2127	2127	39.2536
2128	2128	-3.34248
2129	2129	-7.56988
2130	2130	-49.086
2131	2131	-10.3052
2132	2132	-1.89321
2133	2133	9.16619
2134	2134	18.9361
2135	2135	13.2221
2136	2136	61.4613
2137	2137	13.5405
2138	2138	-12.7033
2139	2139	-6.43738
2140	2140	-33.6079
2141	2141	-4.31733
2142	2142	-5.75313
2143	2143	-13.0801
2144	2144	8.44318
2145	2145	-8.511
2146	2146	-35.1441
2147	2147	-14.4718
2148	2148	15.6091
2149	2149	-10.3679
2150	2150	-22.0192
2151	2151	24.7754
2152	2152	31.4809
2153	2153	-28.8914
2154	2154	13.7271
2155	2155	-29.5644
2156	2156	20.0498
2157	2157	27.1352
2158	2158	-13.8766
2159	2159	10.4328
2160	2160	-13.3293
2161	2161	-17.8467
2162	2162	-25.2951
2163	2163	-1.78893
2164	2164	-17.4772
2165	2165	0.423922
2166	2166	3.30896
2167	2167	-8.29112
2168	2168	22.3211
2169	2169	-14.455
2170	2170	20.5616
2171	2171	-31.7914
2172	2172	14.1123
2173	2173	-22.9328
2174	2174	-24.1548
2175	2175	-12.8669
2176	2176	15.4867
2177	2177	-1.22882
2178	2178	-35.087
2179	2179	-6.26073
2180	2180	-32.0012
2181	2181	-25.8244
2182	2182	20.8423
2183	2183	6.5078
2184	2184	-9.06225
2185	2185	-5.29828
2186	2186	14.6024
2187	2187	-6.68634
2188	2188	-27.0335
2189	2189	-7.74318
2190	2190	-46.0173
2191	2191	8.5046
2192	2192	-9.37877
2193	2193	48.3673
2194	2194	1.35472
2195	2195	-10.6103
2196	2196	-14.2762
2197	2197	-34.0834
2198	2198	28.8129
2199	2199	23.0868
2200	2200	-38.3249
2201	2201	0.920192
2202	2202	-10.2488
2203	2203	4.65888
2204	2204	-3.12867
2205	2205	19.0184
2206	2206	20.9608
2207	2207	3.37838
2208	2208	16.7843
2209	2209	-1.17217
2210	2210	34.031
2211	2211	-24.1056
2212	2212	-16.1127
2213	2213	-36.8342
2214	2214	-11.1437
2215	2215	-1.3949
2216	2216	-43.6307
2217	2217	-4.83477
2218	2218	-26.0895
2219	2219	-16.7692
2220	2220	-34.072
2221	2221	26.3991
2222	2222	13.3002
2223	2223	26.5882
2224	2224	-26.3685
2225	2225	40.0233
2226	2226	-21.1582
2227	2227	-1.89598
2228	2228	-8.43821
2229	2229	-38.9518
2230	2230	-15.9455
2231	2231	28.3092
2232	2232	-5.11504
2233	2233	2.98338
2234	2234	22.3309
2235	2235	29.6075
2236	2236	16.9781
2237	2237	25.6859
2238	2238	14.7461
2239	2239	-35.1563
2240	2240	6.00088
2241	2241	-3.49556
2242	2242	-11.9058
2243	2243	13.2516
2244	2244	-5.91514
2245	2245	42.2406
2246	2246	38.4848
2247	2247	-28.5268
2248	2248	-43.6452
2249	2249	-13.9561
2250	2250	6.13801
2251	2251	-11.3283
2252	2252	22.9118
2253	2253	33.7534
2254	2254	15.3102
2255	2255	15.8813
2256	2256	-2.76198
2257	2257	1.32211
2258	2258	15.0913
2259	2259	13.8739
2260	2260	-25.1117
2261	2261	-18.9369
2262	2262	-12.7087
2263	2263	2.36347
2264	2264	-0.535909
2265	2265	25.3611
2266	2266	36.2913
2267	2267	1.70047
2268	2268	-4.51366
2269	2269	-6.92786
2270	2270	-25.8678
2271	2271	-8.82677
2272	2272	45.7831
2273	2273	-19.1973
2274	2274	7.44017
2275	2275	7.45451
2276	2276	8.14213
2277	2277	25.5694
2278	2278	-19.828
2279	2279	-3.88233
2280	2280	21.3606
2281	2281	-22.4761
2282	2282	-6.23817
2283	2283	-16.91
2284	2284	34.2642
2285	2285	-6.63871
2286	2286	-6.15165
2287	2287	30.6235
2288	2288	-15.1635
2289	2289	-2.0869
2290	2290	21.1972
2291	2291	-4.32134
2292	2292	43.7738
2293	2293	20.7057
2294	2294	-25.5117
2295	2295	22.0618
2296	2296	-38.2502
2297	2297	-22.985
2298	2298	-22.9134
2299	2299	31.3441
2300	2300	-1.06302
2301	2301	17.1368
2302	2302	16.5568
2303	2303	-29.6869
2304	2304	23.9969
2305	2305	24.809
2306	2306	-34.0726
2307	2307	-50.2112
2308	2308	19.1818
2309	2309	-14.6272
2310	2310	0.896829
2311	2311	6.77151
2312	2312	-34.4026
2313	2313	-58.1792
2314	2314	-3.54735
2315	2315	19.1688
2316	2316	1.73239
2317	2317	-34.6705
2318	2318	-15.9373
2319	2319	-26.5577
2320	2320	0.580597
2321	2321	16.5475
2322	2322	-16.0251
2323	2323	17.6061
2324	2324	33.6067
2325	2325	-38.2509
2326	2326	-27.9508
2327	2327	-0.699698
2328	2328	-18.784
2329	2329	-18.6189
2330	2330	1.9866
2331	2331	3.61582
2332	2332	16.7219
2333	2333	-20.4276
2334	2334	-10.4007
2335	2335	-27.7235
2336	2336	26.0048
2337	2337	-16.424
2338	2338	-13.858
2339	2339	-20.7476
2340	2340	12.0855
2341	2341	-35.3124
2342	2342	-31.8402
2343	2343	-45.1703
2344	2344	-36.561
2345	2345	-2.1883
2346	2346	-34.793
2347	2347	12.3497
2348	2348	18.1494
2349	2349	6.11088
2350	2350	-26.2022
2351	2351	32.3795
2352	2352	55.146
2353	2353	-28.0594
2354	2354	-36.6194
2355	2355	22.5009
2356	2356	1.08566
2357	2357	-26.0613
2358	2358	-2.51647
2359	2359	31.1035
2360	2360	-5.25827
2361	2361	-20.2352
2362	2362	-17.4809
2363	2363	51.757
2364	2364	6.72921
2365	2365	-7.35907
2366	2366	9.69493
2367	2367	11.686
2368	2368	-53.5657
2369	2369	-14.4323
2370	2370	35.1942
2371	2371	7.94031
2372	2372	1.0845
2373	2373	3.29461
2374	2374	-20.4719
2375	2375	-5.68183
2376	2376	-9.58116
2377	2377	20.6094
2378	2378	-16.6412
2379	2379	-29.5027
2380	2380	-24.5279
2381	2381	0.626245
2382	2382	17.5131
2383	2383	-15.4508
2384	2384	16.6401
2385	2385	-21.6217
2386	2386	14.6097
2387	2387	28.6766
2388	2388	-10.451
2389	2389	-5.26183
2390	2390	11.5591
2391	2391	-25.6154
2392	2392	6.99994
2393	2393	-6.10496
2394	2394	40.1935
2395	2395	1.03713
2396	2396	-12.5317
2397	2397	-7.9902
2398	2398	-34.4928
2399	2399	18.3613
