sample_id	sample_id2	phensim
zero	zero	-8.58328
1	1	-25.883
2	2	5.87022
3	3	-48.1882
4	4	6.49537
5	5	-11.1105
6	6	11.7714
7	7	-18.0915
8	8	-16.2551
9	9	33.612
10	10	-46.2755
11	11	-35.1413
12	12	11.3952
13	13	0.97252
14	14	-28.9785
15	15	7.81726
16	16	-45.2896
17	17	15.7134
18	18	-20.6126
19	19	14.22
20	20	2.26653
21	21	-22.72
22	22	-0.227181
23	23	-57.0645
24	24	-4.51906
25	25	-12.4734
26	26	31.3431
27	27	-31.1727
28	28	13.8951
29	29	-13.2325
30	30	-24.6551
31	31	21.9747
32	32	36.1676
33	33	-7.67506
34	34	4.84697
35	35	6.81812
36	36	-1.42472
37	37	-32.3768
38	38	28.4415
39	39	-9.14521
40	40	-15.5838
41	41	22.3523
42	42	-15.4246
43	43	-26.1585
44	44	-9.41695
45	45	-34.7935
46	46	13.2953
47	47	28.3121
48	48	-17.4716
49	49	15.8151
50	50	30.5754
51	51	-0.511887
52	52	-27.6614
53	53	-20.3999
54	54	-26.5771
55	55	-8.09033
56	56	27.3763
57	57	-13.1161
58	58	-8.49406
59	59	6.00905
60	60	9.98162
61	61	18.8102
62	62	46.0665
63	63	-14.5256
64	64	28.622
65	65	-13.2435
66	66	-4.64048
67	67	0.76489
68	68	-13.7779
69	69	-12.2807
70	70	-25.2399
71	71	34.0937
72	72	-18.69
73	73	40.1361
74	74	59.426
75	75	-7.331
76	76	16.1431
77	77	9.4021
78	78	-6.62772
79	79	-16.9047
80	80	-33.1832
81	81	-2.36622
82	82	-4.25952
83	83	-19.5606
84	84	-0.270569
85	85	-1.16562
86	86	33.1749
87	87	16.7891
88	88	-0.39385
89	89	28.1761
90	90	-21.2204
91	91	8.52806
92	92	20.8489
93	93	4.87028
94	94	-58.1069
95	95	-3.57619
96	96	-38.269
97	97	-22.4978
98	98	-25.9212
99	99	42.0308
100	100	-9.76027
101	101	21.4187
102	102	5.91953
103	103	26.9988
104	104	-22.2481
105	105	50.0574
106	106	-16.0746
107	107	26.961
108	108	25.4064
109	109	-36.291
110	110	28.6728
111	111	29.7233
112	112	-0.581023
113	113	-28.8227
114	114	8.59689
115	115	-22.5441
116	116	-24.1344
117	117	6.91541
118	118	-14.6554
119	119	10.2334
120	120	2.64516
121	121	-29.0865
122	122	-26.5581
123	123	0.263479
124	124	-26.6638
125	125	-5.05884
126	126	-0.263645
127	127	-3.463
128	128	-4.66474
129	129	17.4116
130	130	40.7553
131	131	-11.9347
132	132	32.2138
133	133	-23.0696
134	134	10.9637
135	135	7.12891
136	136	-7.18602
137	137	8.02145
138	138	20.3777
139	139	-22.4949
140	140	-34.5655
141	141	-8.04236
142	142	31.5448
143	143	-2.4159
144	144	-3.64441
145	145	-14.4979
146	146	16.8535
147	147	29.8942
148	148	-32.6309
149	149	-23.5253
150	150	-11.5338
151	151	38.974
152	152	-25.3502
153	153	-8.71488
154	154	-16.1345
155	155	3.75055
156	156	19.3749
157	157	-18.36
158	158	23.7157
159	159	-20.3417
160	160	13.4099
161	161	28.162
162	162	9.4029
163	163	-25.3625
164	164	3.47921
165	165	-40.0238
166	166	15.2951
167	167	-10.5016
168	168	-17.4736
169	169	-7.97193
170	170	-12.3546
171	171	13.0013
172	172	-11.5972
173	173	53.5612
174	174	-21.9901
175	175	-33.9901
176	176	-31.5636
177	177	38.8847
178	178	14.9172
179	179	19.0964
180	180	5.49952
181	181	-10.3101
182	182	-4.12467
183	183	49.3992
184	184	24.3809
185	185	34.251
186	186	19.0573
187	187	3.56523
188	188	-26.47
189	189	24.8545
190	190	-59.7208
191	191	-56.5024
192	192	-11.5135
193	193	22.8743
194	194	2.42803
195	195	15.8453
196	196	-14.5927
197	197	41.3727
198	198	33.2884
199	199	1.81207
200	200	19.2825
201	201	17.1696
202	202	-22.9108
203	203	1.22136
204	204	28.9877
205	205	44.7583
206	206	0.468334
207	207	21.4922
208	208	-24.3936
209	209	7.9087
210	210	-14.9676
211	211	20.6999
212	212	13.985
213	213	-2.04399
214	214	19.1898
215	215	-25.6424
216	216	-51.5867
217	217	-10.5543
218	218	-31.9722
219	219	-20.0641
220	220	-15.2915
221	221	3.75196
222	222	-12.3589
223	223	-19.6161
224	224	-2.88425
225	225	-9.69617
226	226	-1.81302
227	227	52.5127
228	228	-16.6148
229	229	11.3983
230	230	-19.3264
231	231	-30.1355
232	232	4.09449
233	233	-14.1692
234	234	-25.7425
235	235	-4.08887
236	236	8.64437
237	237	30.7317
238	238	-13.9496
239	239	8.78249
240	240	-34.7662
241	241	16.9021
242	242	0.874747
243	243	-8.21671
244	244	-5.76953
245	245	55.4385
246	246	20.0328
247	247	-27.7695
248	248	45.3567
249	249	2.72988
250	250	60.4534
251	251	-11.1459
252	252	21.5575
253	253	28.4219
254	254	39.679
255	255	6.41066
256	256	-24.9702
257	257	49.6784
258	258	-8.36482
259	259	4.52744
260	260	10.6385
261	261	-12.4843
262	262	-25.6556
263	263	17.6517
264	264	19.8972
265	265	-5.04941
266	266	10.215
267	267	31.6147
268	268	51.5913
269	269	-3.71001
270	270	-3.76238
271	271	2.62014
272	272	-0.915629
273	273	3.97388
274	274	-0.35432
275	275	53.4945
276	276	49.3332
277	277	-7.50034
278	278	-15.3204
279	279	-36.297
280	280	-5.13735
281	281	-22.9707
282	282	33.8949
283	283	-21.8004
284	284	-14.1586
285	285	24.4398
286	286	-45.4089
287	287	10.8258
288	288	4.06775
289	289	31.4707
290	290	22.0021
291	291	-7.55514
292	292	-6.31503
293	293	15.4906
294	294	-0.180902
295	295	-27.4309
296	296	47.6008
297	297	-19.3091
298	298	21.959
299	299	53.8649
300	300	3.98848
301	301	-21.7711
302	302	-71.6821
303	303	9.65259
304	304	-13.5518
305	305	4.99215
306	306	12.1692
307	307	4.88932
308	308	-29.1745
309	309	-0.678239
310	310	-8.52903
311	311	-6.29798
312	312	18.9472
313	313	-37.6759
314	314	52.2746
315	315	-22.173
316	316	-3.33446
317	317	-25.0654
318	318	-6.03369
319	319	5.39057
320	320	11.0062
321	321	-30.3481
322	322	-22.7185
323	323	-3.47682
324	324	-6.64265
325	325	-37.3485
326	326	3.11469
327	327	-23.8169
328	328	-7.87553
329	329	10.4131
330	330	-15.9383
331	331	40.1155
332	332	28.2018
333	333	7.60203
334	334	40.3601
335	335	14.4201
336	336	-33.9611
337	337	-1.21985
338	338	-0.915169
339	339	-0.163193
340	340	34.1157
341	341	33.3603
342	342	4.11139
343	343	41.0001
344	344	58.9469
345	345	-7.07342
346	346	-1.87977
347	347	-3.6482
348	348	10.7798
349	349	31.4309
350	350	23.05
351	351	-32.6737
352	352	-9.05736
353	353	2.55356
354	354	5.87298
355	355	-29.7286
356	356	11.5848
357	357	-28.5757
358	358	17.6678
359	359	36.2816
360	360	-9.43522
361	361	11.4434
362	362	3.50523
363	363	7.28003
364	364	-20.3269
365	365	-10.2477
366	366	-8.49378
367	367	-2.77731
368	368	5.99954
369	369	-17.3901
370	370	-33.7111
371	371	-7.65761
372	372	20.1084
373	373	-33.0639
374	374	-22.1686
375	375	12.5068
376	376	-38.0334
377	377	-21.7261
378	378	1.41724
379	379	-19.7987
380	380	-28.9477
381	381	-25.798
382	382	17.4486
383	383	-12.3269
384	384	-22.163
385	385	-17.8402
386	386	32.625
387	387	23.7743
388	388	-30.0578
389	389	20.7879
390	390	-39.24
391	391	7.79139
392	392	-1.1862
393	393	-26.5202
394	394	-3.98187
395	395	-5.80242
396	396	-0.624154
397	397	-47.1966
398	398	-15.9228
399	399	-8.78542
400	400	-13.7232
401	401	55.1005
402	402	-34.2211
403	403	16.5281
404	404	10.9759
405	405	25.8585
406	406	43.3083
407	407	-0.570966
408	408	-21.5586
409	409	56.1252
410	410	6.61321
411	411	-20.5736
412	412	33.1391
413	413	-16.6977
414	414	-5.92376
415	415	-16.9864
416	416	47.4412
417	417	-6.19613
418	418	-32.4274
419	419	-39.3322
420	420	35.942
421	421	3.31048
422	422	25.4022
423	423	53.1568
424	424	21.7081
425	425	29.9493
426	426	16.5965
427	427	-10.1864
428	428	-0.733405
429	429	-19.1984
430	430	-11.4806
431	431	5.5225
432	432	-0.473977
433	433	8.61892
434	434	29.8328
435	435	27.4382
436	436	16.4751
437	437	-7.04709
438	438	-2.34847
439	439	-14.8372
440	440	-5.67866
441	441	16.1735
442	442	-25.5486
443	443	-29.7293
444	444	-36.947
445	445	-11.6007
446	446	15.0241
447	447	-21.492
448	448	14.7228
449	449	20.9184
450	450	7.86542
451	451	-4.50073
452	452	-3.99374
453	453	5.85816
454	454	20.1457
455	455	-19.9452
456	456	-3.5364
457	457	-4.52543
458	458	-14.9445
459	459	33.6156
460	460	34.9863
461	461	-0.0385962
462	462	-15.6754
463	463	14.0607
464	464	-4.03927
465	465	2.49946
466	466	-44.8939
467	467	8.29809
468	468	-1.1745
469	469	2.53325
470	470	3.3068
471	471	-6.5096
472	472	-1.85208
473	473	10.4348
474	474	-18.1697
475	475	41.0126
476	476	18.442
477	477	-4.46701
478	478	-17.4058
479	479	1.92238
480	480	32.0738
481	481	-3.24671
482	482	-15.3411
483	483	25.4684
484	484	3.73298
485	485	1.58747
486	486	-9.88614
487	487	-39.7572
488	488	8.77262
489	489	7.28588
490	490	-12.77
491	491	-27.232
492	492	-24.6278
493	493	-16.7787
494	494	15.7677
495	495	-21.5851
496	496	-33.8995
497	497	-38.6749
498	498	-0.544376
499	499	-22.0367
500	500	-11.0004
501	501	-19.8791
502	502	-19.6681
503	503	-21.5282
504	504	-5.77098
505	505	13.3042
506	506	12.9054
507	507	21.9127
508	508	-32.4911
509	509	3.30981
510	510	4.69009
511	511	-3.21264
512	512	4.96577
513	513	-2.31386
514	514	10.1719
515	515	17.9126
516	516	1.72397
517	517	12.0143
518	518	-9.94776
519	519	39.8631
520	520	-8.37903
521	521	14.0384
522	522	-11.5152
523	523	-19.2514
524	524	8.92947
525	525	7.47599
526	526	-19.4339
527	527	-22.4426
528	528	20.8049
529	529	-17.3132
530	530	14.0751
531	531	10.2738
532	532	-1.24446
533	533	-15.6763
534	534	0.84129
535	535	10.9565
536	536	-28.8653
537	537	-36.5452
538	538	-8.10746
539	539	1.80132
540	540	-4.01798
541	541	-20.3849
542	542	75.6412
543	543	-7.76797
544	544	-26.7188
545	545	14.0605
546	546	-25.5384
547	547	24.2549
548	548	-31.5182
549	549	-4.16447
550	550	-2.77698
551	551	-4.93754
552	552	4.52013
553	553	-12.8812
554	554	14.1114
555	555	-12.1835
556	556	12.7011
557	557	-0.96531
558	558	34.7109
559	559	33.117
560	560	24.0693
561	561	36.6231
562	562	7.38598
563	563	-8.76265
564	564	31.5096
565	565	-13.9664
566	566	-6.54356
567	567	-32.8127
568	568	53.9903
569	569	-8.31011
570	570	-10.9377
571	571	0.850128
572	572	45.957
573	573	2.179
574	574	-18.9036
575	575	37.0667
576	576	20.5626
577	577	-14.0878
578	578	-22.8302
579	579	24.1704
580	580	11.0087
581	581	8.63789
582	582	10.7109
583	583	11.6894
584	584	-12.4814
585	585	-12.264
586	586	6.3275
587	587	-18.6449
588	588	32.5906
589	589	5.76194
590	590	15.2644
591	591	44.0878
592	592	-4.45604
593	593	-34.4088
594	594	5.44497
595	595	19.5119
596	596	9.43299
597	597	-25.9368
598	598	-17.3225
599	599	-2.95894
600	600	-3.7227
601	601	-30.9173
602	602	16.9163
603	603	10.0533
604	604	-6.42625
605	605	5.77883
606	606	-14.4323
607	607	16.2164
608	608	34.6994
609	609	-32.6399
610	610	-34.3038
611	611	-19.9794
612	612	5.71042
613	613	-20.6657
614	614	-37.0417
615	615	-18.0736
616	616	37.921
617	617	-60.1966
618	618	35.4816
619	619	-25.0454
620	620	-49.9151
621	621	-16.5795
622	622	4.09501
623	623	5.25241
624	624	-6.23681
625	625	-22.9188
626	626	-10.0508
627	627	18.4117
628	628	31.3128
629	629	-0.273979
630	630	1.71506
631	631	15.0736
632	632	20.4164
633	633	14.578
634	634	-25.1588
635	635	-8.30219
636	636	-6.60368
637	637	49.8221
638	638	18.6154
639	639	6.66475
640	640	14.0593
641	641	-19.9388
642	642	-7.25794
643	643	-21.1441
644	644	17.0867
645	645	-31.822
646	646	-11.5843
647	647	-1.31081
648	648	-39.5997
649	649	31.8115
650	650	24.671
651	651	-49.3746
652	652	-17.625
653	653	-36.6646
654	654	-22.0503
655	655	-37.0173
656	656	-27.6372
657	657	-33.0818
658	658	-41.2536
659	659	-24.3949
660	660	31.7171
661	661	-12.2685
662	662	-10.3057
663	663	-32.9621
664	664	-17.7277
665	665	40.8504
666	666	13.1083
667	667	-23.5805
668	668	15.2101
669	669	7.58962
670	670	-6.36129
671	671	8.36056
672	672	-39.9258
673	673	-28.023
674	674	15.7943
675	675	1.05559
676	676	18.8953
677	677	-9.37545
678	678	55.6114
679	679	-41.0035
680	680	-32.5515
681	681	-64.3912
682	682	29.41
683	683	-11.9283
684	684	-19.6907
685	685	-20.8454
686	686	26.434
687	687	53.0198
688	688	-25.6348
689	689	-28.9628
690	690	18.3299
691	691	44.6685
692	692	11.4879
693	693	-13.5114
694	694	28.3361
695	695	11.5598
696	696	13.3432
697	697	13.2767
698	698	-4.87693
699	699	-3.65421
700	700	-4.50224
701	701	5.68979
702	702	-43.3662
703	703	19.2967
704	704	-35.898
705	705	-56.2017
706	706	-10.3988
707	707	-16.9189
708	708	1.22006
709	709	6.42691
710	710	-24.2227
711	711	42.4347
712	712	-26.4794
713	713	-8.21882
714	714	16.3016
715	715	-6.81623
716	716	2.3086
717	717	-1.05718
718	718	-59.4292
719	719	-27.669
720	720	31.9923
721	721	-20.738
722	722	7.42966
723	723	33.2968
724	724	-2.9224
725	725	4.14692
726	726	6.46372
727	727	-12.6579
728	728	10.5768
729	729	7.11145
730	730	-13.2304
731	731	-7.80788
732	732	-17.8541
733	733	-26.6641
734	734	21.2131
735	735	-32.7934
736	736	6.00234
737	737	59.5448
738	738	-1.42592
739	739	38.5117
740	740	-22.2984
741	741	18.8226
742	742	-27.9658
743	743	12.7383
744	744	-30.6826
745	745	22.2339
746	746	2.69664
747	747	-35.7459
748	748	-24.753
749	749	-32.1795
750	750	45.0434
751	751	6.01925
752	752	11.4307
753	753	-9.97235
754	754	-8.43527
755	755	-8.23364
756	756	-28.2174
757	757	37.9271
758	758	-1.09374
759	759	-41.4727
760	760	-32.5098
761	761	-31.7202
762	762	-4.62239
763	763	25.9584
764	764	-20.2094
765	765	-1.1764
766	766	9.75983
767	767	9.65162
768	768	-6.87628
769	769	-11.3313
770	770	-17.7839
771	771	27.9854
772	772	39.9485
773	773	2.28224
774	774	-12.6559
775	775	12.4169
776	776	-22.166
777	777	-21.5876
778	778	11.4956
779	779	5.42687
780	780	-17.4891
781	781	16.6335
782	782	17.4843
783	783	49.7804
784	784	-27.1956
785	785	-32.4453
786	786	-42.2973
787	787	-9.44468
788	788	12.8417
789	789	9.34704
790	790	-41.7692
791	791	-3.54059
792	792	23.1471
793	793	-16.0619
794	794	25.7977
795	795	3.30584
796	796	-35.8257
797	797	11.049
798	798	-7.48495
799	799	42.5826
800	800	45.6738
801	801	-16.5175
802	802	-39.8334
803	803	-22.7898
804	804	15.4895
805	805	-13.4284
806	806	0.107828
807	807	16.0523
808	808	19.9018
809	809	-29.1055
810	810	-3.57958
811	811	10.8415
812	812	1.40805
813	813	-7.99005
814	814	3.12541
815	815	-8.59557
816	816	-3.03165
817	817	-30.4698
818	818	23.8489
819	819	16.6044
820	820	-47.2852
821	821	17.9623
822	822	-9.71215
823	823	-44.3517
824	824	-32.2962
825	825	-27.9517
826	826	25.5805
827	827	30.6892
828	828	-34.494
829	829	-9.07259
830	830	22.5686
831	831	-36.6913
832	832	-14.0976
833	833	-28.7835
834	834	5.48686
835	835	17.0237
836	836	-4.36895
837	837	43.2377
838	838	23.9683
839	839	-23.6341
840	840	-10.1027
841	841	44.8007
842	842	-2.96034
843	843	28.7996
844	844	32.076
845	845	0.537554
846	846	-51.2706
847	847	-50.9453
848	848	13.3312
849	849	-6.41716
850	850	7.28864
851	851	0.586369
852	852	6.17806
853	853	-21.8593
854	854	-35.5664
855	855	8.43358
856	856	5.46776
857	857	-23.8995
858	858	18.6934
859	859	6.70781
860	860	-27.1163
861	861	-16.7135
862	862	27.1793
863	863	-2.61459
864	864	26.6208
865	865	-28.2176
866	866	-14.606
867	867	10.3433
868	868	27.8855
869	869	-16.7922
870	870	43.6955
871	871	-20.5865
872	872	-25.067
873	873	-1.19673
874	874	-8.06469
875	875	1.13159
876	876	21.7261
877	877	-13.2401
878	878	-1.53964
879	879	19.6288
880	880	3.80041
881	881	-49.584
882	882	-34.3461
883	883	3.51385
884	884	-27.4789
885	885	-23.6865
886	886	23.4934
887	887	35.908
888	888	0.47054
889	889	-2.81735
890	890	3.67406
891	891	27.1196
892	892	26.3717
893	893	4.99512
894	894	-14.3405
895	895	60.1009
896	896	-10.4188
897	897	-9.10207
898	898	11.5466
899	899	47.8046
900	900	-15.3724
901	901	35.9569
902	902	-7.69928
903	903	9.3977
904	904	21.6007
905	905	-17.2834
906	906	17.8037
907	907	2.75814
908	908	-26.1144
909	909	32.4178
910	910	3.37823
911	911	-11.972
912	912	-0.423199
913	913	1.35933
914	914	27.8622
915	915	2.70734
916	916	-32.1773
917	917	-12.6502
918	918	39.5328
919	919	-33.6757
920	920	17.4405
921	921	-20.5875
922	922	-66.0247
923	923	10.5761
924	924	-26.1654
925	925	36.9974
926	926	-1.55375
927	927	-6.24972
928	928	43.0665
929	929	-13.5446
930	930	-5.85601
931	931	17.0063
932	932	-17.2775
933	933	12.0267
934	934	-17.0216
935	935	-1.09079
936	936	-12.5927
937	937	25.651
938	938	3.80452
939	939	-16.1974
940	940	-14.0668
941	941	48.6476
942	942	34.2787
943	943	10.384
944	944	-6.68599
945	945	-23.1819
946	946	2.76881
947	947	13.1656
948	948	22.1663
949	949	-5.83193
950	950	11.7922
951	951	-28.4116
952	952	-6.85007
953	953	6.56961
954	954	3.13756
955	955	-25.4196
956	956	5.12044
957	957	1.41605
958	958	-7.46115
959	959	-4.85435
960	960	8.02639
961	961	-0.136707
962	962	-16.5317
963	963	-5.88447
964	964	11.6847
965	965	12.1366
966	966	-12.0145
967	967	-10.5195
968	968	-10.8228
969	969	-5.98993
970	970	1.19621
971	971	11.9674
972	972	-46.2784
973	973	51.1729
974	974	-23.991
975	975	-2.40448
976	976	55.2696
977	977	26.353
978	978	-41.4104
979	979	7.63084
980	980	-14.517
981	981	-30.9208
982	982	5.51355
983	983	15.0186
984	984	-1.60732
985	985	2.39338
986	986	-6.08521
987	987	-12.674
988	988	-18.4542
989	989	-5.3223
990	990	28.0545
991	991	9.03997
992	992	-23.0259
993	993	-8.89726
994	994	2.41458
995	995	4.33371
996	996	8.92273
997	997	-15.1259
998	998	-23.435
999	999	26.3664
1000	1000	-6.86049
1001	1001	1.46783
1002	1002	-17.8167
1003	1003	12.1585
1004	1004	-17.3374
1005	1005	-26.2842
1006	1006	13.8398
1007	1007	-30.4481
1008	1008	23.1559
1009	1009	-6.55558
1010	1010	-5.32843
1011	1011	-37.8112
1012	1012	-20.4888
1013	1013	24.3523
1014	1014	-0.869385
1015	1015	42.9109
1016	1016	3.72016
1017	1017	-1.82609
1018	1018	-12.7204
1019	1019	20.2244
1020	1020	1.13037
1021	1021	-31.9524
1022	1022	20.9831
1023	1023	11.4159
1024	1024	-36.2591
1025	1025	-23.1137
1026	1026	20.0823
1027	1027	8.70647
1028	1028	27.494
1029	1029	-24.0646
1030	1030	-22.8086
1031	1031	-8.77275
1032	1032	17.8043
1033	1033	45.6807
1034	1034	0.988384
1035	1035	-37.4212
1036	1036	11.5065
1037	1037	2.9944
1038	1038	15.1668
1039	1039	36.3163
1040	1040	5.27309
1041	1041	-6.88882
1042	1042	-17.9048
1043	1043	5.37314
1044	1044	-3.78252
1045	1045	-30.8751
1046	1046	50.4396
1047	1047	6.25861
1048	1048	-32.8605
1049	1049	-17.5988
1050	1050	-39.4955
1051	1051	-11.9317
1052	1052	40.417
1053	1053	17.8875
1054	1054	4.69083
1055	1055	-26.3425
1056	1056	2.2
1057	1057	-3.60588
1058	1058	27.2131
1059	1059	-6.53173
1060	1060	-3.53892
1061	1061	7.10711
1062	1062	10.3606
1063	1063	-18.2756
1064	1064	12.3121
1065	1065	34.8137
1066	1066	42.5658
1067	1067	-22.7317
1068	1068	-46.3281
1069	1069	12.9399
1070	1070	-13.7521
1071	1071	10.9451
1072	1072	17.7679
1073	1073	-25.689
1074	1074	14.536
1075	1075	-7.75818
1076	1076	-11.0003
1077	1077	-3.04889
1078	1078	-14.1925
1079	1079	5.41861
1080	1080	-20.6659
1081	1081	10.2642
1082	1082	-8.18999
1083	1083	-13.9556
1084	1084	24.3773
1085	1085	7.71516
1086	1086	48.2803
1087	1087	40.9084
1088	1088	-28.5773
1089	1089	-11.7245
1090	1090	-9.22495
1091	1091	23.9043
1092	1092	-25.5917
1093	1093	24.2476
1094	1094	51.2984
1095	1095	1.20686
1096	1096	2.60552
1097	1097	-0.696075
1098	1098	0.851576
1099	1099	-17.3896
1100	1100	-4.9594
1101	1101	-26.1171
1102	1102	-5.83043
1103	1103	-21.6169
1104	1104	-20.6177
1105	1105	4.43126
1106	1106	12.5627
1107	1107	-17.8875
1108	1108	51.27
1109	1109	9.83756
1110	1110	15.6795
1111	1111	8.12444
1112	1112	-38.2842
1113	1113	-20.0862
1114	1114	47.6109
1115	1115	-2.83639
1116	1116	-0.0411842
1117	1117	5.3876
1118	1118	2.80099
1119	1119	-45.0548
1120	1120	-24.5415
1121	1121	-4.19135
1122	1122	55.0953
1123	1123	-60.3673
1124	1124	-0.776006
1125	1125	2.97049
1126	1126	0.0852515
1127	1127	-12.589
1128	1128	-9.40338
1129	1129	4.19759
1130	1130	-19.3744
1131	1131	58.616
1132	1132	-5.63543
1133	1133	-16.1022
1134	1134	-58.3662
1135	1135	18.3421
1136	1136	-17.8235
1137	1137	-25.1364
1138	1138	-13.9064
1139	1139	3.74097
1140	1140	25.0058
1141	1141	-35.3357
1142	1142	14.5637
1143	1143	21.8002
1144	1144	15.2243
1145	1145	16.1213
1146	1146	20.1306
1147	1147	-31.0367
1148	1148	14.3718
1149	1149	-19.0197
1150	1150	19.4007
1151	1151	-32.0266
1152	1152	25.1978
1153	1153	7.73382
1154	1154	-44.9216
1155	1155	-62.5769
1156	1156	10.2491
1157	1157	-17.1203
1158	1158	27.2232
1159	1159	24.1238
1160	1160	3.80193
1161	1161	-4.30777
1162	1162	-38.0256
1163	1163	38.827
1164	1164	29.1835
1165	1165	9.67534
1166	1166	15.3813
1167	1167	58.72
1168	1168	-3.17343
1169	1169	22.18
1170	1170	-54.3328
1171	1171	-7.40352
1172	1172	19.9868
1173	1173	23.2048
1174	1174	7.47938
1175	1175	44.7172
1176	1176	-7.73918
1177	1177	28.5503
1178	1178	-18.8553
1179	1179	-27.4257
1180	1180	13.5075
1181	1181	14.8979
1182	1182	-24.573
1183	1183	33.5314
1184	1184	-2.64076
1185	1185	22.8183
1186	1186	15.4322
1187	1187	-27.2548
1188	1188	27.1286
1189	1189	-3.72348
1190	1190	-4.2773
1191	1191	4.1822
1192	1192	-15.7637
1193	1193	1.39001
1194	1194	-0.878714
1195	1195	12.3819
1196	1196	52.7099
1197	1197	4.71273
1198	1198	-8.08004
1199	1199	-14.5779
1200	1200	13.6963
1201	1201	33.7245
1202	1202	26.8182
1203	1203	13.8979
1204	1204	-14.1282
1205	1205	-27.2381
1206	1206	0.461304
1207	1207	19.8553
1208	1208	1.68543
1209	1209	-23.8901
1210	1210	-3.95575
1211	1211	-6.64155
1212	1212	-17.8844
1213	1213	-7.14066
1214	1214	4.59239
1215	1215	-6.83289
1216	1216	-20.8424
1217	1217	-14.6531
1218	1218	-13.1777
1219	1219	29.3319
1220	1220	11.7833
1221	1221	2.17371
1222	1222	-18.6212
1223	1223	-29.5291
1224	1224	-7.33732
1225	1225	3.04682
1226	1226	-35.283
1227	1227	-28.0264
1228	1228	-2.9029
1229	1229	-5.04276
1230	1230	-17.9119
1231	1231	11.1937
1232	1232	19.9845
1233	1233	17.0726
1234	1234	-6.42292
1235	1235	-21.2619
1236	1236	-11.8666
1237	1237	7.35873
1238	1238	6.05693
1239	1239	-17.8139
1240	1240	18.8774
1241	1241	-31.9993
1242	1242	-24.5989
1243	1243	-22.6048
1244	1244	-9.32999
1245	1245	-41.0747
1246	1246	-9.36157
1247	1247	-34.1414
1248	1248	-15.2688
1249	1249	2.89521
1250	1250	-11.105
1251	1251	-30.3208
1252	1252	26.3167
1253	1253	-27.939
1254	1254	17.5174
1255	1255	-0.72243
1256	1256	-5.57347
1257	1257	40.2032
1258	1258	11.3234
1259	1259	-6.48045
1260	1260	39.5047
1261	1261	-17.7778
1262	1262	-34.3392
1263	1263	-35.7812
1264	1264	-5.603
1265	1265	-39.8156
1266	1266	-40.2157
1267	1267	-25.1748
1268	1268	60.3009
1269	1269	13.9401
1270	1270	-11.7892
1271	1271	7.08886
1272	1272	-35.671
1273	1273	5.62332
1274	1274	40.2498
1275	1275	-3.22103
1276	1276	-7.96015
1277	1277	50.55
1278	1278	13.4281
1279	1279	13.8106
1280	1280	-16.8942
1281	1281	4.46897
1282	1282	-8.21898
1283	1283	-64.7078
1284	1284	-32.8953
1285	1285	-22.9483
1286	1286	43.1136
1287	1287	-22.9788
1288	1288	-52.1891
1289	1289	-6.13135
1290	1290	24.0523
1291	1291	-44.0123
1292	1292	0.156966
1293	1293	-6.40165
1294	1294	47.8209
1295	1295	-22.5973
1296	1296	-18.4991
1297	1297	-0.10052
1298	1298	-14.9768
1299	1299	-18.871
1300	1300	-10.9115
1301	1301	1.87733
1302	1302	-1.74355
1303	1303	-19.7972
1304	1304	-47.2176
1305	1305	-14.4694
1306	1306	11.6183
1307	1307	-9.91477
1308	1308	-4.08526
1309	1309	11.4583
1310	1310	76.2985
1311	1311	-13.2502
1312	1312	21.653
1313	1313	-37.4488
1314	1314	23.0753
1315	1315	40.7708
1316	1316	15.8988
1317	1317	-26.3211
1318	1318	-1.0985
1319	1319	20.0701
1320	1320	56.1649
1321	1321	5.49866
1322	1322	37.9221
1323	1323	-28.6903
1324	1324	-1.73765
1325	1325	37.5238
1326	1326	44.5591
1327	1327	6.95475
1328	1328	-1.6264
1329	1329	36.9311
1330	1330	-38.7972
1331	1331	14.6684
1332	1332	0.504969
1333	1333	-8.06262
1334	1334	-24.7161
1335	1335	-10.5918
1336	1336	0.208185
1337	1337	-11.036
1338	1338	29.1734
1339	1339	20.4625
1340	1340	-3.55843
1341	1341	0.967397
1342	1342	37.266
1343	1343	-26.1536
1344	1344	4.07442
1345	1345	-44.7148
1346	1346	19.9592
1347	1347	-2.70626
1348	1348	-12.3252
1349	1349	31.4636
1350	1350	8.31739
1351	1351	30.6705
1352	1352	-20.6224
1353	1353	-18.8693
1354	1354	-13.1415
1355	1355	-22.0912
1356	1356	4.96835
1357	1357	6.78589
1358	1358	2.0463
1359	1359	-12.5954
1360	1360	30.6709
1361	1361	6.74751
1362	1362	15.553
1363	1363	4.77923
1364	1364	20.9554
1365	1365	-11.3709
1366	1366	-3.85996
1367	1367	11.6584
1368	1368	-1.96584
1369	1369	-13.501
1370	1370	40.8019
1371	1371	-30.9978
1372	1372	-38.376
1373	1373	13.4446
1374	1374	-6.63372
1375	1375	-46.1558
1376	1376	-6.67523
1377	1377	38.4686
1378	1378	17.77
1379	1379	44.3
1380	1380	-31.4027
1381	1381	-4.09968
1382	1382	-17.2545
1383	1383	-21.2315
1384	1384	-6.81791
1385	1385	-25.7971
1386	1386	-41.9998
1387	1387	-11.7035
1388	1388	23.7672
1389	1389	-22.9756
1390	1390	20.7464
1391	1391	8.8204
1392	1392	-1.00734
1393	1393	-10.8108
1394	1394	28.8482
1395	1395	-10.3843
1396	1396	-6.32704
1397	1397	-41.7492
1398	1398	28.9245
1399	1399	-28.7498
1400	1400	4.43565
1401	1401	-27.6597
1402	1402	-35.4295
1403	1403	18.7601
1404	1404	9.65874
1405	1405	-17.7493
1406	1406	15.5694
1407	1407	11.2027
1408	1408	-33.6499
1409	1409	-26.2473
1410	1410	-34.5758
1411	1411	-35.1238
1412	1412	-24.0987
1413	1413	12.4424
1414	1414	33.5463
1415	1415	-59.4949
1416	1416	12.903
1417	1417	19.4585
1418	1418	4.62229
1419	1419	-13.6404
1420	1420	29.734
1421	1421	6.405
1422	1422	8.11503
1423	1423	-11.3122
1424	1424	23.1058
1425	1425	-29.0615
1426	1426	46.6391
1427	1427	-10.5417
1428	1428	-13.6116
1429	1429	-42.9261
1430	1430	-30.7021
1431	1431	13.4358
1432	1432	47.2307
1433	1433	18.1065
1434	1434	-35.0376
1435	1435	1.01892
1436	1436	-30.3847
1437	1437	12.4116
1438	1438	21.7801
1439	1439	10.8893
1440	1440	28.3993
1441	1441	-16.9161
1442	1442	-7.64882
1443	1443	-18.7133
1444	1444	8.34154
1445	1445	-16.15
1446	1446	2.6422
1447	1447	26.8925
1448	1448	-1.18634
1449	1449	-37.8946
1450	1450	15.664
1451	1451	3.96063
1452	1452	-1.23565
1453	1453	-17.8165
1454	1454	5.441
1455	1455	4.04286
1456	1456	-2.85387
1457	1457	-13.7597
1458	1458	-18.3822
1459	1459	21.6267
1460	1460	26.0344
1461	1461	13.5462
1462	1462	-49.9953
1463	1463	17.4445
1464	1464	18.4244
1465	1465	1.53325
1466	1466	10.0281
1467	1467	57.0249
1468	1468	-17.3232
1469	1469	-36.6636
1470	1470	-8.23477
1471	1471	21.1175
1472	1472	-5.41494
1473	1473	33.2649
1474	1474	25.917
1475	1475	10.2105
1476	1476	25.2992
1477	1477	-14.0391
1478	1478	23.2332
1479	1479	36.0454
1480	1480	-42.1627
1481	1481	26.3095
1482	1482	-1.57873
1483	1483	-12.416
1484	1484	-1.21711
1485	1485	26.0431
1486	1486	-23.32
1487	1487	3.67187
1488	1488	-22.2069
1489	1489	-12.2525
1490	1490	41.2181
1491	1491	-0.511195
1492	1492	29.5359
1493	1493	-42.5709
1494	1494	-11.9583
1495	1495	20.3248
1496	1496	-5.68847
1497	1497	-17.7005
1498	1498	-41.6855
1499	1499	-10.652
1500	1500	-12.4227
1501	1501	-8.96473
1502	1502	17.9464
1503	1503	-19.9527
1504	1504	-43.7099
1505	1505	-27.1724
1506	1506	-24.0541
1507	1507	-18.1011
1508	1508	-44.1817
1509	1509	27.4676
1510	1510	52.8469
1511	1511	13.0433
1512	1512	-35.1202
1513	1513	-18.8724
1514	1514	-9.82225
1515	1515	-3.11266
1516	1516	-20.7289
1517	1517	-5.0152
1518	1518	17.0561
1519	1519	-11.4556
1520	1520	-33.0012
1521	1521	20.937
1522	1522	-7.25414
1523	1523	-40.8293
1524	1524	16.8206
1525	1525	7.62135
1526	1526	63.712
1527	1527	44.3948
1528	1528	48.5428
1529	1529	-1.04432
1530	1530	9.42224
1531	1531	-47.8543
1532	1532	27.0322
1533	1533	31.4702
1534	1534	-26.3323
1535	1535	-5.18509
1536	1536	3.6976
1537	1537	16.9962
1538	1538	27.6669
1539	1539	-44.597
1540	1540	3.33612
1541	1541	33.1182
1542	1542	39.9883
1543	1543	7.46855
1544	1544	-25.828
1545	1545	-17.496
1546	1546	-4.26121
1547	1547	25.3282
1548	1548	16.4713
1549	1549	0.625163
1550	1550	29.75
1551	1551	-5.75363
1552	1552	-9.80507
1553	1553	10.6286
1554	1554	-0.69204
1555	1555	70.138
1556	1556	-0.568273
1557	1557	-33.43
1558	1558	-6.48554
1559	1559	26.5765
1560	1560	-14.0642
1561	1561	-5.71279
1562	1562	1.30736
1563	1563	-19.4083
1564	1564	0.374901
1565	1565	11.4841
1566	1566	29.8319
1567	1567	-1.05462
1568	1568	9.26997
1569	1569	15.2934
1570	1570	-18.9824
1571	1571	-1.77279
1572	1572	34.9235
1573	1573	16.159
1574	1574	14.1347
1575	1575	-31.449
1576	1576	-17.9837
1577	1577	23.7567
1578	1578	14.408
1579	1579	35.4134
1580	1580	-0.0338676
1581	1581	-37.2964
1582	1582	-5.35443
1583	1583	27.7181
1584	1584	29.5105
1585	1585	-21.9985
1586	1586	4.01633
1587	1587	-10.9998
1588	1588	22.6396
1589	1589	-25.1252
1590	1590	6.19493
1591	1591	12.3435
1592	1592	-0.615689
1593	1593	25.9658
1594	1594	-31.3551
1595	1595	12.172
1596	1596	72.0075
1597	1597	-21.8944
1598	1598	-29.5944
1599	1599	-10.4157
1600	1600	4.02569
1601	1601	-26.6688
1602	1602	6.76194
1603	1603	-8.12906
1604	1604	17.7711
1605	1605	4.17663
1606	1606	-6.43759
1607	1607	8.22359
1608	1608	96.225
1609	1609	-4.33762
1610	1610	-7.87256
1611	1611	-16.1357
1612	1612	-25.326
1613	1613	-28.92
1614	1614	-28.5511
1615	1615	39.4396
1616	1616	28.539
1617	1617	26.6385
1618	1618	7.60004
1619	1619	-15.0242
1620	1620	49.3362
1621	1621	-3.71726
1622	1622	-36.5806
1623	1623	7.50717
1624	1624	-57.462
1625	1625	-44.8383
1626	1626	-5.44043
1627	1627	-20.9546
1628	1628	-4.59049
1629	1629	18.0153
1630	1630	-8.17452
1631	1631	19.6468
1632	1632	28.5972
1633	1633	-51.5414
1634	1634	-25.334
1635	1635	16.5894
1636	1636	7.00064
1637	1637	-15.4848
1638	1638	-5.48874
1639	1639	6.95967
1640	1640	-5.1114
1641	1641	-49.5634
1642	1642	22.1443
1643	1643	5.08368
1644	1644	17.143
1645	1645	-4.48401
1646	1646	-44.1062
1647	1647	29.1623
1648	1648	-32.395
1649	1649	2.9261
1650	1650	27.871
1651	1651	-16.7759
1652	1652	-51.6007
1653	1653	-8.87874
1654	1654	22.1722
1655	1655	-3.40181
1656	1656	-8.00632
1657	1657	8.96533
1658	1658	26.6135
1659	1659	6.18886
1660	1660	17.183
1661	1661	5.98431
1662	1662	-23.3431
1663	1663	16.0852
1664	1664	-3.78002
1665	1665	20.8383
1666	1666	4.595
1667	1667	-44.371
1668	1668	-17.2748
1669	1669	0.97297
1670	1670	19.8506
1671	1671	-5.24908
1672	1672	6.1432
1673	1673	-51.5712
1674	1674	-20.3993
1675	1675	28.0259
1676	1676	-27.1723
1677	1677	-30.4638
1678	1678	-1.71801
1679	1679	34.7029
1680	1680	-17.5103
1681	1681	15.0601
1682	1682	-43.7173
1683	1683	-26.7966
1684	1684	-37.8211
1685	1685	-0.491574
1686	1686	26.8455
1687	1687	-3.46319
1688	1688	-2.9067
1689	1689	0.190529
1690	1690	-4.72275
1691	1691	46.2041
1692	1692	-29.1506
1693	1693	-12.3985
1694	1694	14.7095
1695	1695	18.4387
1696	1696	-11.7081
1697	1697	-42.0095
1698	1698	70.4037
1699	1699	24.482
1700	1700	12.4359
1701	1701	-20.422
1702	1702	16.2429
1703	1703	-39.9557
1704	1704	68.8874
1705	1705	9.71142
1706	1706	-0.634389
1707	1707	22.3665
1708	1708	-19.3377
1709	1709	-22.9681
1710	1710	-55.5406
1711	1711	23.5823
1712	1712	11.9903
1713	1713	-15.6695
1714	1714	-0.625653
1715	1715	-34.4566
1716	1716	-45.6445
1717	1717	5.71275
1718	1718	-36.7531
1719	1719	-2.5006
1720	1720	22.4217
1721	1721	21.2484
1722	1722	-5.54136
1723	1723	-8.36408
1724	1724	-15.2824
1725	1725	-11.2632
1726	1726	-1.74773
1727	1727	-26.8315
1728	1728	-6.65737
1729	1729	50.804
1730	1730	16.8655
1731	1731	31.2006
1732	1732	3.27211
1733	1733	38.0473
1734	1734	-25.3511
1735	1735	16.0775
1736	1736	1.62294
1737	1737	-13.8175
1738	1738	9.62584
1739	1739	1.4454
1740	1740	31.4932
1741	1741	0.731952
1742	1742	5.32439
1743	1743	-20.9541
1744	1744	5.93449
1745	1745	7.31342
1746	1746	-19.2225
1747	1747	39.9653
1748	1748	-11.4674
1749	1749	12.1396
1750	1750	12.1535
1751	1751	13.1181
1752	1752	-0.371876
1753	1753	12.1366
1754	1754	-20.3328
1755	1755	7.0406
1756	1756	26.0858
1757	1757	18.3264
1758	1758	-3.26698
1759	1759	-6.87583
1760	1760	80.9052
1761	1761	13.887
1762	1762	-17.4948
1763	1763	51.8215
1764	1764	58.8891
1765	1765	0.00881417
1766	1766	-22.6055
1767	1767	19.1821
1768	1768	-21.8293
1769	1769	22.1569
1770	1770	-27.9188
1771	1771	38.0666
1772	1772	13.0402
1773	1773	15.1099
1774	1774	18.1495
1775	1775	-23.5422
1776	1776	0.183003
1777	1777	10.7466
1778	1778	22.7562
1779	1779	-30.8606
1780	1780	0.11286
1781	1781	50.7438
1782	1782	-18.0732
1783	1783	1.02784
1784	1784	-19.0963
1785	1785	12.0923
1786	1786	-21.6682
1787	1787	30.2715
1788	1788	33.2199
1789	1789	5.56074
1790	1790	-11.876
1791	1791	-1.45962
1792	1792	17.4644
1793	1793	-9.17424
1794	1794	3.96782
1795	1795	45.5699
1796	1796	20.073
1797	1797	-32.5958
1798	1798	-15.2816
1799	1799	22.1963
1800	1800	-22.4092
1801	1801	5.50572
1802	1802	33.9348
1803	1803	32.6288
1804	1804	-4.73638
1805	1805	7.88706
1806	1806	0.978128
1807	1807	0.873086
1808	1808	-10.3374
1809	1809	27.0912
1810	1810	8.91463
1811	1811	-24.7604
1812	1812	-18.3652
1813	1813	12.8766
1814	1814	9.378
1815	1815	3.91428
1816	1816	-15.9248
1817	1817	10.771
1818	1818	-1.56593
1819	1819	45.8353
1820	1820	-13.1807
1821	1821	39.752
1822	1822	-9.8893
1823	1823	-24.0409
1824	1824	-2.20383
1825	1825	-62.6429
1826	1826	4.14212
1827	1827	10.6438
1828	1828	-17.7095
1829	1829	10.4399
1830	1830	39.7142
1831	1831	-26.7854
1832	1832	-30.5198
1833	1833	-4.7608
1834	1834	-19.8831
1835	1835	-22.5083
1836	1836	-6.72683
1837	1837	-11.1731
1838	1838	-5.04901
1839	1839	-9.10344
1840	1840	29.4801
1841	1841	43.2903
1842	1842	-21.9615
1843	1843	-0.02617
1844	1844	-37.5106
1845	1845	4.47094
1846	1846	-33.261
1847	1847	15.3216
1848	1848	20.2982
1849	1849	-20.4294
1850	1850	-0.098078
1851	1851	-0.990701
1852	1852	10.4749
1853	1853	5.21466
1854	1854	-16.0992
1855	1855	67.3264
1856	1856	32.7601
1857	1857	21.9708
1858	1858	17.8127
1859	1859	35.101
1860	1860	27.239
1861	1861	30.9786
1862	1862	15.5158
1863	1863	-26.6635
1864	1864	-28.4485
1865	1865	-29.5315
1866	1866	-35.4881
1867	1867	3.36187
1868	1868	20.2771
1869	1869	3.41817
1870	1870	-26.6263
1871	1871	-22.033
1872	1872	-13.3874
1873	1873	4.32952
1874	1874	18.8547
1875	1875	0.900083
1876	1876	-8.55098
1877	1877	-39.824
1878	1878	-28.6249
1879	1879	-30.9985
1880	1880	9.17669
1881	1881	33.4351
1882	1882	18.0844
1883	1883	-10.2755
1884	1884	-13.733
1885	1885	9.89215
1886	1886	2.86948
1887	1887	-6.6656
1888	1888	-8.83334
1889	1889	0.217856
1890	1890	1.66913
1891	1891	9.63178
1892	1892	-24.7253
1893	1893	-2.447
1894	1894	-3.05204
1895	1895	-7.55502
1896	1896	0.0872889
1897	1897	20.9512
1898	1898	-28.3997
1899	1899	-17.958
1900	1900	-2.36291
1901	1901	9.00426
1902	1902	6.05609
1903	1903	34.3631
1904	1904	-10.3074
1905	1905	-31.0458
1906	1906	-31.3717
1907	1907	0.0695531
1908	1908	13.8346
1909	1909	16.8862
1910	1910	12.3508
1911	1911	26.6192
1912	1912	-5.66449
1913	1913	29.8957
1914	1914	55.4519
1915	1915	36.059
1916	1916	-28.5217
1917	1917	47.009
1918	1918	-4.13529
1919	1919	-11.3456
1920	1920	59.7714
1921	1921	9.04207
1922	1922	-15.5596
1923	1923	10.0368
1924	1924	1.02076
1925	1925	-1.55164
1926	1926	-41.9116
1927	1927	-5.65192
1928	1928	-26.221
1929	1929	-7.98086
1930	1930	43.2737
1931	1931	-32.6762
1932	1932	-5.94729
1933	1933	0.215239
1934	1934	-20.8402
1935	1935	-31.646
1936	1936	31.0663
1937	1937	-23.5724
1938	1938	25.0705
1939	1939	-31.4401
1940	1940	-15.2462
1941	1941	-24.6804
1942	1942	5.5882
1943	1943	-14.1018
1944	1944	34.3658
1945	1945	-0.105918
1946	1946	37.256
1947	1947	-7.58197
1948	1948	-8.62461
1949	1949	2.81526
1950	1950	-1.87649
1951	1951	-40.1993
1952	1952	-10.0506
1953	1953	71.0849
1954	1954	-27.8724
1955	1955	-16.1319
1956	1956	62.6296
1957	1957	5.33706
1958	1958	28.471
1959	1959	-8.26099
1960	1960	8.1146
1961	1961	5.1608
1962	1962	42.5848
1963	1963	-12.7647
1964	1964	-20.9658
1965	1965	21.0186
1966	1966	-4.30223
1967	1967	-4.73044
1968	1968	-13.8832
1969	1969	36.3346
1970	1970	37.4301
1971	1971	13.065
1972	1972	55.3408
1973	1973	40.6569
1974	1974	-36.1154
1975	1975	-25.2595
1976	1976	3.18977
1977	1977	0.816401
1978	1978	35.6346
1979	1979	-38.0867
1980	1980	-6.15865
1981	1981	-19.1763
1982	1982	20.242
1983	1983	38.5323
1984	1984	-5.97488
1985	1985	14.212
1986	1986	6.64229
1987	1987	-38.298
1988	1988	23.5494
1989	1989	-14.03
1990	1990	-41.8181
1991	1991	11.7813
1992	1992	10.0109
1993	1993	-13.528
1994	1994	-27.0813
1995	1995	-14.9955
1996	1996	6.86809
1997	1997	-31.7867
1998	1998	23.9327
1999	1999	59.4303
2000	2000	13.6177
2001	2001	-6.48937
2002	2002	-17.9474
2003	2003	-10.2477
2004	2004	26.6825
2005	2005	14.9774
2006	2006	3.70592
2007	2007	-16.8273
2008	2008	-0.207537
2009	2009	4.61953
2010	2010	-19.4788
2011	2011	-5.01214
2012	2012	-19.2359
2013	2013	-10.1769
2014	2014	24.4381
2015	2015	-17.0624
2016	2016	-11.5654
2017	2017	18.6725
2018	2018	6.42533
2019	2019	-9.00565
2020	2020	-20.1225
2021	2021	-38.121
2022	2022	-4.57986
2023	2023	-12.5056
2024	2024	12.658
2025	2025	-9.90509
2026	2026	26.1807
2027	2027	5.22742
2028	2028	-4.02911
2029	2029	-15.764
2030	2030	31.7519
2031	2031	-12.7879
2032	2032	-11.9305
2033	2033	-22.4185
2034	2034	17.0017
2035	2035	58.0942
2036	2036	-21.7675
2037	2037	4.81458
2038	2038	-2.47575
2039	2039	-30.7425
2040	2040	17.2491
2041	2041	55.2291
2042	2042	-22.0354
2043	2043	-18.7997
2044	2044	-38.9892
2045	2045	31.5417
2046	2046	-23.059
2047	2047	-8.20085
2048	2048	-10.5146
2049	2049	16.3689
2050	2050	-33.1624
2051	2051	-27.8306
2052	2052	-2.94285
2053	2053	-21.1182
2054	2054	75.5605
2055	2055	9.18469
2056	2056	-0.879472
2057	2057	-21.5331
2058	2058	0.469114
2059	2059	23.5525
2060	2060	-46.2204
2061	2061	1.30121
2062	2062	-16.9855
2063	2063	5.15846
2064	2064	24.7934
2065	2065	65.4999
2066	2066	42.671
2067	2067	20.9776
2068	2068	-14.4731
2069	2069	-1.20175
2070	2070	15.3138
2071	2071	8.12713
2072	2072	-5.1273
2073	2073	35.9775
2074	2074	-20.4199
2075	2075	-10.4776
2076	2076	63.6375
2077	2077	29.7604
2078	2078	-12.2402
2079	2079	5.87926
2080	2080	-13.859
2081	2081	-11.7177
2082	2082	33.6196
2083	2083	6.72715
2084	2084	-13.3603
2085	2085	12.3401
2086	2086	-4.90868
2087	2087	27.806
2088	2088	-24.1776
2089	2089	1.3241
2090	2090	6.57975
2091	2091	-19.7539
2092	2092	-15.4423
2093	2093	14.5082
2094	2094	-12.6845
2095	2095	-37.9732
2096	2096	18.417
2097	2097	25.7998
2098	2098	24.9331
2099	2099	47.1254
2100	2100	1.12659
2101	2101	-3.24556
2102	2102	-6.09627
2103	2103	11.9463
2104	2104	-29.742
2105	2105	15.4196
2106	2106	-58.2212
2107	2107	-41.0757
2108	2108	21.7198
2109	2109	13.1812
2110	2110	-10.8355
2111	2111	-24.11
2112	2112	8.13997
2113	2113	-6.85959
2114	2114	-23.5769
2115	2115	0.982608
2116	2116	6.3274
2117	2117	15.5895
2118	2118	0.882316
2119	2119	-21.9412
2120	2120	-17.2006
2121	2121	-22.4415
2122	2122	16.1872
2123	2123	18.3894
2124	2124	-5.92285
2125	2125	-14.6736
2126	2126	62.3809
2127	2127	-20.2468
2128	2128	-14.3004
2129	2129	30.0452
2130	2130	6.13638
2131	2131	13.3571
2132	2132	-33.4963
2133	2133	-24.8272
2134	2134	4.53451
2135	2135	55.77
2136	2136	16.0655
2137	2137	47.1766
2138	2138	-41.4266
2139	2139	-33.2296
2140	2140	7.0507
2141	2141	1.38439
2142	2142	-28.2425
2143	2143	17.3754
2144	2144	41.8658
2145	2145	-8.92191
2146	2146	-19.1618
2147	2147	-21.7588
2148	2148	1.82071
2149	2149	-16.1118
2150	2150	-29.3759
2151	2151	-10.4607
2152	2152	39.4743
2153	2153	-5.31389
2154	2154	-0.514616
2155	2155	19.3046
2156	2156	-61.5235
2157	2157	-0.174571
2158	2158	25.9804
2159	2159	23.7971
2160	2160	9.70757
2161	2161	-5.14144
2162	2162	-36.9021
2163	2163	-16.7022
2164	2164	-19.93
2165	2165	-4.37112
2166	2166	12.8493
2167	2167	3.6409
2168	2168	34.0601
2169	2169	7.74392
2170	2170	-23.4742
2171	2171	-24.9488
2172	2172	-18.2466
2173	2173	-8.5091
2174	2174	26.1197
2175	2175	-33.5025
2176	2176	-33.578
2177	2177	-0.120754
2178	2178	-33.54
2179	2179	53.1528
2180	2180	0.691179
2181	2181	-2.31887
2182	2182	11.7394
2183	2183	-30.8445
2184	2184	21.2004
2185	2185	-1.31056
2186	2186	9.02606
2187	2187	-7.12893
2188	2188	-5.5901
2189	2189	-4.99721
2190	2190	-28.9183
2191	2191	-27.2495
2192	2192	46.5159
2193	2193	11.4208
2194	2194	19.568
2195	2195	-24.4982
2196	2196	-31.8704
2197	2197	6.35725
2198	2198	14.3354
2199	2199	-15.4928
2200	2200	2.84502
2201	2201	-26.4038
2202	2202	-12.1288
2203	2203	-30.7189
2204	2204	-23.7598
2205	2205	-5.89479
2206	2206	9.84629
2207	2207	37.2674
2208	2208	-11.8402
2209	2209	6.33061
2210	2210	27.7671
2211	2211	-45.5798
2212	2212	-26.9906
2213	2213	-7.18366
2214	2214	1.96313
2215	2215	37.8367
2216	2216	9.97473
2217	2217	-37.0118
2218	2218	7.43555
2219	2219	37.6383
2220	2220	-24.9828
2221	2221	20.1539
2222	2222	-21.1259
2223	2223	19.412
2224	2224	0.446789
2225	2225	-10.2019
2226	2226	-6.54678
2227	2227	-8.49423
2228	2228	-16.4754
2229	2229	-15.1158
2230	2230	13.089
2231	2231	-32.1435
2232	2232	24.9552
2233	2233	8.411
2234	2234	-19.5335
2235	2235	34.513
2236	2236	-19.8053
2237	2237	27.5939
2238	2238	3.78317
2239	2239	-18.6181
2240	2240	23.5089
2241	2241	-5.99106
2242	2242	-32.0338
2243	2243	44.2326
2244	2244	-4.16046
2245	2245	-2.27474
2246	2246	15.1875
2247	2247	53.3515
2248	2248	-33.7598
2249	2249	-13.094
2250	2250	-46.6434
2251	2251	-46.3957
2252	2252	-13.7868
2253	2253	17.3054
2254	2254	61.3161
2255	2255	25.2222
2256	2256	-31.8421
2257	2257	-6.2386
2258	2258	2.6803
2259	2259	0.421597
2260	2260	4.80269
2261	2261	-26.6625
2262	2262	-35.7959
2263	2263	34.2728
2264	2264	66.0706
2265	2265	33.0877
2266	2266	20.042
2267	2267	2.53214
2268	2268	-10.8763
2269	2269	30.8035
2270	2270	-11.3171
2271	2271	3.49999
2272	2272	-25.8827
2273	2273	5.83776
2274	2274	1.64342
2275	2275	-24.4388
2276	2276	-8.76091
2277	2277	29.8247
2278	2278	-31.1233
2279	2279	41.2754
2280	2280	10.7088
2281	2281	-38.5447
2282	2282	-9.59969
2283	2283	-31.6009
2284	2284	-25.5709
2285	2285	-25.8272
2286	2286	-35.4986
2287	2287	-18.31
2288	2288	-16.1411
2289	2289	17.4848
2290	2290	0.636056
2291	2291	36.8142
2292	2292	-5.88407
2293	2293	9.72181
2294	2294	2.71099
2295	2295	2.07384
2296	2296	-7.39129
2297	2297	-42.6038
2298	2298	-39.6966
2299	2299	-7.55593
2300	2300	-11.9249
2301	2301	36.0855
2302	2302	-5.23684
2303	2303	-4.37033
2304	2304	31.8828
2305	2305	6.57244
2306	2306	-18.8631
2307	2307	-19.36
2308	2308	-15.9241
2309	2309	20.1505
2310	2310	8.70242
2311	2311	4.57173
2312	2312	-6.65156
2313	2313	-7.38142
2314	2314	33.2125
2315	2315	8.29194
2316	2316	18.089
2317	2317	55.1267
2318	2318	-22.6672
2319	2319	4.53807
2320	2320	23.4075
2321	2321	-16.9573
2322	2322	9.06348
2323	2323	10.4721
2324	2324	3.84054
2325	2325	-9.44213
2326	2326	-19.1495
2327	2327	-4.80148
2328	2328	-4.76763
2329	2329	-9.84355
2330	2330	18.7635
2331	2331	23.7447
2332	2332	26.0465
2333	2333	-2.85942
2334	2334	-38.6751
2335	2335	-6.11328
2336	2336	27.5153
2337	2337	16.6129
2338	2338	-9.46227
2339	2339	51.0498
2340	2340	6.23475
2341	2341	2.17522
2342	2342	-34.7053
2343	2343	20.374
2344	2344	25.7677
2345	2345	-9.0915
2346	2346	10.8853
2347	2347	5.72713
2348	2348	12.9575
2349	2349	-9.53798
2350	2350	-13.3519
2351	2351	-14.2508
2352	2352	-1.25862
2353	2353	-10.8473
2354	2354	16.0143
2355	2355	-4.66732
2356	2356	16.0301
2357	2357	41.0983
2358	2358	52.6123
2359	2359	-2.50155
2360	2360	6.35933
2361	2361	-24.2835
2362	2362	-8.4248
2363	2363	18.2316
2364	2364	2.56022
2365	2365	-42.9619
2366	2366	4.94926
2367	2367	10.5029
2368	2368	-20.197
2369	2369	47.8159
2370	2370	12.1334
2371	2371	-21.9522
2372	2372	-2.44734
2373	2373	-12.0984
2374	2374	-43.4177
2375	2375	9.29957
2376	2376	11.2945
2377	2377	0.327675
2378	2378	1.66436
2379	2379	-22.508
2380	2380	-22.7546
2381	2381	-43.962
2382	2382	56.2707
2383	2383	-7.78136
2384	2384	-8.38365
2385	2385	-24.1793
2386	2386	-2.20438
2387	2387	37.7068
2388	2388	11.2875
2389	2389	8.07607
2390	2390	-24.857
2391	2391	25.404
2392	2392	-0.681662
2393	2393	57.1695
2394	2394	-5.3445
2395	2395	20.0177
2396	2396	-3.49293
2397	2397	-8.68197
2398	2398	-21.2043
2399	2399	-36.24
