sample_id	sample_id2	phensim
zero	zero	-35.2586
1	1	-12.4116
2	2	15.855
3	3	4.3145
4	4	-4.81523
5	5	-15.3213
6	6	-23.0744
7	7	3.53683
8	8	9.62579
9	9	-2.02387
10	10	22.7425
11	11	39.9341
12	12	41.8511
13	13	-28.1486
14	14	5.99541
15	15	-6.10602
16	16	46.6554
17	17	-1.61068
18	18	-3.22104
19	19	11.4492
20	20	-18.758
21	21	-15.9981
22	22	-42.5673
23	23	23.5859
24	24	-16.1438
25	25	-25.0293
26	26	16.0372
27	27	9.36719
28	28	35.9531
29	29	-17.3026
30	30	-40.7965
31	31	-3.32944
32	32	1.60183
33	33	-7.5206
34	34	-13.9144
35	35	-8.79057
36	36	-12.3198
37	37	15.096
38	38	-12.6868
39	39	6.88457
40	40	6.1007
41	41	10.9471
42	42	23.0232
43	43	-27.6633
44	44	29.4913
45	45	-13.7861
46	46	20.7257
47	47	-12.2002
48	48	-16.7563
49	49	12.0202
50	50	-23.4106
51	51	40.505
52	52	3.4113
53	53	25.3453
54	54	11.3866
55	55	8.82001
56	56	-9.20596
57	57	14.7032
58	58	-4.13909
59	59	20.9002
60	60	1.85086
61	61	-19.9345
62	62	9.88859
63	63	-6.87362
64	64	13.3099
65	65	-36.0988
66	66	11.6292
67	67	21.4031
68	68	34.2919
69	69	-44.18
70	70	-14.9289
71	71	13.6503
72	72	-24.5474
73	73	5.02536
74	74	15.6728
75	75	24.6786
76	76	8.3161
77	77	-0.516489
78	78	26.1879
79	79	-9.02866
80	80	-27.3822
81	81	13.435
82	82	17.2182
83	83	-30.6067
84	84	-3.73205
85	85	-18.2879
86	86	4.09345
87	87	35.0391
88	88	15.0113
89	89	-26.6999
90	90	-2.67197
91	91	-20.3029
92	92	8.0495
93	93	12.7541
94	94	-11.3021
95	95	13.5047
96	96	14.7347
97	97	13.7449
98	98	-37.695
99	99	-3.58227
100	100	-26.725
101	101	-9.8453
102	102	-40.7299
103	103	34.3561
104	104	10.8553
105	105	27.5714
106	106	-38.7023
107	107	-38.5646
108	108	-41.5042
109	109	17.9049
110	110	19.7872
111	111	33.4515
112	112	-3.77682
113	113	-43.6913
114	114	23.2929
115	115	-12.6766
116	116	22.3578
117	117	-34.6033
118	118	-0.495742
119	119	19.697
120	120	-37.2181
121	121	13.1139
122	122	-4.02995
123	123	-19.0592
124	124	-3.55341
125	125	-15.1826
126	126	28.3608
127	127	-14.8415
128	128	-14.8639
129	129	0.0906021
130	130	-14.152
131	131	50.0571
132	132	18.6181
133	133	-2.18862
134	134	9.60173
135	135	-1.47866
136	136	-8.478
137	137	-10.6553
138	138	-8.01182
139	139	2.96176
140	140	16.2468
141	141	-10.7126
142	142	-44.0033
143	143	-4.40365
144	144	1.39244
145	145	26.3401
146	146	-10.1815
147	147	15.6939
148	148	-15.0297
149	149	-13.0947
150	150	-1.55078
151	151	-15.6548
152	152	-15.3273
153	153	-11.9492
154	154	-30.5383
155	155	10.438
156	156	6.77646
157	157	6.00494
158	158	-0.955357
159	159	14.2739
160	160	-0.00192747
161	161	5.76226
162	162	-22.8637
163	163	-0.0269661
164	164	2.45753
165	165	-0.224134
166	166	-12.5276
167	167	-16.9233
168	168	-9.46492
169	169	-0.181992
170	170	-22.5528
171	171	37.9493
172	172	19.0512
173	173	-23.537
174	174	6.04291
175	175	22.6247
176	176	-10.8366
177	177	-24.5689
178	178	29.639
179	179	10.3487
180	180	-38.3536
181	181	-31.1384
182	182	-20.5599
183	183	-2.60847
184	184	-8.51768
185	185	-24.2092
186	186	15.7832
187	187	3.10233
188	188	-18.4163
189	189	1.93295
190	190	-2.0904
191	191	-3.46331
192	192	-2.93199
193	193	-20.1932
194	194	-11.8139
195	195	-17.7834
196	196	-10.64
197	197	-15.3781
198	198	-32.1415
199	199	-25.0251
200	200	-10.6901
201	201	34.3987
202	202	33.2943
203	203	14.8477
204	204	-32.4284
205	205	23.7955
206	206	17.5635
207	207	4.32884
208	208	8.52174
209	209	-1.1395
210	210	1.00319
211	211	13.1955
212	212	-18.3507
213	213	6.00408
214	214	-0.203267
215	215	-5.8234
216	216	2.4776
217	217	15.4394
218	218	25.0687
219	219	13.2622
220	220	-24.9456
221	221	4.29169
222	222	-30.0901
223	223	6.16301
224	224	34.052
225	225	-18.4777
226	226	-4.26406
227	227	-27.1818
228	228	-7.44883
229	229	-13.0465
230	230	-28.6062
231	231	-4.97321
232	232	2.38647
233	233	15.2163
234	234	-3.49123
235	235	11.4377
236	236	1.86936
237	237	11.2626
238	238	-4.74401
239	239	-15.0452
240	240	-13.1384
241	241	15.8774
242	242	6.79903
243	243	12.4896
244	244	1.5814
245	245	-2.92589
246	246	-7.46274
247	247	9.4812
248	248	32.5465
249	249	1.63692
250	250	-20.18
251	251	10.4299
252	252	8.47535
253	253	3.87595
254	254	-19.249
255	255	25.2026
256	256	-22.243
257	257	3.53517
258	258	-11.9471
259	259	24.2795
260	260	11.9831
261	261	3.18415
262	262	31.5353
263	263	7.72425
264	264	-10.1164
265	265	10.5204
266	266	-17.1553
267	267	-9.62576
268	268	-11.1373
269	269	-61.3097
270	270	-2.66371
271	271	-1.78552
272	272	28.6833
273	273	-19.0904
274	274	-9.63656
275	275	-5.45249
276	276	23.2603
277	277	10.3519
278	278	11.0489
279	279	25.5206
280	280	10.104
281	281	25.3762
282	282	6.87781
283	283	-13.6307
284	284	19.8099
285	285	-37.1401
286	286	6.93953
287	287	3.14165
288	288	-17.7614
289	289	34.0847
290	290	54.0923
291	291	26.9791
292	292	-10.391
293	293	32.2892
294	294	28.9494
295	295	-11.1122
296	296	10.5775
297	297	-4.79768
298	298	-19.0369
299	299	9.02847
300	300	10.0737
301	301	24.9842
302	302	1.06752
303	303	8.28597
304	304	20.0431
305	305	32.9746
306	306	17.0985
307	307	-13.3572
308	308	-29.4716
309	309	39.4699
310	310	26.6567
311	311	27.1675
312	312	-11.166
313	313	-9.2283
314	314	26.9222
315	315	-1.14637
316	316	-35.8069
317	317	3.37717
318	318	21.3214
319	319	11.5262
320	320	2.88271
321	321	2.54155
322	322	-9.98047
323	323	5.39673
324	324	-2.66606
325	325	-37.7647
326	326	-17.1333
327	327	0.611784
328	328	-20.9816
329	329	13.6686
330	330	-12.7532
331	331	17.1117
332	332	-18.9397
333	333	-13.111
334	334	-28.5604
335	335	-66.445
336	336	4.05609
337	337	14.7124
338	338	-29.0434
339	339	28.9006
340	340	12.2794
341	341	-16.4265
342	342	26.3435
343	343	-6.14316
344	344	21.636
345	345	-23.0185
346	346	3.83777
347	347	18.5819
348	348	-5.98878
349	349	-12.2303
350	350	19.1408
351	351	-17.1802
352	352	-10.1545
353	353	-4.21058
354	354	34.6926
355	355	-4.73222
356	356	-13.4917
357	357	5.11071
358	358	-2.89529
359	359	10.4493
360	360	-32.0917
361	361	8.54126
362	362	11.0981
363	363	-1.25776
364	364	2.70146
365	365	-16.6525
366	366	0.761981
367	367	-15.6828
368	368	33.059
369	369	34.7203
370	370	-16.9204
371	371	16.3498
372	372	-42.9227
373	373	-30.8184
374	374	-16.7814
375	375	-20.1572
376	376	-24.143
377	377	0.278299
378	378	42.6596
379	379	6.08693
380	380	-0.207173
381	381	8.63689
382	382	-30.2544
383	383	15.889
384	384	21.9516
385	385	4.00537
386	386	-8.17176
387	387	31.8451
388	388	30.6351
389	389	7.88193
390	390	-7.39974
391	391	-32.1194
392	392	24.7715
393	393	10.057
394	394	-6.56777
395	395	-38.7986
396	396	4.76649
397	397	-2.82497
398	398	12.8764
399	399	-26.891
400	400	-15.5987
401	401	-2.06021
402	402	-18.2567
403	403	0.586432
404	404	-7.80543
405	405	-2.80438
406	406	24.9176
407	407	2.62403
408	408	24.5018
409	409	0.488951
410	410	-33.3332
411	411	-44.3132
412	412	-2.57484
413	413	-16.9074
414	414	-0.515749
415	415	-42.9182
416	416	-14.7841
417	417	1.8184
418	418	-27.5272
419	419	6.99674
420	420	-81.1487
421	421	-29.3319
422	422	21.0835
423	423	-22.9203
424	424	-8.42963
425	425	35.5339
426	426	-18.8869
427	427	-8.73649
428	428	-24.7331
429	429	13.2265
430	430	-15.7474
431	431	16.1227
432	432	-10.8294
433	433	-8.29939
434	434	25.8004
435	435	32.9814
436	436	0.941083
437	437	20.8741
438	438	20.912
439	439	39.6214
440	440	56.7507
441	441	35.2837
442	442	19.8985
443	443	-18.4553
444	444	-9.59821
445	445	-7.47143
446	446	21.2662
447	447	-8.64064
448	448	43.5221
449	449	49.5489
450	450	0.0716067
451	451	31.1344
452	452	-9.15867
453	453	15.7929
454	454	13.4015
455	455	-4.33339
456	456	-30.8297
457	457	3.7192
458	458	-8.20161
459	459	-5.61731
460	460	-4.75639
461	461	9.99704
462	462	-15.632
463	463	-4.18454
464	464	-4.80913
465	465	-15.006
466	466	15.3921
467	467	-4.55187
468	468	-16.4291
469	469	17.0356
470	470	19.5683
471	471	30.8129
472	472	-31.3935
473	473	-0.0353619
474	474	-6.41186
475	475	27.4886
476	476	37.1793
477	477	3.19996
478	478	-0.312756
479	479	19.9134
480	480	-30.4584
481	481	-10.4184
482	482	-13.6275
483	483	4.33925
484	484	-9.92334
485	485	5.04186
486	486	-3.16972
487	487	-12.6951
488	488	-4.58196
489	489	-14.0944
490	490	-6.72308
491	491	21.6981
492	492	-3.8081
493	493	30.6212
494	494	-26.8529
495	495	15.7006
496	496	-38.1248
497	497	-10.7993
498	498	-8.2451
499	499	9.96765
500	500	-11.2695
501	501	44.4764
502	502	1.62011
503	503	19.8936
504	504	-10.4095
505	505	-6.35658
506	506	-28.959
507	507	-32.6816
508	508	11.8411
509	509	22.1216
510	510	22.6286
511	511	0.836609
512	512	-27.348
513	513	-22.58
514	514	24.6292
515	515	-37.6279
516	516	-23.3623
517	517	18.9766
518	518	-26.9897
519	519	25.4191
520	520	3.26441
521	521	26.5514
522	522	-27.3998
523	523	-10.9452
524	524	20.3761
525	525	17.3247
526	526	-2.24709
527	527	6.9713
528	528	14.3745
529	529	-22.3203
530	530	-11.451
531	531	9.78547
532	532	-26.176
533	533	36.9767
534	534	-0.803215
535	535	11.2574
536	536	32.4429
537	537	8.68756
538	538	5.46385
539	539	-22.1227
540	540	11.3398
541	541	-1.65777
542	542	-14.3277
543	543	-0.638179
544	544	3.68748
545	545	9.54409
546	546	20.3413
547	547	-32.5297
548	548	-18.8929
549	549	-3.50292
550	550	21.7297
551	551	-1.62136
552	552	20.4152
553	553	5.89687
554	554	1.90472
555	555	-1.92722
556	556	-33.9176
557	557	-24.3864
558	558	12.189
559	559	-14.6447
560	560	-13.7114
561	561	9.98367
562	562	-39.921
563	563	-18.0063
564	564	2.82577
565	565	-9.79366
566	566	5.18365
567	567	-5.09983
568	568	18.9987
569	569	-17.8968
570	570	-17.0855
571	571	-19.8017
572	572	22.9089
573	573	-3.29262
574	574	-28.1297
575	575	-15.8158
576	576	-0.52351
577	577	-25.5046
578	578	-12.3908
579	579	12.3591
580	580	0.227817
581	581	17.34
582	582	23.75
583	583	-36.2143
584	584	18.8327
585	585	0.127912
586	586	2.98688
587	587	-2.85651
588	588	-15.3342
589	589	35.3353
590	590	-14.538
591	591	28.3947
592	592	0.718863
593	593	47.2635
594	594	8.87433
595	595	9.24692
596	596	16.0275
597	597	16.0395
598	598	65.9168
599	599	54.4204
