sample_id	sample_id2	phensim
zero	zero	-21.9813
1	1	-12.6331
2	2	13.5625
3	3	2.25758
4	4	-8.57379
5	5	-18.5729
6	6	-17.3904
7	7	6.98562
8	8	21.9092
9	9	5.78626
10	10	-3.39463
11	11	-15.9049
12	12	15.7341
13	13	-5.07336
14	14	-8.44977
15	15	-17.1415
16	16	-6.69575
17	17	20.5552
18	18	-5.88493
19	19	12.3045
20	20	-3.6716
21	21	8.59471
22	22	1.29385
23	23	-20.713
24	24	-23.3575
25	25	8.47623
26	26	-3.20695
27	27	-2.54817
28	28	-0.0440074
29	29	14.7668
30	30	-12.3179
31	31	-26.272
32	32	0.712922
33	33	-2.92482
34	34	3.64105
35	35	5.1082
36	36	-27.1602
37	37	14.7589
38	38	4.85298
39	39	13.1122
40	40	11.0989
41	41	-11.2357
42	42	10.947
43	43	-19.5957
44	44	-9.60302
45	45	20.3238
46	46	-8.43138
47	47	22.8682
48	48	22.3405
49	49	8.80841
50	50	0.0356721
51	51	-3.3944
52	52	12.2582
53	53	-6.11025
54	54	-9.64822
55	55	-7.76644
56	56	11.4077
57	57	15.3912
58	58	8.26818
59	59	13.4297
60	60	26.6542
61	61	-18.9524
62	62	-12.5012
63	63	4.89448
64	64	-13.453
65	65	-7.07873
66	66	14.5201
67	67	3.70276
68	68	-11.7054
69	69	10.5777
70	70	6.70494
71	71	-12.5787
72	72	11.8604
73	73	-2.01147
74	74	0.784211
75	75	7.29956
76	76	25.4647
77	77	28.5563
78	78	11.9542
79	79	-29.4383
80	80	-3.53848
81	81	-12.2481
82	82	0.985908
83	83	-17.0732
84	84	16.7322
85	85	9.54705
86	86	-17.2556
87	87	10.1991
88	88	-15.74
89	89	-0.325258
90	90	-7.14879
91	91	17.7366
92	92	-25.0527
93	93	-8.91199
94	94	-10.0529
95	95	-6.37118
96	96	1.45212
97	97	-9.79858
98	98	-12.6965
99	99	-27.0017
100	100	5.57589
101	101	-4.63564
102	102	5.80211
103	103	-17.3838
104	104	10.7855
105	105	-24.5781
106	106	-6.55097
107	107	-10.3962
108	108	-11.0008
109	109	-0.356965
110	110	11.1493
111	111	-10.8412
112	112	2.53906
113	113	4.74911
114	114	12.4199
115	115	-29.1555
116	116	-6.88057
117	117	8.87121
118	118	10.8842
119	119	-1.21465
120	120	25.5298
121	121	-15.3188
122	122	-9.2448
123	123	-13.1206
124	124	-14.5547
125	125	9.56072
126	126	-0.184116
127	127	-11.8688
128	128	-31.2935
129	129	18.0216
130	130	-49.2492
131	131	1.48018
132	132	-17.5097
133	133	24.8614
134	134	6.27878
135	135	-12.9798
136	136	-25.2087
137	137	-12.7048
138	138	20.159
139	139	16.4995
140	140	35.6687
141	141	25.6136
142	142	17.4083
143	143	10.1633
144	144	-9.75425
145	145	16.8739
146	146	-20.3151
147	147	-0.0919919
148	148	-1.43076
149	149	10.3635
150	150	2.58251
151	151	14.3746
152	152	13.631
153	153	-23.0402
154	154	-18.7133
155	155	-0.189586
156	156	10.5835
157	157	7.47701
158	158	19.1884
159	159	6.13
160	160	-2.03371
161	161	9.39646
162	162	9.30842
163	163	3.66086
164	164	-6.68234
165	165	-26.0251
166	166	7.448
167	167	-17.0098
168	168	-26.7685
169	169	12.0298
170	170	40.974
171	171	5.94916
172	172	-0.185357
173	173	0.879406
174	174	-14.0123
175	175	-29.2336
176	176	-3.41106
177	177	-6.2081
178	178	6.94403
179	179	-4.34214
180	180	-2.6422
181	181	-1.13344
182	182	-14.4036
183	183	-20.2955
184	184	12.8099
185	185	3.23656
186	186	-19.5878
187	187	1.77775
188	188	-1.35331
189	189	4.80129
190	190	-5.53276
191	191	23.2246
192	192	2.16159
193	193	10.9779
194	194	-17.4693
195	195	-7.35385
196	196	21.9747
197	197	-10.3118
198	198	-21.0254
199	199	0.994838
200	200	-18.8421
201	201	25.5767
202	202	19.0672
203	203	26.6199
204	204	14.9156
205	205	14.4074
206	206	-1.17777
207	207	-0.375708
208	208	7.09582
209	209	-3.35243
210	210	32.4505
211	211	-8.04043
212	212	27.9532
213	213	5.85892
214	214	19.6671
215	215	18.8833
216	216	-9.73364
217	217	-14.5536
218	218	23.233
219	219	-15.3681
220	220	1.66867
221	221	-0.406859
222	222	34.5528
223	223	10.8185
224	224	-14.6002
225	225	-8.05587
226	226	-0.865557
227	227	-4.26808
228	228	5.05647
229	229	-9.76947
230	230	-4.11506
231	231	-5.98957
232	232	23.2552
233	233	-10.0672
234	234	19.7011
235	235	9.54574
236	236	7.95783
237	237	-6.10395
238	238	-1.58941
239	239	12.9843
240	240	3.9971
241	241	-1.49355
242	242	-4.74492
243	243	9.03729
244	244	5.36856
245	245	-12.1928
246	246	9.76183
247	247	14.4405
248	248	18.8104
249	249	-3.43823
250	250	-11.2107
251	251	-5.54993
252	252	-18.8428
253	253	0.0261044
254	254	2.12099
255	255	-4.79111
256	256	9.22315
257	257	-9.83115
258	258	-26.6366
259	259	-4.45236
260	260	-9.96457
261	261	4.28999
262	262	-10.6821
263	263	-9.35992
264	264	-10.842
265	265	-22.3077
266	266	-3.56953
267	267	-2.74875
268	268	-1.18817
269	269	-30.4641
270	270	33.7104
271	271	4.07565
272	272	-8.97325
273	273	9.14938
274	274	-1.65849
275	275	-10.6813
276	276	31.1446
277	277	0.670424
278	278	-18.591
279	279	19.729
280	280	-10.7728
281	281	-6.84742
282	282	-11.8264
283	283	9.96796
284	284	29.5807
285	285	17.8447
286	286	-4.85768
287	287	3.41155
288	288	21.4941
289	289	-24.7654
290	290	14.9922
291	291	-14.8595
292	292	-13.0167
293	293	11.703
294	294	-13.6007
295	295	5.36303
296	296	3.3748
297	297	-3.39762
298	298	7.59674
299	299	-6.00545
300	300	-9.98352
301	301	11.0552
302	302	-36.2298
303	303	3.87451
304	304	-0.714344
305	305	41.7953
306	306	-17.241
307	307	2.5196
308	308	-10.9713
309	309	-30.558
310	310	0.687516
311	311	-14.1997
312	312	-0.296217
313	313	33.8028
314	314	-4.75253
315	315	9.15803
316	316	4.98692
317	317	13.5575
318	318	-26.1409
319	319	-13.9772
320	320	31.7663
321	321	-2.64229
322	322	8.67919
323	323	-9.1992
324	324	-1.49838
325	325	-20.6215
326	326	46.7992
327	327	-5.62201
328	328	-7.42921
329	329	10.4172
330	330	-31.158
331	331	-6.61883
332	332	9.81011
333	333	8.20236
334	334	3.49599
335	335	-37.2009
336	336	5.05944
337	337	-0.213083
338	338	-16.8177
339	339	6.29742
340	340	13.9333
341	341	1.50335
342	342	-19.0379
343	343	0.318527
344	344	-2.48804
345	345	7.94541
346	346	17.396
347	347	-12.6371
348	348	-9.28221
349	349	-5.23668
350	350	16.0985
351	351	-21.6377
352	352	-8.63195
353	353	-13.2411
354	354	-18.6377
355	355	21.245
356	356	12.9686
357	357	12.8009
358	358	26.0846
359	359	-27.5347
360	360	-0.151895
361	361	15.5709
362	362	14.9916
363	363	-19.3481
364	364	-23.8772
365	365	-14.331
366	366	9.68534
367	367	-6.806
368	368	11.7437
369	369	12.0907
370	370	5.75571
371	371	-30.2077
372	372	3.36792
373	373	-3.70065
374	374	17.3916
375	375	-4.07192
376	376	-0.721481
377	377	-43.0376
378	378	5.24267
379	379	-15.0911
380	380	-14.4391
381	381	15.5032
382	382	0.867485
383	383	14.3588
384	384	4.7554
385	385	-3.62278
386	386	-19.6931
387	387	7.61723
388	388	-11.16
389	389	3.52065
390	390	-5.30092
391	391	-22.1624
392	392	-23.3604
393	393	-4.1016
394	394	6.17269
395	395	14.712
396	396	8.65496
397	397	9.20121
398	398	-21.121
399	399	-26.1109
400	400	-16.719
401	401	-19.1144
402	402	-25.4822
403	403	13.4375
404	404	38.7175
405	405	10.7095
406	406	2.91949
407	407	-8.44667
408	408	-4.39506
409	409	1.19497
410	410	12.9397
411	411	-6.15216
412	412	18.2355
413	413	13.9946
414	414	-14.6141
415	415	-6.25322
416	416	-32.9237
417	417	-11.4569
418	418	6.96384
419	419	17.9372
420	420	-7.67081
421	421	-5.21111
422	422	-2.50199
423	423	-5.2936
424	424	3.91597
425	425	-18.5642
426	426	-11.9765
427	427	18.1787
428	428	7.25198
429	429	3.57878
430	430	-17.3513
431	431	-16.0984
432	432	-23.3703
433	433	-15.8264
434	434	-8.92111
435	435	16.0623
436	436	14.6691
437	437	20.0751
438	438	24.0375
439	439	27.3511
440	440	-4.76303
441	441	-6.14005
442	442	39.9304
443	443	8.69855
444	444	12.3412
445	445	-11.4764
446	446	8.19487
447	447	18.6714
448	448	4.85537
449	449	-10.4571
450	450	9.52772
451	451	14.5972
452	452	-23.4765
453	453	31.3267
454	454	-18.7257
455	455	0.254911
456	456	3.14557
457	457	33.6064
458	458	-13.4591
459	459	-21.2728
460	460	21.0844
461	461	-21.712
462	462	15.6043
463	463	-11.1623
464	464	17.8579
465	465	0.693545
466	466	-11.2308
467	467	-2.04692
468	468	9.56092
469	469	-10.1492
470	470	6.36906
471	471	-11.8517
472	472	35.7975
473	473	-0.695534
474	474	18.0341
475	475	12.6867
476	476	-14.3565
477	477	-14.0806
478	478	4.95135
479	479	6.14035
480	480	23.3502
481	481	24.5488
482	482	-1.76049
483	483	-18.3087
484	484	-3.406
485	485	-7.69447
486	486	14.5756
487	487	-16.0174
488	488	24.0022
489	489	-4.5676
490	490	-14.1651
491	491	23.0099
492	492	15.5333
493	493	-0.494757
494	494	3.07675
495	495	14.5025
496	496	7.06947
497	497	-13.708
498	498	-3.07842
499	499	-15.559
500	500	-19.8352
501	501	8.32679
502	502	20.647
503	503	-11.1419
504	504	5.48445
505	505	6.98931
506	506	28.3146
507	507	35.9628
508	508	-8.03734
509	509	-24.4899
510	510	21.9354
511	511	18.0526
512	512	-6.83953
513	513	-3.94051
514	514	7.94133
515	515	15.4667
516	516	-9.41912
517	517	-4.34208
518	518	17.6509
519	519	-17.7353
520	520	0.546304
521	521	-6.10735
522	522	-32.7805
523	523	-16.4172
524	524	23.6465
525	525	-1.22432
526	526	-8.12925
527	527	3.41715
528	528	-17.7537
529	529	2.76855
530	530	25.5227
531	531	-2.76453
532	532	-23.9982
533	533	-4.46191
534	534	-9.18495
535	535	-7.38288
536	536	18.6394
537	537	8.43623
538	538	-11.0607
539	539	10.5404
540	540	-20.6489
541	541	22.1243
542	542	-4.76648
543	543	1.1911
544	544	-8.49807
545	545	-21.135
546	546	22.3412
547	547	-2.41147
548	548	-7.33674
549	549	21.8914
550	550	-6.81967
551	551	33.1866
552	552	4.22054
553	553	7.98609
554	554	-8.51636
555	555	-15.7074
556	556	8.46337
557	557	-7.90682
558	558	7.96703
559	559	-14.2929
560	560	-9.07295
561	561	-24.0227
562	562	-10.5583
563	563	-4.85279
564	564	0.100923
565	565	-17.3815
566	566	2.42875
567	567	-20.6462
568	568	17.8584
569	569	-8.81817
570	570	-18.5782
571	571	-6.80046
572	572	5.19495
573	573	0.810332
574	574	-16.3968
575	575	-6.92933
576	576	-16.9211
577	577	-2.05036
578	578	13.6823
579	579	0.936406
580	580	23.6363
581	581	-3.82965
582	582	16.1765
583	583	10.0478
584	584	4.844
585	585	-23.8966
586	586	-1.31941
587	587	13.0723
588	588	-7.78305
589	589	-56.0335
590	590	28.8942
591	591	1.93697
592	592	-21.359
593	593	10.3659
594	594	-4.74158
595	595	-5.87482
596	596	46.8691
597	597	16.0631
598	598	-24.4921
599	599	3.00318
600	600	17.2514
601	601	-6.62006
602	602	-12.8866
603	603	-32.309
604	604	11.1795
605	605	-0.14267
606	606	13.204
607	607	0.530096
608	608	-28.1714
609	609	-8.39524
610	610	-8.44794
611	611	13.1931
612	612	-2.89008
613	613	-2.71968
614	614	5.71869
615	615	-8.01193
616	616	-4.72522
617	617	-16.8492
618	618	0.603749
619	619	10.6139
620	620	-28.9509
621	621	8.82156
622	622	-7.47625
623	623	-5.97767
624	624	5.08465
625	625	31.2394
626	626	10.4663
627	627	2.956
628	628	-12.0511
629	629	-15.8656
630	630	-1.84927
631	631	10.6063
632	632	16.3169
633	633	-4.37279
634	634	19.0739
635	635	9.72554
636	636	-6.60199
637	637	9.00192
638	638	8.60362
639	639	-16.1987
640	640	-28.1951
641	641	20.007
642	642	13.2679
643	643	1.75758
644	644	20.9439
645	645	-11.078
646	646	-10.3229
647	647	-25.9798
648	648	-9.30546
649	649	-3.86677
650	650	19.0082
651	651	0.0714657
652	652	-3.50226
653	653	23.9155
654	654	31.8231
655	655	-32.4878
656	656	11.4776
657	657	23.208
658	658	12.5211
659	659	8.54087
660	660	-11.3643
661	661	-4.0507
662	662	7.81023
663	663	-18.078
664	664	-1.25454
665	665	-2.37315
666	666	9.09333
667	667	-14.3661
668	668	-5.3899
669	669	-30.7032
670	670	-8.1857
671	671	29.8237
672	672	11.4649
673	673	-15.093
674	674	10.6308
675	675	-0.379273
676	676	-15.5696
677	677	-15.3497
678	678	-11.5229
679	679	-18.4527
680	680	-16.7333
681	681	3.81428
682	682	4.91571
683	683	-5.29349
684	684	-25.8323
685	685	28.4099
686	686	15.8073
687	687	-14.5146
688	688	15.8861
689	689	-24.182
690	690	2.66977
691	691	-16.2874
692	692	16.9146
693	693	-18.667
694	694	7.7109
695	695	27.6882
696	696	34.1417
697	697	24.9127
698	698	6.65751
699	699	4.86926
700	700	9.54835
701	701	-3.88809
702	702	-11.2915
703	703	13.6283
704	704	3.1674
705	705	-22.1609
706	706	5.95521
707	707	1.32485
708	708	-0.392545
709	709	3.96318
710	710	-2.12971
711	711	-1.96549
712	712	5.15856
713	713	9.20822
714	714	23.5241
715	715	12.7095
716	716	-12.6548
717	717	27.7075
718	718	21.501
719	719	-14.8303
720	720	3.25851
721	721	-6.53124
722	722	-4.29861
723	723	-4.96932
724	724	-2.24605
725	725	13.9477
726	726	-9.41055
727	727	-25.0363
728	728	-4.71183
729	729	-9.0666
730	730	-9.33119
731	731	0.901785
732	732	18.3262
733	733	-20.8484
734	734	20.1548
735	735	-6.55438
736	736	-8.69725
737	737	-24.6204
738	738	-20.0935
739	739	3.8463
740	740	-19.6646
741	741	-1.87418
742	742	-14.8894
743	743	12.568
744	744	0.124727
745	745	19.0798
746	746	-16.6373
747	747	-2.94674
748	748	3.78231
749	749	2.10733
750	750	-15.3621
751	751	-24.0519
752	752	1.86171
753	753	3.36088
754	754	6.00283
755	755	-9.32559
756	756	-26.2271
757	757	2.06525
758	758	-11.8394
759	759	-13.0414
760	760	3.70879
761	761	21.48
762	762	11.5597
763	763	5.14336
764	764	-11.5999
765	765	-42.8516
766	766	38.9157
767	767	-14.2099
768	768	-25.7659
769	769	8.09775
770	770	-21.0117
771	771	-18.3266
772	772	19.9189
773	773	18.7773
774	774	-9.60056
775	775	22.7421
776	776	8.68109
777	777	16.1638
778	778	-14.0121
779	779	12.8853
780	780	-31.0593
781	781	-0.305503
782	782	0.342252
783	783	-21.2156
784	784	4.9679
785	785	-25.5331
786	786	-3.56735
787	787	-17.3499
788	788	8.04965
789	789	-21.4869
790	790	-4.49515
791	791	14.4978
792	792	-24.0275
793	793	-1.75089
794	794	16.7837
795	795	3.22131
796	796	-6.6325
797	797	-6.27511
798	798	7.39013
799	799	-31.5876
800	800	3.71148
801	801	8.04966
802	802	23.5858
803	803	6.25379
804	804	15.3183
805	805	5.04964
806	806	-10.4456
807	807	-5.11311
808	808	-1.93978
809	809	10.6825
810	810	11.5802
811	811	-25.2054
812	812	16.4644
813	813	-20.2024
814	814	1.84304
815	815	-14.1733
816	816	-15.137
817	817	-11.3283
818	818	11.5124
819	819	2.72679
820	820	-3.5258
821	821	0.662703
822	822	-19.0354
823	823	17.4317
824	824	-10.437
825	825	0.479612
826	826	-19.511
827	827	-12.043
828	828	-0.589059
829	829	1.80296
830	830	22.0267
831	831	-3.52364
832	832	5.40664
833	833	-10.356
834	834	-4.56831
835	835	4.0045
836	836	17.3358
837	837	4.02564
838	838	9.1199
839	839	4.63398
840	840	4.85158
841	841	17.3746
842	842	-7.76929
843	843	14.3903
844	844	14.074
845	845	19.4554
846	846	5.38606
847	847	-1.48397
848	848	-0.013924
849	849	-2.99646
850	850	-5.30939
851	851	29.3781
852	852	14.2652
853	853	-0.0637968
854	854	0.464433
855	855	4.54774
856	856	-16.2292
857	857	-9.83735
858	858	3.84399
859	859	-11.1731
860	860	29.3195
861	861	16.5154
862	862	14.8263
863	863	25.3581
864	864	-8.38527
865	865	-17.38
866	866	-12.4707
867	867	-24.998
868	868	-26.6329
869	869	6.95773
870	870	26.191
871	871	5.27858
872	872	11.8653
873	873	4.50528
874	874	-14.3059
875	875	-3.84329
876	876	5.87419
877	877	-31.3636
878	878	-12.3154
879	879	-19.7999
880	880	13.1033
881	881	-6.18027
882	882	23.2798
883	883	13.4814
884	884	1.09797
885	885	13.9621
886	886	5.43895
887	887	8.41566
888	888	4.12051
889	889	-3.8889
890	890	2.76746
891	891	12.5487
892	892	-22.5989
893	893	3.2119
894	894	-27.1299
895	895	18.865
896	896	-7.01642
897	897	-9.88495
898	898	-12.176
899	899	-3.68587
900	900	-13.62
901	901	2.39876
902	902	16.9568
903	903	-7.66183
904	904	18.246
905	905	-25.297
906	906	-22.7552
907	907	-4.13883
908	908	-4.6469
909	909	-36.292
910	910	0.676075
911	911	-18.3217
912	912	-27.6755
913	913	-1.14735
914	914	30.9407
915	915	7.04189
916	916	-9.33629
917	917	17.6993
918	918	8.69971
919	919	-13.6687
920	920	1.14434
921	921	10.7805
922	922	-21.1993
923	923	-19.3426
924	924	-6.69599
925	925	4.92785
926	926	-5.76726
927	927	-7.81567
928	928	-7.55461
929	929	0.908439
930	930	34.5004
931	931	-32.0591
932	932	10.4332
933	933	13.5265
934	934	-8.02299
935	935	29.714
936	936	22.7539
937	937	-12.0051
938	938	22.5704
939	939	19.4372
940	940	1.42335
941	941	34.4233
942	942	-31.2209
943	943	19.9963
944	944	30.3051
945	945	15.2375
946	946	18.939
947	947	37.6532
948	948	4.97726
949	949	-4.2656
950	950	18.4099
951	951	-7.42984
952	952	19.5068
953	953	-3.71987
954	954	26.3999
955	955	12.7459
956	956	32.8213
957	957	-28.115
958	958	24.4382
959	959	0.419204
960	960	-8.16326
961	961	13.6105
962	962	3.24151
963	963	-17.0816
964	964	-25.2869
965	965	-9.73732
966	966	-24.8292
967	967	5.69643
968	968	-23.357
969	969	22.9611
970	970	-10.0522
971	971	-10.4179
972	972	17.1558
973	973	1.64744
974	974	9.42204
975	975	11.8783
976	976	-1.63795
977	977	19.8483
978	978	5.4835
979	979	5.5151
980	980	9.49517
981	981	1.83337
982	982	-10.0976
983	983	3.50636
984	984	0.574267
985	985	-3.42732
986	986	-24.8849
987	987	11.4095
988	988	29.9422
989	989	9.6992
990	990	-4.04695
991	991	-17.4463
992	992	25.7892
993	993	-22.1014
994	994	-14.9928
995	995	-0.904316
996	996	26.1498
997	997	-0.657025
998	998	15.9845
999	999	5.10179
1000	1000	-17.0353
1001	1001	-30.6693
1002	1002	-17.7776
1003	1003	-15.293
1004	1004	-17.6682
1005	1005	-30.1481
1006	1006	18.8744
1007	1007	-2.72704
1008	1008	-10.4012
1009	1009	4.81627
1010	1010	31.0534
1011	1011	10.0524
1012	1012	-17.258
1013	1013	14.1761
1014	1014	2.62066
1015	1015	10.2559
1016	1016	-12.3059
1017	1017	-15.4105
1018	1018	-12.3453
1019	1019	10.5783
1020	1020	-9.2355
1021	1021	12.2186
1022	1022	-8.59902
1023	1023	13.697
1024	1024	14.7356
1025	1025	-7.98236
1026	1026	-8.33939
1027	1027	-16.0591
1028	1028	17.9997
1029	1029	3.4756
1030	1030	-12.1309
1031	1031	5.15984
1032	1032	-7.68667
1033	1033	22.2105
1034	1034	33.8248
1035	1035	-9.79565
1036	1036	12.6205
1037	1037	2.69779
1038	1038	-5.91609
1039	1039	-7.95936
1040	1040	-11.5363
1041	1041	-10.1815
1042	1042	12.0297
1043	1043	-6.89362
1044	1044	-14.7175
1045	1045	-20.677
1046	1046	-7.79775
1047	1047	-0.1151
1048	1048	6.26643
1049	1049	-8.61367
1050	1050	20.2669
1051	1051	3.3572
1052	1052	31.6531
1053	1053	-11.6707
1054	1054	-2.29972
1055	1055	5.68188
1056	1056	28.9488
1057	1057	-20.7867
1058	1058	-12.9361
1059	1059	1.27386
1060	1060	-16.4091
1061	1061	23.5835
1062	1062	-2.48184
1063	1063	-10.1481
1064	1064	-1.62741
1065	1065	13.7489
1066	1066	-34.2055
1067	1067	4.38602
1068	1068	-16.5507
1069	1069	11.1564
1070	1070	-14.4843
1071	1071	8.51719
1072	1072	-0.641691
1073	1073	11.1962
1074	1074	-1.99189
1075	1075	11.9946
1076	1076	13.394
1077	1077	-0.849487
1078	1078	-36.4587
1079	1079	-20.1714
1080	1080	17.3153
1081	1081	-18.4535
1082	1082	-11.4134
1083	1083	-2.61215
1084	1084	21.1729
1085	1085	-1.71134
1086	1086	12.4029
1087	1087	-5.65563
1088	1088	14.2882
1089	1089	-29.2478
1090	1090	32.781
1091	1091	12.8843
1092	1092	-2.65169
1093	1093	19.4606
1094	1094	4.63092
1095	1095	18.7011
1096	1096	8.84984
1097	1097	-1.88513
1098	1098	-23.8405
1099	1099	-5.68996
1100	1100	0.77515
1101	1101	-5.86483
1102	1102	-8.6783
1103	1103	11.9662
1104	1104	-7.13095
1105	1105	-10.3726
1106	1106	1.74622
1107	1107	0.0676115
1108	1108	-19.7876
1109	1109	19.8016
1110	1110	-5.75726
1111	1111	35.8245
1112	1112	-12.4197
1113	1113	26.7663
1114	1114	4.3129
1115	1115	-23.9209
1116	1116	-4.61917
1117	1117	16.7897
1118	1118	3.6605
1119	1119	-2.60015
1120	1120	11.8426
1121	1121	-15.9981
1122	1122	20.0089
1123	1123	-15.3107
1124	1124	-18.4233
1125	1125	17.4276
1126	1126	16.272
1127	1127	6.19537
1128	1128	5.3733
1129	1129	6.88426
1130	1130	-5.15259
1131	1131	-0.171596
1132	1132	-37.7787
1133	1133	13.1733
1134	1134	8.42219
1135	1135	10.3292
1136	1136	9.0718
1137	1137	-4.58155
1138	1138	27.7913
1139	1139	35.2014
1140	1140	18.4853
1141	1141	-8.16335
1142	1142	-3.11354
1143	1143	0.890532
1144	1144	9.42509
1145	1145	-1.13517
1146	1146	-10.3299
1147	1147	-9.7936
1148	1148	-7.38542
1149	1149	8.72857
1150	1150	-18.6531
1151	1151	20.4387
1152	1152	-8.55457
1153	1153	1.07477
1154	1154	-19.5792
1155	1155	4.81801
1156	1156	7.41418
1157	1157	-5.63442
1158	1158	-5.83727
1159	1159	12.9913
1160	1160	7.53866
1161	1161	-4.732
1162	1162	22.3298
1163	1163	-15.444
1164	1164	3.3035
1165	1165	29.533
1166	1166	11.5167
1167	1167	-15.5813
1168	1168	15.0673
1169	1169	-5.6192
1170	1170	17.8856
1171	1171	-16.9844
1172	1172	25.2622
1173	1173	-6.45318
1174	1174	-11.7021
1175	1175	22.3451
1176	1176	-9.08828
1177	1177	-1.05259
1178	1178	-10.1779
1179	1179	13.2824
1180	1180	2.12108
1181	1181	15.4718
1182	1182	-11.4648
1183	1183	16.5955
1184	1184	-6.98427
1185	1185	31.4045
1186	1186	19.8952
1187	1187	6.75156
1188	1188	43.8866
1189	1189	-19.628
1190	1190	17.5797
1191	1191	-16.3764
1192	1192	8.78078
1193	1193	9.69754
1194	1194	-25.2092
1195	1195	-8.34676
1196	1196	-12.9546
1197	1197	-1.48998
1198	1198	-8.00797
1199	1199	9.20643
1200	1200	6.20194
1201	1201	-7.65957
1202	1202	-4.52812
1203	1203	-15.1725
1204	1204	-30.9939
1205	1205	-3.15004
1206	1206	25.7677
1207	1207	2.3204
1208	1208	0.516321
1209	1209	-6.48399
1210	1210	0.00342702
1211	1211	-3.85436
1212	1212	-19.5627
1213	1213	-4.78899
1214	1214	-2.52902
1215	1215	7.92884
1216	1216	1.82763
1217	1217	-19.4155
1218	1218	-22.561
1219	1219	24.3112
1220	1220	-3.63962
1221	1221	12.9845
1222	1222	-23.7911
1223	1223	-16.6616
1224	1224	-6.3337
1225	1225	11.6409
1226	1226	8.55853
1227	1227	1.72187
1228	1228	13.1112
1229	1229	-4.02113
1230	1230	-0.631538
1231	1231	5.57616
1232	1232	-37.6399
1233	1233	27.8187
1234	1234	-4.11066
1235	1235	-8.76617
1236	1236	3.67565
1237	1237	-9.31497
1238	1238	-3.98159
1239	1239	-6.74704
1240	1240	-13.4904
1241	1241	-32.0033
1242	1242	-9.76971
1243	1243	-5.28218
1244	1244	-12.0591
1245	1245	-2.3511
1246	1246	-3.41187
1247	1247	-8.08529
1248	1248	12.7055
1249	1249	-5.70834
1250	1250	-5.74019
1251	1251	-11.734
1252	1252	21.5636
1253	1253	-0.426788
1254	1254	-13.9938
1255	1255	-13.1144
1256	1256	21.9652
1257	1257	-6.92501
1258	1258	38.6335
1259	1259	-8.73432
1260	1260	10.1417
1261	1261	-18.8174
1262	1262	-6.57539
1263	1263	-17.0959
1264	1264	-10.1457
1265	1265	-2.26917
1266	1266	-28.0788
1267	1267	9.61361
1268	1268	3.36475
1269	1269	-8.30115
1270	1270	-10.4318
1271	1271	-9.6476
1272	1272	-2.09777
1273	1273	-5.86617
1274	1274	28.4288
1275	1275	3.87775
1276	1276	7.92862
1277	1277	10.3124
1278	1278	-0.0652084
1279	1279	8.08774
1280	1280	-2.70129
1281	1281	-9.97036
1282	1282	-5.7939
1283	1283	-0.0539501
1284	1284	15.7308
1285	1285	-14.3118
1286	1286	12.9309
1287	1287	-7.8179
1288	1288	1.8683
1289	1289	8.83855
1290	1290	0.873537
1291	1291	6.03924
1292	1292	5.80844
1293	1293	-3.05763
1294	1294	1.95555
1295	1295	-36.4018
1296	1296	16.4715
1297	1297	34.2068
1298	1298	9.41354
1299	1299	3.81114
1300	1300	2.09948
1301	1301	10.2363
1302	1302	8.09753
1303	1303	-31.5914
1304	1304	-10.2064
1305	1305	0.181135
1306	1306	-22.2469
1307	1307	13.3198
1308	1308	38.6761
1309	1309	-24.1965
1310	1310	-15.3641
1311	1311	11.0235
1312	1312	-13.5046
1313	1313	-0.042287
1314	1314	25.4435
1315	1315	-29.6533
1316	1316	-9.30485
1317	1317	15.7225
1318	1318	-1.98191
1319	1319	-4.21555
1320	1320	-12.8581
1321	1321	3.40441
1322	1322	-4.93498
1323	1323	-10.5943
1324	1324	-3.26755
1325	1325	-10.0188
1326	1326	8.04106
1327	1327	-17.3857
1328	1328	4.78057
1329	1329	13.6859
1330	1330	9.43433
1331	1331	-8.81431
1332	1332	-10.7823
1333	1333	23.065
1334	1334	0.128209
1335	1335	9.86738
1336	1336	23.9362
1337	1337	-21.5694
1338	1338	27.1623
1339	1339	-20.2024
1340	1340	-17.7459
1341	1341	-3.23214
1342	1342	28.1954
1343	1343	28.6561
1344	1344	-12.1373
1345	1345	1.00923
1346	1346	31.4375
1347	1347	-11.1471
1348	1348	32.8248
1349	1349	5.89495
1350	1350	13.4593
1351	1351	1.30569
1352	1352	3.06708
1353	1353	15.4332
1354	1354	15.6035
1355	1355	-4.85617
1356	1356	-3.43009
1357	1357	18.8843
1358	1358	8.53764
1359	1359	-25.8343
1360	1360	25.9991
1361	1361	10.1725
1362	1362	-20.7972
1363	1363	-6.39004
1364	1364	15.8155
1365	1365	-5.00366
1366	1366	17.9427
1367	1367	-15.9604
1368	1368	-1.33773
1369	1369	7.95083
1370	1370	14.9301
1371	1371	10.512
1372	1372	3.16807
1373	1373	6.42472
1374	1374	21.7262
1375	1375	28.933
1376	1376	-18.0752
1377	1377	19.6464
1378	1378	14.2535
1379	1379	6.16334
1380	1380	8.23084
1381	1381	-18.4622
1382	1382	-3.66149
1383	1383	-3.82513
1384	1384	-18.708
1385	1385	-8.04253
1386	1386	-18.5523
1387	1387	-21.1122
1388	1388	5.60498
1389	1389	21.3063
1390	1390	-16.3719
1391	1391	22.1641
1392	1392	33.3812
1393	1393	-17.3228
1394	1394	-7.91771
1395	1395	34.3257
1396	1396	-3.10763
1397	1397	-19.8505
1398	1398	-31.6263
1399	1399	-15.2893
1400	1400	11.0383
1401	1401	-2.99562
1402	1402	-7.27334
1403	1403	-11.4499
1404	1404	-8.70132
1405	1405	-7.02094
1406	1406	4.32306
1407	1407	21.7714
1408	1408	-9.10905
1409	1409	8.62082
1410	1410	-31.9395
1411	1411	15.485
1412	1412	9.73334
1413	1413	16.8665
1414	1414	25.029
1415	1415	-18.1723
1416	1416	14.4272
1417	1417	-36.4754
1418	1418	-15.712
1419	1419	5.81413
1420	1420	1.99963
1421	1421	10.0418
1422	1422	-21.0985
1423	1423	-10.7436
1424	1424	-3.60905
1425	1425	36.7393
1426	1426	7.70476
1427	1427	-8.76647
1428	1428	-6.58789
1429	1429	22.8062
1430	1430	5.91019
1431	1431	-13.4634
1432	1432	2.26831
1433	1433	-4.63828
1434	1434	10.9515
1435	1435	-3.7755
1436	1436	-2.66378
1437	1437	14.7495
1438	1438	-13.2168
1439	1439	6.4647
1440	1440	-26.1742
1441	1441	-6.34376
1442	1442	-0.208144
1443	1443	3.54416
1444	1444	-18.2854
1445	1445	22.5449
1446	1446	-6.77746
1447	1447	-2.54202
1448	1448	0.821653
1449	1449	2.51064
1450	1450	-21.8825
1451	1451	4.64144
1452	1452	-28.3015
1453	1453	-8.86141
1454	1454	12.3397
1455	1455	-12.8932
1456	1456	-27.1128
1457	1457	-8.617
1458	1458	30.8073
1459	1459	-14.9719
1460	1460	16.6
1461	1461	20.125
1462	1462	-19.9528
1463	1463	10.654
1464	1464	-9.16088
1465	1465	-13.442
1466	1466	-17.6536
1467	1467	7.86581
1468	1468	1.159
1469	1469	-0.783956
1470	1470	-17.4217
1471	1471	-2.81388
1472	1472	20.7023
1473	1473	-3.89841
1474	1474	14.8951
1475	1475	0.451276
1476	1476	9.58285
1477	1477	2.44292
1478	1478	-12.7135
1479	1479	5.1949
1480	1480	14.4653
1481	1481	-26.0968
1482	1482	21.0351
1483	1483	2.29564
1484	1484	-12.9951
1485	1485	-24.2842
1486	1486	13.9947
1487	1487	4.96769
1488	1488	30.9752
1489	1489	-9.76365
1490	1490	-11.5554
1491	1491	-14.6179
1492	1492	2.55764
1493	1493	-2.62413
1494	1494	1.08427
1495	1495	1.0414
1496	1496	3.15708
1497	1497	-9.29015
1498	1498	13.2227
1499	1499	-0.356655
1500	1500	-8.63766
1501	1501	-8.19343
1502	1502	5.17338
1503	1503	22.0093
1504	1504	-15.9046
1505	1505	10.0045
1506	1506	-6.63119
1507	1507	-10.0442
1508	1508	28.9559
1509	1509	0.933689
1510	1510	14.4883
1511	1511	-11.3132
1512	1512	-6.78726
1513	1513	4.48627
1514	1514	0.67513
1515	1515	-33.5485
1516	1516	7.26054
1517	1517	-40.987
1518	1518	27.4161
1519	1519	-6.45544
1520	1520	-1.87154
1521	1521	-33.9939
1522	1522	19.8879
1523	1523	-12.8825
1524	1524	2.34154
1525	1525	-11.0812
1526	1526	-14.8587
1527	1527	-22.1466
1528	1528	-9.49523
1529	1529	5.15879
1530	1530	13.3368
1531	1531	1.48585
1532	1532	1.37379
1533	1533	8.38458
1534	1534	-5.72048
1535	1535	17.1843
1536	1536	-0.970423
1537	1537	-1.49048
1538	1538	11.8242
1539	1539	-17.7375
1540	1540	11.2827
1541	1541	8.19011
1542	1542	7.74613
1543	1543	-16.0562
1544	1544	-10.1037
1545	1545	22.0161
1546	1546	-16.7817
1547	1547	29.1263
1548	1548	11.9745
1549	1549	-10.2334
1550	1550	-11.3344
1551	1551	18.5749
1552	1552	-17.558
1553	1553	-12.5407
1554	1554	-3.99017
1555	1555	18.1384
1556	1556	17.9017
1557	1557	-2.8701
1558	1558	28.8922
1559	1559	0.0363617
1560	1560	-11.4376
1561	1561	20.9832
1562	1562	-3.68118
1563	1563	8.51386
1564	1564	-4.24631
1565	1565	6.4462
1566	1566	-11.5372
1567	1567	-30.5688
1568	1568	-4.01726
1569	1569	11.8733
1570	1570	-28.8801
1571	1571	-33.3441
1572	1572	7.92357
1573	1573	11.4921
1574	1574	21.0984
1575	1575	26.7282
1576	1576	-12.6891
1577	1577	-18.0504
1578	1578	7.5135
1579	1579	-17.0144
1580	1580	32.4123
1581	1581	4.57795
1582	1582	-22.6606
1583	1583	-20.463
1584	1584	-8.97871
1585	1585	29.0789
1586	1586	-28.2274
1587	1587	18.1822
1588	1588	-17.5698
1589	1589	19.2483
1590	1590	-13.6136
1591	1591	14.0638
1592	1592	18.528
1593	1593	-0.889124
1594	1594	17.0887
1595	1595	12.7156
1596	1596	9.62108
1597	1597	20.2813
1598	1598	-10.7846
1599	1599	-2.74415
1600	1600	-2.69467
1601	1601	2.63367
1602	1602	-4.72806
1603	1603	12.858
1604	1604	-5.81813
1605	1605	-15.2682
1606	1606	1.78382
1607	1607	5.32845
1608	1608	-7.67901
1609	1609	4.0328
1610	1610	4.90995
1611	1611	-3.8091
1612	1612	-15.359
1613	1613	2.60498
1614	1614	-11.9263
1615	1615	-0.757341
1616	1616	-3.90716
1617	1617	-29.8204
1618	1618	-1.3196
1619	1619	6.62082
1620	1620	-8.29614
1621	1621	-37.9051
1622	1622	10.3223
1623	1623	15.0855
1624	1624	35.9654
1625	1625	18.826
1626	1626	-1.9543
1627	1627	-8.86688
1628	1628	-9.48698
1629	1629	-2.2992
1630	1630	0.838481
1631	1631	20.9099
1632	1632	-1.71836
1633	1633	-17.3921
1634	1634	-16.4544
1635	1635	4.53036
1636	1636	-14.6656
1637	1637	16.0623
1638	1638	2.03757
1639	1639	-28.0678
1640	1640	-7.90967
1641	1641	20.9828
1642	1642	12.02
1643	1643	8.65793
1644	1644	0.289823
1645	1645	21.7488
1646	1646	28.9029
1647	1647	-2.42497
1648	1648	-5.92857
1649	1649	15.4204
1650	1650	-7.24477
1651	1651	-8.2673
1652	1652	-19.7664
1653	1653	-14.8103
1654	1654	-3.58919
1655	1655	-16.1793
1656	1656	15.248
1657	1657	13.6896
1658	1658	14.6067
1659	1659	-5.88346
1660	1660	-10.2229
1661	1661	5.44662
1662	1662	3.76474
1663	1663	-12.8642
1664	1664	-9.31704
1665	1665	18.4298
1666	1666	-6.15781
1667	1667	-10.9652
1668	1668	-15.7195
1669	1669	-6.13532
1670	1670	30.4319
1671	1671	-11.8281
1672	1672	-17.1309
1673	1673	-0.0437317
1674	1674	11.0605
1675	1675	-15.7157
1676	1676	-16.7275
1677	1677	0.666534
1678	1678	17.4666
1679	1679	25.1486
1680	1680	-17.7345
1681	1681	-15.8581
1682	1682	0.196034
1683	1683	4.57003
1684	1684	16.5504
1685	1685	11.3736
1686	1686	8.0173
1687	1687	-16.5086
1688	1688	-14.997
1689	1689	20.746
1690	1690	12.3166
1691	1691	12.0083
1692	1692	-33.1721
1693	1693	-17.5007
1694	1694	-9.04978
1695	1695	0.19568
1696	1696	6.91665
1697	1697	-3.10926
1698	1698	26.458
1699	1699	12.9828
1700	1700	7.01647
1701	1701	41.032
1702	1702	0.0148379
1703	1703	20.219
1704	1704	4.46727
1705	1705	15.7011
1706	1706	11.9612
1707	1707	-6.7053
1708	1708	-12.7486
1709	1709	-9.42777
1710	1710	-1.86443
1711	1711	-30.718
1712	1712	-5.93715
1713	1713	26.1992
1714	1714	6.8083
1715	1715	-1.18044
1716	1716	-4.76396
1717	1717	-0.296622
1718	1718	-2.39861
1719	1719	-10.3185
1720	1720	5.15631
1721	1721	-5.31335
1722	1722	-5.37508
1723	1723	-19.7453
1724	1724	9.44058
1725	1725	-6.28066
1726	1726	34.0498
1727	1727	-35.8823
1728	1728	19.3878
1729	1729	25.3478
1730	1730	15.9994
1731	1731	-3.88168
1732	1732	8.13732
1733	1733	-25.2426
1734	1734	-2.31989
1735	1735	-11.0707
1736	1736	0.114969
1737	1737	-18.7612
1738	1738	17.7866
1739	1739	-18.043
1740	1740	13.0063
1741	1741	-21.1641
1742	1742	-7.46377
1743	1743	-9.18042
1744	1744	6.82578
1745	1745	14.0491
1746	1746	-17.8509
1747	1747	-16.4212
1748	1748	9.86204
1749	1749	14.2495
1750	1750	-0.674072
1751	1751	-4.10741
1752	1752	-9.80532
1753	1753	-24.9276
1754	1754	-37.8512
1755	1755	16.8382
1756	1756	-25.4162
1757	1757	-14.3336
1758	1758	-12.7992
1759	1759	-3.96301
1760	1760	-2.11059
1761	1761	-15.7764
1762	1762	-34.1583
1763	1763	-7.0338
1764	1764	6.38376
1765	1765	12.9303
1766	1766	-0.788562
1767	1767	-9.66521
1768	1768	25.9557
1769	1769	-10.9171
1770	1770	-10.8825
1771	1771	-0.436663
1772	1772	-10.5192
1773	1773	5.5531
1774	1774	-6.32075
1775	1775	15.4535
1776	1776	-22.6161
1777	1777	-1.90413
1778	1778	-2.07666
1779	1779	-12.0486
1780	1780	19.1221
1781	1781	-10.7431
1782	1782	1.65302
1783	1783	11.4977
1784	1784	-30.3631
1785	1785	4.96262
1786	1786	4.37046
1787	1787	15.5194
1788	1788	-21.0093
1789	1789	-6.87423
1790	1790	-2.65761
1791	1791	-4.10522
1792	1792	-26.4791
1793	1793	8.79139
1794	1794	-19.3441
1795	1795	-8.87043
1796	1796	-15.8642
1797	1797	-13.9645
1798	1798	-5.36183
1799	1799	-27.0752
1800	1800	5.19783
1801	1801	5.50294
1802	1802	-8.59177
1803	1803	0.412424
1804	1804	13.0247
1805	1805	16.671
1806	1806	13.6141
1807	1807	-14.9282
1808	1808	-8.09086
1809	1809	1.24403
1810	1810	-0.608645
1811	1811	24.7686
1812	1812	-27.6796
1813	1813	10.7263
1814	1814	-16.8644
1815	1815	4.42633
1816	1816	15.9453
1817	1817	8.85201
1818	1818	32.5816
1819	1819	-21.0249
1820	1820	-0.824731
1821	1821	-8.49025
1822	1822	-12.9412
1823	1823	-0.979365
1824	1824	-1.28811
1825	1825	-7.68602
1826	1826	-11.9751
1827	1827	7.86793
1828	1828	5.78246
1829	1829	27.3044
1830	1830	0.966894
1831	1831	1.50218
1832	1832	13.9209
1833	1833	-7.41997
1834	1834	-10.4783
1835	1835	-10.0062
1836	1836	-3.89775
1837	1837	19.246
1838	1838	28.8466
1839	1839	-23.9515
1840	1840	6.96716
1841	1841	31.7578
1842	1842	-17.5276
1843	1843	14.8145
1844	1844	4.24274
1845	1845	5.08387
1846	1846	-13.3977
1847	1847	28.767
1848	1848	6.54942
1849	1849	21.2002
1850	1850	2.71594
1851	1851	-14.8617
1852	1852	-2.73301
1853	1853	-28.1601
1854	1854	11.8076
1855	1855	13.4021
1856	1856	2.49238
1857	1857	-7.51333
1858	1858	10.1506
1859	1859	6.18654
1860	1860	10.8304
1861	1861	14.6126
1862	1862	-28.5963
1863	1863	-31.9062
1864	1864	-23.4455
1865	1865	-24.824
1866	1866	-18.412
1867	1867	-1.33886
1868	1868	-15.1022
1869	1869	-12.5372
1870	1870	9.79362
1871	1871	-7.13377
1872	1872	-9.53782
1873	1873	-2.82005
1874	1874	-5.70961
1875	1875	12.2272
1876	1876	4.90855
1877	1877	-14.6536
1878	1878	6.08891
1879	1879	-15.4575
1880	1880	-0.84487
1881	1881	-9.40794
1882	1882	-21.8482
1883	1883	-5.35912
1884	1884	-13.9464
1885	1885	2.55368
1886	1886	-3.08931
1887	1887	-5.87379
1888	1888	-23.2623
1889	1889	19.3624
1890	1890	-5.93495
1891	1891	5.77265
1892	1892	4.86112
1893	1893	-43.159
1894	1894	-2.20909
1895	1895	6.03715
1896	1896	-4.50595
1897	1897	-8.85694
1898	1898	-21.0924
1899	1899	-14.564
1900	1900	-13.3248
1901	1901	-5.50695
1902	1902	-4.45009
1903	1903	0.722713
1904	1904	-0.142777
1905	1905	24.4759
1906	1906	-7.5493
1907	1907	1.56786
1908	1908	11.1732
1909	1909	18.7959
1910	1910	3.81284
1911	1911	7.63124
1912	1912	-4.38276
1913	1913	-28.5024
1914	1914	-24.2584
1915	1915	0.702237
1916	1916	4.65233
1917	1917	-15.8899
1918	1918	-10.1905
1919	1919	-0.42207
1920	1920	-14.8214
1921	1921	0.830821
1922	1922	17.3013
1923	1923	9.8707
1924	1924	15.5984
1925	1925	15.5848
1926	1926	2.62976
1927	1927	28.0833
1928	1928	-15.222
1929	1929	-6.85712
1930	1930	7.81414
1931	1931	6.91395
1932	1932	-33.4014
1933	1933	-0.91935
1934	1934	10.6031
1935	1935	-3.24221
1936	1936	2.83946
1937	1937	4.9394
1938	1938	-14.2074
1939	1939	14.4921
1940	1940	-16.2977
1941	1941	-21.8505
1942	1942	36.0193
1943	1943	-17.6605
1944	1944	-24.2576
1945	1945	9.51051
1946	1946	-4.26672
1947	1947	-5.03398
1948	1948	19.3699
1949	1949	-19.5928
1950	1950	-2.51783
1951	1951	3.02678
1952	1952	28.4432
1953	1953	4.52539
1954	1954	-6.02077
1955	1955	-15.0293
1956	1956	15.9743
1957	1957	7.7863
1958	1958	10.4564
1959	1959	-3.65797
1960	1960	-22.5299
1961	1961	28.8888
1962	1962	-8.5138
1963	1963	-15.046
1964	1964	12.0103
1965	1965	-19.5379
1966	1966	-32.8953
1967	1967	13.5495
1968	1968	-18.1415
1969	1969	-12.04
1970	1970	-25.5594
1971	1971	-10.0534
1972	1972	9.23761
1973	1973	3.85834
1974	1974	-1.78834
1975	1975	-1.90009
1976	1976	8.46928
1977	1977	-14.1584
1978	1978	1.87452
1979	1979	25.7697
1980	1980	-30.0803
1981	1981	8.73114
1982	1982	14.1278
1983	1983	25.3486
1984	1984	-25.1063
1985	1985	12.0163
1986	1986	16.2328
1987	1987	16.1076
1988	1988	3.55572
1989	1989	-30.4345
1990	1990	-15.9739
1991	1991	-8.95012
1992	1992	-8.36358
1993	1993	10.0303
1994	1994	-15.1625
1995	1995	0.86612
1996	1996	-27.6417
1997	1997	-12.0459
1998	1998	21.2148
1999	1999	-2.46841
2000	2000	-2.18131
2001	2001	-7.30165
2002	2002	-27.3847
2003	2003	-11.4301
2004	2004	39.1724
2005	2005	-2.77496
2006	2006	10.6767
2007	2007	23.3693
2008	2008	6.51099
2009	2009	-20.0868
2010	2010	12.5872
2011	2011	28.7797
2012	2012	2.01108
2013	2013	10.1942
2014	2014	-26.7472
2015	2015	0.0958745
2016	2016	-18.4336
2017	2017	-13.1467
2018	2018	15.6601
2019	2019	-18.7757
2020	2020	11.322
2021	2021	-12.4012
2022	2022	11.9861
2023	2023	-0.248216
2024	2024	7.61724
2025	2025	-4.61248
2026	2026	1.95438
2027	2027	18.5787
2028	2028	-14.0796
2029	2029	-8.05503
2030	2030	19.424
2031	2031	-3.69252
2032	2032	-22.8864
2033	2033	13.9203
2034	2034	-3.41445
2035	2035	-2.62686
2036	2036	-1.53112
2037	2037	17.0176
2038	2038	12.0064
2039	2039	-3.60894
2040	2040	0.935711
2041	2041	6.76197
2042	2042	10.3148
2043	2043	-11.6831
2044	2044	-14.821
2045	2045	11.3583
2046	2046	9.08874
2047	2047	3.68557
2048	2048	18.1417
2049	2049	9.47229
2050	2050	-11.7351
2051	2051	11.2291
2052	2052	-4.9419
2053	2053	1.94503
2054	2054	6.29881
2055	2055	4.30815
2056	2056	9.34066
2057	2057	-4.08629
2058	2058	1.43591
2059	2059	9.83275
2060	2060	-30.1031
2061	2061	-9.85297
2062	2062	12.4989
2063	2063	0.315582
2064	2064	18.6109
2065	2065	13.6026
2066	2066	-41.3581
2067	2067	-6.11558
2068	2068	-3.91616
2069	2069	0.0625015
2070	2070	-0.531293
2071	2071	-9.64649
2072	2072	19.2848
2073	2073	4.40775
2074	2074	17.4443
2075	2075	-37.3001
2076	2076	-5.9772
2077	2077	-7.47432
2078	2078	4.83431
2079	2079	-4.00963
2080	2080	24.4359
2081	2081	7.77861
2082	2082	17.7982
2083	2083	-19.7791
2084	2084	13.4036
2085	2085	-30.7383
2086	2086	-8.37421
2087	2087	3.97669
2088	2088	-26.7928
2089	2089	10.808
2090	2090	18.875
2091	2091	24.4744
2092	2092	6.02989
2093	2093	13.1888
2094	2094	7.31726
2095	2095	6.95877
2096	2096	-9.10075
2097	2097	19.577
2098	2098	-13.7318
2099	2099	6.51525
2100	2100	8.1004
2101	2101	12.8243
2102	2102	-33.79
2103	2103	4.40888
2104	2104	20.1192
2105	2105	3.61102
2106	2106	2.99329
2107	2107	-11.5512
2108	2108	21.8416
2109	2109	15.2259
2110	2110	-16.2104
2111	2111	-7.07166
2112	2112	14.9363
2113	2113	-8.25924
2114	2114	-15.8797
2115	2115	24.1939
2116	2116	-21.0655
2117	2117	-16.924
2118	2118	-0.329698
2119	2119	35.098
2120	2120	16.6665
2121	2121	13.6305
2122	2122	23.725
2123	2123	9.19415
2124	2124	-4.53407
2125	2125	8.82667
2126	2126	-24.8548
2127	2127	18.3129
2128	2128	-35.8483
2129	2129	39.1706
2130	2130	-10.6784
2131	2131	-5.3926
2132	2132	-22.7057
2133	2133	12.9754
2134	2134	-23.3571
2135	2135	29.8845
2136	2136	-8.85984
2137	2137	-19.0403
2138	2138	3.92649
2139	2139	-27.1313
2140	2140	11.7175
2141	2141	9.21451
2142	2142	28.5694
2143	2143	-16.7369
2144	2144	8.84658
2145	2145	5.09833
2146	2146	13.8658
2147	2147	12.1161
2148	2148	-13.4372
2149	2149	-4.00466
2150	2150	-17.8109
2151	2151	8.81126
2152	2152	-21.1273
2153	2153	21.1419
2154	2154	39.1784
2155	2155	16.2658
2156	2156	-30.8911
2157	2157	2.77563
2158	2158	-20.8909
2159	2159	29.3582
2160	2160	26.0797
2161	2161	26.1769
2162	2162	0.34312
2163	2163	-3.14098
2164	2164	26.5491
2165	2165	1.02732
2166	2166	7.17039
2167	2167	5.1859
2168	2168	-18.1863
2169	2169	17.6883
2170	2170	6.16922
2171	2171	-33.5275
2172	2172	-26.3199
2173	2173	-5.42297
2174	2174	1.8337
2175	2175	-29.1411
2176	2176	16.4219
2177	2177	-12.2687
2178	2178	-7.23252
2179	2179	-4.65935
2180	2180	-20.4505
2181	2181	-17.0449
2182	2182	11.7136
2183	2183	-8.14589
2184	2184	-9.39324
2185	2185	-7.48621
2186	2186	-5.42095
2187	2187	18.7098
2188	2188	26.7155
2189	2189	-10.0377
2190	2190	19.7255
2191	2191	11.9973
2192	2192	-6.74713
2193	2193	-2.78193
2194	2194	1.26804
2195	2195	5.03895
2196	2196	-0.0616243
2197	2197	7.43007
2198	2198	-6.17693
2199	2199	28.5809
2200	2200	22.5236
2201	2201	13.8197
2202	2202	-14.9993
2203	2203	8.77899
2204	2204	6.04463
2205	2205	-17.5333
2206	2206	13.973
2207	2207	4.49378
2208	2208	9.18358
2209	2209	12.0701
2210	2210	-6.09529
2211	2211	6.72074
2212	2212	11.227
2213	2213	-19.5154
2214	2214	13.982
2215	2215	-7.46633
2216	2216	13.0547
2217	2217	21.555
2218	2218	-13.3621
2219	2219	-0.650149
2220	2220	4.17345
2221	2221	-3.95099
2222	2222	27.8702
2223	2223	-5.53832
2224	2224	17.2775
2225	2225	-0.26177
2226	2226	-2.60519
2227	2227	4.95704
2228	2228	-29.7008
2229	2229	31.4713
2230	2230	2.58962
2231	2231	-5.11316
2232	2232	-8.82387
2233	2233	-31.7022
2234	2234	9.89649
2235	2235	-3.92002
2236	2236	-5.46556
2237	2237	5.24578
2238	2238	-3.03177
2239	2239	31.2549
2240	2240	-5.37865
2241	2241	21.4289
2242	2242	-3.84629
2243	2243	-28.0841
2244	2244	-10.2916
2245	2245	-10.6536
2246	2246	-6.19852
2247	2247	4.12415
2248	2248	1.68048
2249	2249	11.8716
2250	2250	-8.54867
2251	2251	23.2265
2252	2252	-16.6723
2253	2253	-21.5865
2254	2254	-15.8093
2255	2255	5.27305
2256	2256	-7.86367
2257	2257	7.7351
2258	2258	32.828
2259	2259	3.87316
2260	2260	1.39138
2261	2261	-16.4571
2262	2262	1.31613
2263	2263	5.89496
2264	2264	0.00955792
2265	2265	-41.2377
2266	2266	-13.2787
2267	2267	11.9388
2268	2268	3.93089
2269	2269	14.6016
2270	2270	5.9953
2271	2271	-26.7788
2272	2272	-2.75421
2273	2273	-6.14804
2274	2274	-1.49146
2275	2275	5.53339
2276	2276	-16.2374
2277	2277	-24.9414
2278	2278	-5.80079
2279	2279	-1.6215
2280	2280	-23.213
2281	2281	-9.19874
2282	2282	-3.99699
2283	2283	0.305274
2284	2284	-3.84433
2285	2285	-8.18104
2286	2286	16.5876
2287	2287	-17.4315
2288	2288	-28.6014
2289	2289	14.0283
2290	2290	-4.61066
2291	2291	-2.91521
2292	2292	13.6188
2293	2293	25.1999
2294	2294	23.7266
2295	2295	-7.7708
2296	2296	3.4524
2297	2297	11.7669
2298	2298	8.97679
2299	2299	-8.6138
2300	2300	-33.7534
2301	2301	-18.6985
2302	2302	-10.0064
2303	2303	-8.39395
2304	2304	-23.6319
2305	2305	-14.1671
2306	2306	-20.0346
2307	2307	-4.45022
2308	2308	-14.8137
2309	2309	-3.23146
2310	2310	21.291
2311	2311	-1.91973
2312	2312	4.66792
2313	2313	-4.84902
2314	2314	-9.26855
2315	2315	-5.70451
2316	2316	-9.5604
2317	2317	-41.3039
2318	2318	-0.75677
2319	2319	15.3623
2320	2320	7.21033
2321	2321	-6.13575
2322	2322	9.09984
2323	2323	-21.5168
2324	2324	-26.566
2325	2325	-3.3333
2326	2326	2.91028
2327	2327	-11.4522
2328	2328	-0.583391
2329	2329	26.7271
2330	2330	1.1415
2331	2331	-23.7811
2332	2332	-18.5408
2333	2333	-13.8511
2334	2334	3.96796
2335	2335	-10.7693
2336	2336	-18.1032
2337	2337	11.3373
2338	2338	-5.42962
2339	2339	3.85144
2340	2340	-2.6159
2341	2341	-1.34082
2342	2342	-12.6581
2343	2343	-12.5951
2344	2344	1.64113
2345	2345	26.9636
2346	2346	26.3344
2347	2347	22.3856
2348	2348	7.5572
2349	2349	11.7097
2350	2350	4.81391
2351	2351	9.69116
2352	2352	41.5928
2353	2353	-14.4588
2354	2354	10.2589
2355	2355	-7.96266
2356	2356	-20.6497
2357	2357	-6.23722
2358	2358	-13.1832
2359	2359	-17.3071
2360	2360	-22.2836
2361	2361	-16.5223
2362	2362	-28.4097
2363	2363	16.8421
2364	2364	5.91946
2365	2365	-2.17216
2366	2366	-5.94824
2367	2367	-2.41779
2368	2368	2.57915
2369	2369	0.170316
2370	2370	-3.47408
2371	2371	-32.9428
2372	2372	9.07498
2373	2373	46.4387
2374	2374	-17.4792
2375	2375	1.94424
2376	2376	-9.66895
2377	2377	9.70508
2378	2378	-13.4648
2379	2379	14.3096
2380	2380	20.697
2381	2381	-14.1396
2382	2382	2.01569
2383	2383	-6.16654
2384	2384	36.8226
2385	2385	-6.14246
2386	2386	21.4684
2387	2387	-9.03632
2388	2388	11.1939
2389	2389	16.6295
2390	2390	26.2963
2391	2391	6.27128
2392	2392	2.2256
2393	2393	1.60962
2394	2394	-14.3061
2395	2395	10.5791
2396	2396	-1.33289
2397	2397	-2.90396
2398	2398	15.1553
2399	2399	-15.383
2400	2400	12.3947
2401	2401	25.54
2402	2402	-7.14066
2403	2403	-3.04054
2404	2404	-19.4612
2405	2405	-5.03417
2406	2406	0.000256332
2407	2407	-16.7688
2408	2408	5.40215
2409	2409	15.583
2410	2410	9.18805
2411	2411	1.99605
2412	2412	-12.1306
2413	2413	1.92457
2414	2414	11.7537
2415	2415	-4.40294
2416	2416	0.0657199
2417	2417	12.046
2418	2418	-8.26313
2419	2419	-5.13811
2420	2420	18.4808
2421	2421	21.0957
2422	2422	12.2839
2423	2423	-8.64399
2424	2424	26.6135
2425	2425	-22.2813
2426	2426	25.4196
2427	2427	-18.0169
2428	2428	-8.37683
2429	2429	-10.9714
2430	2430	-28.5815
2431	2431	17.7828
2432	2432	-25.1852
2433	2433	-10.8908
2434	2434	14.6439
2435	2435	22.151
2436	2436	-8.77481
2437	2437	-3.95282
2438	2438	0.973151
2439	2439	-5.1888
2440	2440	-4.53488
2441	2441	-3.48562
2442	2442	-11.5289
2443	2443	12.0347
2444	2444	-2.49095
2445	2445	-5.14798
2446	2446	-14.9811
2447	2447	-3.80953
2448	2448	-30.3745
2449	2449	-11.5467
2450	2450	6.0855
2451	2451	10.2207
2452	2452	-0.682221
2453	2453	-2.4414
2454	2454	-12.0768
2455	2455	-18.0519
2456	2456	-16.3423
2457	2457	-16.4797
2458	2458	-10.4884
2459	2459	24.1266
2460	2460	11.1639
2461	2461	-7.66733
2462	2462	26.876
2463	2463	3.79274
2464	2464	-0.00338472
2465	2465	-10.0729
2466	2466	-17.1714
2467	2467	6.80986
2468	2468	-17.486
2469	2469	-3.42891
2470	2470	1.76564
2471	2471	-7.45627
2472	2472	0.803771
2473	2473	-3.86082
2474	2474	7.64892
2475	2475	23.7415
2476	2476	12.3343
2477	2477	20.8685
2478	2478	29.9869
2479	2479	-5.86548
2480	2480	-9.37654
2481	2481	-27.5144
2482	2482	-22.8983
2483	2483	-2.0579
2484	2484	-19.8745
2485	2485	1.55227
2486	2486	-10.9505
2487	2487	10.3392
2488	2488	-22.1173
2489	2489	7.3545
2490	2490	2.26781
2491	2491	-18.2208
2492	2492	14.3894
2493	2493	2.90669
2494	2494	-19.6633
2495	2495	21.1922
2496	2496	6.51098
2497	2497	1.46657
2498	2498	-18.1296
2499	2499	7.42594
2500	2500	22.4157
2501	2501	33.8449
2502	2502	5.81568
2503	2503	-8.34904
2504	2504	-4.13477
2505	2505	8.74539
2506	2506	-10.8266
2507	2507	11.7778
2508	2508	2.82254
2509	2509	-24.143
2510	2510	-1.13164
2511	2511	15.519
2512	2512	1.90465
2513	2513	-5.21381
2514	2514	-18.8058
2515	2515	-7.57008
2516	2516	-7.6021
2517	2517	30.6225
2518	2518	10.4798
2519	2519	6.22315
2520	2520	-26.8368
2521	2521	18.8277
2522	2522	13.7904
2523	2523	-33.4291
2524	2524	26.6665
2525	2525	-0.373211
2526	2526	-3.12446
2527	2527	-20.4504
2528	2528	12.3367
2529	2529	-4.02372
2530	2530	-9.91284
2531	2531	-0.722967
2532	2532	-9.00532
2533	2533	22.5452
2534	2534	-5.08659
2535	2535	-13.1043
2536	2536	-15.7343
2537	2537	2.97905
2538	2538	-1.26885
2539	2539	41.5169
2540	2540	6.84814
2541	2541	17.8813
2542	2542	-12.4314
2543	2543	-12.4859
2544	2544	11.2899
2545	2545	29.8951
2546	2546	6.82856
2547	2547	-14.2147
2548	2548	-2.37424
2549	2549	10.2004
2550	2550	-33.2214
2551	2551	-8.31218
2552	2552	-8.00831
2553	2553	10.6377
2554	2554	0.145865
2555	2555	12.066
2556	2556	-4.88164
2557	2557	-17.17
2558	2558	26.1085
2559	2559	14.4942
2560	2560	-19.3181
2561	2561	-14.2368
2562	2562	-15.596
2563	2563	-10.9972
2564	2564	7.26712
2565	2565	0.0262706
2566	2566	-5.72297
2567	2567	-2.00069
2568	2568	17.729
2569	2569	-40.3706
2570	2570	-22.9847
2571	2571	-10.7233
2572	2572	-5.50125
2573	2573	0.887345
2574	2574	30.8525
2575	2575	0.574834
2576	2576	-22.9369
2577	2577	-0.88441
2578	2578	5.95175
2579	2579	7.83773
2580	2580	43.6817
2581	2581	-3.09846
2582	2582	3.436
2583	2583	8.423
2584	2584	-8.92829
2585	2585	-16.2011
2586	2586	27.0282
2587	2587	35.088
2588	2588	5.5227
2589	2589	28.505
2590	2590	12.3201
2591	2591	3.86136
2592	2592	-21.1054
2593	2593	-6.22794
2594	2594	9.64432
2595	2595	-4.95357
2596	2596	-17.3038
2597	2597	19.2639
2598	2598	14.9554
2599	2599	14.5347
2600	2600	19.5336
2601	2601	-12.7625
2602	2602	24.0489
2603	2603	-7.27342
2604	2604	-29.1673
2605	2605	9.02501
2606	2606	-36.0382
2607	2607	4.82244
2608	2608	28.051
2609	2609	3.97217
2610	2610	16.0673
2611	2611	6.61615
2612	2612	-2.15475
2613	2613	-6.63995
2614	2614	-9.52713
2615	2615	5.21963
2616	2616	34.7085
2617	2617	6.01247
2618	2618	1.15854
2619	2619	3.20914
2620	2620	-15.7055
2621	2621	-32.063
2622	2622	-19.0454
2623	2623	-26.6438
2624	2624	27.6547
2625	2625	-8.48112
2626	2626	-11.0768
2627	2627	22.511
2628	2628	-11.8646
2629	2629	-16.4738
2630	2630	-21.4155
2631	2631	-5.08172
2632	2632	-17.0664
2633	2633	-10.3297
2634	2634	3.69081
2635	2635	13.5988
2636	2636	-9.36249
2637	2637	3.4627
2638	2638	-23.7506
2639	2639	14.2768
2640	2640	-6.80876
2641	2641	8.75789
2642	2642	4.17553
2643	2643	-2.1555
2644	2644	-34.6528
2645	2645	-2.65222
2646	2646	-4.75472
2647	2647	-8.97421
2648	2648	-7.59845
2649	2649	-16.0895
2650	2650	-6.75868
2651	2651	2.49377
2652	2652	13.7812
2653	2653	-14.0167
2654	2654	0.58753
2655	2655	15.7796
2656	2656	-28.9894
2657	2657	16.9766
2658	2658	-7.15587
2659	2659	3.99455
2660	2660	-7.67923
2661	2661	-33.5244
2662	2662	-10.9817
2663	2663	2.6424
2664	2664	-17.7194
2665	2665	32.0633
2666	2666	5.81613
2667	2667	-23.6794
2668	2668	14.9871
2669	2669	-5.65387
2670	2670	0.977662
2671	2671	0.098774
2672	2672	-7.91338
2673	2673	0.0639569
2674	2674	-5.48082
2675	2675	-2.9413
2676	2676	7.86286
2677	2677	27.3801
2678	2678	5.3534
2679	2679	-19.0687
2680	2680	9.17927
2681	2681	-24.1373
2682	2682	3.02008
2683	2683	11.2752
2684	2684	-20.6883
2685	2685	-11.6175
2686	2686	-2.84894
2687	2687	-3.11242
2688	2688	2.23283
2689	2689	15.1174
2690	2690	-1.21739
2691	2691	7.5776
2692	2692	1.06783
2693	2693	13.8783
2694	2694	-20.1641
2695	2695	11.7185
2696	2696	8.53607
2697	2697	21.1615
2698	2698	30.2139
2699	2699	-32.6526
2700	2700	6.72083
2701	2701	0.800708
2702	2702	13.0032
2703	2703	-4.97153
2704	2704	28.384
2705	2705	3.30328
2706	2706	14.733
2707	2707	-7.17718
2708	2708	-18.8065
2709	2709	21.0032
2710	2710	-3.84441
2711	2711	2.16261
2712	2712	6.04111
2713	2713	-18.9926
2714	2714	17.1297
2715	2715	13.6881
2716	2716	-2.36607
2717	2717	-5.44291
2718	2718	-13.7229
2719	2719	9.75637
2720	2720	2.55269
2721	2721	-0.138759
2722	2722	-10.0215
2723	2723	18.9209
2724	2724	-0.882303
2725	2725	5.05273
2726	2726	-0.580606
2727	2727	10.9807
2728	2728	10.8802
2729	2729	-25.1752
2730	2730	-23.0627
2731	2731	22.426
2732	2732	20.3499
2733	2733	-5.04473
2734	2734	-21.2947
2735	2735	-5.64952
2736	2736	-7.3069
2737	2737	9.56182
2738	2738	12.8427
2739	2739	4.26688
2740	2740	9.19624
2741	2741	-9.93886
2742	2742	-26.788
2743	2743	-5.62412
2744	2744	9.99127
2745	2745	-18.2701
2746	2746	-3.4745
2747	2747	-9.2074
2748	2748	-17.1774
2749	2749	15.5002
2750	2750	-29.3453
2751	2751	-4.36366
2752	2752	-5.95098
2753	2753	-11.3294
2754	2754	-9.78134
2755	2755	-19.4763
2756	2756	-7.35765
2757	2757	3.61319
2758	2758	-4.13292
2759	2759	-3.94858
2760	2760	5.62928
2761	2761	9.14033
2762	2762	-11.1432
2763	2763	-9.4726
2764	2764	-1.56942
2765	2765	18.9622
2766	2766	-11.17
2767	2767	4.29778
2768	2768	0.201695
2769	2769	12.8031
2770	2770	-15.7292
2771	2771	7.72536
2772	2772	31.153
2773	2773	19.9052
2774	2774	-14.1449
2775	2775	29.5703
2776	2776	-34.5133
2777	2777	-2.10582
2778	2778	-7.10733
2779	2779	21.8146
2780	2780	-11.7658
2781	2781	38.3604
2782	2782	0.703229
2783	2783	7.17827
2784	2784	19.727
2785	2785	9.11462
2786	2786	-15.2032
2787	2787	-9.41868
2788	2788	19.895
2789	2789	5.79423
2790	2790	-12.2921
2791	2791	-18.0765
2792	2792	13.5941
2793	2793	9.38731
2794	2794	-19.4266
2795	2795	-20.5214
2796	2796	7.78077
2797	2797	7.52411
2798	2798	0.455839
2799	2799	10.6877
2800	2800	25.231
2801	2801	-27.2569
2802	2802	-10.3511
2803	2803	9.82035
2804	2804	2.44214
2805	2805	-5.21467
2806	2806	-8.13317
2807	2807	-9.51076
2808	2808	0.968792
2809	2809	-22.4465
2810	2810	-12.3159
2811	2811	-11.4826
2812	2812	8.03228
2813	2813	-16.0266
2814	2814	-27.7691
2815	2815	-16.2366
2816	2816	4.64536
2817	2817	22.5774
2818	2818	3.90556
2819	2819	21.7829
2820	2820	-1.63285
2821	2821	-4.32315
2822	2822	-18.5549
2823	2823	2.96235
2824	2824	11.9523
2825	2825	-14.6352
2826	2826	22.17
2827	2827	8.02585
2828	2828	3.3326
2829	2829	29.1989
2830	2830	-17.961
2831	2831	-6.71885
2832	2832	17.1113
2833	2833	17.4489
2834	2834	4.62671
2835	2835	12.8105
2836	2836	21.6702
2837	2837	-2.45093
2838	2838	-22.2794
2839	2839	12.674
2840	2840	9.51671
2841	2841	25.6135
2842	2842	13.1688
2843	2843	-9.85109
2844	2844	-12.1459
2845	2845	2.22605
2846	2846	-16.0695
2847	2847	8.84059
2848	2848	-16.0609
2849	2849	1.58341
2850	2850	24.7774
2851	2851	-5.58222
2852	2852	-29.9469
2853	2853	-4.0169
2854	2854	16.5824
2855	2855	12.0395
2856	2856	-3.0988
2857	2857	-27.9411
2858	2858	10.806
2859	2859	-7.80289
2860	2860	1.55418
2861	2861	28.6022
2862	2862	-33.4951
2863	2863	6.59382
2864	2864	-17.344
2865	2865	15.9253
2866	2866	6.96939
2867	2867	11.0834
2868	2868	9.18244
2869	2869	7.57175
2870	2870	-7.1751
2871	2871	-19.8905
2872	2872	-10.1286
2873	2873	27.8985
2874	2874	-7.86759
2875	2875	10.5823
2876	2876	-11.2117
2877	2877	6.82465
2878	2878	22.9835
2879	2879	-8.23633
2880	2880	-0.976726
2881	2881	11.1634
2882	2882	15.7567
2883	2883	-5.4787
2884	2884	11.345
2885	2885	-14.5378
2886	2886	-5.305
2887	2887	-16.4999
2888	2888	14.2395
2889	2889	-5.13058
2890	2890	-18.1303
2891	2891	5.38559
2892	2892	11.3829
2893	2893	-9.84204
2894	2894	3.4904
2895	2895	-16.573
2896	2896	0.776386
2897	2897	24.6219
2898	2898	12.2587
2899	2899	14.8799
2900	2900	-13.2996
2901	2901	-2.4158
2902	2902	27.085
2903	2903	-8.81712
2904	2904	10.8163
2905	2905	-0.851783
2906	2906	10.0242
2907	2907	10.7585
2908	2908	7.41701
2909	2909	-12.7057
2910	2910	1.90329
2911	2911	-4.12431
2912	2912	8.15566
2913	2913	-7.81715
2914	2914	-17.5809
2915	2915	-4.98416
2916	2916	-24.9098
2917	2917	22.9685
2918	2918	12.0943
2919	2919	8.04355
2920	2920	-1.80237
2921	2921	24.8502
2922	2922	-19.1321
2923	2923	4.62809
2924	2924	-9.78915
2925	2925	25.6704
2926	2926	27.2577
2927	2927	-1.71488
2928	2928	-19.6671
2929	2929	-21.1127
2930	2930	35.436
2931	2931	-4.44841
2932	2932	7.55606
2933	2933	17.9526
2934	2934	-30.3098
2935	2935	3.68997
2936	2936	35.9537
2937	2937	23.91
2938	2938	3.07082
2939	2939	-5.03686
2940	2940	13.7615
2941	2941	-14.8269
2942	2942	18.4733
2943	2943	-3.31031
2944	2944	-6.81412
2945	2945	-15.2603
2946	2946	15.8383
2947	2947	9.80784
2948	2948	-31.0828
2949	2949	2.69682
2950	2950	-4.14921
2951	2951	1.73368
2952	2952	-18.2067
2953	2953	-8.07002
2954	2954	-16.201
2955	2955	-22.3603
2956	2956	-7.84437
2957	2957	6.92738
2958	2958	14.1606
2959	2959	-4.83132
2960	2960	-22.6591
2961	2961	11.6311
2962	2962	15.0494
2963	2963	10.3168
2964	2964	-0.644061
2965	2965	-14.1264
2966	2966	-16.1034
2967	2967	-8.13306
2968	2968	4.61575
2969	2969	-20.9886
2970	2970	5.21587
2971	2971	5.18208
2972	2972	18.0129
2973	2973	1.86766
2974	2974	-13.3919
2975	2975	-1.52301
2976	2976	14.5089
2977	2977	2.47084
2978	2978	31.7247
2979	2979	-4.59209
2980	2980	6.87506
2981	2981	-14.2586
2982	2982	3.33658
2983	2983	-8.96279
2984	2984	12.0308
2985	2985	-7.36448
2986	2986	27.5616
2987	2987	5.30998
2988	2988	-6.33358
2989	2989	-11.096
2990	2990	17.1606
2991	2991	14.2023
2992	2992	35.9132
2993	2993	26.0206
2994	2994	-0.427795
2995	2995	-3.23766
2996	2996	-0.304276
2997	2997	12.9837
2998	2998	23.4241
2999	2999	0.993441
3000	3000	29.6146
3001	3001	4.2828
3002	3002	22.8259
3003	3003	-5.0579
3004	3004	-18.8352
3005	3005	-0.837562
3006	3006	26.3305
3007	3007	-6.15351
3008	3008	7.21307
3009	3009	5.38891
3010	3010	9.62696
3011	3011	-1.71108
3012	3012	-18.0404
3013	3013	-26.2178
3014	3014	4.5179
3015	3015	14.585
3016	3016	-24.9767
3017	3017	-1.02718
3018	3018	-42.7473
3019	3019	8.30491
3020	3020	7.11464
3021	3021	-13.6464
3022	3022	-17.3987
3023	3023	-3.29326
3024	3024	-1.45849
3025	3025	-22.1643
3026	3026	-11.4455
3027	3027	13.1997
3028	3028	9.57777
3029	3029	-22.7393
3030	3030	3.8722
3031	3031	7.24996
3032	3032	-10.8467
3033	3033	1.14201
3034	3034	24.4182
3035	3035	-7.59923
3036	3036	9.96371
3037	3037	-5.41386
3038	3038	-8.73547
3039	3039	58.1425
3040	3040	0.29406
3041	3041	-18.446
3042	3042	-21.5359
3043	3043	-27.1373
3044	3044	-4.27665
3045	3045	-9.49369
3046	3046	12.3076
3047	3047	-0.0585556
3048	3048	-17.0461
3049	3049	14.5943
3050	3050	-15.2225
3051	3051	26.1883
3052	3052	-16.4029
3053	3053	6.95689
3054	3054	28.6681
3055	3055	-9.4033
3056	3056	17.1237
3057	3057	22.0644
3058	3058	-3.1746
3059	3059	0.163045
3060	3060	-20.6603
3061	3061	8.43313
3062	3062	-0.0887637
3063	3063	-7.10702
3064	3064	-2.48901
3065	3065	-28.1864
3066	3066	7.49759
3067	3067	8.84456
3068	3068	21.0358
3069	3069	8.47543
3070	3070	-2.14106
3071	3071	8.2389
3072	3072	5.5509
3073	3073	13.1947
3074	3074	-0.182828
3075	3075	39.0827
3076	3076	-21.6664
3077	3077	12.4364
3078	3078	33.0949
3079	3079	-8.98394
3080	3080	18.2846
3081	3081	12.0768
3082	3082	16.9013
3083	3083	-1.64488
3084	3084	-32.6118
3085	3085	11.1234
3086	3086	-15.2982
3087	3087	-0.518345
3088	3088	5.64717
3089	3089	23.3491
3090	3090	-16.1056
3091	3091	-5.30296
3092	3092	-17.6137
3093	3093	-26.8606
3094	3094	-13.9351
3095	3095	-14.1991
3096	3096	-2.7162
3097	3097	-9.43723
3098	3098	5.86933
3099	3099	8.79462
3100	3100	-2.41066
3101	3101	-21.4179
3102	3102	8.59086
3103	3103	-23.7963
3104	3104	-8.32936
3105	3105	17.2261
3106	3106	15.9439
3107	3107	10.2718
3108	3108	9.13087
3109	3109	22.0546
3110	3110	-15.8211
3111	3111	19.9037
3112	3112	3.82805
3113	3113	7.37466
3114	3114	8.13413
3115	3115	-11.2722
3116	3116	3.18583
3117	3117	-14.4132
3118	3118	-21.368
3119	3119	10.315
3120	3120	-9.67551
3121	3121	11.7663
3122	3122	-17.5542
3123	3123	8.40812
3124	3124	-33.1737
3125	3125	13.7033
3126	3126	-5.52391
3127	3127	-11.6278
3128	3128	-4.41301
3129	3129	21.7069
3130	3130	-5.87508
3131	3131	-21.8316
3132	3132	15.7878
3133	3133	-23.0537
3134	3134	10.5451
3135	3135	-16.8806
3136	3136	-14.2804
3137	3137	-17.0212
3138	3138	-1.07916
3139	3139	34.6178
3140	3140	17.8183
3141	3141	-14.5908
3142	3142	-9.56958
3143	3143	-17.8795
3144	3144	-3.0268
3145	3145	-2.28553
3146	3146	-3.54781
3147	3147	-17.9441
3148	3148	-6.1673
3149	3149	-11.0305
3150	3150	-27.884
3151	3151	18.0805
3152	3152	26.146
3153	3153	25.9417
3154	3154	7.05686
3155	3155	1.72809
3156	3156	7.07649
3157	3157	11.3782
3158	3158	-20.7052
3159	3159	18.1965
3160	3160	-21.8309
3161	3161	16.6424
3162	3162	10.6115
3163	3163	11.8954
3164	3164	7.4146
3165	3165	-30.7021
3166	3166	-8.69902
3167	3167	2.20157
3168	3168	2.2727
3169	3169	-11.5668
3170	3170	-13.5242
3171	3171	-4.48907
3172	3172	-13.9466
3173	3173	-41.0896
3174	3174	17.9069
3175	3175	-0.915851
3176	3176	-5.0517
3177	3177	-5.87598
3178	3178	10.9533
3179	3179	27.9118
3180	3180	-13.966
3181	3181	25.5851
3182	3182	-2.55666
3183	3183	-2.82088
3184	3184	15.8799
3185	3185	7.75941
3186	3186	-29.7498
3187	3187	9.18339
3188	3188	15.8942
3189	3189	4.66096
3190	3190	25.9502
3191	3191	14.461
3192	3192	-7.71605
3193	3193	-25.7215
3194	3194	-7.8616
3195	3195	36.0861
3196	3196	22.1902
3197	3197	5.45115
3198	3198	1.97493
3199	3199	22.2816
3200	3200	16.3098
3201	3201	7.47125
3202	3202	33.1084
3203	3203	-17.2651
3204	3204	-14.3522
3205	3205	-15.0268
3206	3206	11.6595
3207	3207	10.0626
3208	3208	-5.07314
3209	3209	15.531
3210	3210	-13.4794
3211	3211	-11.2118
3212	3212	7.80394
3213	3213	-10.7156
3214	3214	-18.0923
3215	3215	-2.69703
3216	3216	39.2387
3217	3217	-18.5416
3218	3218	-6.74471
3219	3219	5.68377
3220	3220	-15.4891
3221	3221	-21.5825
3222	3222	-9.75459
3223	3223	-8.75519
3224	3224	8.83882
3225	3225	1.3348
3226	3226	25.5455
3227	3227	-11.2518
3228	3228	28.5643
3229	3229	-17.9346
3230	3230	19.8173
3231	3231	21.1359
3232	3232	-30.1087
3233	3233	10.2941
3234	3234	-23.7278
3235	3235	5.78241
3236	3236	-7.62553
3237	3237	-7.10157
3238	3238	-29.7709
3239	3239	22.689
3240	3240	12.1569
3241	3241	-16.8527
3242	3242	-2.1491
3243	3243	3.51993
3244	3244	-17.437
3245	3245	8.9172
3246	3246	10.1187
3247	3247	21.8782
3248	3248	0.628546
3249	3249	-15.1414
3250	3250	4.46247
3251	3251	-15.9475
3252	3252	0.29078
3253	3253	29.7886
3254	3254	-3.72042
3255	3255	-5.35211
3256	3256	7.67347
3257	3257	8.20388
3258	3258	12.8849
3259	3259	-12.4336
3260	3260	-6.87083
3261	3261	-4.32485
3262	3262	25.1283
3263	3263	-26.6069
3264	3264	10.2929
3265	3265	-4.19604
3266	3266	-7.43584
3267	3267	-10.5962
3268	3268	0.856144
3269	3269	2.79667
3270	3270	2.0055
3271	3271	1.75785
3272	3272	29.2879
3273	3273	-9.09009
3274	3274	34.4619
3275	3275	7.2864
3276	3276	-36.2053
3277	3277	-18.043
3278	3278	29.7476
3279	3279	-14.323
3280	3280	-0.178115
3281	3281	0.631175
3282	3282	-5.82698
3283	3283	-1.28235
3284	3284	27.3226
3285	3285	-2.56326
3286	3286	-17.156
3287	3287	-2.07084
3288	3288	-25.2212
3289	3289	0.11044
3290	3290	9.75245
3291	3291	10.3657
3292	3292	-1.6292
3293	3293	11.9285
3294	3294	1.46327
3295	3295	-6.32714
3296	3296	27.6835
3297	3297	17.4376
3298	3298	-16.5687
3299	3299	26.6943
3300	3300	10.3336
3301	3301	-13.204
3302	3302	12.2215
3303	3303	-12.9367
3304	3304	-4.92705
3305	3305	4.84718
3306	3306	-21.2449
3307	3307	9.0748
3308	3308	-1.63067
3309	3309	15.848
3310	3310	-20.186
3311	3311	-6.63917
3312	3312	20.5858
3313	3313	15.1517
3314	3314	22.2534
3315	3315	-0.882879
3316	3316	17.0106
3317	3317	0.0830288
3318	3318	0.276237
3319	3319	-1.1268
3320	3320	16.3016
3321	3321	52.9623
3322	3322	19.3612
3323	3323	-30.5059
3324	3324	-6.11824
3325	3325	-1.57684
3326	3326	25.6075
3327	3327	24.3484
3328	3328	-15.2517
3329	3329	-3.65808
3330	3330	4.60642
3331	3331	-19.9429
3332	3332	-21.2803
3333	3333	-19.4205
3334	3334	-8.27031
3335	3335	18.9684
3336	3336	-8.35514
3337	3337	39.7364
3338	3338	5.17057
3339	3339	-32.2081
3340	3340	3.68984
3341	3341	3.26407
3342	3342	-3.59728
3343	3343	24.003
3344	3344	30.1251
3345	3345	3.53513
3346	3346	4.52958
3347	3347	-1.59803
3348	3348	-31.6996
3349	3349	15.8852
3350	3350	6.81908
3351	3351	27.5318
3352	3352	5.1238
3353	3353	0.748177
3354	3354	3.71322
3355	3355	-16.1309
3356	3356	-6.3432
3357	3357	10.8162
3358	3358	22.8798
3359	3359	10.4648
3360	3360	6.59345
3361	3361	17.6751
3362	3362	-20.4533
3363	3363	-2.51856
3364	3364	-3.23841
3365	3365	-1.38195
3366	3366	18.7931
3367	3367	17.7692
3368	3368	-6.04976
3369	3369	-4.75633
3370	3370	-29.2629
3371	3371	23.2586
3372	3372	11.0509
3373	3373	-5.30941
3374	3374	-24.4254
3375	3375	0.600975
3376	3376	19.3717
3377	3377	7.23548
3378	3378	16.7747
3379	3379	-21.7658
3380	3380	-11.0602
3381	3381	1.97001
3382	3382	9.15128
3383	3383	6.60201
3384	3384	28.4893
3385	3385	6.87211
3386	3386	0.289889
3387	3387	-9.97416
3388	3388	10.8651
3389	3389	-29.945
3390	3390	8.73954
3391	3391	1.2265
3392	3392	4.71735
3393	3393	-1.84367
3394	3394	-13.2084
3395	3395	-4.06055
3396	3396	13.0903
3397	3397	-7.71059
3398	3398	-3.72504
3399	3399	-15.8138
3400	3400	-23.1064
3401	3401	-15.0828
3402	3402	-18.3082
3403	3403	22.5806
3404	3404	13.5728
3405	3405	-3.04425
3406	3406	-21.9829
3407	3407	14.7557
3408	3408	-5.99628
3409	3409	-2.4936
3410	3410	-25.6121
3411	3411	-12.0485
3412	3412	-21.8094
3413	3413	-22.5992
3414	3414	-6.3546
3415	3415	-2.50057
3416	3416	2.2913
3417	3417	-8.74577
3418	3418	2.18576
3419	3419	10.7386
3420	3420	-17.9969
3421	3421	-10.8642
3422	3422	19.605
3423	3423	-1.90334
3424	3424	4.30766
3425	3425	-0.564326
3426	3426	6.24478
3427	3427	-4.66009
3428	3428	-4.61987
3429	3429	8.39335
3430	3430	-12.0915
3431	3431	6.39869
3432	3432	11.2548
3433	3433	20.7728
3434	3434	-13.2174
3435	3435	-15.9567
3436	3436	-32.7793
3437	3437	-25.8584
3438	3438	-8.18397
3439	3439	23.3192
3440	3440	5.08133
3441	3441	21.1356
3442	3442	-7.91646
3443	3443	-0.260773
3444	3444	11.1078
3445	3445	-10.8638
3446	3446	23.1539
3447	3447	13.4148
3448	3448	-3.31263
3449	3449	-17.5147
3450	3450	9.94854
3451	3451	-17.7309
3452	3452	-15.8254
3453	3453	-24.6642
3454	3454	-0.886682
3455	3455	0.603753
3456	3456	25.6168
3457	3457	-14.1437
3458	3458	-14.589
3459	3459	1.83784
3460	3460	15.9016
3461	3461	26.5968
3462	3462	19.9436
3463	3463	23.2424
3464	3464	1.46641
3465	3465	-5.45715
3466	3466	21.6676
3467	3467	-13.1245
3468	3468	-7.93206
3469	3469	1.24794
3470	3470	-28.1073
3471	3471	-20.7571
3472	3472	-21.985
3473	3473	-8.10142
3474	3474	2.59728
3475	3475	-17.3452
3476	3476	-10.4249
3477	3477	-21.695
3478	3478	16.8667
3479	3479	4.03961
3480	3480	-19.5852
3481	3481	-13.1465
3482	3482	38.3931
3483	3483	-2.91286
3484	3484	1.05066
3485	3485	18.4796
3486	3486	-9.60167
3487	3487	-6.55455
3488	3488	21.8682
3489	3489	-0.302412
3490	3490	-11.4895
3491	3491	-17.3892
3492	3492	-12.0628
3493	3493	-2.32776
3494	3494	31.1139
3495	3495	-5.43697
3496	3496	-17.5521
3497	3497	-10.4138
3498	3498	29.1728
3499	3499	22.6994
3500	3500	14.2755
3501	3501	33.9222
3502	3502	5.45364
3503	3503	16.4545
3504	3504	26.2936
3505	3505	-5.22483
3506	3506	6.05525
3507	3507	-29.7145
3508	3508	16.19
3509	3509	21.7318
3510	3510	19.8704
3511	3511	-11.2291
3512	3512	-10.959
3513	3513	0.505213
3514	3514	-27.7074
3515	3515	-8.65773
3516	3516	-4.03835
3517	3517	8.09755
3518	3518	1.70007
3519	3519	14.5981
3520	3520	-5.3413
3521	3521	-12.8523
3522	3522	24.9406
3523	3523	25.6538
3524	3524	-21.0092
3525	3525	6.36525
3526	3526	-11.2641
3527	3527	-10.0861
3528	3528	9.95624
3529	3529	-16.2508
3530	3530	-4.84295
3531	3531	8.63439
3532	3532	12.6894
3533	3533	7.92544
3534	3534	0.245514
3535	3535	14.7557
3536	3536	7.33734
3537	3537	-9.84396
3538	3538	-17.7528
3539	3539	-12.1961
3540	3540	-10.9042
3541	3541	25.7306
3542	3542	3.00669
3543	3543	32.6664
3544	3544	-17.5529
3545	3545	12.5555
3546	3546	6.58302
3547	3547	-18.7335
3548	3548	-25.5207
3549	3549	7.05486
3550	3550	20.2322
3551	3551	1.82706
3552	3552	26.5374
3553	3553	-2.27361
3554	3554	-17.1902
3555	3555	1.06522
3556	3556	3.10999
3557	3557	0.476895
3558	3558	16.433
3559	3559	1.40608
3560	3560	-5.27261
3561	3561	-8.93362
3562	3562	-10.8902
3563	3563	39.0867
3564	3564	16.724
3565	3565	-2.64817
3566	3566	-21.2755
3567	3567	-7.46738
3568	3568	13.7127
3569	3569	-18.3805
3570	3570	13.8396
3571	3571	6.00632
3572	3572	-11.2502
3573	3573	8.96979
3574	3574	19.7039
3575	3575	-18.2183
3576	3576	-0.602212
3577	3577	-4.43245
3578	3578	-2.41039
3579	3579	7.18523
3580	3580	-3.69247
3581	3581	-18.8504
3582	3582	9.28631
3583	3583	38.3951
3584	3584	8.0788
3585	3585	25.971
3586	3586	11.9858
3587	3587	14.008
3588	3588	-6.77395
3589	3589	-20.9438
3590	3590	-4.51504
3591	3591	19.7009
3592	3592	-0.725112
3593	3593	11.0408
3594	3594	-17.0772
3595	3595	3.69583
3596	3596	23.3341
3597	3597	2.80538
3598	3598	33.754
3599	3599	-1.17531
3600	3600	-1.54718
3601	3601	16.632
3602	3602	-0.0975324
3603	3603	2.26967
3604	3604	-4.10683
3605	3605	-12.8349
3606	3606	-9.28973
3607	3607	12.6994
3608	3608	13.1898
3609	3609	-16.2517
3610	3610	-1.93292
3611	3611	-9.76151
3612	3612	-25.3179
3613	3613	21.6455
3614	3614	13.1014
3615	3615	-5.5231
3616	3616	-10.6257
3617	3617	-17.1566
3618	3618	-7.10988
3619	3619	11.086
3620	3620	36.4495
3621	3621	28.8377
3622	3622	-5.13939
3623	3623	0.945507
3624	3624	4.85277
3625	3625	6.63984
3626	3626	-21.6042
3627	3627	-14.7223
3628	3628	19.6133
3629	3629	4.2989
3630	3630	19.0672
3631	3631	5.86351
3632	3632	-7.10915
3633	3633	-17.4981
3634	3634	-10.5035
3635	3635	-26.1319
3636	3636	42.6802
3637	3637	-14.3841
3638	3638	16.9164
3639	3639	-9.07404
3640	3640	27.0274
3641	3641	17.4843
3642	3642	-2.34055
3643	3643	4.68408
3644	3644	-17.8906
3645	3645	-18.9238
3646	3646	3.20874
3647	3647	-0.812322
3648	3648	-21.601
3649	3649	0.449379
3650	3650	9.0968
3651	3651	6.32398
3652	3652	4.16874
3653	3653	20.4951
3654	3654	-8.24461
3655	3655	2.66189
3656	3656	-19.7455
3657	3657	3.03441
3658	3658	-18.8843
3659	3659	2.90387
3660	3660	11.9314
3661	3661	-16.7214
3662	3662	6.76416
3663	3663	-1.91322
3664	3664	0.164606
3665	3665	-12.7375
3666	3666	-22.8524
3667	3667	18.9154
3668	3668	21.8751
3669	3669	-19.6072
3670	3670	-7.35821
3671	3671	4.76503
3672	3672	4.30116
3673	3673	-7.13925
3674	3674	-18.9145
3675	3675	8.38009
3676	3676	16.086
3677	3677	7.16798
3678	3678	25.208
3679	3679	8.74223
3680	3680	-6.36143
3681	3681	-15.4856
3682	3682	15.341
3683	3683	-3.25512
3684	3684	-8.22164
3685	3685	-7.29781
3686	3686	12.2554
3687	3687	-9.32996
3688	3688	-4.28886
3689	3689	-9.08217
3690	3690	13.1221
3691	3691	-7.16613
3692	3692	-23.1305
3693	3693	32.2048
3694	3694	23.8441
3695	3695	3.31998
3696	3696	10.5275
3697	3697	-7.24725
3698	3698	-10.3013
3699	3699	42.8823
3700	3700	-14.6723
3701	3701	-0.406014
3702	3702	-12.9502
3703	3703	-10.7522
3704	3704	-0.433654
3705	3705	6.57871
3706	3706	-27.7268
3707	3707	-8.16722
3708	3708	-0.637686
3709	3709	12.4523
3710	3710	2.96062
3711	3711	10.3346
3712	3712	14.2231
3713	3713	-19.1179
3714	3714	-3.70519
3715	3715	11.9439
3716	3716	-42.8704
3717	3717	10.9393
3718	3718	17.8693
3719	3719	1.44139
3720	3720	18.9393
3721	3721	-13.9795
3722	3722	29.5654
3723	3723	-3.37964
3724	3724	28.7869
3725	3725	13.8425
3726	3726	18.9803
3727	3727	1.56881
3728	3728	12.8974
3729	3729	7.23998
3730	3730	4.81511
3731	3731	26.9115
3732	3732	-6.37035
3733	3733	-25.1574
3734	3734	10.5816
3735	3735	-7.44235
3736	3736	-25.4884
3737	3737	8.48397
3738	3738	22.3355
3739	3739	-14.3708
3740	3740	8.67599
3741	3741	-12.8364
3742	3742	-7.18267
3743	3743	-9.90135
3744	3744	-13.5733
3745	3745	14.8507
3746	3746	-4.10383
3747	3747	-1.82327
3748	3748	-22.1137
3749	3749	11.7019
3750	3750	-1.91336
3751	3751	13.7007
3752	3752	-20.4754
3753	3753	-17.4198
3754	3754	-25.5793
3755	3755	5.23683
3756	3756	5.75227
3757	3757	9.08484
3758	3758	-19.4584
3759	3759	-16.497
3760	3760	25.0594
3761	3761	9.00592
3762	3762	-28.9829
3763	3763	9.80511
3764	3764	-6.38427
3765	3765	14.0859
3766	3766	-2.0607
3767	3767	-21.3689
3768	3768	0.291547
3769	3769	-8.785
3770	3770	13.5519
3771	3771	1.71551
3772	3772	13.5858
3773	3773	12.0516
3774	3774	-19.3669
3775	3775	0.565247
3776	3776	26.5031
3777	3777	5.78467
3778	3778	-1.45024
3779	3779	-5.91581
3780	3780	17.1033
3781	3781	-0.539362
3782	3782	-18.8568
3783	3783	-7.07
3784	3784	23.4292
3785	3785	-7.66725
3786	3786	-18.1324
3787	3787	13.0069
3788	3788	-15.4603
3789	3789	3.97725
3790	3790	25.7167
3791	3791	13.2252
3792	3792	-20.4529
3793	3793	9.48149
3794	3794	20.7209
3795	3795	-11.7449
3796	3796	-2.73793
3797	3797	-16.9799
3798	3798	-11.8477
3799	3799	-19.3411
3800	3800	8.17472
3801	3801	26.3523
3802	3802	-2.3862
3803	3803	19.6015
3804	3804	16.3038
3805	3805	-37.167
3806	3806	-14.0499
3807	3807	-10.6415
3808	3808	25.878
3809	3809	-2.94398
3810	3810	11.2634
3811	3811	-1.66501
3812	3812	-0.387482
3813	3813	4.89998
3814	3814	6.98031
3815	3815	16.3605
3816	3816	-13.0437
3817	3817	-3.72711
3818	3818	-25.907
3819	3819	-24.904
3820	3820	24.2797
3821	3821	17.1183
3822	3822	-20.1823
3823	3823	-10.3469
3824	3824	4.17299
3825	3825	-3.11612
3826	3826	27.0455
3827	3827	40.7377
3828	3828	-39.7878
3829	3829	-22.7044
3830	3830	6.91681
3831	3831	11.3591
3832	3832	2.60206
3833	3833	-8.14675
3834	3834	20.9862
3835	3835	6.62854
3836	3836	28.3814
3837	3837	-30.7282
3838	3838	10.2016
3839	3839	25.5767
3840	3840	-32.5161
3841	3841	4.83002
3842	3842	20.015
3843	3843	4.86081
3844	3844	-4.03841
3845	3845	2.68447
3846	3846	-19.0088
3847	3847	-25.4704
3848	3848	7.77681
3849	3849	-36.4139
3850	3850	6.86377
3851	3851	4.65048
3852	3852	15.7366
3853	3853	4.01267
3854	3854	-2.737
3855	3855	-27.1382
3856	3856	18.8517
3857	3857	-32.2061
3858	3858	14.7454
3859	3859	-25.5428
3860	3860	-5.35502
3861	3861	-22.6006
3862	3862	20.0011
3863	3863	-2.98689
3864	3864	15.1666
3865	3865	-11.4789
3866	3866	-24.6813
3867	3867	-0.349881
3868	3868	5.5124
3869	3869	6.40226
3870	3870	5.14676
3871	3871	24.5457
3872	3872	-11.0768
3873	3873	15.0534
3874	3874	2.20687
3875	3875	3.2329
3876	3876	20.7399
3877	3877	-0.96617
3878	3878	-24.0877
3879	3879	-22.1236
3880	3880	-21.0967
3881	3881	-27.7392
3882	3882	-30.3364
3883	3883	39.2399
3884	3884	-6.3149
3885	3885	8.09295
3886	3886	-15.0138
3887	3887	9.63561
3888	3888	-9.27178
3889	3889	-24.3577
3890	3890	4.83377
3891	3891	1.40215
3892	3892	-12.1003
3893	3893	8.29362
3894	3894	12.7504
3895	3895	35.2034
3896	3896	7.3866
3897	3897	-9.79394
3898	3898	32.64
3899	3899	6.27131
3900	3900	-12.9197
3901	3901	4.70226
3902	3902	20.3527
3903	3903	3.29713
3904	3904	11.1525
3905	3905	10.0339
3906	3906	-12.7728
3907	3907	-18.6006
3908	3908	-8.15356
3909	3909	6.45351
3910	3910	9.21051
3911	3911	16.5592
3912	3912	5.92094
3913	3913	19.5875
3914	3914	0.253413
3915	3915	-8.40587
3916	3916	34.6027
3917	3917	8.67858
3918	3918	0.944318
3919	3919	-8.88948
3920	3920	11.8386
3921	3921	15.4805
3922	3922	-24.85
3923	3923	24.432
3924	3924	4.33633
3925	3925	-20.0749
3926	3926	-25.503
3927	3927	38.9179
3928	3928	-5.07829
3929	3929	-7.83585
3930	3930	20.2591
3931	3931	5.4354
3932	3932	19.1128
3933	3933	-1.49748
3934	3934	-8.48518
3935	3935	5.42346
3936	3936	5.41228
3937	3937	19.1483
3938	3938	6.19019
3939	3939	-5.24885
3940	3940	5.66538
3941	3941	18.4358
3942	3942	-22.8396
3943	3943	-5.52163
3944	3944	9.43295
3945	3945	-4.30368
3946	3946	-18.8124
3947	3947	21.1184
3948	3948	16.7738
3949	3949	-25.2923
3950	3950	-4.96447
3951	3951	8.544
3952	3952	0.814829
3953	3953	-14.8756
3954	3954	1.25856
3955	3955	11.5531
3956	3956	31.0451
3957	3957	-11.4725
3958	3958	-13.1717
3959	3959	-0.215874
3960	3960	-0.881745
3961	3961	25.2962
3962	3962	-6.51689
3963	3963	3.95474
3964	3964	10.5162
3965	3965	22.791
3966	3966	15.7986
3967	3967	22.5319
3968	3968	22.683
3969	3969	26.6897
3970	3970	26.3352
3971	3971	-17.6926
3972	3972	-14.3976
3973	3973	-7.44369
3974	3974	7.51917
3975	3975	-5.57546
3976	3976	-10.7114
3977	3977	-0.6964
3978	3978	-13.3116
3979	3979	-4.62242
3980	3980	2.33082
3981	3981	-14.181
3982	3982	-9.31843
3983	3983	-10.8044
3984	3984	20.7731
3985	3985	9.18182
3986	3986	-3.6434
3987	3987	-9.87783
3988	3988	0.248734
3989	3989	-2.09294
3990	3990	-11.1907
3991	3991	7.48566
3992	3992	26.4071
3993	3993	13.9386
3994	3994	11.0483
3995	3995	3.98811
3996	3996	-9.88276
3997	3997	9.47445
3998	3998	-13.5962
3999	3999	-17.218
4000	4000	-0.826779
4001	4001	-4.35167
4002	4002	-14.5736
4003	4003	-14.645
4004	4004	-5.92466
4005	4005	16.7829
4006	4006	25.6432
4007	4007	10.6329
4008	4008	-23.4378
4009	4009	4.93374
4010	4010	-31.2953
4011	4011	-15.5334
4012	4012	3.8946
4013	4013	-25.9225
4014	4014	20.3023
4015	4015	-1.634
4016	4016	15.9399
4017	4017	-9.88697
4018	4018	-8.69257
4019	4019	11.2052
4020	4020	22.1471
4021	4021	26.2265
4022	4022	-2.96851
4023	4023	-10.554
4024	4024	-10.7429
4025	4025	14.3576
4026	4026	-20.3227
4027	4027	-7.81768
4028	4028	10.0777
4029	4029	11.1507
4030	4030	-20.1636
4031	4031	-19.0563
4032	4032	-9.76203
4033	4033	-21.3575
4034	4034	-34.0473
4035	4035	-0.903978
4036	4036	3.16967
4037	4037	23.8954
4038	4038	-4.97341
4039	4039	-5.98284
4040	4040	-12.6532
4041	4041	14.5362
4042	4042	-12.4104
4043	4043	5.37985
4044	4044	-18.9007
4045	4045	6.31578
4046	4046	-10.2732
4047	4047	9.54896
4048	4048	13.2468
4049	4049	1.52477
4050	4050	20.8086
4051	4051	-21.2041
4052	4052	25.2352
4053	4053	18.0597
4054	4054	9.3996
4055	4055	27.4969
4056	4056	3.68177
4057	4057	10.2182
4058	4058	-6.43504
4059	4059	-2.97103
4060	4060	18.2542
4061	4061	-5.43278
4062	4062	4.20248
4063	4063	-2.94409
4064	4064	-15.7167
4065	4065	-8.89963
4066	4066	-18.4313
4067	4067	-4.63526
4068	4068	1.48342
4069	4069	-1.75278
4070	4070	-5.48067
4071	4071	-5.7485
4072	4072	2.89762
4073	4073	-4.85644
4074	4074	9.20726
4075	4075	9.80969
4076	4076	9.2294
4077	4077	-11.342
4078	4078	23.6782
4079	4079	4.30996
4080	4080	-3.85398
4081	4081	7.98233
4082	4082	24.3759
4083	4083	20.9115
4084	4084	2.65368
4085	4085	10.8957
4086	4086	-7.895
4087	4087	1.41784
4088	4088	-22.2622
4089	4089	4.56182
4090	4090	28.8573
4091	4091	-34.313
4092	4092	-8.97716
4093	4093	-19.39
4094	4094	-12.8062
4095	4095	-4.8359
4096	4096	4.77051
4097	4097	1.03396
4098	4098	-17.3784
4099	4099	18.2714
4100	4100	21.4803
4101	4101	-9.25934
4102	4102	-10.7708
4103	4103	-11.3745
4104	4104	-10.0214
4105	4105	-13.4423
4106	4106	-21.9962
4107	4107	-30.0257
4108	4108	18.4292
4109	4109	8.99286
4110	4110	0.858464
4111	4111	14.8065
4112	4112	19.3449
4113	4113	24.8895
4114	4114	-20.5566
4115	4115	-3.7545
4116	4116	6.57313
4117	4117	-13.1552
4118	4118	7.97651
4119	4119	25.0262
4120	4120	-4.31311
4121	4121	5.55941
4122	4122	-10.8884
4123	4123	-0.804014
4124	4124	-13.4652
4125	4125	-11.0887
4126	4126	-24.7972
4127	4127	-3.14417
4128	4128	-2.7356
4129	4129	-13.6992
4130	4130	16.1429
4131	4131	6.5117
4132	4132	-4.3845
4133	4133	-20.946
4134	4134	22.5546
4135	4135	-5.11242
4136	4136	3.69948
4137	4137	-19.9578
4138	4138	-11.8079
4139	4139	-18.552
4140	4140	-18.3163
4141	4141	7.34757
4142	4142	20.6889
4143	4143	-1.90316
4144	4144	-29.6213
4145	4145	19.4251
4146	4146	16.855
4147	4147	-35.9742
4148	4148	5.80684
4149	4149	-5.98703
4150	4150	-3.29534
4151	4151	9.4052
4152	4152	9.91284
4153	4153	0.875141
4154	4154	-18.3727
4155	4155	36.2025
4156	4156	27.3031
4157	4157	-21.5515
4158	4158	15.2455
4159	4159	14.7715
4160	4160	-31.1329
4161	4161	-2.88165
4162	4162	0.555014
4163	4163	-17.3178
4164	4164	19.1932
4165	4165	-7.53053
4166	4166	-0.80627
4167	4167	-3.0569
4168	4168	6.78523
4169	4169	-0.712132
4170	4170	-2.73472
4171	4171	-3.3371
4172	4172	-8.29857
4173	4173	-20.7259
4174	4174	23.9765
4175	4175	20.433
4176	4176	-4.57093
4177	4177	8.3929
4178	4178	-27.2021
4179	4179	-2.72085
4180	4180	-28.7596
4181	4181	-1.04172
4182	4182	12.8118
4183	4183	-17.3551
4184	4184	18.5124
4185	4185	8.82137
4186	4186	5.31215
4187	4187	-9.32475
4188	4188	-1.22195
4189	4189	-19.9004
4190	4190	9.05044
4191	4191	-0.570285
4192	4192	-12.1333
4193	4193	-22.5657
4194	4194	-18.8461
4195	4195	-2.60521
4196	4196	32.1923
4197	4197	-6.75747
4198	4198	-8.94097
4199	4199	14.2258
4200	4200	5.45187
4201	4201	-6.44658
4202	4202	21.1929
4203	4203	-17.1873
4204	4204	-16.0517
4205	4205	-0.100876
4206	4206	-11.2627
4207	4207	-30.1575
4208	4208	-0.566918
4209	4209	14.2714
4210	4210	26.499
4211	4211	-12.3913
4212	4212	5.71168
4213	4213	4.19207
4214	4214	5.87946
4215	4215	-7.99977
4216	4216	3.51862
4217	4217	0.657531
4218	4218	36.3015
4219	4219	17.9645
4220	4220	12.5955
4221	4221	1.62616
4222	4222	-20.5087
4223	4223	0.159741
4224	4224	20.673
4225	4225	0.951222
4226	4226	-7.41572
4227	4227	-7.35641
4228	4228	-3.31242
4229	4229	-7.77078
4230	4230	25.3132
4231	4231	21.4956
4232	4232	-6.47577
4233	4233	4.64995
4234	4234	-12.6675
4235	4235	-15.8298
4236	4236	-27.5893
4237	4237	13.5146
4238	4238	45.6706
4239	4239	-3.61413
4240	4240	15.8022
4241	4241	-16.6897
4242	4242	3.91644
4243	4243	6.74734
4244	4244	-7.62531
4245	4245	19.122
4246	4246	-5.13684
4247	4247	-2.37203
4248	4248	-33.9769
4249	4249	-6.53571
4250	4250	-11.6706
4251	4251	-5.95622
4252	4252	25.4199
4253	4253	15.7928
4254	4254	6.15071
4255	4255	-2.65954
4256	4256	-11.9252
4257	4257	3.3585
4258	4258	15.4055
4259	4259	25.8706
4260	4260	10.2162
4261	4261	22.9284
4262	4262	31.6257
4263	4263	4.81567
4264	4264	18.507
4265	4265	-17.1769
4266	4266	11.2086
4267	4267	26.0793
4268	4268	-9.8388
4269	4269	5.54142
4270	4270	32.7248
4271	4271	14.9071
4272	4272	-30.2499
4273	4273	25.6359
4274	4274	-22.9724
4275	4275	-20.4426
4276	4276	-5.45332
4277	4277	-16.0992
4278	4278	0.396414
4279	4279	-10.8693
4280	4280	-4.26171
4281	4281	11.0798
4282	4282	-7.41447
4283	4283	5.13861
4284	4284	-25.7012
4285	4285	41.1399
4286	4286	17.143
4287	4287	15.8971
4288	4288	28.9564
4289	4289	23.9134
4290	4290	4.64453
4291	4291	-27.8034
4292	4292	15.7719
4293	4293	12.9675
4294	4294	-6.5055
4295	4295	-12.7634
4296	4296	-9.65021
4297	4297	26.1693
4298	4298	1.71197
4299	4299	-27.8384
4300	4300	4.32962
4301	4301	-5.49341
4302	4302	12.1619
4303	4303	12.6695
4304	4304	-6.80147
4305	4305	-10.7755
4306	4306	-3.25348
4307	4307	-28.0751
4308	4308	-2.3034
4309	4309	-18.6545
4310	4310	-20.9943
4311	4311	15.6363
4312	4312	-7.14612
4313	4313	-9.81351
4314	4314	0.577877
4315	4315	-32.7093
4316	4316	-5.68961
4317	4317	-22.3724
4318	4318	2.03558
4319	4319	-19.4087
4320	4320	33.3051
4321	4321	-8.77409
4322	4322	20.5261
4323	4323	-7.66981
4324	4324	17.0717
4325	4325	-16.5112
4326	4326	-9.90859
4327	4327	11.2772
4328	4328	-11.2589
4329	4329	-2.97552
4330	4330	12.7914
4331	4331	-9.29677
4332	4332	-2.51186
4333	4333	20.2568
4334	4334	-34.738
4335	4335	7.30305
4336	4336	19.8957
4337	4337	-2.8685
4338	4338	-18.3031
4339	4339	-12.7091
4340	4340	7.16849
4341	4341	32.6815
4342	4342	3.06178
4343	4343	12.3318
4344	4344	4.62978
4345	4345	-8.56511
4346	4346	-8.28955
4347	4347	27.485
4348	4348	39.2275
4349	4349	26.0446
4350	4350	-9.43412
4351	4351	-11.9337
4352	4352	-5.43605
4353	4353	6.68168
4354	4354	15.044
4355	4355	16.6879
4356	4356	-21.9335
4357	4357	-27.7303
4358	4358	3.87792
4359	4359	16.6546
4360	4360	-10.1313
4361	4361	-1.54366
4362	4362	12.2664
4363	4363	-1.53741
4364	4364	-18.047
4365	4365	0.907025
4366	4366	10.7465
4367	4367	26.6047
4368	4368	-1.30397
4369	4369	-0.98375
4370	4370	-2.68745
4371	4371	12.8281
4372	4372	-21.0375
4373	4373	-3.241
4374	4374	5.00968
4375	4375	5.72421
4376	4376	-16.205
4377	4377	9.06704
4378	4378	16.5876
4379	4379	4.84422
4380	4380	21.1041
4381	4381	7.0713
4382	4382	7.64932
4383	4383	-7.6491
4384	4384	5.27422
4385	4385	4.74643
4386	4386	27.9283
4387	4387	17.6936
4388	4388	-22.208
4389	4389	-5.00964
4390	4390	-17.0171
4391	4391	-6.25756
4392	4392	12.8725
4393	4393	-6.09473
4394	4394	20.4679
4395	4395	1.94587
4396	4396	-3.40615
4397	4397	12.076
4398	4398	-22.7305
4399	4399	16.4028
4400	4400	-9.40776
4401	4401	-10.4793
4402	4402	-14.3104
4403	4403	4.45475
4404	4404	-14.7181
4405	4405	-14.086
4406	4406	11.0961
4407	4407	2.53899
4408	4408	-12.4882
4409	4409	-19.1248
4410	4410	3.36208
4411	4411	-15.38
4412	4412	14.3578
4413	4413	-39.1272
4414	4414	-1.43932
4415	4415	-7.04931
4416	4416	21.8154
4417	4417	11.7339
4418	4418	-9.66958
4419	4419	0.716615
4420	4420	16.2836
4421	4421	-15.7625
4422	4422	-5.10632
4423	4423	17.1433
4424	4424	0.354792
4425	4425	-12.4206
4426	4426	-1.93549
4427	4427	-28.0979
4428	4428	-24.6378
4429	4429	-23.643
4430	4430	4.94318
4431	4431	4.96932
4432	4432	-10.9313
4433	4433	17.8574
4434	4434	23.175
4435	4435	4.81386
4436	4436	-20.7027
4437	4437	-0.570537
4438	4438	-27.3214
4439	4439	-5.42624
4440	4440	-5.20152
4441	4441	-1.87735
4442	4442	14.0163
4443	4443	-11.2952
4444	4444	-8.77519
4445	4445	2.71764
4446	4446	1.20642
4447	4447	-5.73227
4448	4448	18.764
4449	4449	4.86492
4450	4450	8.53388
4451	4451	-5.60991
4452	4452	20.1843
4453	4453	6.47822
4454	4454	4.82351
4455	4455	-0.970708
4456	4456	-9.2741
4457	4457	-10.8663
4458	4458	17.5125
4459	4459	8.81787
4460	4460	-14.279
4461	4461	-12.5012
4462	4462	-5.23755
4463	4463	-5.82095
4464	4464	-33.0906
4465	4465	14.2531
4466	4466	-11.2797
4467	4467	4.29299
4468	4468	-25.1908
4469	4469	17.4209
4470	4470	-7.22021
4471	4471	-7.11981
4472	4472	-8.16041
4473	4473	-7.81766
4474	4474	4.95843
4475	4475	-13.7045
4476	4476	3.16423
4477	4477	12.7288
4478	4478	-0.502124
4479	4479	17.1103
4480	4480	-7.13999
4481	4481	9.86869
4482	4482	0.445388
4483	4483	-1.31089
4484	4484	8.7621
4485	4485	-17.1193
4486	4486	-17.336
4487	4487	-16.1873
4488	4488	-3.89141
4489	4489	-8.11064
4490	4490	15.1928
4491	4491	-28.823
4492	4492	7.66421
4493	4493	-20.5948
4494	4494	32.266
4495	4495	-22.9584
4496	4496	-0.946185
4497	4497	-4.38717
4498	4498	-16.1937
4499	4499	-12.5877
4500	4500	-32.2698
4501	4501	30.9028
4502	4502	35.2343
4503	4503	-11.8518
4504	4504	-20.084
4505	4505	7.10217
4506	4506	-13.689
4507	4507	-7.56019
4508	4508	0.329341
4509	4509	-5.36244
4510	4510	-11.6027
4511	4511	-18.6067
4512	4512	-16.3983
4513	4513	-19.7965
4514	4514	-2.18362
4515	4515	-5.52607
4516	4516	-27.0419
4517	4517	-12.6032
4518	4518	-10.6703
4519	4519	-26.3626
4520	4520	-30.8618
4521	4521	-8.22692
4522	4522	-5.86344
4523	4523	-4.51501
4524	4524	-2.20052
4525	4525	-19.7851
4526	4526	12.9467
4527	4527	-5.33783
4528	4528	-13.1601
4529	4529	23.8996
4530	4530	11.9141
4531	4531	-28.366
4532	4532	1.60577
4533	4533	14.6088
4534	4534	2.12767
4535	4535	22.0059
4536	4536	-6.21862
4537	4537	16.0921
4538	4538	13.4117
4539	4539	0.407358
4540	4540	11.4838
4541	4541	7.93536
4542	4542	10.0786
4543	4543	4.87001
4544	4544	1.28592
4545	4545	-5.31521
4546	4546	-2.31631
4547	4547	-22.6392
4548	4548	-19.6803
4549	4549	-11.0375
4550	4550	-8.31383
4551	4551	14.344
4552	4552	-8.93095
4553	4553	-4.3553
4554	4554	0.411827
4555	4555	-0.95603
4556	4556	0.148528
4557	4557	7.44948
4558	4558	3.0035
4559	4559	12.9441
4560	4560	3.23537
4561	4561	-16.6641
4562	4562	-11.7366
4563	4563	17.6797
4564	4564	-1.2103
4565	4565	-20.6982
4566	4566	-9.27837
4567	4567	-13.7414
4568	4568	-4.44539
4569	4569	-35.1256
4570	4570	2.40687
4571	4571	-6.7529
4572	4572	0.880219
4573	4573	2.75842
4574	4574	28.7593
4575	4575	2.2122
4576	4576	-3.45041
4577	4577	1.29717
4578	4578	4.08082
4579	4579	5.15017
4580	4580	-0.0171249
4581	4581	-15.9464
4582	4582	0.0460227
4583	4583	9.29681
4584	4584	11.0139
4585	4585	-38.9193
4586	4586	28.8999
4587	4587	-6.81765
4588	4588	13.1462
4589	4589	-0.595718
4590	4590	9.03347
4591	4591	51.0636
4592	4592	-13.6524
4593	4593	-4.11673
4594	4594	17.4758
4595	4595	2.81653
4596	4596	-8.43964
4597	4597	-4.56006
4598	4598	9.4293
4599	4599	2.35415
4600	4600	11.3914
4601	4601	-5.81519
4602	4602	-17.1435
4603	4603	27.2382
4604	4604	-19.5287
4605	4605	24.6073
4606	4606	-7.34472
4607	4607	13.1657
4608	4608	2.28746
4609	4609	-1.26598
4610	4610	21.809
4611	4611	-23.6955
4612	4612	-20.6376
4613	4613	-21.9072
4614	4614	1.9381
4615	4615	1.70892
4616	4616	-1.28279
4617	4617	-3.21308
4618	4618	-14.5309
4619	4619	-1.12565
4620	4620	8.56021
4621	4621	-13.9233
4622	4622	-20.3633
4623	4623	-53.8342
4624	4624	5.43236
4625	4625	0.0826424
4626	4626	19.3757
4627	4627	27.1412
4628	4628	-0.689977
4629	4629	-4.6167
4630	4630	-15.9643
4631	4631	14.5345
4632	4632	3.58811
4633	4633	29.6737
4634	4634	-18.6335
4635	4635	-9.48972
4636	4636	-10.8695
4637	4637	2.36118
4638	4638	-15.8485
4639	4639	-0.21258
4640	4640	-2.32358
4641	4641	-22.2943
4642	4642	-2.30671
4643	4643	-21.3011
4644	4644	23.5453
4645	4645	-6.53023
4646	4646	10.596
4647	4647	6.7288
4648	4648	-15.6288
4649	4649	9.37879
4650	4650	-9.99051
4651	4651	-2.7817
4652	4652	-10.8039
4653	4653	21.1398
4654	4654	-3.75796
4655	4655	-23.5949
4656	4656	-13.5046
4657	4657	-11.9254
4658	4658	-39.5529
4659	4659	22.8576
4660	4660	11.5939
4661	4661	-6.79821
4662	4662	-11.9862
4663	4663	24.8778
4664	4664	-30.2379
4665	4665	-37.189
4666	4666	26.8361
4667	4667	0.615243
4668	4668	-22.0234
4669	4669	14.8014
4670	4670	6.07841
4671	4671	-22.0571
4672	4672	18.3506
4673	4673	-18.1498
4674	4674	-31.3513
4675	4675	-10.1993
4676	4676	-17.1433
4677	4677	16.7584
4678	4678	-25.6283
4679	4679	0.68391
4680	4680	-18.1965
4681	4681	-13.9226
4682	4682	-17.6444
4683	4683	-10.2093
4684	4684	0.862802
4685	4685	11.9262
4686	4686	-16.5529
4687	4687	-6.81174
4688	4688	-32.9114
4689	4689	-9.57748
4690	4690	-8.84979
4691	4691	0.88988
4692	4692	-14.7334
4693	4693	14.1683
4694	4694	14.0034
4695	4695	6.70842
4696	4696	11.4286
4697	4697	13.6773
4698	4698	18.5729
4699	4699	-20.3909
4700	4700	21.9221
4701	4701	-8.73848
4702	4702	12.7747
4703	4703	-8.28003
4704	4704	10.0032
4705	4705	-5.77743
4706	4706	4.95662
4707	4707	-6.99077
4708	4708	16.3878
4709	4709	-5.12575
4710	4710	24.5672
4711	4711	-9.69332
4712	4712	-27.8901
4713	4713	-5.30451
4714	4714	2.96097
4715	4715	-7.10975
4716	4716	-12.4837
4717	4717	-6.77229
4718	4718	-14.6485
4719	4719	-0.662483
4720	4720	10.7547
4721	4721	-5.32755
4722	4722	10.4906
4723	4723	-20.5222
4724	4724	-0.439065
4725	4725	5.52635
4726	4726	-7.80895
4727	4727	-6.1911
4728	4728	8.09736
4729	4729	-14.5548
4730	4730	8.87611
4731	4731	-30.4648
4732	4732	-24.9285
4733	4733	-7.57797
4734	4734	12.3613
4735	4735	-10.6491
4736	4736	4.77228
4737	4737	2.40506
4738	4738	-2.91561
4739	4739	14.0208
4740	4740	-19.3415
4741	4741	-4.55341
4742	4742	8.3386
4743	4743	5.79798
4744	4744	1.63177
4745	4745	-20.171
4746	4746	4.16754
4747	4747	23.6735
4748	4748	-21.3715
4749	4749	27.2547
4750	4750	7.93789
4751	4751	4.65354
4752	4752	6.9596
4753	4753	-21.134
4754	4754	-7.26671
4755	4755	6.03413
4756	4756	5.85972
4757	4757	-17.9208
4758	4758	1.70157
4759	4759	-6.77993
4760	4760	12.2058
4761	4761	4.12805
4762	4762	11.935
4763	4763	10.9122
4764	4764	-13.693
4765	4765	29.3689
4766	4766	6.24282
4767	4767	-7.981
4768	4768	-3.046
4769	4769	-3.54241
4770	4770	14.6218
4771	4771	14.9146
4772	4772	-7.15871
4773	4773	-13.0015
4774	4774	-1.21055
4775	4775	7.30374
4776	4776	-7.50721
4777	4777	-8.27933
4778	4778	-17.9672
4779	4779	-6.26712
4780	4780	26.4906
4781	4781	-18.9013
4782	4782	4.27514
4783	4783	-14.9297
4784	4784	24.9004
4785	4785	-16.8355
4786	4786	6.2011
4787	4787	8.99945
4788	4788	16.4732
4789	4789	8.05014
4790	4790	-5.73677
4791	4791	-28.6046
4792	4792	-6.42398
4793	4793	-4.79924
4794	4794	-31.0671
4795	4795	7.64937
4796	4796	-28.6572
4797	4797	12.9581
4798	4798	-4.8202
4799	4799	-25.984
