sample_id	sample_id2	phensim
zero	zero	-14.3987
1	1	24.8369
2	2	20.3778
3	3	26.2671
4	4	-27.9652
5	5	-5.91861
6	6	-19.8011
7	7	-3.55585
8	8	15.2806
9	9	7.78106
10	10	30.9767
11	11	8.98775
12	12	3.40617
13	13	34.2803
14	14	-17.4958
15	15	-6.63546
16	16	-6.09814
17	17	28.093
18	18	-5.55068
19	19	-0.231501
20	20	-20.0898
21	21	9.13772
22	22	-15.4649
23	23	16.9849
24	24	-34.2541
25	25	-11.9529
26	26	24.2899
27	27	3.62026
28	28	22.5051
29	29	-10.7663
30	30	-11.5068
31	31	-15.2277
32	32	-10.5411
33	33	9.16292
34	34	-4.7596
35	35	-21.3908
36	36	-12.1373
37	37	0.332224
38	38	-1.58489
39	39	-52.1754
40	40	29.6883
41	41	-6.34834
42	42	6.93785
43	43	-0.608016
44	44	-18.0532
45	45	-4.45992
46	46	23.4352
47	47	-30.2676
48	48	-25.5206
49	49	-13.3739
50	50	9.58668
51	51	8.89541
52	52	6.1011
53	53	33.2157
54	54	10.6429
55	55	-1.10161
56	56	-24.6563
57	57	-17.8216
58	58	-1.56065
59	59	9.68269
60	60	30.0207
61	61	7.68375
62	62	17.1088
63	63	-20.6889
64	64	34.2098
65	65	-40.1381
66	66	29.6212
67	67	21.8214
68	68	13.7409
69	69	1.11127
70	70	-16.9032
71	71	-7.15186
72	72	14.1479
73	73	1.94003
74	74	-2.29982
75	75	-5.16389
76	76	0.625173
77	77	-13.1706
78	78	13.8268
79	79	12.6046
80	80	-1.90646
81	81	44.7279
82	82	13.7167
83	83	-13.3925
84	84	-22.3773
85	85	-19.6523
86	86	-7.55311
87	87	4.17446
88	88	-0.893686
89	89	8.4127
90	90	8.09701
91	91	-6.38106
92	92	-15.5202
93	93	-12.0298
94	94	-9.70007
95	95	-24.3824
96	96	14.4181
97	97	-14.8637
98	98	-12.1622
99	99	1.00041
100	100	-5.79317
101	101	-3.89489
102	102	-14.7669
103	103	1.57496
104	104	10.2794
105	105	9.22145
106	106	-12.33
107	107	-5.56155
108	108	-9.72746
109	109	16.2674
110	110	15.1412
111	111	-11.8083
112	112	-5.87668
113	113	0.695511
114	114	36.0638
115	115	-15.0405
116	116	12.3248
117	117	-14.774
118	118	-1.4584
119	119	15.8436
120	120	11.6884
121	121	-5.84276
122	122	-12.8749
123	123	7.93088
124	124	0.29523
125	125	0.604448
126	126	43.9183
127	127	47.4852
128	128	-17.6273
129	129	-11.7489
130	130	-22.8084
131	131	25.7374
132	132	20.9508
133	133	58.2426
134	134	12.0623
135	135	8.77112
136	136	-28.8362
137	137	18.7461
138	138	32.9832
139	139	33.2065
140	140	7.28547
141	141	-48.5464
142	142	-25.3243
143	143	-14.2431
144	144	5.9428
145	145	-16.6463
146	146	-19.0194
147	147	-9.91535
148	148	-13.0846
149	149	-15.7134
150	150	-1.13319
151	151	12.8196
152	152	-8.59899
153	153	1.21055
154	154	-20.0105
155	155	-3.10536
156	156	-17.1349
157	157	-0.557103
158	158	0.406923
159	159	5.45557
160	160	-34.6421
161	161	39.0126
162	162	-11.9325
163	163	-13.7878
164	164	-13.7457
165	165	-1.48673
166	166	17.211
167	167	18.6749
168	168	-16.8556
169	169	-3.11761
170	170	-15.1015
171	171	16.6623
172	172	4.72661
173	173	-7.10281
174	174	26.4888
175	175	42.2198
176	176	20.0661
177	177	-3.86662
178	178	1.74351
179	179	58.5218
180	180	-6.23298
181	181	-29.5467
182	182	-28.03
183	183	-15.137
184	184	4.28191
185	185	24.0184
186	186	13.8474
187	187	8.46197
188	188	-16.5749
189	189	-27.4702
190	190	12.4245
191	191	41.695
192	192	7.4074
193	193	-10.9021
194	194	4.54094
195	195	-31.6975
196	196	-2.0786
197	197	12.7413
198	198	-8.36012
199	199	-2.5365
200	200	1.87701
201	201	27.5775
202	202	19.5062
203	203	15.3405
204	204	-16.5661
205	205	-6.58463
206	206	26.0531
207	207	-13.8649
208	208	-8.40687
209	209	1.44457
210	210	7.75222
211	211	30.5272
212	212	54.0387
213	213	9.99161
214	214	15.0199
215	215	-14.8952
216	216	-0.213266
217	217	12.1804
218	218	11.2293
219	219	16.8458
220	220	-25.5753
221	221	11.6509
222	222	-21.9521
223	223	7.32236
224	224	23.2769
225	225	11.1151
226	226	-23.0299
227	227	-18.4973
228	228	-20.6385
229	229	-22.0229
230	230	-11.6601
231	231	-14.5289
232	232	32.8344
233	233	21.0674
234	234	17.7238
235	235	5.67527
236	236	30.6633
237	237	9.57404
238	238	6.68999
239	239	0.766467
240	240	-31.3912
241	241	10.3676
242	242	0.901821
243	243	20.1225
244	244	1.75771
245	245	-9.36916
246	246	7.11104
247	247	-3.9074
248	248	25.0925
249	249	-6.9116
250	250	9.52907
251	251	7.73106
252	252	2.11608
253	253	-19.0704
254	254	-3.95703
255	255	13.7963
256	256	-2.97895
257	257	-6.0449
258	258	-18.8431
259	259	-22.9345
260	260	4.37443
261	261	11.6192
262	262	35.1322
263	263	23.1346
264	264	0.167384
265	265	-9.51468
266	266	-15.9809
267	267	31.759
268	268	15.3466
269	269	-18.7541
270	270	-5.55166
271	271	6.42318
272	272	23.4234
273	273	8.95989
274	274	20.1497
275	275	-14.7839
276	276	47.3237
277	277	-10.9694
278	278	-9.62361
279	279	46.8303
280	280	27.7678
281	281	4.70552
282	282	4.29176
283	283	-13.6579
284	284	-31.2519
285	285	-22.5864
286	286	16.4135
287	287	-5.73304
288	288	6.23002
289	289	12.8466
290	290	8.60341
291	291	-10.836
292	292	15.499
293	293	-2.50022
294	294	41.86
295	295	5.78456
296	296	7.94455
297	297	31.1248
298	298	-26.1912
299	299	-5.39428
300	300	34.8598
301	301	3.20726
302	302	-25.3094
303	303	10.1431
304	304	81.4287
305	305	-1.81742
306	306	7.07398
307	307	13.0336
308	308	-16.7798
309	309	20.1924
310	310	-15.1782
311	311	10.0038
312	312	-7.08346
313	313	-14.0927
314	314	19.2406
315	315	12.1196
316	316	-9.57072
317	317	8.85989
318	318	5.90578
319	319	9.21798
320	320	5.98045
321	321	11.3459
322	322	-18.9395
323	323	7.83869
324	324	14.5289
325	325	-12.2574
326	326	-0.667711
327	327	33.3836
328	328	-14.5834
329	329	-30.8513
330	330	1.07501
331	331	6.08452
332	332	-14.2163
333	333	-32.1588
334	334	-12.6642
335	335	-19.0871
336	336	-5.45999
337	337	8.15847
338	338	-14.6113
339	339	2.60361
340	340	13.1116
341	341	-26.0819
342	342	24.9082
343	343	-2.35546
344	344	-27.9689
345	345	3.34366
346	346	-15.645
347	347	-8.57533
348	348	-0.324097
349	349	-24.2109
350	350	17.2392
351	351	21.001
352	352	0.951269
353	353	8.09504
354	354	-23.7799
355	355	-3.28928
356	356	11.6788
357	357	-14.8083
358	358	-17.6649
359	359	20.1758
360	360	14.7317
361	361	10.5099
362	362	8.52566
363	363	-4.39229
364	364	0.877614
365	365	10.0128
366	366	-1.29464
367	367	-19.7133
368	368	12.3833
369	369	-9.80693
370	370	3.96798
371	371	-16.1287
372	372	-12.9815
373	373	-4.86198
374	374	-16.2095
375	375	6.99391
376	376	15.8485
377	377	11.7478
378	378	21.7238
379	379	21.0438
380	380	-18.3391
381	381	1.65831
382	382	-1.63322
383	383	31.6589
384	384	-15.2333
385	385	-25.1495
386	386	-11.8288
387	387	16.2199
388	388	28.7548
389	389	-5.62114
390	390	-10.6354
391	391	-27.7816
392	392	5.50907
393	393	-13.1446
394	394	-10.8555
395	395	-18.1314
396	396	-17.1372
397	397	11.7147
398	398	0.395276
399	399	25.3492
400	400	-0.199307
401	401	26.0072
402	402	-35.7178
403	403	-13.7236
404	404	4.97495
405	405	-18.265
406	406	24.3659
407	407	-4.60843
408	408	-0.764997
409	409	-14.4396
410	410	-26.8357
411	411	-0.236359
412	412	-5.66248
413	413	24.6089
414	414	-26.9509
415	415	2.2529
416	416	-9.5398
417	417	1.2395
418	418	-13.497
419	419	-17.0309
420	420	-13.5886
421	421	-17.7542
422	422	8.328
423	423	11.9228
424	424	-2.34713
425	425	-4.93987
426	426	36.3273
427	427	-1.59519
428	428	-8.36694
429	429	36.1375
430	430	-8.69551
431	431	32.3674
432	432	-12.8917
433	433	-15.5701
434	434	13.4029
435	435	-13.307
436	436	32.5329
437	437	0.713815
438	438	6.68058
439	439	-0.157956
440	440	1.66171
441	441	17.6205
442	442	37.8287
443	443	1.85475
444	444	-17.2012
445	445	-30.7782
446	446	9.07241
447	447	-5.57765
448	448	1.10077
449	449	3.92329
450	450	-1.50583
451	451	1.10356
452	452	-7.51086
453	453	14.553
454	454	3.82499
455	455	-7.10176
456	456	-19.6743
457	457	5.67379
458	458	-21.0836
459	459	7.54224
460	460	-4.34547
461	461	-15.1707
462	462	8.35452
463	463	-10.5248
464	464	20.4953
465	465	-15.9372
466	466	0.231751
467	467	-8.46498
468	468	-8.49388
469	469	20.7277
470	470	1.7428
471	471	12.0672
472	472	9.45
473	473	-18.9267
474	474	24.2786
475	475	20.7398
476	476	-3.84222
477	477	13.1766
478	478	-10.9255
479	479	-14.6102
480	480	-9.35695
481	481	-9.8511
482	482	11.5447
483	483	-1.15124
484	484	-30.7486
485	485	0.512781
486	486	3.42172
487	487	-2.0575
488	488	-14.043
489	489	-38.5969
490	490	-1.57176
491	491	-9.07337
492	492	6.8371
493	493	-7.71772
494	494	-5.35496
495	495	1.00797
496	496	-12.7452
497	497	8.48554
498	498	27.557
499	499	29.9063
500	500	11.4048
501	501	6.14536
502	502	-7.51861
503	503	7.05371
504	504	21.0524
505	505	-9.09163
506	506	9.73253
507	507	-0.479391
508	508	-2.76926
509	509	30.6507
510	510	50.9686
511	511	27.8362
512	512	13.1324
513	513	-2.44645
514	514	12.2716
515	515	-10.7185
516	516	27.3516
517	517	-8.89004
518	518	-12.8797
519	519	14.0483
520	520	26.8303
521	521	-6.37083
522	522	-15.2429
523	523	-2.05651
524	524	23.216
525	525	18.1572
526	526	0.780761
527	527	36.3182
528	528	7.79923
529	529	-7.37222
530	530	-3.21419
531	531	19.4943
532	532	-10.6936
533	533	-4.74913
534	534	-6.06917
535	535	4.38875
536	536	21.445
537	537	16.2213
538	538	3.47996
539	539	-21.9916
540	540	-1.14593
541	541	-6.77678
542	542	14.1853
543	543	32.1135
544	544	23.0693
545	545	18.0567
546	546	15.0188
547	547	7.77972
548	548	-21.7562
549	549	-28.8811
550	550	-3.45715
551	551	-1.77143
552	552	-5.87647
553	553	-10.0256
554	554	-5.22804
555	555	-5.35727
556	556	-31.9948
557	557	-0.295675
558	558	1.66141
559	559	20.1233
560	560	22.2141
561	561	-18.3166
562	562	-2.58223
563	563	-30.3025
564	564	-37.9406
565	565	8.07351
566	566	-8.49574
567	567	9.39688
568	568	23.3355
569	569	17.0359
570	570	-15.2937
571	571	-4.91585
572	572	6.18217
573	573	-21.603
574	574	-11.2395
575	575	-1.55608
576	576	0.291657
577	577	2.49741
578	578	3.23083
579	579	-0.419633
580	580	32.7866
581	581	-5.34768
582	582	13.2649
583	583	0.244633
584	584	-5.15155
585	585	-15.1874
586	586	-5.30921
587	587	10.8717
588	588	-8.31141
589	589	7.80896
590	590	11.4359
591	591	-0.8228
592	592	7.13351
593	593	18.3504
594	594	29.8411
595	595	-25.4055
596	596	0.775671
597	597	-13.9041
598	598	8.19552
599	599	13.3968
