sample_id	sample_id2	phensim
zero	zero	-30.1034
1	1	31.1024
2	2	21.4088
3	3	-11.6617
4	4	-12.135
5	5	3.61881
6	6	34.1368
7	7	34.0612
8	8	-6.80723
9	9	13.3565
10	10	26.0899
11	11	14.8383
12	12	20.1025
13	13	31.0023
14	14	-25.5796
15	15	29.5104
16	16	26.6743
17	17	-15.9228
18	18	5.62926
19	19	17.018
20	20	5.07084
21	21	30.447
22	22	19.2617
23	23	-43.227
24	24	-25.3916
25	25	50.3469
26	26	27.6258
27	27	-23.1485
28	28	-13.2885
29	29	3.08962
30	30	-38.4118
31	31	13.2672
32	32	6.89626
33	33	0.830613
34	34	-0.655825
35	35	0.134572
36	36	-28.5957
37	37	20.5409
38	38	-1.0571
39	39	16.8278
40	40	-22.8424
41	41	3.20076
42	42	-6.97756
43	43	-13.939
44	44	-4.70299
45	45	-5.36232
46	46	9.83431
47	47	7.24905
48	48	5.78672
49	49	13.7869
50	50	7.10899
51	51	-6.95925
52	52	-35.7441
53	53	13.5746
54	54	-30.2811
55	55	-11.897
56	56	-1.85235
57	57	-14.667
58	58	7.49313
59	59	-8.23213
60	60	6.79478
61	61	5.43393
62	62	7.86531
63	63	-16.5813
64	64	33.9879
65	65	-21.462
66	66	-3.21216
67	67	3.14599
68	68	9.68219
69	69	-2.91881
70	70	7.55417
71	71	-15.3237
72	72	25.0825
73	73	-24.1861
74	74	-21.6352
75	75	-1.6976
76	76	-16.2938
77	77	15.0822
78	78	-11.8154
79	79	-11.7647
80	80	5.49108
81	81	43.6946
82	82	-11.4678
83	83	-18.3376
84	84	10.7362
85	85	37.3853
86	86	-26.5784
87	87	5.9789
88	88	30.9759
89	89	-7.04409
90	90	1.30793
91	91	-15.3695
92	92	4.19735
93	93	10.4633
94	94	5.4957
95	95	5.52334
96	96	27.0758
97	97	28.1804
98	98	-25.7966
99	99	-0.611897
100	100	-24.4158
101	101	-30.1894
102	102	11.3028
103	103	-7.65252
104	104	6.06465
105	105	21.8489
106	106	1.88934
107	107	28.225
108	108	-13.1989
109	109	15.5011
110	110	-13.3045
111	111	10.4628
112	112	-4.57829
113	113	-0.810716
114	114	-18.4633
115	115	-7.73985
116	116	22.0951
117	117	-24.886
118	118	-11.5372
119	119	7.5334
120	120	-17.9633
121	121	-24.4302
122	122	-3.27913
123	123	-15.3078
124	124	-55.8113
125	125	18.6103
126	126	-20.392
127	127	32.398
128	128	-13.036
129	129	0.150911
130	130	40.5991
131	131	-24.1366
132	132	-6.81315
133	133	-9.23734
134	134	-33.4425
135	135	-28.6494
136	136	-13.5333
137	137	42.0256
138	138	3.49583
139	139	-6.72205
140	140	7.01707
141	141	13.2338
142	142	-22.7079
143	143	-10.9903
144	144	33.9571
145	145	-9.87831
146	146	7.43414
147	147	-0.877339
148	148	2.6606
149	149	-34.7232
150	150	0.0265001
151	151	-12.5259
152	152	-6.81139
153	153	3.71871
154	154	37.2356
155	155	-4.75436
156	156	-0.682109
157	157	13.3439
158	158	-2.22339
159	159	4.95524
160	160	30.1843
161	161	-16.8621
162	162	-23.0922
163	163	1.32341
164	164	-13.7196
165	165	19.4251
166	166	-2.55681
167	167	-16.1858
168	168	4.51108
169	169	24.0909
170	170	-8.53797
171	171	16.2551
172	172	16.0575
173	173	7.58022
174	174	1.13255
175	175	3.17364
176	176	-12.3946
177	177	11.7158
178	178	5.50336
179	179	3.35555
180	180	19.9772
181	181	-10.9948
182	182	-11.2099
183	183	31.5092
184	184	-1.07772
185	185	-10.691
186	186	-18.4482
187	187	-28.8876
188	188	36.1367
189	189	28.4471
190	190	-13.637
191	191	-17.0168
192	192	14.862
193	193	44.3826
194	194	47.3942
195	195	-0.578674
196	196	4.50054
197	197	-0.838199
198	198	-3.13805
199	199	-25.2398
200	200	42.3018
201	201	9.44575
202	202	-12.5977
203	203	36.1216
204	204	44.3243
205	205	9.22993
206	206	0.679502
207	207	15.2065
208	208	-24.5473
209	209	-0.147975
210	210	7.56027
211	211	-25.8339
212	212	9.8071
213	213	-12.5106
214	214	-22.4143
215	215	-14.4964
216	216	-18.3772
217	217	-0.0246837
218	218	12.123
219	219	6.45422
220	220	10.0363
221	221	5.75329
222	222	-10.2968
223	223	-1.08248
224	224	32.478
225	225	-18.2701
226	226	-6.71784
227	227	-11.6014
228	228	19.6497
229	229	6.81856
230	230	21.3444
231	231	14.7049
232	232	31.7415
233	233	-14.9887
234	234	17.9804
235	235	31.9096
236	236	-3.7022
237	237	-47.7903
238	238	-28.1598
239	239	5.41506
240	240	6.1256
241	241	9.62976
242	242	-7.33701
243	243	30.5293
244	244	-28.5781
245	245	-5.59033
246	246	-13.9277
247	247	-1.66087
248	248	45.5436
249	249	3.4588
250	250	0.281776
251	251	-26.9524
252	252	8.08187
253	253	-16.953
254	254	-48.9575
255	255	-1.01522
256	256	-24.4912
257	257	-14.1245
258	258	-23.4583
259	259	1.73159
260	260	-16.738
261	261	-1.48164
262	262	8.09156
263	263	-11.8587
264	264	-2.79875
265	265	-16.6687
266	266	37.8123
267	267	0.0812678
268	268	-8.21731
269	269	-18.3012
270	270	-28.271
271	271	-31.1008
272	272	53.8889
273	273	14.6676
274	274	41.3829
275	275	13.2122
276	276	9.39411
277	277	7.02247
278	278	-12.4764
279	279	-28.5293
280	280	-32.6722
281	281	15.7365
282	282	-34.8029
283	283	-10.9019
284	284	-39.6697
285	285	-20.4585
286	286	2.46067
287	287	11.0157
288	288	-40.5357
289	289	29.3855
290	290	9.47491
291	291	28.4179
292	292	5.23829
293	293	1.56401
294	294	6.25416
295	295	-10.7658
296	296	31.3765
297	297	20.7445
298	298	-7.20111
299	299	-7.4121
300	300	-0.784217
301	301	-20.5621
302	302	21.8832
303	303	6.05602
304	304	-19.0483
305	305	1.46314
306	306	30.9242
307	307	-3.62677
308	308	39.4074
309	309	-23.8173
310	310	-9.6451
311	311	17.9904
312	312	4.66648
313	313	-24.1377
314	314	-1.79986
315	315	22.0274
316	316	12.2419
317	317	-32.3785
318	318	12.8476
319	319	3.49444
320	320	-8.01246
321	321	-1.53546
322	322	-9.35985
323	323	9.15386
324	324	-0.957591
325	325	21.0924
326	326	-7.62972
327	327	-41.8414
328	328	-8.86372
329	329	-25.9204
330	330	-14.7531
331	331	7.82484
332	332	-3.54612
333	333	-1.99663
334	334	-13.8281
335	335	11.4536
336	336	26.0663
337	337	-25.6254
338	338	17.9485
339	339	-32.0348
340	340	10.9318
341	341	-3.39773
342	342	-12.5406
343	343	11.5188
344	344	-9.83862
345	345	22.0616
346	346	-7.89606
347	347	-58.5166
348	348	-15.9798
349	349	-8.32317
350	350	-19.3197
351	351	38.2464
352	352	20.4504
353	353	-10.1793
354	354	-6.30152
355	355	8.27256
356	356	10.124
357	357	-1.07755
358	358	35.7463
359	359	11.0408
360	360	7.50377
361	361	-4.72879
362	362	11.0415
363	363	1.75215
364	364	-9.25182
365	365	22.0175
366	366	12.8576
367	367	-30.8526
368	368	-26.855
369	369	23.7734
370	370	-21.2093
371	371	21.5953
372	372	3.25596
373	373	-36.7972
374	374	-46.0394
375	375	32.7584
376	376	-40.3518
377	377	6.90053
378	378	-6.94668
379	379	-20.1584
380	380	24.551
381	381	-37.5059
382	382	16.7433
383	383	17.9574
384	384	18.4252
385	385	-42.6459
386	386	24.9063
387	387	21.9732
388	388	-11.1021
389	389	-5.51258
390	390	21.3885
391	391	-1.42635
392	392	11.7343
393	393	8.31052
394	394	9.53081
395	395	13.8946
396	396	-6.56447
397	397	-22.3997
398	398	-23.3
399	399	-5.66085
400	400	-3.10014
401	401	-0.498326
402	402	-6.17723
403	403	-19.3166
404	404	36.7306
405	405	-1.37094
406	406	18.3124
407	407	-28.8609
408	408	-7.65034
409	409	-28.11
410	410	17.3222
411	411	0.482851
412	412	-24.6957
413	413	-28.2186
414	414	2.56372
415	415	6.13442
416	416	-18.1905
417	417	13.0623
418	418	7.64499
419	419	3.05646
420	420	39.4956
421	421	-1.89345
422	422	-50.3463
423	423	-11.0152
424	424	27.7083
425	425	-28.0634
426	426	-30.6889
427	427	5.35823
428	428	1.97471
429	429	32.8053
430	430	36.8143
431	431	38.9787
432	432	-4.65715
433	433	17.4568
434	434	21.1983
435	435	1.25244
436	436	-24.153
437	437	28.021
438	438	17.7117
439	439	-25.4795
440	440	-9.29612
441	441	13.3714
442	442	6.59574
443	443	-17.7008
444	444	15.1519
445	445	24.5495
446	446	11.433
447	447	-14.8263
448	448	-10.2158
449	449	-12.383
450	450	-4.41457
451	451	9.92263
452	452	16.5027
453	453	-4.4672
454	454	9.02525
455	455	-0.325012
456	456	12.7819
457	457	-8.94971
458	458	29.3353
459	459	0.930471
460	460	-25.5148
461	461	-22.8876
462	462	-21.1074
463	463	26.5415
464	464	-1.53513
465	465	0.283548
466	466	-0.542976
467	467	15.25
468	468	5.06714
469	469	-5.10074
470	470	8.44205
471	471	-1.33742
472	472	4.61303
473	473	-8.96566
474	474	17.6108
475	475	-19.3582
476	476	7.44371
477	477	-24.2894
478	478	-26.5301
479	479	7.67913
480	480	12.6723
481	481	-13.0136
482	482	-22.2953
483	483	20.9029
484	484	-21.7871
485	485	9.68859
486	486	-6.02726
487	487	27.2808
488	488	32.3706
489	489	-32.4262
490	490	10.1613
491	491	3.65669
492	492	2.24496
493	493	-17.6693
494	494	-1.61185
495	495	38.3929
496	496	-10.0324
497	497	8.07699
498	498	-0.67814
499	499	-0.386987
500	500	-11.2915
501	501	6.14111
502	502	-3.71408
503	503	11.3657
504	504	14.9893
505	505	37.2587
506	506	-4.26144
507	507	7.14817
508	508	20.1449
509	509	-4.74139
510	510	12.9876
511	511	0.198339
512	512	12.0785
513	513	-22.694
514	514	4.31927
515	515	-17.4237
516	516	-7.45444
517	517	20.177
518	518	-16.9342
519	519	25.0529
520	520	18.6893
521	521	49.0173
522	522	25.9449
523	523	-17.9029
524	524	-19.9326
525	525	5.36386
526	526	31.3439
527	527	20.0571
528	528	12.9914
529	529	-9.49868
530	530	3.30614
531	531	-12.8238
532	532	-35.3599
533	533	-18.3165
534	534	-7.33547
535	535	17.2575
536	536	-17.2346
537	537	-15.3111
538	538	-35.3647
539	539	-39.3335
540	540	15.5749
541	541	-3.40722
542	542	-26.6143
543	543	47.1285
544	544	-8.74314
545	545	11.2932
546	546	11.8272
547	547	-17.9259
548	548	-33.8019
549	549	-8.7191
550	550	20.4424
551	551	19.8078
552	552	-8.31196
553	553	28.6022
554	554	14.1011
555	555	-3.95934
556	556	-3.06608
557	557	-9.50052
558	558	-23.742
559	559	-5.74023
560	560	-17.1524
561	561	26.0384
562	562	-25.78
563	563	-19.8786
564	564	14.6939
565	565	25.7685
566	566	-27.0067
567	567	-7.66591
568	568	9.80649
569	569	0.726596
570	570	-12.1303
571	571	-41.86
572	572	3.94212
573	573	-1.96783
574	574	15.1627
575	575	31.2919
576	576	7.5033
577	577	16.8756
578	578	22.3649
579	579	-12.5562
580	580	-51.1777
581	581	2.72716
582	582	-23.2848
583	583	12.501
584	584	-2.85089
585	585	-15.8127
586	586	-8.0336
587	587	-20.4094
588	588	19.5451
589	589	-24.1837
590	590	-17.3198
591	591	4.48077
592	592	-1.5758
593	593	39.6421
594	594	-37.3412
595	595	-18.7687
596	596	-2.94212
597	597	17.5997
598	598	-15.1706
599	599	37.7361
600	600	3.12065
601	601	2.15115
602	602	-5.92237
603	603	0.185249
604	604	-9.37781
605	605	-15.3347
606	606	8.92167
607	607	2.68999
608	608	11.5095
609	609	42.557
610	610	-10.1143
611	611	-19.3938
612	612	9.7353
613	613	-16.7089
614	614	20.9103
615	615	-26.6031
616	616	4.55433
617	617	20.2
618	618	-27.4635
619	619	-16.333
620	620	-52.5444
621	621	-11.5194
622	622	4.07706
623	623	26.6035
624	624	3.3478
625	625	-14.0766
626	626	4.28592
627	627	-24.454
628	628	-12.3847
629	629	26.4226
630	630	-10.5152
631	631	9.39765
632	632	-34.0759
633	633	16.4028
634	634	8.38473
635	635	21.3005
636	636	37.3052
637	637	42.0543
638	638	9.0153
639	639	25.0568
640	640	-23.7153
641	641	-11.679
642	642	-23.378
643	643	22.855
644	644	19.098
645	645	1.33464
646	646	-22.5328
647	647	39.6663
648	648	40.2797
649	649	-18.9693
650	650	-34.4468
651	651	-14.0471
652	652	4.10295
653	653	5.16202
654	654	2.9923
655	655	-8.36982
656	656	9.41464
657	657	-22.364
658	658	5.18444
659	659	4.96344
660	660	-24.9633
661	661	-12.4077
662	662	19.5428
663	663	19.0145
664	664	-3.33547
665	665	11.4998
666	666	16.6079
667	667	-7.5225
668	668	-35.1665
669	669	-20.4727
670	670	-28.0187
671	671	22.4541
672	672	38.575
673	673	-31.1335
674	674	-12.2425
675	675	26.6338
676	676	-8.48476
677	677	-39.3228
678	678	-5.72351
679	679	0.701136
680	680	7.95054
681	681	-13.0714
682	682	6.08748
683	683	-3.66497
684	684	2.59157
685	685	23.8323
686	686	14.8597
687	687	3.94716
688	688	6.49629
689	689	-2.8701
690	690	2.48681
691	691	-16.542
692	692	-53.7569
693	693	30.4703
694	694	-5.94024
695	695	-31.8412
696	696	5.09829
697	697	0.207248
698	698	-10.3651
699	699	14.6104
700	700	-1.17907
701	701	-26.0697
702	702	2.19326
703	703	6.46403
704	704	18.8888
705	705	22.9847
706	706	23.0881
707	707	-16.2711
708	708	-11.2268
709	709	-35.9798
710	710	-13.3638
711	711	20.9175
712	712	-8.86144
713	713	-9.96547
714	714	8.67602
715	715	6.44068
716	716	43.0222
717	717	59.51
718	718	32.9441
719	719	-39.7684
720	720	17.7045
721	721	14.3552
722	722	24.2835
723	723	-23.2613
724	724	-0.01319
725	725	3.48439
726	726	20.8447
727	727	-17.1288
728	728	-7.14141
729	729	-34.043
730	730	-14.6578
731	731	0.779005
732	732	-14.4466
733	733	-8.29745
734	734	-55.1641
735	735	14.9527
736	736	4.59084
737	737	-20.388
738	738	-13.0251
739	739	19.6834
740	740	-15.9181
741	741	-18.3453
742	742	32.3735
743	743	44.1868
744	744	7.34669
745	745	-22.9598
746	746	-13.5948
747	747	-4.34769
748	748	26.2546
749	749	-17.752
750	750	-8.21319
751	751	-26.4732
752	752	7.12185
753	753	25.1128
754	754	0.752553
755	755	4.19868
756	756	-5.94886
757	757	6.61415
758	758	37.0931
759	759	-9.87704
760	760	42.1854
761	761	6.97095
762	762	12.5791
763	763	-30.8786
764	764	19.7723
765	765	8.01534
766	766	-46.5836
767	767	-28.1953
768	768	-18.0495
769	769	15.6803
770	770	11.0586
771	771	33.6793
772	772	18.2393
773	773	-14.6998
774	774	41.649
775	775	10.0608
776	776	43.2546
777	777	7.47877
778	778	30.2897
779	779	30.4471
780	780	13.3808
781	781	9.63732
782	782	-19.8187
783	783	8.87005
784	784	36.7903
785	785	-38.1419
786	786	-0.851728
787	787	28.5267
788	788	-25.9857
789	789	31.6494
790	790	13.2376
791	791	22.1184
792	792	39.1781
793	793	-70.7977
794	794	-35.2694
795	795	-22.24
796	796	-30.716
797	797	22.3922
798	798	-8.36031
799	799	39.5052
800	800	-8.6843
801	801	19.1568
802	802	-11.9163
803	803	7.3541
804	804	10.9521
805	805	-21.8073
806	806	36.3202
807	807	-12.7693
808	808	24.922
809	809	-8.07771
810	810	-52.4487
811	811	-33.3242
812	812	9.37165
813	813	45.6238
814	814	23.6049
815	815	22.4421
816	816	5.84748
817	817	16.4013
818	818	-23.0062
819	819	-15.4014
820	820	-13.0934
821	821	-6.45431
822	822	8.4727
823	823	-18.1274
824	824	-7.7467
825	825	19.8659
826	826	39.4296
827	827	-4.72066
828	828	-4.2277
829	829	23.791
830	830	10.6147
831	831	-15.5163
832	832	-14.9888
833	833	1.431
834	834	-15.1398
835	835	5.39292
836	836	40.7273
837	837	-0.698093
838	838	-0.839325
839	839	6.48667
840	840	-1.99446
841	841	-1.60222
842	842	-6.20797
843	843	-16.4405
844	844	-36.0455
845	845	31.7004
846	846	30.3344
847	847	-13.987
848	848	-6.26711
849	849	-21.7107
850	850	-25.867
851	851	-19.687
852	852	-13.5979
853	853	37.106
854	854	-28.7365
855	855	14.1261
856	856	39.001
857	857	20.374
858	858	-13.3358
859	859	39.6386
860	860	-3.2266
861	861	-5.77006
862	862	4.55832
863	863	-12.5261
864	864	8.63911
865	865	25.1074
866	866	-36.5843
867	867	-28.7723
868	868	-15.6535
869	869	-4.05141
870	870	3.77233
871	871	19.7892
872	872	-20.3757
873	873	-14.4764
874	874	-20.3094
875	875	-12.3685
876	876	-17.8405
877	877	12.9202
878	878	13.5359
879	879	9.14228
880	880	21.8466
881	881	-14.5579
882	882	-69.6171
883	883	-24.6452
884	884	-4.24777
885	885	9.78219
886	886	10.3036
887	887	25.8736
888	888	-1.91466
889	889	24.8302
890	890	-11.5434
891	891	6.01251
892	892	-16.9124
893	893	-6.66149
894	894	11.5174
895	895	-3.07397
896	896	19.8987
897	897	-12.3082
898	898	13.8784
899	899	-3.52704
900	900	-4.33107
901	901	-27.0298
902	902	-9.66133
903	903	16.4214
904	904	-27.6089
905	905	-26.8481
906	906	-10.2758
907	907	23.8292
908	908	6.60589
909	909	-20.983
910	910	-2.32239
911	911	8.60554
912	912	12.8631
913	913	-9.91878
914	914	48.9079
915	915	44.506
916	916	19.9486
917	917	31.9262
918	918	17.1811
919	919	-23.7713
920	920	-33.4246
921	921	6.48288
922	922	15.1205
923	923	-26.8589
924	924	33.4176
925	925	10.7737
926	926	-22.5047
927	927	34.6038
928	928	7.5759
929	929	7.11674
930	930	-8.826
931	931	-3.87393
932	932	-31.1277
933	933	-8.61976
934	934	27.1056
935	935	11.4198
936	936	-8.57046
937	937	23.4537
938	938	5.52597
939	939	-2.51988
940	940	23.5343
941	941	-14.0775
942	942	44.6327
943	943	-40.6212
944	944	-34.4875
945	945	-37.1432
946	946	0.340677
947	947	3.78133
948	948	28.0301
949	949	20.8474
950	950	-12.518
951	951	-11.3222
952	952	29.8268
953	953	-19
954	954	8.10614
955	955	-23.9008
956	956	1.88406
957	957	-17.4406
958	958	-3.90036
959	959	-13.0555
960	960	-21.7188
961	961	-27.108
962	962	-9.12543
963	963	-12.2942
964	964	26.6202
965	965	8.91744
966	966	5.65121
967	967	16.1833
968	968	12.6484
969	969	-17.3263
970	970	-6.97621
971	971	-12.9647
972	972	-11.1263
973	973	32.2855
974	974	25.9821
975	975	28.0881
976	976	1.40217
977	977	10.7123
978	978	-7.63793
979	979	-9.33256
980	980	-14.3564
981	981	-7.40806
982	982	19.1491
983	983	-26.9866
984	984	11.1411
985	985	-32.6258
986	986	17.1669
987	987	-1.93346
988	988	22.3387
989	989	36.7188
990	990	29.6215
991	991	-22.3486
992	992	-16.0922
993	993	28.9988
994	994	23.3848
995	995	-9.3933
996	996	-0.782611
997	997	-7.24923
998	998	-8.71051
999	999	-18.8872
1000	1000	-21.1853
1001	1001	8.90214
1002	1002	-8.34419
1003	1003	11.4758
1004	1004	-23.2186
1005	1005	-22.1395
1006	1006	-21.2019
1007	1007	18.8178
1008	1008	-11.3922
1009	1009	19.7238
1010	1010	10.7988
1011	1011	-2.47879
1012	1012	-11.7917
1013	1013	-28.3704
1014	1014	-27.7776
1015	1015	-6.87757
1016	1016	14.2604
1017	1017	-18.2445
1018	1018	29.493
1019	1019	38.6364
1020	1020	7.04982
1021	1021	11.495
1022	1022	2.99433
1023	1023	0.113622
1024	1024	-6.46028
1025	1025	41.9817
1026	1026	20.0948
1027	1027	-9.88484
1028	1028	63.3845
1029	1029	16.9777
1030	1030	33.016
1031	1031	-6.38383
1032	1032	1.13093
1033	1033	46.2662
1034	1034	2.88719
1035	1035	26.6478
1036	1036	23.3637
1037	1037	11.7814
1038	1038	-6.52338
1039	1039	-5.36185
1040	1040	17.8897
1041	1041	13.3612
1042	1042	3.33425
1043	1043	33.6495
1044	1044	-9.63694
1045	1045	-8.50587
1046	1046	33.9968
1047	1047	-12.3643
1048	1048	18.7051
1049	1049	-6.49167
1050	1050	12.5486
1051	1051	9.31091
1052	1052	-19.928
1053	1053	55.1988
1054	1054	9.82043
1055	1055	31.4262
1056	1056	4.47301
1057	1057	-38.6998
1058	1058	-2.61029
1059	1059	27.8439
1060	1060	9.04641
1061	1061	-19.5271
1062	1062	4.98735
1063	1063	-14.4947
1064	1064	33.1907
1065	1065	-22.1866
1066	1066	14.6894
1067	1067	1.749
1068	1068	32.7531
1069	1069	0.207705
1070	1070	22.0959
1071	1071	24.8823
1072	1072	-20.475
1073	1073	-1.97081
1074	1074	-19.281
1075	1075	-9.37338
1076	1076	-49.7014
1077	1077	-2.06574
1078	1078	9.71628
1079	1079	15.7488
1080	1080	33.8276
1081	1081	-23.5607
1082	1082	1.89514
1083	1083	-39.8672
1084	1084	7.28557
1085	1085	-1.52756
1086	1086	10.6485
1087	1087	-11.2151
1088	1088	10.1147
1089	1089	9.71487
1090	1090	-27.3215
1091	1091	-24.1508
1092	1092	-3.30353
1093	1093	-7.95053
1094	1094	-3.13692
1095	1095	-16.1331
1096	1096	1.43148
1097	1097	-21.0599
1098	1098	-4.50727
1099	1099	23.1087
1100	1100	35.8782
1101	1101	5.33852
1102	1102	25.8759
1103	1103	3.1683
1104	1104	-51.8409
1105	1105	22.0905
1106	1106	-13.3152
1107	1107	28.6284
1108	1108	-17.188
1109	1109	-1.92246
1110	1110	-33.9893
1111	1111	-3.96752
1112	1112	-11.2324
1113	1113	-43.5244
1114	1114	-18.7827
1115	1115	12.009
1116	1116	-10.861
1117	1117	-0.542824
1118	1118	-14.2187
1119	1119	0.891123
1120	1120	10.1978
1121	1121	16.5211
1122	1122	25.3131
1123	1123	16.1195
1124	1124	20.7146
1125	1125	7.29866
1126	1126	14.4256
1127	1127	13.0662
1128	1128	-3.43691
1129	1129	25.6216
1130	1130	-19.4689
1131	1131	-0.920381
1132	1132	17.905
1133	1133	-10.5851
1134	1134	10.2624
1135	1135	7.88342
1136	1136	20.0678
1137	1137	-11.3895
1138	1138	-20.5292
1139	1139	-20.6844
1140	1140	-5.74734
1141	1141	12.2673
1142	1142	0.656334
1143	1143	-15.7274
1144	1144	-10.859
1145	1145	26.916
1146	1146	3.18357
1147	1147	-8.98139
1148	1148	2.06887
1149	1149	-5.85876
1150	1150	38.0363
1151	1151	-30.8117
1152	1152	-25.8023
1153	1153	34.81
1154	1154	-24.7155
1155	1155	-13.8678
1156	1156	12.0961
1157	1157	-23.6944
1158	1158	-26.2015
1159	1159	-15.0698
1160	1160	-23.227
1161	1161	-12.6941
1162	1162	-21.7454
1163	1163	-5.28969
1164	1164	-20.9789
1165	1165	-24.8354
1166	1166	-28.2744
1167	1167	-7.9455
1168	1168	-19.135
1169	1169	13.7357
1170	1170	-0.79054
1171	1171	-5.19622
1172	1172	-6.92551
1173	1173	-22.3044
1174	1174	-11.0129
1175	1175	-9.25735
1176	1176	-33.979
1177	1177	13.4077
1178	1178	-3.36118
1179	1179	-27.3895
1180	1180	30.1706
1181	1181	-7.64976
1182	1182	-25.4738
1183	1183	24.2857
1184	1184	16.0296
1185	1185	4.63998
1186	1186	9.7425
1187	1187	1.2622
1188	1188	12.4865
1189	1189	-26.9071
1190	1190	6.71403
1191	1191	-6.34751
1192	1192	11.9928
1193	1193	21.3185
1194	1194	-43.977
1195	1195	10.9703
1196	1196	-21.0453
1197	1197	5.8172
1198	1198	-39.5899
1199	1199	6.83831
1200	1200	-9.40406
1201	1201	-9.49981
1202	1202	1.28478
1203	1203	-3.48247
1204	1204	-17.8768
1205	1205	0.212588
1206	1206	12.9292
1207	1207	8.52316
1208	1208	-11.6999
1209	1209	6.37388
1210	1210	16.3788
1211	1211	9.37948
1212	1212	-1.6181
1213	1213	-21.8508
1214	1214	-15.9947
1215	1215	-16.0684
1216	1216	18.2582
1217	1217	8.44714
1218	1218	-41.4233
1219	1219	15.131
1220	1220	-1.28876
1221	1221	15.0474
1222	1222	-4.79665
1223	1223	7.13728
1224	1224	16.3589
1225	1225	2.29293
1226	1226	8.88504
1227	1227	28.2915
1228	1228	33.2315
1229	1229	-3.23229
1230	1230	-4.50051
1231	1231	-4.23912
1232	1232	-40.2546
1233	1233	1.80276
1234	1234	13.1509
1235	1235	-18.5918
1236	1236	-8.15909
1237	1237	6.37711
1238	1238	7.49493
1239	1239	21.5235
1240	1240	-15.2582
1241	1241	-4.03042
1242	1242	-43.4076
1243	1243	19.5806
1244	1244	-1.99061
1245	1245	10.275
1246	1246	18.9414
1247	1247	26.3572
1248	1248	-9.34861
1249	1249	-11.3117
1250	1250	-31.1077
1251	1251	-7.92011
1252	1252	2.94244
1253	1253	-19.8351
1254	1254	36.5289
1255	1255	10.0645
1256	1256	28.2761
1257	1257	-17.1133
1258	1258	8.45133
1259	1259	-2.1063
1260	1260	-6.83657
1261	1261	-1.5118
1262	1262	12.66
1263	1263	-39.2375
1264	1264	-20.7464
1265	1265	15.3738
1266	1266	-44.2879
1267	1267	11.7579
1268	1268	-5.91661
1269	1269	52.8102
1270	1270	-37.414
1271	1271	19.1568
1272	1272	-14.9951
1273	1273	-19.3472
1274	1274	-29.7642
1275	1275	-14.5087
1276	1276	15.1504
1277	1277	7.06712
1278	1278	-21.5927
1279	1279	-6.34881
1280	1280	-32.6864
1281	1281	10.0341
1282	1282	8.6065
1283	1283	25.6948
1284	1284	-24.1508
1285	1285	31.4629
1286	1286	-8.70977
1287	1287	13.9258
1288	1288	17.8289
1289	1289	9.2184
1290	1290	-13.9101
1291	1291	-2.30068
1292	1292	54.3018
1293	1293	-12.3182
1294	1294	-10.381
1295	1295	5.52433
1296	1296	15.6953
1297	1297	23.1387
1298	1298	6.92869
1299	1299	6.628
1300	1300	-33.6588
1301	1301	-11.5146
1302	1302	-5.61038
1303	1303	48.9197
1304	1304	-23.6435
1305	1305	-3.23875
1306	1306	28.7856
1307	1307	-11.4109
1308	1308	17.4111
1309	1309	-37.9234
1310	1310	-28.5323
1311	1311	33.3403
1312	1312	16.2073
1313	1313	4.83668
1314	1314	-21.7264
1315	1315	13.502
1316	1316	-14.6928
1317	1317	11.0803
1318	1318	-8.93001
1319	1319	-22.3216
1320	1320	3.81559
1321	1321	-2.89214
1322	1322	33.4959
1323	1323	16.4273
1324	1324	14.5071
1325	1325	-4.88044
1326	1326	-15.2917
1327	1327	32.4762
1328	1328	-13.0537
1329	1329	-5.84914
1330	1330	9.39741
1331	1331	9.55409
1332	1332	0.758184
1333	1333	21.6477
1334	1334	3.20515
1335	1335	12.846
1336	1336	5.23767
1337	1337	23.845
1338	1338	22.0262
1339	1339	-1.71812
1340	1340	7.33799
1341	1341	43.6703
1342	1342	-14.1585
1343	1343	-2.94299
1344	1344	-0.0466618
1345	1345	-3.63323
1346	1346	-20.8325
1347	1347	-28.0494
1348	1348	43.9867
1349	1349	6.68008
1350	1350	12.7115
1351	1351	-14.8745
1352	1352	27.0515
1353	1353	-20.6356
1354	1354	53.0896
1355	1355	47.2521
1356	1356	-16.8468
1357	1357	23.2203
1358	1358	21.3511
1359	1359	-35.3683
1360	1360	-11.7497
1361	1361	-7.878
1362	1362	21.2833
1363	1363	-17.2057
1364	1364	-6.82988
1365	1365	6.66697
1366	1366	18.3448
1367	1367	4.38475
1368	1368	4.93759
1369	1369	-21.4517
1370	1370	4.15714
1371	1371	8.72947
1372	1372	-15.476
1373	1373	-15.1434
1374	1374	-8.95931
1375	1375	-9.26416
1376	1376	24.1019
1377	1377	-21.316
1378	1378	-18.1809
1379	1379	3.32837
1380	1380	21.2017
1381	1381	23.6354
1382	1382	5.96865
1383	1383	-10.556
1384	1384	-1.19409
1385	1385	16.1985
1386	1386	13.091
1387	1387	18.5863
1388	1388	7.01942
1389	1389	12.9104
1390	1390	57.6199
1391	1391	17.1706
1392	1392	-4.20575
1393	1393	1.47222
1394	1394	1.19919
1395	1395	-4.48078
1396	1396	-25.1042
1397	1397	-9.52554
1398	1398	-35.9946
1399	1399	-23.0558
1400	1400	17.0063
1401	1401	-14.9974
1402	1402	14.417
1403	1403	-11.9269
1404	1404	-27.1907
1405	1405	16.9616
1406	1406	-2.62533
1407	1407	2.88221
1408	1408	11.1994
1409	1409	-2.97334
1410	1410	-14.4011
1411	1411	-16.0244
1412	1412	17.5104
1413	1413	-12.6556
1414	1414	-23.5783
1415	1415	21.8457
1416	1416	11.4383
1417	1417	-26.6474
1418	1418	-38.4072
1419	1419	11.2157
1420	1420	-7.13891
1421	1421	29.0289
1422	1422	11.6538
1423	1423	9.77873
1424	1424	-18.3428
1425	1425	-20.381
1426	1426	0.959348
1427	1427	15.9985
1428	1428	4.94651
1429	1429	1.54358
1430	1430	0.70424
1431	1431	-19.3164
1432	1432	-10.9094
1433	1433	-11.8419
1434	1434	-31.5596
1435	1435	-33.5327
1436	1436	-24.0797
1437	1437	5.93427
1438	1438	8.9347
1439	1439	-9.99554
1440	1440	42.9203
1441	1441	7.70186
1442	1442	-20.0312
1443	1443	-6.77763
1444	1444	-0.923471
1445	1445	7.65845
1446	1446	10.5011
1447	1447	14.9407
1448	1448	25.5475
1449	1449	12.7586
1450	1450	-4.431
1451	1451	5.2323
1452	1452	2.93454
1453	1453	25.2844
1454	1454	15.8812
1455	1455	-5.07999
1456	1456	8.67463
1457	1457	33.0382
1458	1458	-16.7737
1459	1459	-3.55109
1460	1460	19.5247
1461	1461	-0.101791
1462	1462	-36.9438
1463	1463	11.05
1464	1464	-1.06042
1465	1465	33.9631
1466	1466	14.9678
1467	1467	11.249
1468	1468	20.636
1469	1469	32.5036
1470	1470	22.2761
1471	1471	17.0235
1472	1472	-3.49646
1473	1473	18.4372
1474	1474	9.84949
1475	1475	4.82442
1476	1476	-21.4499
1477	1477	43.6487
1478	1478	31.9881
1479	1479	-11.0984
1480	1480	7.17033
1481	1481	-12.7634
1482	1482	-16.2016
1483	1483	7.55221
1484	1484	-13.1199
1485	1485	-34.5588
1486	1486	19.8894
1487	1487	-36.7355
1488	1488	-42.1217
1489	1489	14.2959
1490	1490	9.95813
1491	1491	19.3967
1492	1492	-32.3424
1493	1493	33.1625
1494	1494	-19.2963
1495	1495	-20.0739
1496	1496	35.8689
1497	1497	-13.2932
1498	1498	-0.00617435
1499	1499	11.5893
1500	1500	20.2877
1501	1501	-23.5424
1502	1502	-15.7145
1503	1503	31.0391
1504	1504	31.219
1505	1505	-3.79739
1506	1506	-4.85478
1507	1507	-18.2636
1508	1508	17.7012
1509	1509	-0.987979
1510	1510	-32.5326
1511	1511	-14.8302
1512	1512	28.7193
1513	1513	-49.0093
1514	1514	3.96786
1515	1515	-9.27629
1516	1516	-8.09051
1517	1517	53.0098
1518	1518	-25.8313
1519	1519	10.9823
1520	1520	-14.9912
1521	1521	6.30462
1522	1522	-20.328
1523	1523	-6.52141
1524	1524	16.5508
1525	1525	13.0677
1526	1526	1.90942
1527	1527	-4.55662
1528	1528	6.43031
1529	1529	-2.61045
1530	1530	29.502
1531	1531	12.2531
1532	1532	22.931
1533	1533	-23.1919
1534	1534	44.0049
1535	1535	2.73726
1536	1536	-20.7766
1537	1537	2.86825
1538	1538	26.5505
1539	1539	-9.90728
1540	1540	6.17659
1541	1541	7.08694
1542	1542	-26.7689
1543	1543	-24.7825
1544	1544	12.1855
1545	1545	16.5069
1546	1546	19.0393
1547	1547	2.28896
1548	1548	-30.9831
1549	1549	-37.5809
1550	1550	22.8566
1551	1551	-0.852472
1552	1552	-0.334517
1553	1553	-22.823
1554	1554	-8.89958
1555	1555	7.19989
1556	1556	9.83141
1557	1557	18.7084
1558	1558	-6.49271
1559	1559	30.2564
1560	1560	-56.5714
1561	1561	-43.1753
1562	1562	26.465
1563	1563	16.9329
1564	1564	-4.7488
1565	1565	26.0812
1566	1566	4.20153
1567	1567	13.071
1568	1568	25.1508
1569	1569	-7.9156
1570	1570	-6.61389
1571	1571	24.8864
1572	1572	-2.57948
1573	1573	15.9289
1574	1574	-5.38104
1575	1575	19.1623
1576	1576	-16.6788
1577	1577	22.1524
1578	1578	32.4385
1579	1579	-28.1637
1580	1580	30.0821
1581	1581	44.9908
1582	1582	-29.6175
1583	1583	0.582987
1584	1584	-32.4389
1585	1585	-10.2222
1586	1586	6.08926
1587	1587	6.60417
1588	1588	0.540077
1589	1589	-2.61038
1590	1590	-16.2443
1591	1591	-34.7787
1592	1592	-12.9706
1593	1593	-9.80886
1594	1594	3.20194
1595	1595	-5.08405
1596	1596	-17.7987
1597	1597	34.8467
1598	1598	26.3677
1599	1599	-5.07281
1600	1600	48.1235
1601	1601	4.02227
1602	1602	-25.9386
1603	1603	30.1317
1604	1604	6.20181
1605	1605	-20.7419
1606	1606	-18.7904
1607	1607	-33.5368
1608	1608	-10.5468
1609	1609	-10.0644
1610	1610	13.2354
1611	1611	-35.967
1612	1612	41.964
1613	1613	-28.9705
1614	1614	9.97915
1615	1615	-34.3914
1616	1616	-1.6866
1617	1617	-13.9929
1618	1618	28.8353
1619	1619	-16.4339
1620	1620	-7.40669
1621	1621	-30.4662
1622	1622	-21.6238
1623	1623	-5.57944
1624	1624	-25.4632
1625	1625	-19.441
1626	1626	19.5378
1627	1627	-18.635
1628	1628	-9.83444
1629	1629	-6.87564
1630	1630	2.11917
1631	1631	24.2276
1632	1632	-0.414562
1633	1633	17.6947
1634	1634	-27.8135
1635	1635	25.7183
1636	1636	9.37334
1637	1637	1.90543
1638	1638	28.1523
1639	1639	-25.6947
1640	1640	33.3499
1641	1641	3.32805
1642	1642	-8.62879
1643	1643	-15.5086
1644	1644	-33.2196
1645	1645	1.19474
1646	1646	17.3939
1647	1647	32.7267
1648	1648	3.52066
1649	1649	4.39892
1650	1650	9.89549
1651	1651	-12.8126
1652	1652	-40.7402
1653	1653	30.4257
1654	1654	25.8567
1655	1655	3.11147
1656	1656	-19.4448
1657	1657	-9.97693
1658	1658	30.5096
1659	1659	16.3409
1660	1660	8.69708
1661	1661	24.5852
1662	1662	13.2449
1663	1663	51.9801
1664	1664	21.8789
1665	1665	3.89131
1666	1666	29.7791
1667	1667	-38.3063
1668	1668	45.8243
1669	1669	-6.40906
1670	1670	-3.49323
1671	1671	32.9466
1672	1672	5.8901
1673	1673	-9.52998
1674	1674	13.3784
1675	1675	10.4377
1676	1676	17.4722
1677	1677	-5.79635
1678	1678	-9.31324
1679	1679	-2.61677
1680	1680	-4.24574
1681	1681	11.5961
1682	1682	0.0741904
1683	1683	-15.4126
1684	1684	3.07779
1685	1685	-8.81321
1686	1686	5.47833
1687	1687	-9.75925
1688	1688	-1.59258
1689	1689	9.61782
1690	1690	-18.491
1691	1691	-7.10551
1692	1692	-16.4236
1693	1693	33.2283
1694	1694	-10.0826
1695	1695	29.239
1696	1696	34.8806
1697	1697	-39.3609
1698	1698	-30.535
1699	1699	-35.3192
1700	1700	22.8366
1701	1701	-11.7264
1702	1702	-2.74477
1703	1703	-49.8508
1704	1704	-37.3319
1705	1705	-27.8433
1706	1706	14.4665
1707	1707	-13.5847
1708	1708	-12.0783
1709	1709	12.6613
1710	1710	33.5539
1711	1711	-5.3123
1712	1712	-38.2652
1713	1713	18.4732
1714	1714	30.314
1715	1715	-4.28546
1716	1716	-2.00817
1717	1717	26.334
1718	1718	17.6693
1719	1719	29.9441
1720	1720	20.8906
1721	1721	11.8108
1722	1722	-10.8398
1723	1723	16.6431
1724	1724	21.9659
1725	1725	-14.5539
1726	1726	-13.4918
1727	1727	12.3868
1728	1728	13.0749
1729	1729	17.7721
1730	1730	-42.2987
1731	1731	-25.3061
1732	1732	-9.16097
1733	1733	-2.10419
1734	1734	5.0335
1735	1735	-13.1362
1736	1736	47.9863
1737	1737	-1.19107
1738	1738	-1.2494
1739	1739	43.8939
1740	1740	16.1205
1741	1741	-14.8515
1742	1742	-1.39482
1743	1743	2.25836
1744	1744	22.9502
1745	1745	-16.228
1746	1746	-9.83856
1747	1747	-27.9372
1748	1748	-18.9857
1749	1749	27.4711
1750	1750	-19.1844
1751	1751	10.0965
1752	1752	25.5604
1753	1753	-8.04574
1754	1754	31.3997
1755	1755	13.4195
1756	1756	-14.6158
1757	1757	-20.5679
1758	1758	-10.996
1759	1759	12.9381
1760	1760	-8.88261
1761	1761	9.44676
1762	1762	-7.32659
1763	1763	-16.9415
1764	1764	1.80878
1765	1765	0.768144
1766	1766	35.9834
1767	1767	6.27656
1768	1768	7.61494
1769	1769	7.37801
1770	1770	-18.9364
1771	1771	-26.1637
1772	1772	30.5834
1773	1773	-12.6626
1774	1774	24.4274
1775	1775	28.9032
1776	1776	1.99731
1777	1777	-25.9219
1778	1778	-24.4233
1779	1779	-7.29397
1780	1780	-7.04963
1781	1781	14.595
1782	1782	36.5731
1783	1783	6.53358
1784	1784	40.2214
1785	1785	27.927
1786	1786	-3.14368
1787	1787	-7.36477
1788	1788	-5.301
1789	1789	-5.02366
1790	1790	-19.3747
1791	1791	-32.7951
1792	1792	-25.8653
1793	1793	12.5831
1794	1794	1.97113
1795	1795	48.2854
1796	1796	-10.2148
1797	1797	2.30689
1798	1798	6.71375
1799	1799	1.21521
1800	1800	29.7631
1801	1801	-8.73366
1802	1802	-30.0584
1803	1803	8.23894
1804	1804	-19.9932
1805	1805	-3.03507
1806	1806	19.1396
1807	1807	12.2228
1808	1808	32.0455
1809	1809	0.392539
1810	1810	44.5562
1811	1811	-16.9347
1812	1812	15.5708
1813	1813	-29.3897
1814	1814	41.3893
1815	1815	-3.11266
1816	1816	37.3074
1817	1817	30.5832
1818	1818	1.61301
1819	1819	-58.0181
1820	1820	7.57483
1821	1821	-0.544212
1822	1822	7.12465
1823	1823	3.47474
1824	1824	2.95602
1825	1825	-17.1156
1826	1826	-34.7317
1827	1827	-4.16355
1828	1828	3.36049
1829	1829	-11.8892
1830	1830	16.52
1831	1831	17.7996
1832	1832	27.4909
1833	1833	-33.3922
1834	1834	14.2926
1835	1835	-18.9879
1836	1836	-1.31052
1837	1837	-2.06044
1838	1838	-3.77561
1839	1839	11.7869
1840	1840	8.45728
1841	1841	-29.5782
1842	1842	15.6328
1843	1843	-29.709
1844	1844	-19.335
1845	1845	-23.7761
1846	1846	8.16167
1847	1847	3.40743
1848	1848	-28.8831
1849	1849	23.0678
1850	1850	6.50335
1851	1851	5.38849
1852	1852	-24.6105
1853	1853	-12.255
1854	1854	-28.8098
1855	1855	-5.72974
1856	1856	-8.25847
1857	1857	-3.48304
1858	1858	-10.3709
1859	1859	-25.9724
1860	1860	5.4235
1861	1861	14.6947
1862	1862	36.3284
1863	1863	2.1306
1864	1864	26.8032
1865	1865	-36.9906
1866	1866	-0.808356
1867	1867	-14.9122
1868	1868	16.9125
1869	1869	-3.65311
1870	1870	36.9385
1871	1871	-17.245
1872	1872	-7.2888
1873	1873	-27.079
1874	1874	19.3856
1875	1875	-50.0817
1876	1876	-22.918
1877	1877	-13.7148
1878	1878	-16.4492
1879	1879	3.02499
1880	1880	-2.54178
1881	1881	-3.40111
1882	1882	-17.2969
1883	1883	-21.353
1884	1884	8.24111
1885	1885	-9.96627
1886	1886	10.0733
1887	1887	18.647
1888	1888	23.5027
1889	1889	-8.22149
1890	1890	-5.2608
1891	1891	-18.6346
1892	1892	5.8346
1893	1893	-32.3708
1894	1894	16.3189
1895	1895	18.0379
1896	1896	-13.0333
1897	1897	-0.311638
1898	1898	-9.05841
1899	1899	24.5216
1900	1900	36.0949
1901	1901	-39.2042
1902	1902	-12.1243
1903	1903	-9.33481
1904	1904	22.0727
1905	1905	-2.75268
1906	1906	-9.41033
1907	1907	14.3906
1908	1908	2.89658
1909	1909	15.2353
1910	1910	7.01961
1911	1911	-3.29642
1912	1912	5.50614
1913	1913	-25.5964
1914	1914	-32.4386
1915	1915	-22.5186
1916	1916	12.0385
1917	1917	-1.41016
1918	1918	6.23147
1919	1919	12.4548
1920	1920	-27.1584
1921	1921	39.9219
1922	1922	-8.70794
1923	1923	6.9381
1924	1924	-27.4128
1925	1925	23.5768
1926	1926	-6.69762
1927	1927	-1.67769
1928	1928	-14.2099
1929	1929	20.0689
1930	1930	0.424161
1931	1931	20.0187
1932	1932	-1.42127
1933	1933	-30.4742
1934	1934	0.696018
1935	1935	3.48151
1936	1936	12.3038
1937	1937	16.1706
1938	1938	0.434211
1939	1939	1.22311
1940	1940	-38.8377
1941	1941	29.687
1942	1942	-35.9058
1943	1943	23.5139
1944	1944	-20.9002
1945	1945	10.0775
1946	1946	-6.51669
1947	1947	-0.306334
1948	1948	-19.5896
1949	1949	1.68007
1950	1950	32.2934
1951	1951	-27.0597
1952	1952	-21.1893
1953	1953	7.01771
1954	1954	7.6351
1955	1955	9.7497
1956	1956	-15.3254
1957	1957	14.8805
1958	1958	-10.0777
1959	1959	-17.1762
1960	1960	-40.9388
1961	1961	27.2785
1962	1962	8.84527
1963	1963	17.4606
1964	1964	-21.6141
1965	1965	-13.3331
1966	1966	-17.4062
1967	1967	-42.6798
1968	1968	3.98465
1969	1969	22.854
1970	1970	-19.3314
1971	1971	-6.21646
1972	1972	-4.65291
1973	1973	-3.22736
1974	1974	3.36242
1975	1975	13.0373
1976	1976	-28.0987
1977	1977	14.6912
1978	1978	27.1841
1979	1979	14.0336
1980	1980	-3.08561
1981	1981	-0.422334
1982	1982	0.1118
1983	1983	-6.50194
1984	1984	18.628
1985	1985	-42.4155
1986	1986	-39.2499
1987	1987	8.67289
1988	1988	-34.4442
1989	1989	36.6869
1990	1990	14.0647
1991	1991	-33.4754
1992	1992	3.45979
1993	1993	24.404
1994	1994	-7.57334
1995	1995	0.724824
1996	1996	-10.7542
1997	1997	-7.71507
1998	1998	11.3294
1999	1999	-12.0259
2000	2000	26.9357
2001	2001	12.2413
2002	2002	2.60999
2003	2003	1.42046
2004	2004	-15.1113
2005	2005	13.228
2006	2006	-13.9381
2007	2007	7.05316
2008	2008	19.9946
2009	2009	35.334
2010	2010	1.67433
2011	2011	-22.3934
2012	2012	-4.16721
2013	2013	-7.41463
2014	2014	-32.0607
2015	2015	-10.5881
2016	2016	20.6357
2017	2017	9.2035
2018	2018	-39.4074
2019	2019	-16.8757
2020	2020	-1.7535
2021	2021	-28.6483
2022	2022	6.71197
2023	2023	-11.1321
2024	2024	-15.0437
2025	2025	-5.48247
2026	2026	-21.6682
2027	2027	-21.0759
2028	2028	-39.5992
2029	2029	-30.9514
2030	2030	-16.6638
2031	2031	-23.4954
2032	2032	-3.29152
2033	2033	-23.5689
2034	2034	28.5026
2035	2035	-40.6384
2036	2036	-11.3042
2037	2037	3.02823
2038	2038	15.1454
2039	2039	33.9236
2040	2040	12.9321
2041	2041	15.3423
2042	2042	-28.7701
2043	2043	5.52892
2044	2044	-23.7508
2045	2045	12.3477
2046	2046	-15.3799
2047	2047	3.44495
2048	2048	-6.52047
2049	2049	-12.037
2050	2050	1.77525
2051	2051	6.70023
2052	2052	-44.9698
2053	2053	37.3574
2054	2054	-40.434
2055	2055	6.88518
2056	2056	-26.1404
2057	2057	23.641
2058	2058	4.90146
2059	2059	-5.45615
2060	2060	-27.8272
2061	2061	-17.2283
2062	2062	-16.3118
2063	2063	25.8225
2064	2064	-14.2976
2065	2065	8.88454
2066	2066	11.2316
2067	2067	-2.43468
2068	2068	14.1461
2069	2069	29.8562
2070	2070	-30.836
2071	2071	-13.9633
2072	2072	-2.68356
2073	2073	13.2563
2074	2074	9.96188
2075	2075	-49.199
2076	2076	6.65675
2077	2077	11.7104
2078	2078	-39.7218
2079	2079	-19.4496
2080	2080	6.74739
2081	2081	4.72461
2082	2082	-1.50456
2083	2083	-5.52096
2084	2084	-2.26375
2085	2085	-10.144
2086	2086	-0.717137
2087	2087	-14.5593
2088	2088	3.46266
2089	2089	-10.9912
2090	2090	19.6555
2091	2091	-8.92893
2092	2092	31.9832
2093	2093	49.0352
2094	2094	-18.5219
2095	2095	27.2636
2096	2096	4.96825
2097	2097	-4.60582
2098	2098	-30.3885
2099	2099	-34.7576
2100	2100	-17.4152
2101	2101	19.0768
2102	2102	39.9532
2103	2103	-35.6837
2104	2104	-5.266
2105	2105	-30.4467
2106	2106	-40.2347
2107	2107	8.803
2108	2108	-14.4102
2109	2109	5.4601
2110	2110	37.4151
2111	2111	-4.15369
2112	2112	-46.1868
2113	2113	-12.7842
2114	2114	6.0333
2115	2115	16.9443
2116	2116	22.5875
2117	2117	-5.49401
2118	2118	-1.39424
2119	2119	-19.134
2120	2120	19.3562
2121	2121	1.82806
2122	2122	18.7789
2123	2123	38.9851
2124	2124	17.329
2125	2125	-9.12663
2126	2126	-1.176
2127	2127	-19.734
2128	2128	-20.0789
2129	2129	10.1755
2130	2130	37.7502
2131	2131	8.96826
2132	2132	-33.6669
2133	2133	7.19705
2134	2134	-52.2674
2135	2135	-16.6957
2136	2136	27.6663
2137	2137	-16.6427
2138	2138	-21.2776
2139	2139	-1.03193
2140	2140	5.77334
2141	2141	34.4623
2142	2142	-25.3638
2143	2143	-24.4283
2144	2144	-21.7818
2145	2145	-16.4903
2146	2146	2.819
2147	2147	6.53164
2148	2148	-12.7212
2149	2149	23.6601
2150	2150	-45.7973
2151	2151	6.93792
2152	2152	31.9453
2153	2153	-0.528417
2154	2154	-35.988
2155	2155	-20.2823
2156	2156	-6.33188
2157	2157	-12.3322
2158	2158	21.5541
2159	2159	-6.58015
2160	2160	21.2055
2161	2161	12.8826
2162	2162	15.1952
2163	2163	3.26493
2164	2164	2.47926
2165	2165	-0.606786
2166	2166	-28.7563
2167	2167	14.8906
2168	2168	-46.8099
2169	2169	-11.5234
2170	2170	-13.7515
2171	2171	-16.0224
2172	2172	18.4658
2173	2173	27.0123
2174	2174	8.58305
2175	2175	-36.6832
2176	2176	-14.1662
2177	2177	-2.24378
2178	2178	-14.624
2179	2179	-22.9964
2180	2180	6.77586
2181	2181	-26.1646
2182	2182	-7.93532
2183	2183	-26.482
2184	2184	21.8279
2185	2185	-9.68038
2186	2186	-13.5533
2187	2187	30.889
2188	2188	15.1078
2189	2189	25.8556
2190	2190	-0.856256
2191	2191	13.5966
2192	2192	7.28804
2193	2193	-21.8912
2194	2194	11.0096
2195	2195	21.4552
2196	2196	-17.7043
2197	2197	47.2298
2198	2198	-11.527
2199	2199	-17.3432
2200	2200	-0.716613
2201	2201	-15.0796
2202	2202	-21.8014
2203	2203	38.149
2204	2204	1.64206
2205	2205	-0.578707
2206	2206	-2.16107
2207	2207	-22.5248
2208	2208	2.01433
2209	2209	35.3289
2210	2210	-22.6383
2211	2211	8.6625
2212	2212	43.012
2213	2213	-1.51989
2214	2214	-7.03869
2215	2215	26.3766
2216	2216	-0.530517
2217	2217	-4.83746
2218	2218	-8.80471
2219	2219	-22.0945
2220	2220	0.383134
2221	2221	-4.29654
2222	2222	-9.90826
2223	2223	-17.2612
2224	2224	38.6097
2225	2225	30.6263
2226	2226	25.3353
2227	2227	-37.0844
2228	2228	34.4426
2229	2229	4.4054
2230	2230	40.5564
2231	2231	22.5803
2232	2232	-29.0895
2233	2233	32.9889
2234	2234	-8.57275
2235	2235	-21.9902
2236	2236	-4.05576
2237	2237	20.1446
2238	2238	0.119657
2239	2239	3.44177
2240	2240	-33.3188
2241	2241	1.13762
2242	2242	-27.9009
2243	2243	-1.96465
2244	2244	23.305
2245	2245	11.9933
2246	2246	-1.93668
2247	2247	29.3457
2248	2248	-29.3356
2249	2249	20.1329
2250	2250	11.3648
2251	2251	-15.8793
2252	2252	-5.50455
2253	2253	6.07391
2254	2254	-21.3756
2255	2255	42.3513
2256	2256	-15.892
2257	2257	-14.9703
2258	2258	-15.0569
2259	2259	8.60181
2260	2260	0.685692
2261	2261	11.4338
2262	2262	-31.3966
2263	2263	28.5216
2264	2264	2.99016
2265	2265	-6.30573
2266	2266	-13.3872
2267	2267	25.0453
2268	2268	-18.6974
2269	2269	38.6643
2270	2270	-9.88543
2271	2271	-8.68944
2272	2272	1.60167
2273	2273	-32.7339
2274	2274	22.4977
2275	2275	22.8944
2276	2276	13.825
2277	2277	33.6525
2278	2278	31.6661
2279	2279	0.733798
2280	2280	18.3864
2281	2281	3.16968
2282	2282	13.4493
2283	2283	-37.202
2284	2284	14.7996
2285	2285	10.8106
2286	2286	-7.03453
2287	2287	23.9771
2288	2288	-12.207
2289	2289	-16.0058
2290	2290	17.9313
2291	2291	24.9396
2292	2292	2.16222
2293	2293	6.70408
2294	2294	-13.796
2295	2295	16.6097
2296	2296	-28.5254
2297	2297	-37.276
2298	2298	3.86576
2299	2299	10.2435
2300	2300	-3.78973
2301	2301	-20.514
2302	2302	-9.10045
2303	2303	-11.314
2304	2304	17.3221
2305	2305	30.3758
2306	2306	-18.7465
2307	2307	-61.9895
2308	2308	-32.5427
2309	2309	42.2856
2310	2310	3.36837
2311	2311	-1.47119
2312	2312	-55.5581
2313	2313	-16.5548
2314	2314	-17.3047
2315	2315	-6.3241
2316	2316	1.14357
2317	2317	-15.5494
2318	2318	3.83998
2319	2319	0.915777
2320	2320	-29.397
2321	2321	-5.94751
2322	2322	6.80174
2323	2323	-32.7734
2324	2324	-1.93159
2325	2325	-10.0364
2326	2326	46.6217
2327	2327	26.979
2328	2328	20.7408
2329	2329	-20.7054
2330	2330	27.3937
2331	2331	17.1684
2332	2332	3.18507
2333	2333	-45.5367
2334	2334	5.59846
2335	2335	12.0254
2336	2336	12.114
2337	2337	-1.34451
2338	2338	5.00815
2339	2339	-28.363
2340	2340	-4.45044
2341	2341	-11.6638
2342	2342	2.28543
2343	2343	29.0244
2344	2344	-45.2056
2345	2345	-12.805
2346	2346	-0.953373
2347	2347	-18.669
2348	2348	40.4629
2349	2349	-38.5912
2350	2350	3.71647
2351	2351	-45.0979
2352	2352	-12.0191
2353	2353	12.2628
2354	2354	-33.3094
2355	2355	-31.4473
2356	2356	-37.7044
2357	2357	20.7016
2358	2358	11.7753
2359	2359	-20.571
2360	2360	-7.52934
2361	2361	-3.51766
2362	2362	17.619
2363	2363	10.5498
2364	2364	-20.8043
2365	2365	-13.2751
2366	2366	2.4041
2367	2367	-12.8311
2368	2368	-18.9072
2369	2369	10.6038
2370	2370	25.0278
2371	2371	17.2472
2372	2372	-2.62136
2373	2373	21.2162
2374	2374	23.8556
2375	2375	-36.7903
2376	2376	-1.27648
2377	2377	25.6542
2378	2378	16.3217
2379	2379	31.3076
2380	2380	-30.6106
2381	2381	-15.6046
2382	2382	26.6855
2383	2383	9.77828
2384	2384	-2.96328
2385	2385	36.6134
2386	2386	-1.87928
2387	2387	-27.8661
2388	2388	2.23426
2389	2389	-10.2815
2390	2390	-14.8489
2391	2391	-8.43103
2392	2392	-25.2735
2393	2393	3.61661
2394	2394	-24.4811
2395	2395	19.6155
2396	2396	5.67287
2397	2397	-9.84765
2398	2398	-9.05213
2399	2399	-6.82722
2400	2400	-13.4852
2401	2401	-20.3272
2402	2402	-2.30151
2403	2403	-22.1771
2404	2404	15.8417
2405	2405	-25.2904
2406	2406	-14.4
2407	2407	24.5395
2408	2408	-33.1323
2409	2409	20.3639
2410	2410	-21.1652
2411	2411	-34.5662
2412	2412	15.0513
2413	2413	16.8703
2414	2414	23.2668
2415	2415	1.6704
2416	2416	-30.1207
2417	2417	3.70555
2418	2418	39.3239
2419	2419	-2.87962
2420	2420	0.505723
2421	2421	-11.4626
2422	2422	10.4236
2423	2423	16.7946
2424	2424	7.21708
2425	2425	11.5705
2426	2426	-31.5261
2427	2427	-4.6156
2428	2428	-5.27969
2429	2429	-9.22005
2430	2430	-2.70706
2431	2431	38.2618
2432	2432	26.8366
2433	2433	-2.64434
2434	2434	25.4645
2435	2435	-22.4278
2436	2436	4.50331
2437	2437	-9.08326
2438	2438	-13.3887
2439	2439	-28.3697
2440	2440	-23.047
2441	2441	-36.1944
2442	2442	-12.0199
2443	2443	-50.6043
2444	2444	-17.422
2445	2445	12.2025
2446	2446	-1.68303
2447	2447	-6.9856
2448	2448	-16.2047
2449	2449	-14.7766
2450	2450	4.17505
2451	2451	-6.82744
2452	2452	17.5536
2453	2453	-10.8383
2454	2454	45.612
2455	2455	14.2696
2456	2456	41.8506
2457	2457	44.5145
2458	2458	7.68777
2459	2459	-9.43767
2460	2460	0.0801886
2461	2461	4.86771
2462	2462	-3.36431
2463	2463	-16.302
2464	2464	13.2312
2465	2465	35.6969
2466	2466	-7.61823
2467	2467	-37.4919
2468	2468	-30.7291
2469	2469	5.68451
2470	2470	-25.6971
2471	2471	2.63339
2472	2472	45.0554
2473	2473	-13.1426
2474	2474	1.48187
2475	2475	-1.93781
2476	2476	24.993
2477	2477	-16.5506
2478	2478	-0.0920391
2479	2479	-22.8782
2480	2480	74.1879
2481	2481	-10.3637
2482	2482	3.3491
2483	2483	13.8399
2484	2484	-15.0245
2485	2485	32.6241
2486	2486	15.0155
2487	2487	9.92024
2488	2488	3.73975
2489	2489	-5.93333
2490	2490	17.3539
2491	2491	20.8941
2492	2492	21.8337
2493	2493	0.167444
2494	2494	-10.7609
2495	2495	-8.59418
2496	2496	14.5726
2497	2497	-17.0327
2498	2498	-4.83152
2499	2499	-6.50357
2500	2500	-11.0063
2501	2501	7.95197
2502	2502	24.1049
2503	2503	-19.9576
2504	2504	29.9096
2505	2505	30.7111
2506	2506	-13.2666
2507	2507	-20.5255
2508	2508	47.2245
2509	2509	21.0425
2510	2510	-11.9885
2511	2511	21.605
2512	2512	8.72009
2513	2513	5.06892
2514	2514	-31.1877
2515	2515	-24.3305
2516	2516	28.265
2517	2517	3.48095
2518	2518	-33.8795
2519	2519	-16.4415
2520	2520	55.2758
2521	2521	-3.70877
2522	2522	17.3772
2523	2523	-9.576
2524	2524	-3.93575
2525	2525	42.0612
2526	2526	6.83124
2527	2527	17.2836
2528	2528	24.0757
2529	2529	-9.59248
2530	2530	-8.78083
2531	2531	-57.3109
2532	2532	-18.4317
2533	2533	13.8762
2534	2534	-25.8977
2535	2535	-3.04762
2536	2536	-15.0073
2537	2537	21.9446
2538	2538	-27.0467
2539	2539	9.16908
2540	2540	13.4588
2541	2541	0.125923
2542	2542	33.5112
2543	2543	12.7795
2544	2544	31.0584
2545	2545	-24.5824
2546	2546	-11.552
2547	2547	15.9601
2548	2548	24.002
2549	2549	8.3717
2550	2550	-38.1569
2551	2551	0.306968
2552	2552	5.16077
2553	2553	35.5482
2554	2554	21.6157
2555	2555	-40.7478
2556	2556	31.3979
2557	2557	-19.854
2558	2558	-32.4986
2559	2559	-2.64797
2560	2560	14.8289
2561	2561	10.8583
2562	2562	-20.4367
2563	2563	22.7516
2564	2564	-15.8808
2565	2565	-13.2115
2566	2566	17.6229
2567	2567	18.8545
2568	2568	18.9489
2569	2569	-1.81427
2570	2570	2.16742
2571	2571	-8.61983
2572	2572	-0.0829328
2573	2573	17.3369
2574	2574	-2.05791
2575	2575	29.1157
2576	2576	6.84968
2577	2577	-18.3818
2578	2578	9.71623
2579	2579	24.1096
2580	2580	-37.7064
2581	2581	-18.9938
2582	2582	-31.8525
2583	2583	-31.4605
2584	2584	-36.0916
2585	2585	-7.55184
2586	2586	21.6346
2587	2587	22.8389
2588	2588	14.8009
2589	2589	-13.4638
2590	2590	11.4605
2591	2591	7.2325
2592	2592	-14.1508
2593	2593	8.72424
2594	2594	-3.73113
2595	2595	-0.978894
2596	2596	-19.7228
2597	2597	-11.6173
2598	2598	38.6768
2599	2599	-30.2911
2600	2600	6.07424
2601	2601	-0.527444
2602	2602	-21.332
2603	2603	-23.878
2604	2604	-13.6202
2605	2605	10.8794
2606	2606	20.089
2607	2607	-7.55134
2608	2608	-20.5677
2609	2609	-9.83229
2610	2610	-14.5691
2611	2611	-13.8686
2612	2612	13.6203
2613	2613	-25.2633
2614	2614	-15.7551
2615	2615	2.92721
2616	2616	-11.5317
2617	2617	10.2556
2618	2618	-14.05
2619	2619	20.4015
2620	2620	0.743105
2621	2621	33.4881
2622	2622	-27.2357
2623	2623	19.4852
2624	2624	4.2152
2625	2625	-2.16378
2626	2626	-5.02085
2627	2627	-13.8489
2628	2628	-30.6821
2629	2629	-39.1492
2630	2630	4.96121
2631	2631	-15.1415
2632	2632	-25.554
2633	2633	-40.3943
2634	2634	-27.0981
2635	2635	20.9373
2636	2636	-10.1469
2637	2637	-30.5303
2638	2638	-13.1137
2639	2639	-27.2261
2640	2640	13.6303
2641	2641	12.6398
2642	2642	13.952
2643	2643	-6.73801
2644	2644	-17.4253
2645	2645	12.7861
2646	2646	-24.6607
2647	2647	-11.7153
2648	2648	11.4645
2649	2649	-11.7151
2650	2650	-10.7856
2651	2651	-2.59933
2652	2652	0.0856109
2653	2653	6.28334
2654	2654	29.4521
2655	2655	26.6032
2656	2656	-32.9494
2657	2657	-9.31381
2658	2658	-7.07219
2659	2659	12.4306
2660	2660	26.4128
2661	2661	-41.1157
2662	2662	11.9882
2663	2663	-7.53755
2664	2664	31.3406
2665	2665	26.1513
2666	2666	9.5745
2667	2667	-4.51783
2668	2668	-14.1869
2669	2669	-11.0427
2670	2670	-7.2562
2671	2671	24.8514
2672	2672	-43.9282
2673	2673	8.61315
2674	2674	24.3985
2675	2675	-9.63981
2676	2676	1.85545
2677	2677	-36.002
2678	2678	0.616187
2679	2679	3.34001
2680	2680	-29.6006
2681	2681	-12.9224
2682	2682	2.8256
2683	2683	-5.51845
2684	2684	-57.3172
2685	2685	10.5418
2686	2686	-12.4012
2687	2687	8.24313
2688	2688	7.02612
2689	2689	-24.9533
2690	2690	20.2151
2691	2691	-3.11504
2692	2692	-6.70269
2693	2693	-0.822977
2694	2694	20.1302
2695	2695	20.1279
2696	2696	-6.95725
2697	2697	7.38831
2698	2698	3.75903
2699	2699	-20.5613
2700	2700	1.73916
2701	2701	2.4927
2702	2702	-2.85915
2703	2703	16.0183
2704	2704	-1.70945
2705	2705	13.1746
2706	2706	-22.8454
2707	2707	-25.2042
2708	2708	19.3962
2709	2709	-5.84329
2710	2710	-18.2715
2711	2711	-12.0025
2712	2712	-14.9798
2713	2713	-72.4582
2714	2714	-7.21957
2715	2715	6.6965
2716	2716	-2.15757
2717	2717	-16.0062
2718	2718	17.4507
2719	2719	13.8232
2720	2720	19.5836
2721	2721	-18.3812
2722	2722	-13.482
2723	2723	-4.89337
2724	2724	42.1482
2725	2725	6.67694
2726	2726	-16.5947
2727	2727	-33.8114
2728	2728	-36.0534
2729	2729	-14.6135
2730	2730	-31.9822
2731	2731	16.0128
2732	2732	28.2486
2733	2733	15.3597
2734	2734	25.7387
2735	2735	-10.576
2736	2736	-7.54175
2737	2737	-9.36059
2738	2738	9.97803
2739	2739	4.23536
2740	2740	-3.30749
2741	2741	-26.0341
2742	2742	18.8811
2743	2743	5.67643
2744	2744	-20.6244
2745	2745	18.7203
2746	2746	-24.4778
2747	2747	-14.744
2748	2748	-22.5486
2749	2749	7.77363
2750	2750	-7.61889
2751	2751	-1.25201
2752	2752	-11.3564
2753	2753	-2.91153
2754	2754	27.4339
2755	2755	-21.7889
2756	2756	-6.2871
2757	2757	-15.2301
2758	2758	-19.5284
2759	2759	7.58476
2760	2760	8.83255
2761	2761	14.2326
2762	2762	21.8677
2763	2763	-14.9416
2764	2764	-20.3155
2765	2765	16.4193
2766	2766	4.23192
2767	2767	-6.78215
2768	2768	16.034
2769	2769	13.2207
2770	2770	-14.6663
2771	2771	13.3264
2772	2772	-8.08767
2773	2773	-4.71467
2774	2774	18.437
2775	2775	-15.894
2776	2776	21.6285
2777	2777	-3.62809
2778	2778	43.1175
2779	2779	4.28891
2780	2780	-18.8376
2781	2781	-11.9745
2782	2782	24.5561
2783	2783	-6.8274
2784	2784	20.4748
2785	2785	22.6959
2786	2786	20.8843
2787	2787	-0.378485
2788	2788	3.46751
2789	2789	-18.6234
2790	2790	28.6442
2791	2791	-13.3259
2792	2792	-39.258
2793	2793	-14.6921
2794	2794	12.0234
2795	2795	27.8318
2796	2796	-10.059
2797	2797	-44.5186
2798	2798	-8.84473
2799	2799	23.7009
2800	2800	-28.844
2801	2801	7.03567
2802	2802	-2.89866
2803	2803	19.2083
2804	2804	-1.76059
2805	2805	-20.5019
2806	2806	-1.68999
2807	2807	-25.8906
2808	2808	-10.3565
2809	2809	-15.4721
2810	2810	17.4645
2811	2811	3.73852
2812	2812	31.2863
2813	2813	25.4257
2814	2814	-63.8463
2815	2815	-15.9296
2816	2816	19.5145
2817	2817	-29.5718
2818	2818	4.23802
2819	2819	-4.9598
2820	2820	-13.1699
2821	2821	-21.1111
2822	2822	17.1213
2823	2823	-10.4371
2824	2824	-27.1412
2825	2825	-28.1038
2826	2826	41.0971
2827	2827	-43.5495
2828	2828	-3.86356
2829	2829	-8.93756
2830	2830	12.9744
2831	2831	-24.3065
2832	2832	6.24163
2833	2833	-16.0074
2834	2834	20.4989
2835	2835	-2.00768
2836	2836	-14.8227
2837	2837	-12.6787
2838	2838	-29.1422
2839	2839	-23.1973
2840	2840	5.54339
2841	2841	-6.00698
2842	2842	31.7461
2843	2843	-20.8451
2844	2844	0.789201
2845	2845	-10.458
2846	2846	5.70163
2847	2847	-23.4292
2848	2848	-11.4797
2849	2849	22.7055
2850	2850	-4.6727
2851	2851	13.5233
2852	2852	-5.17475
2853	2853	18.2282
2854	2854	-18.222
2855	2855	-14.5582
2856	2856	-9.41927
2857	2857	20.7634
2858	2858	-18.3424
2859	2859	-15.1867
2860	2860	7.31169
2861	2861	-7.75687
2862	2862	30.1226
2863	2863	-34.6971
2864	2864	22.2138
2865	2865	46.9424
2866	2866	-18.3434
2867	2867	18.0833
2868	2868	-34.1685
2869	2869	15.8846
2870	2870	11.9266
2871	2871	-12.8287
2872	2872	-17.142
2873	2873	44.563
2874	2874	-14.3689
2875	2875	8.14854
2876	2876	-17.094
2877	2877	-20.1106
2878	2878	-7.07779
2879	2879	39.6555
2880	2880	-27.1699
2881	2881	-25.8865
2882	2882	16.0889
2883	2883	-43.5147
2884	2884	10.2905
2885	2885	6.82026
2886	2886	-23.9748
2887	2887	-3.9236
2888	2888	24.0534
2889	2889	13.6489
2890	2890	-15.7119
2891	2891	13.654
2892	2892	-25.4732
2893	2893	-23.9455
2894	2894	-8.89274
2895	2895	-8.14874
2896	2896	18.6943
2897	2897	8.03764
2898	2898	24.8335
2899	2899	-32.8564
2900	2900	-8.59935
2901	2901	-5.1881
2902	2902	43.0636
2903	2903	-33.205
2904	2904	5.61127
2905	2905	11.3108
2906	2906	41.4009
2907	2907	3.24846
2908	2908	12.9168
2909	2909	-9.32164
2910	2910	-21.4107
2911	2911	32.9785
2912	2912	-35.4006
2913	2913	-31.8924
2914	2914	-16.5263
2915	2915	-6.09489
2916	2916	-8.85285
2917	2917	33.7061
2918	2918	-6.30569
2919	2919	18.9693
2920	2920	-19.3052
2921	2921	34.1061
2922	2922	20.2052
2923	2923	12.6949
2924	2924	-37.4089
2925	2925	-29.4062
2926	2926	-8.89622
2927	2927	0.30436
2928	2928	-15.3048
2929	2929	-2.11175
2930	2930	40.2695
2931	2931	8.30991
2932	2932	34.8535
2933	2933	13.8286
2934	2934	5.34025
2935	2935	25.9928
2936	2936	-13.3054
2937	2937	8.82764
2938	2938	-2.71571
2939	2939	15.0541
2940	2940	-10.0647
2941	2941	42.53
2942	2942	-21.4059
2943	2943	5.33846
2944	2944	18.008
2945	2945	14.3895
2946	2946	8.67606
2947	2947	-5.36869
2948	2948	11.6992
2949	2949	-22.6884
2950	2950	-3.24514
2951	2951	9.24715
2952	2952	29.4254
2953	2953	-43.9367
2954	2954	1.97375
2955	2955	8.41763
2956	2956	-30.786
2957	2957	12.6814
2958	2958	-3.77043
2959	2959	-35.8362
2960	2960	-24.7654
2961	2961	26.9947
2962	2962	-5.84819
2963	2963	-13.9198
2964	2964	-27.6203
2965	2965	-8.42166
2966	2966	-20.7151
2967	2967	-29.8669
2968	2968	-8.28004
2969	2969	-22.5908
2970	2970	-29.2743
2971	2971	-28.0789
2972	2972	8.6233
2973	2973	-8.41655
2974	2974	-12.7929
2975	2975	2.60525
2976	2976	-46.0405
2977	2977	27.9631
2978	2978	32.3394
2979	2979	-29.9084
2980	2980	4.40903
2981	2981	-10.8445
2982	2982	10.4682
2983	2983	24.3163
2984	2984	7.04464
2985	2985	-3.61737
2986	2986	-2.92052
2987	2987	-32.4457
2988	2988	11.7652
2989	2989	12.0687
2990	2990	-11.7715
2991	2991	25.5965
2992	2992	-14.474
2993	2993	-26.2258
2994	2994	33.0669
2995	2995	-19.3991
2996	2996	5.80901
2997	2997	-17.3329
2998	2998	-6.20556
2999	2999	-4.81681
3000	3000	19.1356
3001	3001	22.3626
3002	3002	-11.466
3003	3003	30.4139
3004	3004	-9.25325
3005	3005	20.5887
3006	3006	-15.398
3007	3007	-5.86007
3008	3008	2.766
3009	3009	10.0612
3010	3010	-3.70224
3011	3011	-22.3608
3012	3012	-23.8355
3013	3013	-20.5463
3014	3014	-12.4465
3015	3015	28.2125
3016	3016	-19.6693
3017	3017	11.13
3018	3018	22.4976
3019	3019	-12.0414
3020	3020	-22.6832
3021	3021	38.4935
3022	3022	-26.2893
3023	3023	-16.1057
3024	3024	-2.33558
3025	3025	4.28875
3026	3026	-13.4123
3027	3027	-6.32734
3028	3028	36.2966
3029	3029	-14.9149
3030	3030	-4.37073
3031	3031	0.997434
3032	3032	-14.355
3033	3033	-2.35304
3034	3034	41.0827
3035	3035	-35.3009
3036	3036	13.0593
3037	3037	-12.2687
3038	3038	-5.90613
3039	3039	-15.0778
3040	3040	-17.9202
3041	3041	-14.1143
3042	3042	13.2107
3043	3043	-35.5099
3044	3044	13.3949
3045	3045	14.7594
3046	3046	21.8206
3047	3047	20.8472
3048	3048	2.08544
3049	3049	1.26849
3050	3050	38.7093
3051	3051	-3.02379
3052	3052	-18.5721
3053	3053	11.6884
3054	3054	-17.6509
3055	3055	-13.2924
3056	3056	16.2622
3057	3057	-26.2812
3058	3058	-36.7977
3059	3059	-11.1787
3060	3060	12.3985
3061	3061	-18.2097
3062	3062	23.0309
3063	3063	21.1075
3064	3064	-29.0456
3065	3065	-17.5962
3066	3066	-1.21669
3067	3067	-2.84939
3068	3068	-15.0727
3069	3069	18.2851
3070	3070	-12.1168
3071	3071	-30.2659
3072	3072	15.1245
3073	3073	-49.0396
3074	3074	7.32931
3075	3075	-12.905
3076	3076	16.0791
3077	3077	-22.0237
3078	3078	18.0239
3079	3079	24.2282
3080	3080	-17.2159
3081	3081	25.9739
3082	3082	-21.0807
3083	3083	23.0314
3084	3084	-30.3486
3085	3085	20.529
3086	3086	8.0146
3087	3087	28.3221
3088	3088	-7.15671
3089	3089	6.81403
3090	3090	22.2765
3091	3091	48.2845
3092	3092	-5.61703
3093	3093	5.2337
3094	3094	-18.3885
3095	3095	-19.0864
3096	3096	26.7839
3097	3097	20.0267
3098	3098	-20.2463
3099	3099	-3.78172
3100	3100	-5.83598
3101	3101	24.5331
3102	3102	-0.901613
3103	3103	11.0246
3104	3104	-70.5173
3105	3105	0.609826
3106	3106	-12.033
3107	3107	-1.99549
3108	3108	12.0234
3109	3109	-25.1208
3110	3110	-19.9636
3111	3111	26.8097
3112	3112	10.7902
3113	3113	34.4966
3114	3114	6.50665
3115	3115	-34.7003
3116	3116	-25.8127
3117	3117	-25.6769
3118	3118	-7.54944
3119	3119	-32.6397
3120	3120	3.93506
3121	3121	10.5577
3122	3122	-33.2178
3123	3123	-18.9639
3124	3124	13.2701
3125	3125	-0.717823
3126	3126	5.94222
3127	3127	-23.2293
3128	3128	0.229241
3129	3129	16.0846
3130	3130	13.646
3131	3131	-1.02629
3132	3132	19.0136
3133	3133	3.7665
3134	3134	45.4555
3135	3135	-15.5321
3136	3136	46.0078
3137	3137	26.5307
3138	3138	5.54984
3139	3139	28.7053
3140	3140	-33.2743
3141	3141	29.4935
3142	3142	-37.1125
3143	3143	24.5512
3144	3144	2.62592
3145	3145	-6.78652
3146	3146	30.3809
3147	3147	8.77696
3148	3148	34.4973
3149	3149	-4.59571
3150	3150	-17.1256
3151	3151	14.4831
3152	3152	-16.0156
3153	3153	11.2476
3154	3154	17.2284
3155	3155	-8.67212
3156	3156	6.31829
3157	3157	-23.6929
3158	3158	-10.4994
3159	3159	-22.3984
3160	3160	-10.341
3161	3161	20.6098
3162	3162	-8.88777
3163	3163	21.6035
3164	3164	34.5911
3165	3165	-25.4815
3166	3166	-16.8857
3167	3167	13.3025
3168	3168	-9.486
3169	3169	3.5401
3170	3170	-0.175289
3171	3171	-39.735
3172	3172	24.2213
3173	3173	-10.9013
3174	3174	-8.50807
3175	3175	26.6284
3176	3176	-5.24132
3177	3177	5.61625
3178	3178	-12.9496
3179	3179	34.4613
3180	3180	-17.1129
3181	3181	3.88693
3182	3182	-16.2245
3183	3183	15.9603
3184	3184	-30.3918
3185	3185	22.4655
3186	3186	-31.3993
3187	3187	-0.68111
3188	3188	-5.37628
3189	3189	-27.9212
3190	3190	23.4605
3191	3191	-15.4079
3192	3192	-12.7545
3193	3193	-16.385
3194	3194	-4.53855
3195	3195	4.79317
3196	3196	11.7655
3197	3197	8.56219
3198	3198	-18.3562
3199	3199	6.68873
3200	3200	-21.2275
3201	3201	5.53057
3202	3202	-4.22133
3203	3203	35.7223
3204	3204	-3.78393
3205	3205	12.7048
3206	3206	-7.94082
3207	3207	-14.3523
3208	3208	-28.0727
3209	3209	0.13646
3210	3210	-16.3529
3211	3211	-3.18044
3212	3212	-24.2805
3213	3213	-25.882
3214	3214	5.01238
3215	3215	30.8861
3216	3216	1.88003
3217	3217	-17.2999
3218	3218	-23.2389
3219	3219	-2.78644
3220	3220	-22.5359
3221	3221	-8.78787
3222	3222	15.8878
3223	3223	17.8369
3224	3224	-17.6397
3225	3225	-19.4646
3226	3226	-16.7843
3227	3227	-2.85735
3228	3228	-10.1909
3229	3229	-7.66823
3230	3230	-24.8122
3231	3231	-2.42881
3232	3232	-17.9271
3233	3233	-8.96817
3234	3234	-5.24223
3235	3235	-9.94911
3236	3236	-11.436
3237	3237	1.3902
3238	3238	-17.0174
3239	3239	-10.8659
3240	3240	-2.25469
3241	3241	12.0278
3242	3242	-7.4704
3243	3243	-28.0736
3244	3244	33.3743
3245	3245	-24.3001
3246	3246	28.7542
3247	3247	-10.3611
3248	3248	0.575053
3249	3249	4.56688
3250	3250	25.8799
3251	3251	-20.7436
3252	3252	-4.6925
3253	3253	49.2218
3254	3254	-12.7019
3255	3255	-39.6951
3256	3256	2.50336
3257	3257	15.1877
3258	3258	4.00034
3259	3259	-3.12501
3260	3260	4.193
3261	3261	-8.09993
3262	3262	-14.993
3263	3263	10.3241
3264	3264	4.79846
3265	3265	7.92192
3266	3266	14.5041
3267	3267	-11.3852
3268	3268	-40.8589
3269	3269	13.5622
3270	3270	-2.04176
3271	3271	3.555
3272	3272	17.8867
3273	3273	4.59838
3274	3274	25.9778
3275	3275	-2.92918
3276	3276	-23.336
3277	3277	-4.31909
3278	3278	-13.0602
3279	3279	12.7951
3280	3280	-43.8092
3281	3281	5.27837
3282	3282	-15.2739
3283	3283	-22.4521
3284	3284	44.4363
3285	3285	-11.4425
3286	3286	-11.2567
3287	3287	-12.739
3288	3288	-5.48299
3289	3289	11.9262
3290	3290	-17.8571
3291	3291	3.68153
3292	3292	-20.7761
3293	3293	-14.8656
3294	3294	-32.3121
3295	3295	-25.2273
3296	3296	9.48799
3297	3297	-13.4244
3298	3298	9.27464
3299	3299	-9.22148
3300	3300	-7.95557
3301	3301	4.16032
3302	3302	-19.5192
3303	3303	32.0091
3304	3304	-0.905198
3305	3305	14.9427
3306	3306	-21.2411
3307	3307	6.12025
3308	3308	16.8798
3309	3309	19.8175
3310	3310	1.32637
3311	3311	-25.8912
3312	3312	-12.2415
3313	3313	-13.3645
3314	3314	-32.3491
3315	3315	24.6395
3316	3316	-28.1358
3317	3317	-40.0003
3318	3318	10.9473
3319	3319	7.27092
3320	3320	-11.1854
3321	3321	-23.9383
3322	3322	27.1757
3323	3323	16.2531
3324	3324	22.691
3325	3325	26.9479
3326	3326	-7.40541
3327	3327	-11.0593
3328	3328	2.64248
3329	3329	-20.5008
3330	3330	12.7239
3331	3331	18.2624
3332	3332	-24.4212
3333	3333	-7.85356
3334	3334	8.34972
3335	3335	-39.4109
3336	3336	4.81982
3337	3337	26.7597
3338	3338	4.63229
3339	3339	13.4434
3340	3340	-4.8664
3341	3341	19.2028
3342	3342	26.4007
3343	3343	26.4806
3344	3344	21.5316
3345	3345	-15.3686
3346	3346	21.7097
3347	3347	-22.4561
3348	3348	-26.274
3349	3349	-2.26548
3350	3350	-20.4453
3351	3351	19.8536
3352	3352	-9.5508
3353	3353	23.2223
3354	3354	-35.7018
3355	3355	-38.3301
3356	3356	16.3972
3357	3357	-7.224
3358	3358	16.108
3359	3359	1.74831
3360	3360	-16.2288
3361	3361	-18.4693
3362	3362	-19.4057
3363	3363	-7.65196
3364	3364	5.59944
3365	3365	43.4005
3366	3366	-24.4185
3367	3367	-14.4432
3368	3368	-22.3411
3369	3369	-16.0792
3370	3370	-33.6332
3371	3371	16.8828
3372	3372	-10.2554
3373	3373	12.1503
3374	3374	3.95635
3375	3375	22.5123
3376	3376	-3.78776
3377	3377	-10.5741
3378	3378	-35.1998
3379	3379	-0.806385
3380	3380	35.5583
3381	3381	8.78034
3382	3382	-10.0782
3383	3383	19.4428
3384	3384	34.4175
3385	3385	12.6533
3386	3386	-4.53356
3387	3387	-43.4221
3388	3388	29.5894
3389	3389	-26.6802
3390	3390	27.3936
3391	3391	-1.00634
3392	3392	26.2341
3393	3393	19.7581
3394	3394	-21.6223
3395	3395	9.22746
3396	3396	-18.6119
3397	3397	-12.3074
3398	3398	-21.8225
3399	3399	12.0208
3400	3400	-3.64823
3401	3401	0.465298
3402	3402	-7.42364
3403	3403	-6.69316
3404	3404	19.5696
3405	3405	-0.563119
3406	3406	42.8235
3407	3407	10.9714
3408	3408	-20.7857
3409	3409	-1.55088
3410	3410	7.41652
3411	3411	-23.1497
3412	3412	-8.11306
3413	3413	44.6263
3414	3414	-30.6314
3415	3415	27.7414
3416	3416	-35.8323
3417	3417	-27.3185
3418	3418	-0.114793
3419	3419	-8.86704
3420	3420	-16.8853
3421	3421	-17.7806
3422	3422	-28.9423
3423	3423	-54.3653
3424	3424	-16.457
3425	3425	20.639
3426	3426	13.556
3427	3427	-19.6277
3428	3428	-18.4397
3429	3429	-7.5136
3430	3430	7.6291
3431	3431	28.4233
3432	3432	3.28596
3433	3433	-2.85915
3434	3434	-29.14
3435	3435	20.6603
3436	3436	-20.8702
3437	3437	-3.0063
3438	3438	16.2805
3439	3439	17.9239
3440	3440	11.0947
3441	3441	29.4194
3442	3442	-17.367
3443	3443	58.6579
3444	3444	-25.2254
3445	3445	61.8003
3446	3446	26.7974
3447	3447	14.3833
3448	3448	-21.1274
3449	3449	19.005
3450	3450	12.5633
3451	3451	-18.3606
3452	3452	-9.93174
3453	3453	34.8137
3454	3454	-21.5212
3455	3455	22.2393
3456	3456	24.3652
3457	3457	2.86136
3458	3458	22.0782
3459	3459	-5.4917
3460	3460	39.7218
3461	3461	-5.28123
3462	3462	15.8598
3463	3463	-8.49612
3464	3464	-1.40323
3465	3465	18.1589
3466	3466	1.36121
3467	3467	35.9446
3468	3468	-12.3717
3469	3469	-19.8317
3470	3470	46.3653
3471	3471	-1.06143
3472	3472	8.76623
3473	3473	-23.9965
3474	3474	-15.3136
3475	3475	39.2785
3476	3476	7.22227
3477	3477	-1.9134
3478	3478	43.4247
3479	3479	-51.802
3480	3480	-20.391
3481	3481	-2.70766
3482	3482	-2.31736
3483	3483	1.29041
3484	3484	9.62317
3485	3485	3.99639
3486	3486	-12.8242
3487	3487	-12.3321
3488	3488	-36.3417
3489	3489	3.66069
3490	3490	1.13222
3491	3491	-24.0344
3492	3492	-13.3593
3493	3493	-13.622
3494	3494	-23.1401
3495	3495	12.2347
3496	3496	-14.2572
3497	3497	20.4593
3498	3498	-16.645
3499	3499	20.2491
3500	3500	3.58057
3501	3501	12.9079
3502	3502	50.1413
3503	3503	36.0751
3504	3504	16.6884
3505	3505	-22.4025
3506	3506	-13.3183
3507	3507	-18.0079
3508	3508	23.5003
3509	3509	6.24028
3510	3510	-7.95044
3511	3511	44.8327
3512	3512	-16.9993
3513	3513	2.10477
3514	3514	1.31047
3515	3515	18.5086
3516	3516	26.5871
3517	3517	14.7653
3518	3518	8.15383
3519	3519	10.0811
3520	3520	36.3718
3521	3521	6.96375
3522	3522	8.54412
3523	3523	37.9655
3524	3524	-46.3943
3525	3525	34.231
3526	3526	1.53392
3527	3527	-18.0648
3528	3528	0.615534
3529	3529	-33.515
3530	3530	-14.8241
3531	3531	10.8032
3532	3532	-4.58749
3533	3533	27.4407
3534	3534	3.62243
3535	3535	1.90802
3536	3536	-16.2398
3537	3537	4.37647
3538	3538	39.6485
3539	3539	-13.7479
3540	3540	1.82648
3541	3541	3.21209
3542	3542	-35.2925
3543	3543	-4.86922
3544	3544	-13.207
3545	3545	24.4632
3546	3546	7.30666
3547	3547	-6.26591
3548	3548	0.952299
3549	3549	-11.378
3550	3550	-21.8011
3551	3551	-11.1975
3552	3552	0.95191
3553	3553	30.8838
3554	3554	-1.52249
3555	3555	-4.94843
3556	3556	1.27159
3557	3557	2.97065
3558	3558	14.7449
3559	3559	8.5151
3560	3560	-2.6734
3561	3561	-27.4549
3562	3562	28.5781
3563	3563	-12.8805
3564	3564	6.65343
3565	3565	14.6385
3566	3566	1.21056
3567	3567	19.5897
3568	3568	20.4736
3569	3569	44.8691
3570	3570	0.350105
3571	3571	-1.1665
3572	3572	-13.9978
3573	3573	30.8547
3574	3574	12.8646
3575	3575	-21.3124
3576	3576	4.34813
3577	3577	33.8533
3578	3578	19.2116
3579	3579	1.51372
3580	3580	-25.1159
3581	3581	2.21048
3582	3582	2.31232
3583	3583	-10.3086
3584	3584	2.41293
3585	3585	-26.637
3586	3586	3.67008
3587	3587	-41.7483
3588	3588	-17.9511
3589	3589	16.4975
3590	3590	-3.59731
3591	3591	8.64443
3592	3592	18.4181
3593	3593	-9.76742
3594	3594	12.4839
3595	3595	-16.9607
3596	3596	-15.9101
3597	3597	-24.272
3598	3598	13.5627
3599	3599	5.35223
3600	3600	-38.041
3601	3601	-25.0453
3602	3602	-4.42337
3603	3603	18.4754
3604	3604	22.4861
3605	3605	21.5883
3606	3606	-13.1484
3607	3607	40.3474
3608	3608	-15.3203
3609	3609	-15.0731
3610	3610	-1.88297
3611	3611	-11.776
3612	3612	9.58075
3613	3613	-11.0329
3614	3614	-27.4644
3615	3615	19.7689
3616	3616	34.1656
3617	3617	12.7137
3618	3618	-30.2438
3619	3619	19.2303
3620	3620	10.9744
3621	3621	-14.2326
3622	3622	-26.3481
3623	3623	-0.21289
3624	3624	3.27825
3625	3625	25.7754
3626	3626	5.49061
3627	3627	6.7021
3628	3628	39.2353
3629	3629	5.7539
3630	3630	8.66926
3631	3631	11.1063
3632	3632	7.12359
3633	3633	18.7637
3634	3634	12.5184
3635	3635	6.59186
3636	3636	14.9368
3637	3637	32.7891
3638	3638	2.26758
3639	3639	35.2764
3640	3640	-0.637085
3641	3641	11.7712
3642	3642	-2.37625
3643	3643	17.3603
3644	3644	44.1663
3645	3645	12.2262
3646	3646	8.69779
3647	3647	-15.4249
3648	3648	-5.92035
3649	3649	16.1976
3650	3650	4.2508
3651	3651	-3.24364
3652	3652	-36.281
3653	3653	10.3413
3654	3654	12.3701
3655	3655	-28.8768
3656	3656	35.4181
3657	3657	-41.7789
3658	3658	-19.7639
3659	3659	-5.22015
3660	3660	3.99824
3661	3661	37.5477
3662	3662	13.3389
3663	3663	-1.54571
3664	3664	39.2924
3665	3665	-27.5814
3666	3666	-17.6831
3667	3667	20.8504
3668	3668	3.3098
3669	3669	-8.83172
3670	3670	0.525845
3671	3671	4.52794
3672	3672	-22.0208
3673	3673	18.5507
3674	3674	10.0574
3675	3675	0.426576
3676	3676	-6.85519
3677	3677	7.15101
3678	3678	-30.6791
3679	3679	30.9883
3680	3680	15.6837
3681	3681	4.9871
3682	3682	27.2882
3683	3683	13.3611
3684	3684	-13.354
3685	3685	38.7198
3686	3686	8.9061
3687	3687	-20.9164
3688	3688	14.8676
3689	3689	-0.39604
3690	3690	2.6052
3691	3691	6.429
3692	3692	10.8681
3693	3693	7.36745
3694	3694	23.215
3695	3695	-21.6188
3696	3696	9.62548
3697	3697	-10.8399
3698	3698	-0.110993
3699	3699	-22.3471
3700	3700	-15.8811
3701	3701	-3.4028
3702	3702	12.3805
3703	3703	-1.82814
3704	3704	-14.0087
3705	3705	-1.98551
3706	3706	-6.14324
3707	3707	-33.9788
3708	3708	4.49088
3709	3709	-47.5569
3710	3710	-7.90778
3711	3711	-31.0242
3712	3712	-12.4523
3713	3713	-24.0995
3714	3714	29.5169
3715	3715	-6.8348
3716	3716	4.28333
3717	3717	52.3891
3718	3718	9.11576
3719	3719	14.1493
3720	3720	4.91874
3721	3721	-23.3341
3722	3722	-16.8214
3723	3723	9.80806
3724	3724	-3.59808
3725	3725	6.67623
3726	3726	5.08321
3727	3727	-18.5882
3728	3728	5.53082
3729	3729	41.3081
3730	3730	48.2656
3731	3731	-9.99682
3732	3732	12.4814
3733	3733	-7.98973
3734	3734	12.6166
3735	3735	46.2909
3736	3736	14.1924
3737	3737	-28.375
3738	3738	15.3318
3739	3739	-12.4888
3740	3740	5.82153
3741	3741	13.0142
3742	3742	-4.21328
3743	3743	-6.28482
3744	3744	-29.312
3745	3745	-24.6409
3746	3746	-6.74966
3747	3747	48.2816
3748	3748	-15.6787
3749	3749	34.3177
3750	3750	15.2195
3751	3751	9.87115
3752	3752	30.049
3753	3753	9.47639
3754	3754	25.3619
3755	3755	28.0367
3756	3756	12.6711
3757	3757	-45.156
3758	3758	-25.0694
3759	3759	50.1474
3760	3760	38.601
3761	3761	6.50442
3762	3762	22.2934
3763	3763	-19.182
3764	3764	-15.544
3765	3765	0.604463
3766	3766	-0.204976
3767	3767	41.3788
3768	3768	-16.7545
3769	3769	-2.11985
3770	3770	8.63648
3771	3771	40.6904
3772	3772	-29.5186
3773	3773	-16.6793
3774	3774	23.9375
3775	3775	-9.01519
3776	3776	-10.8733
3777	3777	1.19277
3778	3778	-21.4837
3779	3779	-2.03763
3780	3780	0.942058
3781	3781	-10.0243
3782	3782	-20.4862
3783	3783	-16.0261
3784	3784	-30.1773
3785	3785	-2.26322
3786	3786	10.4734
3787	3787	5.25236
3788	3788	-23.3614
3789	3789	-23.784
3790	3790	5.50911
3791	3791	31.1375
3792	3792	-10.6011
3793	3793	-17.4606
3794	3794	12.0033
3795	3795	-5.45662
3796	3796	-17.1631
3797	3797	-8.48252
3798	3798	-17.407
3799	3799	14.2825
3800	3800	20.8296
3801	3801	-2.2261
3802	3802	1.52553
3803	3803	57.798
3804	3804	-21.8316
3805	3805	-14.1827
3806	3806	5.97697
3807	3807	-15.5363
3808	3808	31.4837
3809	3809	6.23196
3810	3810	-2.89983
3811	3811	4.86317
3812	3812	-32.5587
3813	3813	-15.2721
3814	3814	-3.18131
3815	3815	-21.2642
3816	3816	-27.1395
3817	3817	26.3033
3818	3818	-47.292
3819	3819	-24.7939
3820	3820	-23.2452
3821	3821	-24.6554
3822	3822	9.38769
3823	3823	-7.54904
3824	3824	-20.4973
3825	3825	20.4434
3826	3826	11.2841
3827	3827	-2.14467
3828	3828	-5.0564
3829	3829	21.6038
3830	3830	-46.5348
3831	3831	-19.3345
3832	3832	-23.5424
3833	3833	20.9984
3834	3834	-12.707
3835	3835	-7.53917
3836	3836	-8.17569
3837	3837	2.4707
3838	3838	15.2142
3839	3839	22.6861
3840	3840	-5.79215
3841	3841	-13.791
3842	3842	15.4885
3843	3843	15.099
3844	3844	-6.51748
3845	3845	-20.3948
3846	3846	15.8568
3847	3847	3.26818
3848	3848	-4.18913
3849	3849	6.4573
3850	3850	30.837
3851	3851	-34.6641
3852	3852	-20.4052
3853	3853	-18.8255
3854	3854	-1.4528
3855	3855	-11.3803
3856	3856	40.4267
3857	3857	-12.9182
3858	3858	-0.0403044
3859	3859	-7.29492
3860	3860	-9.24266
3861	3861	5.08782
3862	3862	6.45559
3863	3863	-3.71343
3864	3864	-10.5843
3865	3865	-2.28022
3866	3866	-15.9842
3867	3867	-5.11313
3868	3868	25.5329
3869	3869	9.46153
3870	3870	7.06188
3871	3871	12.3277
3872	3872	1.67415
3873	3873	17.8232
3874	3874	-14.9502
3875	3875	-12.4626
3876	3876	15.4054
3877	3877	15.6096
3878	3878	19.324
3879	3879	46.0286
3880	3880	-22.8177
3881	3881	28.151
3882	3882	-0.33407
3883	3883	-7.87712
3884	3884	-14.1238
3885	3885	48.0104
3886	3886	-8.51797
3887	3887	-27.9443
3888	3888	-22.1471
3889	3889	24.9105
3890	3890	-13.7068
3891	3891	-11.8005
3892	3892	-25.5906
3893	3893	-7.01958
3894	3894	-5.20228
3895	3895	-13.9701
3896	3896	32.1869
3897	3897	-9.61043
3898	3898	34.6014
3899	3899	2.24346
3900	3900	29.6649
3901	3901	-36.6234
3902	3902	-29.7484
3903	3903	27.4127
3904	3904	16.7487
3905	3905	-23.8836
3906	3906	-12.9102
3907	3907	-11.4424
3908	3908	5.32017
3909	3909	-0.994468
3910	3910	-21.7329
3911	3911	9.79541
3912	3912	-5.8961
3913	3913	-31.8998
3914	3914	4.45551
3915	3915	19.8545
3916	3916	-10.9201
3917	3917	-11.5878
3918	3918	-3.10374
3919	3919	-3.72212
3920	3920	9.60601
3921	3921	16.1365
3922	3922	-16.1651
3923	3923	18.2405
3924	3924	14.6546
3925	3925	8.72459
3926	3926	-26.3476
3927	3927	-20.3781
3928	3928	-21.2675
3929	3929	-22.1158
3930	3930	22.3369
3931	3931	5.37796
3932	3932	10.8194
3933	3933	3.39023
3934	3934	-18.1254
3935	3935	-8.74879
3936	3936	-3.67877
3937	3937	34.6501
3938	3938	11.9845
3939	3939	6.07155
3940	3940	-24.2236
3941	3941	-3.0427
3942	3942	29.2471
3943	3943	9.19292
3944	3944	-4.60643
3945	3945	-2.74191
3946	3946	-28.5772
3947	3947	2.45304
3948	3948	-8.28002
3949	3949	24.3033
3950	3950	30.8423
3951	3951	16.4149
3952	3952	2.50448
3953	3953	17.7862
3954	3954	16.6806
3955	3955	15.8339
3956	3956	-24.3439
3957	3957	-17.6219
3958	3958	0.628236
3959	3959	1.01769
3960	3960	-38.3569
3961	3961	48.3058
3962	3962	-22.5348
3963	3963	2.84391
3964	3964	-6.86394
3965	3965	11.2453
3966	3966	-30.8756
3967	3967	-26.1427
3968	3968	9.07024
3969	3969	-4.82079
3970	3970	-0.496633
3971	3971	-24.1546
3972	3972	16.0278
3973	3973	-5.24113
3974	3974	8.6003
3975	3975	16.1562
3976	3976	2.21709
3977	3977	-8.28709
3978	3978	-12.9234
3979	3979	-4.07936
3980	3980	0.250978
3981	3981	12.7904
3982	3982	17.3111
3983	3983	-13.8235
3984	3984	-11.7616
3985	3985	12.5872
3986	3986	21.1855
3987	3987	12.1399
3988	3988	8.70803
3989	3989	20.3384
3990	3990	18.744
3991	3991	1.62151
3992	3992	-3.67045
3993	3993	-31.7644
3994	3994	-6.58604
3995	3995	-40.4158
3996	3996	-5.00913
3997	3997	22.1819
3998	3998	-8.15078
3999	3999	7.74329
4000	4000	-16.3528
4001	4001	-13.3183
4002	4002	41.7214
4003	4003	7.18975
4004	4004	14.9899
4005	4005	-19.287
4006	4006	-16.7121
4007	4007	2.48613
4008	4008	-15.7211
4009	4009	-12.3101
4010	4010	24.2493
4011	4011	31.435
4012	4012	9.56967
4013	4013	-23.4945
4014	4014	16.8891
4015	4015	-12.6231
4016	4016	-7.14605
4017	4017	8.79557
4018	4018	-3.12805
4019	4019	10.4427
4020	4020	1.83685
4021	4021	13.3963
4022	4022	10.9195
4023	4023	-15.2539
4024	4024	-13.9772
4025	4025	22.1671
4026	4026	12.0182
4027	4027	21.1257
4028	4028	-4.07394
4029	4029	-2.85384
4030	4030	-12.7786
4031	4031	-11.449
4032	4032	33.4378
4033	4033	-21.6202
4034	4034	25.9971
4035	4035	-24.4334
4036	4036	-4.98334
4037	4037	7.7839
4038	4038	-0.566361
4039	4039	3.43739
4040	4040	-12.3655
4041	4041	-25.4988
4042	4042	-0.697375
4043	4043	-18.4895
4044	4044	5.31163
4045	4045	5.04355
4046	4046	-20.1361
4047	4047	11.3034
4048	4048	68.0829
4049	4049	36.6532
4050	4050	22.2358
4051	4051	-0.969523
4052	4052	18.6627
4053	4053	16.3477
4054	4054	15.6468
4055	4055	-15.1091
4056	4056	-9.29742
4057	4057	-8.20062
4058	4058	39.3473
4059	4059	17.6524
4060	4060	50.3874
4061	4061	28.7257
4062	4062	50.545
4063	4063	-26.2136
4064	4064	18.7645
4065	4065	14.2881
4066	4066	40.3252
4067	4067	7.93427
4068	4068	10.7578
4069	4069	6.95192
4070	4070	1.93012
4071	4071	-2.51035
4072	4072	45.7117
4073	4073	43.1906
4074	4074	1.19226
4075	4075	-5.38721
4076	4076	-1.30895
4077	4077	-10.7532
4078	4078	-9.40585
4079	4079	34.5476
4080	4080	25.5248
4081	4081	-22.3309
4082	4082	28.3742
4083	4083	-5.53488
4084	4084	33.5914
4085	4085	1.44278
4086	4086	22.1882
4087	4087	-2.12563
4088	4088	3.6315
4089	4089	46.6409
4090	4090	9.69645
4091	4091	-7.5016
4092	4092	17.1154
4093	4093	-27.5888
4094	4094	-9.67768
4095	4095	50.5109
4096	4096	-7.25524
4097	4097	-46.1266
4098	4098	-6.02138
4099	4099	41.9934
4100	4100	19.0292
4101	4101	16.4425
4102	4102	-25.4325
4103	4103	1.94218
4104	4104	-2.67551
4105	4105	23.9441
4106	4106	-14.6045
4107	4107	3.25209
4108	4108	26.632
4109	4109	3.44842
4110	4110	-27.326
4111	4111	-19.942
4112	4112	19.8199
4113	4113	-20.0305
4114	4114	-9.97979
4115	4115	-15.1718
4116	4116	-31.724
4117	4117	19.9729
4118	4118	8.61124
4119	4119	-11.9549
4120	4120	12.0493
4121	4121	-4.15288
4122	4122	-3.81356
4123	4123	-0.704238
4124	4124	31.8151
4125	4125	-0.874909
4126	4126	59.8937
4127	4127	9.96897
4128	4128	7.81211
4129	4129	11.8718
4130	4130	3.73612
4131	4131	9.5131
4132	4132	5.49058
4133	4133	1.48579
4134	4134	-7.78178
4135	4135	-6.03972
4136	4136	7.93677
4137	4137	-28.0646
4138	4138	10.9142
4139	4139	-26.3957
4140	4140	-6.27798
4141	4141	18.1973
4142	4142	-5.68951
4143	4143	11.4942
4144	4144	-36.7352
4145	4145	14.1813
4146	4146	37.6779
4147	4147	-14.6238
4148	4148	-18.9102
4149	4149	-8.49976
4150	4150	27.5199
4151	4151	2.75733
4152	4152	8.12787
4153	4153	28.6323
4154	4154	-12.5823
4155	4155	-4.58209
4156	4156	6.34791
4157	4157	-14.1145
4158	4158	6.96261
4159	4159	3.83172
4160	4160	34.3205
4161	4161	-5.62228
4162	4162	-61.4752
4163	4163	-14.6157
4164	4164	-5.02617
4165	4165	3.48238
4166	4166	-14.1031
4167	4167	-30.681
4168	4168	14.2935
4169	4169	-18.2106
4170	4170	-22.137
4171	4171	-27.064
4172	4172	2.91245
4173	4173	21.2462
4174	4174	6.47847
4175	4175	23.4513
4176	4176	-22.5052
4177	4177	-14.1048
4178	4178	-11.1131
4179	4179	-9.74125
4180	4180	-38.5025
4181	4181	-25.3396
4182	4182	6.32608
4183	4183	-16.8614
4184	4184	-23.3992
4185	4185	-32.0694
4186	4186	67.8851
4187	4187	-6.05183
4188	4188	42.9147
4189	4189	44.3257
4190	4190	4.68015
4191	4191	20.5633
4192	4192	3.9825
4193	4193	12.8236
4194	4194	15.436
4195	4195	12.597
4196	4196	-10.4553
4197	4197	10.3066
4198	4198	-1.02751
4199	4199	-33.5731
4200	4200	-9.63384
4201	4201	2.71302
4202	4202	10.7191
4203	4203	-29.1033
4204	4204	24.5895
4205	4205	11.5011
4206	4206	-9.25058
4207	4207	57.0412
4208	4208	-15.8515
4209	4209	-9.1363
4210	4210	10.0911
4211	4211	23.4846
4212	4212	-23.6194
4213	4213	-32.5914
4214	4214	2.12968
4215	4215	-5.6992
4216	4216	13.3652
4217	4217	14.545
4218	4218	52.5556
4219	4219	-4.62
4220	4220	-12.1888
4221	4221	25.7071
4222	4222	-18.6335
4223	4223	-13.3498
4224	4224	2.18354
4225	4225	32.3178
4226	4226	6.18827
4227	4227	-8.94304
4228	4228	-9.30403
4229	4229	-9.97858
4230	4230	45.9658
4231	4231	-15.8066
4232	4232	11.998
4233	4233	-15.8318
4234	4234	-24.213
4235	4235	2.15024
4236	4236	22.4089
4237	4237	-11.3081
4238	4238	3.55549
4239	4239	29.4998
4240	4240	-6.82503
4241	4241	-33.1914
4242	4242	32.4002
4243	4243	47.1088
4244	4244	2.98522
4245	4245	2.85507
4246	4246	23.1637
4247	4247	-21.0163
4248	4248	-7.17241
4249	4249	17.2056
4250	4250	-7.25962
4251	4251	41.6764
4252	4252	-4.86333
4253	4253	23.0881
4254	4254	-14.4913
4255	4255	3.34515
4256	4256	0.924129
4257	4257	-7.19356
4258	4258	44.44
4259	4259	26.7491
4260	4260	0.853416
4261	4261	-40.2769
4262	4262	0.914859
4263	4263	-14.3053
4264	4264	22.8914
4265	4265	-19.0036
4266	4266	-14.7027
4267	4267	45.9841
4268	4268	-51.9947
4269	4269	33.8348
4270	4270	13.2462
4271	4271	50.6673
4272	4272	-12.9642
4273	4273	-34.4725
4274	4274	-21.1614
4275	4275	33.1671
4276	4276	34.5447
4277	4277	-1.17051
4278	4278	18.2183
4279	4279	-7.2456
4280	4280	29.3463
4281	4281	-41.5612
4282	4282	-10.7287
4283	4283	10.8281
4284	4284	11.1365
4285	4285	14.313
4286	4286	-12.0967
4287	4287	34.873
4288	4288	10.8455
4289	4289	16.9682
4290	4290	-8.73392
4291	4291	-1.04235
4292	4292	9.30127
4293	4293	-8.43004
4294	4294	-39.0118
4295	4295	10.1246
4296	4296	-4.37954
4297	4297	-21.1889
4298	4298	-0.183093
4299	4299	-15.0518
4300	4300	18.7852
4301	4301	-12.6643
4302	4302	-1.21802
4303	4303	-0.0502687
4304	4304	-2.69187
4305	4305	-51.8185
4306	4306	-17.6982
4307	4307	-13.7952
4308	4308	9.91565
4309	4309	-23.2612
4310	4310	-0.943465
4311	4311	5.0359
4312	4312	38.8938
4313	4313	14.1119
4314	4314	6.3771
4315	4315	2.92917
4316	4316	1.73658
4317	4317	2.32289
4318	4318	-12.4949
4319	4319	28.3393
4320	4320	-7.54013
4321	4321	-8.79305
4322	4322	5.87203
4323	4323	-19.376
4324	4324	5.23704
4325	4325	-30.3991
4326	4326	5.60251
4327	4327	-21.1124
4328	4328	13.955
4329	4329	7.18
4330	4330	3.48247
4331	4331	19.5906
4332	4332	-1.54958
4333	4333	-50.9392
4334	4334	-43.3847
4335	4335	15.2796
4336	4336	11.0883
4337	4337	15.0518
4338	4338	-4.59187
4339	4339	28.5043
4340	4340	12.6196
4341	4341	46.1592
4342	4342	-19.9187
4343	4343	-5.94684
4344	4344	-19.0181
4345	4345	17.7082
4346	4346	3.9769
4347	4347	-14.0201
4348	4348	-4.65173
4349	4349	-31.6473
4350	4350	-40.968
4351	4351	27.6269
4352	4352	-16.8117
4353	4353	-2.76656
4354	4354	-4.73767
4355	4355	-10.9884
4356	4356	-22.6704
4357	4357	-4.1575
4358	4358	-14.8376
4359	4359	-17.9859
4360	4360	-2.95442
4361	4361	-6.5282
4362	4362	48.6822
4363	4363	17.0752
4364	4364	-9.8945
4365	4365	-13.5337
4366	4366	-2.84141
4367	4367	6.3121
4368	4368	10.9216
4369	4369	34.0945
4370	4370	-4.00322
4371	4371	16.5708
4372	4372	-10.0662
4373	4373	14.8921
4374	4374	-44.3093
4375	4375	2.97089
4376	4376	-28.9662
4377	4377	23.2912
4378	4378	-13.4762
4379	4379	5.14292
4380	4380	-6.48654
4381	4381	19.9581
4382	4382	14.0527
4383	4383	-24.7717
4384	4384	22.7464
4385	4385	12.7131
4386	4386	4.6542
4387	4387	33.995
4388	4388	-9.44668
4389	4389	2.03125
4390	4390	-17.4941
4391	4391	27.6853
4392	4392	26.2933
4393	4393	-34.1511
4394	4394	-16.8246
4395	4395	15.6314
4396	4396	-28.15
4397	4397	-12.641
4398	4398	6.68663
4399	4399	10.6205
4400	4400	13.342
4401	4401	38.8479
4402	4402	21.1441
4403	4403	3.54869
4404	4404	-0.0563061
4405	4405	11.4889
4406	4406	-18.2011
4407	4407	14.9609
4408	4408	14.4104
4409	4409	-1.03653
4410	4410	-1.51592
4411	4411	30.1166
4412	4412	0.794467
4413	4413	-39.3787
4414	4414	-2.30953
4415	4415	27.0019
4416	4416	21.3392
4417	4417	2.02983
4418	4418	-24.661
4419	4419	-5.69653
4420	4420	-32.9949
4421	4421	-21.964
4422	4422	29.5442
4423	4423	-15.9888
4424	4424	-34.7271
4425	4425	-15.5102
4426	4426	-16.8529
4427	4427	42.8566
4428	4428	5.61568
4429	4429	-27.0005
4430	4430	1.08038
4431	4431	5.70076
4432	4432	-6.34929
4433	4433	-4.42349
4434	4434	-1.62042
4435	4435	-2.32483
4436	4436	-22.0058
4437	4437	26.2129
4438	4438	9.03378
4439	4439	11.1135
4440	4440	-37.9795
4441	4441	-12.6035
4442	4442	11.8577
4443	4443	22.0002
4444	4444	21.5599
4445	4445	7.37182
4446	4446	28.8103
4447	4447	11.6451
4448	4448	-5.80014
4449	4449	41.6459
4450	4450	1.07334
4451	4451	36.3402
4452	4452	-19.7568
4453	4453	-0.155001
4454	4454	24.832
4455	4455	7.91099
4456	4456	27.6892
4457	4457	-10.1808
4458	4458	17.7282
4459	4459	16.3644
4460	4460	-29.1794
4461	4461	-50.4707
4462	4462	15.631
4463	4463	-24.3296
4464	4464	-24.7839
4465	4465	-23.6785
4466	4466	9.79814
4467	4467	-2.15459
4468	4468	-48.3886
4469	4469	14.1645
4470	4470	-5.25376
4471	4471	-19.9843
4472	4472	-18.2593
4473	4473	0.678224
4474	4474	-2.46038
4475	4475	7.05126
4476	4476	-16.0579
4477	4477	-55.5629
4478	4478	34.7861
4479	4479	-21.4054
4480	4480	20.4773
4481	4481	-17.9582
4482	4482	13.2693
4483	4483	3.69361
4484	4484	-30.9527
4485	4485	-52.5169
4486	4486	-23.8356
4487	4487	-0.862014
4488	4488	7.7087
4489	4489	14.5883
4490	4490	18.8999
4491	4491	-29.7763
4492	4492	13.345
4493	4493	31.2678
4494	4494	-8.08464
4495	4495	-17.7273
4496	4496	8.59855
4497	4497	-15.2033
4498	4498	20.1509
4499	4499	15.3738
4500	4500	14.079
4501	4501	-18.1569
4502	4502	-18.3941
4503	4503	-20.3065
4504	4504	10.2257
4505	4505	30.5635
4506	4506	-12.2546
4507	4507	-7.59448
4508	4508	18.3073
4509	4509	15.7047
4510	4510	-8.35632
4511	4511	-8.49198
4512	4512	-2.77466
4513	4513	23.1614
4514	4514	5.69362
4515	4515	6.54672
4516	4516	19.7496
4517	4517	-24.6545
4518	4518	-16.2024
4519	4519	37.9859
4520	4520	-28.4192
4521	4521	-11.2167
4522	4522	30.0726
4523	4523	-1.8795
4524	4524	25.1866
4525	4525	37.6071
4526	4526	47.6074
4527	4527	-5.28234
4528	4528	6.13969
4529	4529	-37.4329
4530	4530	11.8102
4531	4531	-20.1481
4532	4532	6.95943
4533	4533	-15.814
4534	4534	-17.9105
4535	4535	-14.784
4536	4536	-14.6345
4537	4537	16.9649
4538	4538	-5.10919
4539	4539	32.6318
4540	4540	-5.26423
4541	4541	20.5293
4542	4542	-9.85759
4543	4543	23.8311
4544	4544	-8.33129
4545	4545	22.0714
4546	4546	-9.23493
4547	4547	-7.80764
4548	4548	-12.5596
4549	4549	-18.2652
4550	4550	6.49611
4551	4551	-12.2103
4552	4552	-6.26206
4553	4553	19.9724
4554	4554	13.7653
4555	4555	39.1376
4556	4556	-21.3537
4557	4557	-15.919
4558	4558	-6.92842
4559	4559	6.33848
4560	4560	22.1376
4561	4561	41.2626
4562	4562	35.7131
4563	4563	-5.21201
4564	4564	-18.374
4565	4565	-45.1234
4566	4566	33.9038
4567	4567	-34.4805
4568	4568	-20.1835
4569	4569	5.10493
4570	4570	13.1427
4571	4571	-25.6791
4572	4572	-37.0556
4573	4573	-23.7844
4574	4574	-27.6942
4575	4575	-37.3606
4576	4576	-3.00873
4577	4577	20.2223
4578	4578	-8.6395
4579	4579	-2.92766
4580	4580	23.2672
4581	4581	9.07411
4582	4582	-4.48092
4583	4583	15.4397
4584	4584	12.3986
4585	4585	-7.25544
4586	4586	0.591981
4587	4587	-16.888
4588	4588	-10.7238
4589	4589	-13.0138
4590	4590	18.639
4591	4591	23.7873
4592	4592	7.80752
4593	4593	-21.6419
4594	4594	-22.7887
4595	4595	-5.27933
4596	4596	18.6736
4597	4597	-0.195937
4598	4598	-22.7616
4599	4599	-6.64305
4600	4600	8.97899
4601	4601	-1.19923
4602	4602	30.1391
4603	4603	-4.24987
4604	4604	30.3748
4605	4605	10.6041
4606	4606	22.8451
4607	4607	-2.42461
4608	4608	-45.3172
4609	4609	7.30062
4610	4610	-4.15609
4611	4611	-14.4612
4612	4612	6.42389
4613	4613	20.7753
4614	4614	-12.7464
4615	4615	22.4842
4616	4616	-26.5437
4617	4617	9.16436
4618	4618	41.9819
4619	4619	-2.77706
4620	4620	-25.7098
4621	4621	-15.3264
4622	4622	-24.1434
4623	4623	-2.43218
4624	4624	12.7279
4625	4625	10.7302
4626	4626	12.8591
4627	4627	-30.9486
4628	4628	-16.8396
4629	4629	-9.46152
4630	4630	10.6931
4631	4631	15.8168
4632	4632	-9.67748
4633	4633	-17.1289
4634	4634	-0.737455
4635	4635	-10.9726
4636	4636	-33.5474
4637	4637	-0.278162
4638	4638	21.3338
4639	4639	30.6908
4640	4640	-21.3707
4641	4641	34.215
4642	4642	25.6022
4643	4643	-14.8308
4644	4644	8.63409
4645	4645	1.0693
4646	4646	19.0809
4647	4647	-16.5346
4648	4648	-13.3059
4649	4649	-2.60325
4650	4650	28.3796
4651	4651	-23.8622
4652	4652	-23.5728
4653	4653	-10.2342
4654	4654	-5.16127
4655	4655	-30.5925
4656	4656	-33.9209
4657	4657	-0.995201
4658	4658	32.1315
4659	4659	7.4681
4660	4660	-17.4784
4661	4661	-15.2809
4662	4662	-27.3954
4663	4663	4.79479
4664	4664	-13.3621
4665	4665	-20.1289
4666	4666	6.30327
4667	4667	-9.90184
4668	4668	24.9924
4669	4669	-15.9387
4670	4670	-14.6977
4671	4671	-10.8329
4672	4672	4.44914
4673	4673	0.121228
4674	4674	-29.0543
4675	4675	-43.4891
4676	4676	9.66635
4677	4677	29.4251
4678	4678	25.9084
4679	4679	-0.215638
4680	4680	2.02857
4681	4681	-34.6317
4682	4682	-31.2872
4683	4683	8.06597
4684	4684	49.4633
4685	4685	-11.7786
4686	4686	29.9979
4687	4687	-9.421
4688	4688	-15.3078
4689	4689	16.5362
4690	4690	38.0747
4691	4691	-5.3821
4692	4692	-5.05466
4693	4693	9.14346
4694	4694	29.7074
4695	4695	6.63254
4696	4696	-9.18976
4697	4697	0.123906
4698	4698	-24.0369
4699	4699	-48.2391
4700	4700	-3.94543
4701	4701	-10.1475
4702	4702	7.05689
4703	4703	3.70436
4704	4704	1.3015
4705	4705	43.0341
4706	4706	5.48607
4707	4707	-6.57594
4708	4708	6.45974
4709	4709	26.7612
4710	4710	-7.60014
4711	4711	23.6421
4712	4712	-31.3597
4713	4713	-4.97935
4714	4714	-23.0934
4715	4715	-5.43341
4716	4716	19.5746
4717	4717	-8.0126
4718	4718	2.49966
4719	4719	13.3366
4720	4720	-18.6587
4721	4721	10.7293
4722	4722	32.3566
4723	4723	-10.7477
4724	4724	-10.9569
4725	4725	-23.1417
4726	4726	-21.0872
4727	4727	-17.263
4728	4728	35.1534
4729	4729	15.9477
4730	4730	10.1593
4731	4731	2.8632
4732	4732	-22.2132
4733	4733	-38.754
4734	4734	4.59895
4735	4735	-46.1779
4736	4736	-13.3804
4737	4737	0.85174
4738	4738	-33.3989
4739	4739	-22.4764
4740	4740	23.1338
4741	4741	-47.7506
4742	4742	-21.253
4743	4743	-2.65386
4744	4744	0.316932
4745	4745	-17.647
4746	4746	68.5299
4747	4747	-9.22797
4748	4748	3.64968
4749	4749	10.0403
4750	4750	6.4693
4751	4751	39.9071
4752	4752	7.013
4753	4753	-15.4338
4754	4754	-22.235
4755	4755	37.3047
4756	4756	-26.1712
4757	4757	5.42915
4758	4758	22.432
4759	4759	21.3934
4760	4760	12.5423
4761	4761	31.2841
4762	4762	16.5703
4763	4763	34.4885
4764	4764	-19.727
4765	4765	-16.6619
4766	4766	-12.4976
4767	4767	12.8937
4768	4768	22.8315
4769	4769	-0.480438
4770	4770	5.98555
4771	4771	-16.9365
4772	4772	25.4163
4773	4773	20.504
4774	4774	4.36016
4775	4775	0.341291
4776	4776	10.4537
4777	4777	8.42747
4778	4778	-16.4978
4779	4779	47.7987
4780	4780	-36.4826
4781	4781	12.1359
4782	4782	6.98
4783	4783	12.3879
4784	4784	-0.889875
4785	4785	8.12278
4786	4786	15.7502
4787	4787	-33.8498
4788	4788	-36.8409
4789	4789	-15.2715
4790	4790	16.6091
4791	4791	7.79104
4792	4792	4.4193
4793	4793	-23.5315
4794	4794	11.3884
4795	4795	25.782
4796	4796	-10.046
4797	4797	-0.621506
4798	4798	-29.3137
4799	4799	-19.2575
