sample_id	sample_id2	phensim
zero	zero	-23.1101
1	1	-4.56512
2	2	-4.72811
3	3	19.901
4	4	29.131
5	5	-22.335
6	6	-1.70635
7	7	29.3485
8	8	18.6284
9	9	-7.85187
10	10	10.974
11	11	18.1663
12	12	4.18041
13	13	22.9274
14	14	-5.14317
15	15	15.184
16	16	-0.101088
17	17	-9.96988
18	18	14.1659
19	19	-31.3875
20	20	-7.22112
21	21	-41.9446
22	22	15.1368
23	23	1.10118
24	24	-2.98619
25	25	17.8627
26	26	-16.4155
27	27	-8.53484
28	28	-13.3526
29	29	-2.15032
30	30	-40.7377
31	31	-11.0763
32	32	32.1954
33	33	12.5561
34	34	13.1623
35	35	-31.8459
36	36	-24.2909
37	37	35.3887
38	38	5.23527
39	39	1.20321
40	40	-16.4929
41	41	16.5798
42	42	-18.3621
43	43	-45.483
44	44	5.38315
45	45	31.3226
46	46	53.6152
47	47	20.9854
48	48	17.7177
49	49	9.74175
50	50	-12.4985
51	51	27.3564
52	52	29.7652
53	53	-6.46796
54	54	-18.3946
55	55	24.9276
56	56	-2.12278
57	57	-5.54757
58	58	-13.1218
59	59	-2.62127
60	60	38.6436
61	61	-4.37373
62	62	39.5273
63	63	6.87102
64	64	57.9746
65	65	25.7931
66	66	47.5534
67	67	23.3672
68	68	5.00496
69	69	8.30025
70	70	0.264248
71	71	11.2102
72	72	-11.8891
73	73	-18.1227
74	74	5.43454
75	75	-20.4926
76	76	-21.646
77	77	35.1014
78	78	-14.1511
79	79	-31.7929
80	80	-0.24421
81	81	-5.09237
82	82	-3.81463
83	83	-0.803622
84	84	30.8343
85	85	31.6542
86	86	-16.8284
87	87	18.2247
88	88	0.772905
89	89	-2.49173
90	90	-12.727
91	91	-0.882812
92	92	10.7289
93	93	49.5511
94	94	8.07088
95	95	-6.57489
96	96	-7.94277
97	97	-0.00291515
98	98	-29.0408
99	99	13.196
100	100	-18.0891
101	101	-4.13027
102	102	24.434
103	103	37.8441
104	104	-31.2528
105	105	21.099
106	106	30.9679
107	107	7.71726
108	108	-25.0728
109	109	24.0387
110	110	-11.3994
111	111	-9.62531
112	112	8.51719
113	113	0.101708
114	114	13.841
115	115	-26.0086
116	116	-15.3958
117	117	-38.5787
118	118	30.0338
119	119	25.1553
120	120	13.3411
121	121	-21.4081
122	122	-28.5363
123	123	-1.68401
124	124	-8.89609
125	125	31.9013
126	126	-10.841
127	127	8.77594
128	128	7.46419
129	129	22.228
130	130	-22.7058
131	131	41.6528
132	132	34.2501
133	133	10.3091
134	134	-24.5467
135	135	-37.9356
136	136	-28.5829
137	137	5.52477
138	138	-22.2682
139	139	-2.23041
140	140	59.8904
141	141	21.7348
142	142	-8.82365
143	143	-4.73505
144	144	9.56463
145	145	20.4402
146	146	30.888
147	147	-26.0392
148	148	15.1958
149	149	15.0314
150	150	17.9943
151	151	18.0437
152	152	23.6869
153	153	11.6853
154	154	12.8224
155	155	-7.05107
156	156	15.5933
157	157	5.56227
158	158	2.78244
159	159	10.9222
160	160	-7.84943
161	161	10.2173
162	162	-3.14906
163	163	-7.35246
164	164	-14.172
165	165	1.36496
166	166	14.2579
167	167	12.0163
168	168	17.2275
169	169	30.5093
170	170	30.228
171	171	-2.38591
172	172	-4.38798
173	173	14.48
174	174	-43.4713
175	175	-1.95113
176	176	-15.5742
177	177	18.1947
178	178	41.8354
179	179	4.31689
180	180	-3.33035
181	181	12.5983
182	182	-2.37135
183	183	-19.9036
184	184	-31.039
185	185	14.7099
186	186	2.8234
187	187	1.19534
188	188	-14.4444
189	189	-1.13862
190	190	1.90675
191	191	-26.6627
192	192	25.2844
193	193	17.5481
194	194	-15.0972
195	195	38.9129
196	196	-1.08094
197	197	38.8348
198	198	-21.2369
199	199	-23.2386
200	200	-27.3679
201	201	-3.47765
202	202	-20.1395
203	203	37.6835
204	204	7.71068
205	205	15.3456
206	206	-4.91695
207	207	34.2737
208	208	9.07385
209	209	-4.28611
210	210	17.1733
211	211	13.424
212	212	4.88314
213	213	23.4135
214	214	-34.2228
215	215	-40.676
216	216	-20.7024
217	217	9.26712
218	218	-24.0097
219	219	-21.9824
220	220	33.2313
221	221	10.6801
222	222	12.56
223	223	-0.672049
224	224	3.40254
225	225	-8.11168
226	226	12.974
227	227	52.4297
228	228	2.10161
229	229	43.829
230	230	5.31928
231	231	-13.702
232	232	5.23414
233	233	-5.86222
234	234	5.58033
235	235	2.05627
236	236	19.3243
237	237	-14.2954
238	238	4.12903
239	239	28.564
240	240	-26.4511
241	241	-20.2853
242	242	-10.29
243	243	-14.6629
244	244	-11.8368
245	245	-5.73392
246	246	8.78566
247	247	2.71774
248	248	25.6278
249	249	-15.0195
250	250	-0.282752
251	251	-0.794878
252	252	1.42999
253	253	-46.4867
254	254	-43.6773
255	255	8.04239
256	256	-49.6512
257	257	5.12752
258	258	14.7391
259	259	22.8221
260	260	-17.5669
261	261	-9.45851
262	262	-13.8761
263	263	1.8145
264	264	33.6723
265	265	-11.9023
266	266	-10.5296
267	267	-11.1406
268	268	-18.2313
269	269	-11.349
270	270	-29.6904
271	271	-18.9064
272	272	9.61331
273	273	-6.18096
274	274	-16.2576
275	275	29.0342
276	276	-2.26852
277	277	11.7525
278	278	13.8605
279	279	17.5587
280	280	-11.8981
281	281	-2.26292
282	282	-6.92075
283	283	4.39004
284	284	44.0961
285	285	13.7142
286	286	-12.3031
287	287	21.1035
288	288	2.71931
289	289	-22.8179
290	290	37.4816
291	291	4.03111
292	292	14.8229
293	293	-14.2281
294	294	-21.0483
295	295	-19.7835
296	296	-13.218
297	297	1.77718
298	298	25.8994
299	299	49.3735
300	300	-19.1871
301	301	-0.281615
302	302	25.5885
303	303	2.23585
304	304	-3.28384
305	305	25.8405
306	306	12.3046
307	307	7.12203
308	308	-12.0813
309	309	-29.3045
310	310	7.09969
311	311	17.2803
312	312	0.376383
313	313	3.55946
314	314	-11.9684
315	315	11.394
316	316	-20.2879
317	317	-0.0771756
318	318	5.86053
319	319	-31.4528
320	320	28.8907
321	321	-15.6813
322	322	-16.0831
323	323	65.369
324	324	-0.128539
325	325	37.2045
326	326	35.4213
327	327	-16.6894
328	328	-28.307
329	329	3.20139
330	330	-38.9799
331	331	-34.8648
332	332	-12.0071
333	333	-24.1109
334	334	9.67138
335	335	4.63236
336	336	28.0771
337	337	15.8053
338	338	-16.8823
339	339	-15.1023
340	340	4.62253
341	341	-36.7224
342	342	-14.1304
343	343	-21.2866
344	344	50.4373
345	345	5.37566
346	346	10.4742
347	347	-29.874
348	348	-24.8185
349	349	4.9967
350	350	-27.1378
351	351	31.1157
352	352	30.3018
353	353	2.25416
354	354	-9.60867
355	355	1.62161
356	356	-19.4054
357	357	3.7737
358	358	18.5171
359	359	-30.3808
360	360	25.5318
361	361	-2.07698
362	362	1.13713
363	363	11.4846
364	364	2.2531
365	365	8.20519
366	366	14.0115
367	367	19.6225
368	368	14.5097
369	369	5.69326
370	370	-8.90016
371	371	-15.3102
372	372	-12.1881
373	373	-8.78529
374	374	-5.92361
375	375	32.7286
376	376	-10.763
377	377	32.1913
378	378	8.49996
379	379	5.98947
380	380	13.3273
381	381	-30.3371
382	382	38.1522
383	383	-15.0658
384	384	-14.6541
385	385	-5.11755
386	386	30.6253
387	387	25.1868
388	388	8.02319
389	389	-8.17192
390	390	5.79386
391	391	-30.1272
392	392	33.8005
393	393	1.0908
394	394	-9.69185
395	395	25.4223
396	396	17.016
397	397	-13.1944
398	398	8.21692
399	399	-12.9557
400	400	4.42425
401	401	-16.4344
402	402	-38.6044
403	403	26.2006
404	404	1.66054
405	405	6.64106
406	406	9.41154
407	407	3.5905
408	408	-20.9579
409	409	-37.757
410	410	15.1624
411	411	-14.1775
412	412	-17.2778
413	413	3.1276
414	414	-32.3816
415	415	13.4619
416	416	-17.3729
417	417	10.731
418	418	24.791
419	419	-34.9568
420	420	-25.3828
421	421	-4.90938
422	422	1.98794
423	423	-8.27756
424	424	40.0731
425	425	-26.9571
426	426	-2.53782
427	427	22.2159
428	428	8.19471
429	429	4.96989
430	430	10.5328
431	431	53.6982
432	432	24.5283
433	433	41.6666
434	434	-3.91835
435	435	19.4927
436	436	-1.29625
437	437	21.44
438	438	-7.36497
439	439	-21.5037
440	440	-16.057
441	441	2.57701
442	442	-8.45977
443	443	-9.6831
444	444	27.8388
445	445	-5.93877
446	446	-26.4204
447	447	-30.0167
448	448	-26.818
449	449	-23.1517
450	450	-10.4529
451	451	28.23
452	452	35.0972
453	453	22.9111
454	454	-7.05316
455	455	20.2577
456	456	1.18112
457	457	40.1333
458	458	7.68035
459	459	-8.96449
460	460	0.494132
461	461	-7.56749
462	462	-8.83085
463	463	-3.31397
464	464	4.00684
465	465	7.13118
466	466	-4.5072
467	467	-7.43198
468	468	-1.70359
469	469	-11.0842
470	470	38.517
471	471	-3.31415
472	472	25.6726
473	473	-6.09967
474	474	-8.55174
475	475	-29.7225
476	476	-21.9814
477	477	-34.12
478	478	-8.75865
479	479	-10.0097
480	480	13.8438
481	481	-13.2576
482	482	-26.2751
483	483	-11.7694
484	484	-7.34525
485	485	-0.470923
486	486	25.0491
487	487	20.6313
488	488	39.3871
489	489	-15.1343
490	490	31.1232
491	491	36.3406
492	492	28.883
493	493	-20.8409
494	494	28.5116
495	495	-14.1937
496	496	18.1939
497	497	1.1896
498	498	-16.353
499	499	17.471
500	500	-19.8201
501	501	-0.414212
502	502	2.78833
503	503	7.95245
504	504	-10.8666
505	505	9.94658
506	506	-9.53942
507	507	22.0032
508	508	5.67695
509	509	5.3965
510	510	-16.7962
511	511	-6.06401
512	512	-18.6048
513	513	-22.5798
514	514	-6.2608
515	515	-55.9355
516	516	18.9064
517	517	11.3315
518	518	56.8203
519	519	20.2967
520	520	9.78536
521	521	-31.6859
522	522	19.6098
523	523	1.54195
524	524	-21.3039
525	525	-46.1696
526	526	5.4335
527	527	-27.8192
528	528	15.8743
529	529	-8.42663
530	530	-37.2579
531	531	-0.889848
532	532	-29.0964
533	533	-5.06115
534	534	23.5746
535	535	-2.02039
536	536	26.2552
537	537	9.89098
538	538	-13.9612
539	539	-19.6583
540	540	-5.06989
541	541	16.3962
542	542	-12.7201
543	543	-2.99225
544	544	15.8057
545	545	-5.64263
546	546	26.2424
547	547	3.11082
548	548	-24.2103
549	549	-5.39929
550	550	1.48715
551	551	-25.7275
552	552	-17.3741
553	553	37.209
554	554	26.6041
555	555	49.8214
556	556	14.9607
557	557	-20.4394
558	558	18.9853
559	559	-32.2134
560	560	-6.90281
561	561	-17.0843
562	562	37.6365
563	563	-8.89058
564	564	21.9302
565	565	24.277
566	566	-1.59707
567	567	-3.73152
568	568	11.1077
569	569	-51.4262
570	570	-3.38824
571	571	-0.975742
572	572	21.1972
573	573	-0.197646
574	574	-1.79161
575	575	15.5112
576	576	25.1584
577	577	-25.395
578	578	-45.077
579	579	-32.6815
580	580	26.4789
581	581	-16.281
582	582	-13.0743
583	583	14.1709
584	584	43.4119
585	585	9.40221
586	586	22.0124
587	587	-12.3704
588	588	11.9623
589	589	-34.9525
590	590	16.9016
591	591	-11.1611
592	592	18.8476
593	593	10.9635
594	594	-13.7322
595	595	-21.918
596	596	6.37476
597	597	1.85721
598	598	-5.85239
599	599	17.8177
600	600	34.4274
601	601	0.50044
602	602	6.46572
603	603	-5.45426
604	604	-12.5582
605	605	-5.29613
606	606	45.8721
607	607	19.4241
608	608	-12.1454
609	609	8.61781
610	610	-16.3922
611	611	9.4862
612	612	-31.3652
613	613	26.6941
614	614	19.6687
615	615	43.7122
616	616	8.57644
617	617	17.6523
618	618	-12.4381
619	619	17.3545
620	620	-7.25068
621	621	-11.7918
622	622	3.12248
623	623	36.0258
624	624	-1.64846
625	625	24.8273
626	626	32.0555
627	627	40.8044
628	628	-12.3011
629	629	-10.3145
630	630	-16.0225
631	631	12.9699
632	632	25.6028
633	633	6.37082
634	634	29.0283
635	635	-3.08865
636	636	15.9718
637	637	46.6582
638	638	17.4927
639	639	-9.09914
640	640	-12.369
641	641	-15.3241
642	642	-24.6164
643	643	-9.07797
644	644	1.46799
645	645	16.9058
646	646	6.86416
647	647	39.8953
648	648	33.8715
649	649	37.5145
650	650	-36.8111
651	651	11.2921
652	652	-12.4534
653	653	-6.70619
654	654	-8.33521
655	655	-26.1218
656	656	20.6597
657	657	-19.6469
658	658	-23.9594
659	659	-25.3477
660	660	-10.3744
661	661	-9.34154
662	662	38.3665
663	663	34.4154
664	664	11.7305
665	665	33.6201
666	666	35.4792
667	667	9.7654
668	668	-30.1505
669	669	-32.0014
670	670	-39.5883
671	671	24.1344
672	672	29.5461
673	673	-18.8862
674	674	-26.7424
675	675	-4.54126
676	676	9.46515
677	677	-6.0676
678	678	-22.241
679	679	-18.5721
680	680	14.9743
681	681	1.44445
682	682	3.4317
683	683	-12.0079
684	684	-31.5034
685	685	18.2185
686	686	-1.56379
687	687	8.20953
688	688	3.43523
689	689	3.88789
690	690	13.0766
691	691	-20.2487
692	692	-21.5772
693	693	11.2712
694	694	-0.16559
695	695	-4.6198
696	696	8.15424
697	697	-8.36572
698	698	0.756711
699	699	11.7224
700	700	3.68767
701	701	2.61399
702	702	-13.9444
703	703	12.8223
704	704	-4.8402
705	705	5.98674
706	706	28.0842
707	707	-22.1733
708	708	-9.82253
709	709	-28.9654
710	710	-1.8748
711	711	-4.3406
712	712	-13.7872
713	713	22.1828
714	714	0.639431
715	715	16.9295
716	716	-15.9852
717	717	2.32156
718	718	-29.9869
719	719	18.8519
720	720	-16.1857
721	721	26.5139
722	722	37.5267
723	723	0.891259
724	724	7.51761
725	725	3.91129
726	726	1.00537
727	727	-45.373
728	728	-3.23703
729	729	-28.6818
730	730	-27.4441
731	731	-18.7466
732	732	-12.2273
733	733	13.9022
734	734	-17.0582
735	735	18.2505
736	736	-2.38762
737	737	-4.25496
738	738	14.2291
739	739	-4.92696
740	740	2.72006
741	741	-3.40148
742	742	-9.43737
743	743	-2.95918
744	744	1.13771
745	745	-10.2593
746	746	9.44546
747	747	-14.2434
748	748	20.0433
749	749	4.78646
750	750	-11.9192
751	751	-4.68602
752	752	-8.30246
753	753	17.1606
754	754	-52.4243
755	755	10.796
756	756	-14.2623
757	757	-10.0213
758	758	-10.5269
759	759	-4.32741
760	760	-28.2477
761	761	-26.6027
762	762	-20.6586
763	763	4.16702
764	764	-20.9846
765	765	-7.36159
766	766	-29.549
767	767	-29.3229
768	768	-14.5777
769	769	10.4192
770	770	-32.8847
771	771	-25.2585
772	772	-0.817983
773	773	4.12226
774	774	3.85402
775	775	21.162
776	776	12.2349
777	777	31.3786
778	778	-9.5962
779	779	5.88513
780	780	32.3446
781	781	11.253
782	782	-18.3518
783	783	10.5804
784	784	12.7397
785	785	-6.57039
786	786	18.3526
787	787	-24.9323
788	788	-28.9748
789	789	6.3028
790	790	10.4004
791	791	54.9409
792	792	-13.5497
793	793	14.1208
794	794	15.582
795	795	-39.097
796	796	-12.0346
797	797	16.9469
798	798	29.2807
799	799	7.66419
800	800	-14.0638
801	801	-29.7552
802	802	0.412572
803	803	-39.434
804	804	16.8765
805	805	-35.6188
806	806	-14.4763
807	807	-32.922
808	808	14.4576
809	809	-0.497989
810	810	-30.7856
811	811	-2.11581
812	812	7.49533
813	813	-27.5057
814	814	-17.5133
815	815	-17.8521
816	816	-15.7009
817	817	-13.8636
818	818	6.39815
819	819	1.82319
820	820	9.93815
821	821	-0.159545
822	822	-6.23209
823	823	14.3682
824	824	-18.9952
825	825	13.6218
826	826	33.1156
827	827	5.10173
828	828	32.214
829	829	-19.3127
830	830	-16.3907
831	831	-15.3578
832	832	10.963
833	833	-30.6417
834	834	16.3153
835	835	30.8421
836	836	35.8889
837	837	41.8352
838	838	11.6792
839	839	31.7051
840	840	32.7682
841	841	29.8163
842	842	-26.9687
843	843	-7.72092
844	844	-16.8082
845	845	35.1773
846	846	5.16169
847	847	-24.7849
848	848	15.286
849	849	-3.7199
850	850	-9.0795
851	851	3.24128
852	852	-36.7305
853	853	32.7348
854	854	-21.8223
855	855	22.4691
856	856	28.8075
857	857	7.6309
858	858	5.76862
859	859	-12.3051
860	860	10.3644
861	861	6.58392
862	862	38.5702
863	863	21.7096
864	864	16.2766
865	865	-15.0226
866	866	-10.1294
867	867	11.0565
868	868	8.60648
869	869	-36.3525
870	870	38.6342
871	871	-22.8396
872	872	-4.23402
873	873	-2.62976
874	874	13.4766
875	875	-4.53319
876	876	-12.1273
877	877	14.5403
878	878	-9.83699
879	879	-12.1031
880	880	16.1887
881	881	-17.3268
882	882	-24.3779
883	883	-0.437403
884	884	28.2961
885	885	-18.9366
886	886	-16.4482
887	887	-17.0624
888	888	-3.8981
889	889	20.2236
890	890	-8.24875
891	891	-41.1134
892	892	-5.52285
893	893	38.4569
894	894	-3.74616
895	895	35.1355
896	896	68.7687
897	897	-10.4023
898	898	18.1308
899	899	12.197
900	900	25.4111
901	901	12.1459
902	902	-4.92757
903	903	-3.59703
904	904	-21.0828
905	905	1.77424
906	906	-1.85733
907	907	13.6645
908	908	16.5906
909	909	-14.9825
910	910	-0.0733261
911	911	21.6884
912	912	-7.13147
913	913	7.08308
914	914	21.4917
915	915	57.4452
916	916	-25.2708
917	917	-1.20853
918	918	-3.97538
919	919	-3.72864
920	920	-31.8147
921	921	27.3989
922	922	-21.0136
923	923	-9.30683
924	924	6.07202
925	925	5.55445
926	926	-6.05687
927	927	6.80599
928	928	19.9537
929	929	4.05687
930	930	-21.4334
931	931	1.35072
932	932	-16.9736
933	933	-41.5236
934	934	17.1485
935	935	25.8783
936	936	-8.58987
937	937	-16.7019
938	938	-26.2163
939	939	-4.90851
940	940	-0.36715
941	941	18.4879
942	942	23.8853
943	943	-36.0459
944	944	-47.3661
945	945	37.5448
946	946	0.901249
947	947	-20.0121
948	948	25.4157
949	949	-12.1602
950	950	24.9735
951	951	-3.22451
952	952	17.3712
953	953	1.80714
954	954	-2.57948
955	955	-25.9079
956	956	29.0254
957	957	-22.1891
958	958	14.7849
959	959	-11.1894
960	960	-3.77211
961	961	30.5293
962	962	-23.5389
963	963	-6.47058
964	964	22.6445
965	965	-14.4467
966	966	9.46809
967	967	18.2407
968	968	-27.7161
969	969	29.699
970	970	25.9629
971	971	20.2117
972	972	-0.188161
973	973	-17.4914
974	974	-1.30029
975	975	31.1037
976	976	-3.86223
977	977	-29.1692
978	978	-1.15946
979	979	-31.6465
980	980	17.7233
981	981	-23.7608
982	982	-19.8609
983	983	-23.5663
984	984	-13.3902
985	985	29.3616
986	986	11.7346
987	987	21.862
988	988	32.9366
989	989	42.3313
990	990	20.0057
991	991	-25.2349
992	992	6.30003
993	993	20.5996
994	994	-11.8132
995	995	29.5122
996	996	-23.0561
997	997	-19.1436
998	998	-48.457
999	999	9.46124
1000	1000	5.01122
1001	1001	6.77069
1002	1002	-1.44349
1003	1003	-21.7339
1004	1004	-28.8056
1005	1005	-15.9894
1006	1006	1.20073
1007	1007	9.75482
1008	1008	-13.5453
1009	1009	-24.6902
1010	1010	-2.11972
1011	1011	26.4441
1012	1012	32.055
1013	1013	53.3839
1014	1014	-44.4923
1015	1015	1.10045
1016	1016	-2.73829
1017	1017	-11.9002
1018	1018	-4.39613
1019	1019	-6.22595
1020	1020	-24.3776
1021	1021	-15.1699
1022	1022	37.1711
1023	1023	-1.25975
1024	1024	-29.6013
1025	1025	30.9381
1026	1026	-34.6264
1027	1027	-8.8167
1028	1028	29.7147
1029	1029	-6.71376
1030	1030	7.43713
1031	1031	16.3104
1032	1032	-6.95577
1033	1033	-4.30937
1034	1034	3.15959
1035	1035	10.4452
1036	1036	28.6931
1037	1037	6.65801
1038	1038	-5.80477
1039	1039	21.5825
1040	1040	3.68531
1041	1041	4.24
1042	1042	-17.7913
1043	1043	-8.16043
1044	1044	-5.82091
1045	1045	13.5271
1046	1046	-9.95649
1047	1047	-16.5073
1048	1048	8.10983
1049	1049	-12.0919
1050	1050	0.443967
1051	1051	20.6072
1052	1052	-19.9359
1053	1053	15.9495
1054	1054	6.93722
1055	1055	-24.0662
1056	1056	19.513
1057	1057	-11.1762
1058	1058	-5.18865
1059	1059	33.4797
1060	1060	56.3969
1061	1061	-19.4023
1062	1062	-6.00847
1063	1063	-19.9006
1064	1064	18.4484
1065	1065	5.62669
1066	1066	27.6458
1067	1067	5.21858
1068	1068	-1.42948
1069	1069	21.0688
1070	1070	-29.6222
1071	1071	-18.6682
1072	1072	16.0317
1073	1073	4.57729
1074	1074	-16.44
1075	1075	16.2683
1076	1076	-14.5231
1077	1077	2.97229
1078	1078	-17.8403
1079	1079	8.13195
1080	1080	11.0085
1081	1081	-19.2306
1082	1082	30.8244
1083	1083	-36.7243
1084	1084	53.2857
1085	1085	-45.928
1086	1086	-3.05463
1087	1087	40.3719
1088	1088	-26.6535
1089	1089	-31.8832
1090	1090	17.0004
1091	1091	-9.59505
1092	1092	-23.6429
1093	1093	25.1172
1094	1094	9.96393
1095	1095	22.813
1096	1096	30.0792
1097	1097	-25.875
1098	1098	5.1683
1099	1099	30.0983
1100	1100	-3.39962
1101	1101	26.1729
1102	1102	-40.667
1103	1103	5.68058
1104	1104	-3.81422
1105	1105	-23.8854
1106	1106	-10.0127
1107	1107	-20.161
1108	1108	-35.0123
1109	1109	-0.942121
1110	1110	-21.2723
1111	1111	-16.1964
1112	1112	-11.049
1113	1113	-43.4829
1114	1114	37.5946
1115	1115	18.042
1116	1116	-18.5748
1117	1117	8.22937
1118	1118	-11.9975
1119	1119	-20.3316
1120	1120	-15.9789
1121	1121	43.424
1122	1122	12.4703
1123	1123	4.93428
1124	1124	-9.70469
1125	1125	8.22052
1126	1126	20.0461
1127	1127	-18.5634
1128	1128	0.765545
1129	1129	32.765
1130	1130	-8.73373
1131	1131	-16.954
1132	1132	47.186
1133	1133	41.4757
1134	1134	46.4739
1135	1135	-18.526
1136	1136	9.03381
1137	1137	8.1975
1138	1138	-51.1547
1139	1139	34.4492
1140	1140	40.2981
1141	1141	-22.3721
1142	1142	0.270528
1143	1143	-23.41
1144	1144	14.6972
1145	1145	39.1147
1146	1146	-10.4243
1147	1147	-13.1396
1148	1148	-5.78154
1149	1149	-5.00892
1150	1150	-30.2435
1151	1151	-16.9811
1152	1152	-5.65284
1153	1153	44.2309
1154	1154	-23.0753
1155	1155	-36.0881
1156	1156	6.2516
1157	1157	-15.3376
1158	1158	-5.26266
1159	1159	-10.9827
1160	1160	5.56665
1161	1161	7.37754
1162	1162	3.48656
1163	1163	-18.3569
1164	1164	15.1063
1165	1165	-12.7208
1166	1166	-18.3439
1167	1167	-27.3361
1168	1168	-17.37
1169	1169	-6.93374
1170	1170	28.7139
1171	1171	7.15371
1172	1172	14.8902
1173	1173	-21.7868
1174	1174	28.789
1175	1175	-5.02409
1176	1176	-16.4069
1177	1177	-28.2495
1178	1178	29.3997
1179	1179	-14.9153
1180	1180	-12.1074
1181	1181	-5.07936
1182	1182	18.3379
1183	1183	35.3504
1184	1184	23.7292
1185	1185	11.2255
1186	1186	18.7215
1187	1187	-15.1761
1188	1188	7.47245
1189	1189	8.99927
1190	1190	35.2189
1191	1191	-14.3996
1192	1192	-9.6064
1193	1193	-4.89024
1194	1194	-9.72387
1195	1195	-14.9399
1196	1196	-3.89315
1197	1197	-4.56446
1198	1198	-16.0826
1199	1199	4.98303
1200	1200	-9.41546
1201	1201	4.40155
1202	1202	-19.758
1203	1203	15.6097
1204	1204	-28.1093
1205	1205	41.2667
1206	1206	-22.7847
1207	1207	-13.4442
1208	1208	36.5647
1209	1209	-31.5403
1210	1210	-7.53802
1211	1211	27.2634
1212	1212	9.92137
1213	1213	-2.37918
1214	1214	-14.9993
1215	1215	-25.7657
1216	1216	-19.8893
1217	1217	-0.397247
1218	1218	17.36
1219	1219	16.2182
1220	1220	-6.63981
1221	1221	5.63646
1222	1222	0.916204
1223	1223	4.09726
1224	1224	-7.94015
1225	1225	0.725993
1226	1226	-17.5431
1227	1227	17.4028
1228	1228	-8.01474
1229	1229	-17.6531
1230	1230	22.2735
1231	1231	-2.03309
1232	1232	-62.5228
1233	1233	5.90169
1234	1234	2.54693
1235	1235	-5.7179
1236	1236	30.6654
1237	1237	29.2922
1238	1238	-34.6105
1239	1239	33.0802
1240	1240	-17.371
1241	1241	8.58229
1242	1242	-41.4373
1243	1243	22.1396
1244	1244	-25.5673
1245	1245	-7.71349
1246	1246	1.67441
1247	1247	11.5533
1248	1248	-13.7471
1249	1249	17.9825
1250	1250	-9.05411
1251	1251	-14.573
1252	1252	10.3636
1253	1253	-40.1418
1254	1254	-32.1326
1255	1255	40.9214
1256	1256	-3.54415
1257	1257	-24.3251
1258	1258	34.4315
1259	1259	2.8925
1260	1260	30.6253
1261	1261	-38.4793
1262	1262	-32.3699
1263	1263	-19.5933
1264	1264	-9.87717
1265	1265	19.24
1266	1266	-35.5401
1267	1267	46.1848
1268	1268	5.2159
1269	1269	4.09003
1270	1270	-26.5599
1271	1271	7.35412
1272	1272	-20.1484
1273	1273	3.6432
1274	1274	-63.6382
1275	1275	10.5347
1276	1276	47.3042
1277	1277	29.0617
1278	1278	12.5388
1279	1279	-12.159
1280	1280	25.8712
1281	1281	-38.9089
1282	1282	31.721
1283	1283	20.1193
1284	1284	-21.2759
1285	1285	-3.93323
1286	1286	-14.8835
1287	1287	16.8085
1288	1288	-3.31067
1289	1289	6.74692
1290	1290	-11.5967
1291	1291	-32.4395
1292	1292	7.75774
1293	1293	7.8454
1294	1294	-21.1692
1295	1295	-38.251
1296	1296	-2.25839
1297	1297	-9.50395
1298	1298	-6.90178
1299	1299	-21.7669
1300	1300	-13.3228
1301	1301	4.01901
1302	1302	-1.32281
1303	1303	0.548939
1304	1304	-7.69702
1305	1305	7.81061
1306	1306	-19.3297
1307	1307	0.554893
1308	1308	11.9934
1309	1309	-8.95448
1310	1310	-23.1588
1311	1311	-38.1819
1312	1312	37.0882
1313	1313	29.9649
1314	1314	-21.2191
1315	1315	-28.1421
1316	1316	20.3305
1317	1317	14.2035
1318	1318	-0.276087
1319	1319	-7.91946
1320	1320	-17.895
1321	1321	-9.73056
1322	1322	32.9471
1323	1323	13.7236
1324	1324	-18.6825
1325	1325	-6.18525
1326	1326	40.2113
1327	1327	3.871
1328	1328	-4.43504
1329	1329	-10.0899
1330	1330	-37.207
1331	1331	7.58873
1332	1332	15.9446
1333	1333	10.9742
1334	1334	29.045
1335	1335	6.06681
1336	1336	31.9229
1337	1337	7.13009
1338	1338	2.79541
1339	1339	0.143601
1340	1340	19.0753
1341	1341	4.51119
1342	1342	-12.0085
1343	1343	-8.30431
1344	1344	-39.7149
1345	1345	16.3107
1346	1346	-20.0997
1347	1347	-9.38609
1348	1348	31.6009
1349	1349	-13.2443
1350	1350	23.3791
1351	1351	-21.7785
1352	1352	-28.4415
1353	1353	-27.6339
1354	1354	12.8617
1355	1355	0.0500367
1356	1356	4.82699
1357	1357	43.1454
1358	1358	-23.2416
1359	1359	2.55993
1360	1360	28.2927
1361	1361	-25.3242
1362	1362	18.3592
1363	1363	-7.44385
1364	1364	-7.15332
1365	1365	-7.75209
1366	1366	-13.5317
1367	1367	-1.06505
1368	1368	-9.24222
1369	1369	-17.5692
1370	1370	9.69937
1371	1371	-9.29256
1372	1372	-7.80967
1373	1373	-16.5348
1374	1374	-1.13099
1375	1375	-22.6031
1376	1376	38.4972
1377	1377	18.6147
1378	1378	-8.32602
1379	1379	-24.2841
1380	1380	39.9245
1381	1381	7.16109
1382	1382	32.2423
1383	1383	-35.247
1384	1384	-22.6628
1385	1385	-28.4521
1386	1386	-18.928
1387	1387	11.289
1388	1388	6.3511
1389	1389	-7.05991
1390	1390	-24.1147
1391	1391	20.4629
1392	1392	27.9648
1393	1393	40.5411
1394	1394	-4.21069
1395	1395	5.40846
1396	1396	-38.7967
1397	1397	-23.8037
1398	1398	1.49346
1399	1399	7.54867
1400	1400	21.4587
1401	1401	-28.3304
1402	1402	8.42564
1403	1403	26.4107
1404	1404	14.3859
1405	1405	-18.1724
1406	1406	-8.82816
1407	1407	7.74003
1408	1408	7.97494
1409	1409	55.03
1410	1410	6.25734
1411	1411	-7.6731
1412	1412	-30.8111
1413	1413	-39.0688
1414	1414	-8.01123
1415	1415	26.5984
1416	1416	-3.82958
1417	1417	7.88195
1418	1418	-14.1147
1419	1419	6.8253
1420	1420	12.9003
1421	1421	-8.43163
1422	1422	-18.6899
1423	1423	-6.03332
1424	1424	1.41103
1425	1425	12.0512
1426	1426	-15.4012
1427	1427	3.52341
1428	1428	15.3265
1429	1429	-37.6439
1430	1430	-10.4279
1431	1431	-6.51327
1432	1432	-26.6989
1433	1433	-29.5178
1434	1434	15.1782
1435	1435	-26.0086
1436	1436	-17.6601
1437	1437	4.40261
1438	1438	-6.98382
1439	1439	25.9543
1440	1440	4.29212
1441	1441	17.0244
1442	1442	19.6504
1443	1443	3.88902
1444	1444	-22.7249
1445	1445	1.68731
1446	1446	2.90131
1447	1447	3.36466
1448	1448	28.6781
1449	1449	-8.91128
1450	1450	-12.1697
1451	1451	5.04713
1452	1452	-4.97102
1453	1453	5.84255
1454	1454	-2.28952
1455	1455	19.2932
1456	1456	-18.2952
1457	1457	-34.7661
1458	1458	-24.0013
1459	1459	-17.5503
1460	1460	-19.5339
1461	1461	-28.2062
1462	1462	-18.4329
1463	1463	4.70144
1464	1464	-29.7475
1465	1465	-9.37079
1466	1466	2.42162
1467	1467	1.49951
1468	1468	15.5258
1469	1469	-15.7359
1470	1470	10.8477
1471	1471	-14.1235
1472	1472	-6.53257
1473	1473	15.9102
1474	1474	-27.7402
1475	1475	16.2567
1476	1476	-55.2119
1477	1477	16.9302
1478	1478	49.5619
1479	1479	-21.1711
1480	1480	22.1669
1481	1481	37.5205
1482	1482	18.8508
1483	1483	12.5475
1484	1484	-18.0943
1485	1485	-7.2805
1486	1486	0.58623
1487	1487	-14.0168
1488	1488	20.7519
1489	1489	-12.6138
1490	1490	-42.2383
1491	1491	-12.2105
1492	1492	-5.57917
1493	1493	-2.31503
1494	1494	20.9841
1495	1495	51.2159
1496	1496	-2.16044
1497	1497	20.5988
1498	1498	-2.97537
1499	1499	-23.1617
1500	1500	0.268247
1501	1501	-20.4154
1502	1502	-13.8189
1503	1503	2.17461
1504	1504	15.3087
1505	1505	-21.5269
1506	1506	-18.6494
1507	1507	-6.77414
1508	1508	12.2925
1509	1509	-8.48157
1510	1510	-8.21341
1511	1511	-0.74026
1512	1512	9.95184
1513	1513	-3.79973
1514	1514	20.0548
1515	1515	-17.5609
1516	1516	-18.9714
1517	1517	-8.62339
1518	1518	-26.7186
1519	1519	-18.2763
1520	1520	-30.2198
1521	1521	-3.35667
1522	1522	-18.5237
1523	1523	14.4583
1524	1524	-11.8649
1525	1525	-0.809911
1526	1526	-24.126
1527	1527	-15.8794
1528	1528	17.5477
1529	1529	-3.97275
1530	1530	16.9889
1531	1531	-14.0778
1532	1532	6.15663
1533	1533	-22.6477
1534	1534	7.53532
1535	1535	-43.1579
1536	1536	20.0891
1537	1537	-9.03338
1538	1538	-23.3154
1539	1539	2.41624
1540	1540	10.9816
1541	1541	18.6031
1542	1542	-24.4244
1543	1543	5.33885
1544	1544	6.52212
1545	1545	-15.7324
1546	1546	-9.82628
1547	1547	-8.69495
1548	1548	-11.5213
1549	1549	-25.8675
1550	1550	20.6596
1551	1551	-6.7765
1552	1552	28.7771
1553	1553	21.9357
1554	1554	-3.96844
1555	1555	26.5817
1556	1556	3.3791
1557	1557	0.889878
1558	1558	24.606
1559	1559	-13.588
1560	1560	-4.3169
1561	1561	-23.7949
1562	1562	15.6227
1563	1563	59.7693
1564	1564	-2.18868
1565	1565	-19.1632
1566	1566	-4.72043
1567	1567	-6.35552
1568	1568	-10.1154
1569	1569	5.00697
1570	1570	11.2419
1571	1571	19.109
1572	1572	10.4268
1573	1573	-4.23967
1574	1574	29.6555
1575	1575	-15.8497
1576	1576	19.0702
1577	1577	5.30665
1578	1578	17.4948
1579	1579	-7.78719
1580	1580	35.5271
1581	1581	45.6987
1582	1582	10.5401
1583	1583	-5.36131
1584	1584	-28.7782
1585	1585	-16.622
1586	1586	24.3098
1587	1587	-14.8817
1588	1588	-13.3495
1589	1589	43.4587
1590	1590	6.78392
1591	1591	-34.5139
1592	1592	17.3559
1593	1593	-13.2266
1594	1594	-23.3034
1595	1595	-26.9278
1596	1596	-9.12072
1597	1597	3.96034
1598	1598	-6.75792
1599	1599	-1.37166
1600	1600	21.373
1601	1601	-27.4539
1602	1602	6.94054
1603	1603	-6.84452
1604	1604	8.36275
1605	1605	11.0938
1606	1606	41.0054
1607	1607	10.5734
1608	1608	-23.0916
1609	1609	-11.0412
1610	1610	28.0124
1611	1611	-20.0139
1612	1612	-23.3566
1613	1613	-30.3464
1614	1614	-18.0381
1615	1615	-16.4242
1616	1616	8.10126
1617	1617	-9.87701
1618	1618	33.8732
1619	1619	11.0284
1620	1620	-7.48917
1621	1621	-19.6736
1622	1622	0.179287
1623	1623	-26.9693
1624	1624	-23.2492
1625	1625	9.83183
1626	1626	-6.58483
1627	1627	8.71742
1628	1628	-15.441
1629	1629	-55.5258
1630	1630	5.2166
1631	1631	-20.9152
1632	1632	48.0961
1633	1633	31.6908
1634	1634	-12.794
1635	1635	1.09802
1636	1636	-13.3637
1637	1637	2.41563
1638	1638	11.5707
1639	1639	2.78516
1640	1640	12.3455
1641	1641	11.6637
1642	1642	21.4401
1643	1643	-25.789
1644	1644	0.429729
1645	1645	22.1263
1646	1646	19.1621
1647	1647	9.72626
1648	1648	46.3254
1649	1649	-5.50003
1650	1650	-18.0945
1651	1651	-11.5334
1652	1652	-21.5507
1653	1653	24.2239
1654	1654	22.7355
1655	1655	-32.06
1656	1656	-14.7125
1657	1657	-9.67576
1658	1658	16.2301
1659	1659	-9.96247
1660	1660	8.37712
1661	1661	-2.46616
1662	1662	-28.6956
1663	1663	-16.4567
1664	1664	-13.7384
1665	1665	42.7379
1666	1666	26.3058
1667	1667	-33.5566
1668	1668	-10.5688
1669	1669	-25.0474
1670	1670	-27.719
1671	1671	3.52298
1672	1672	2.11982
1673	1673	-22.027
1674	1674	-7.42388
1675	1675	-9.76659
1676	1676	33.1316
1677	1677	-6.71753
1678	1678	24.8695
1679	1679	16.5554
1680	1680	34.3102
1681	1681	17.2518
1682	1682	16.6757
1683	1683	-0.668627
1684	1684	28.8342
1685	1685	5.95312
1686	1686	3.07099
1687	1687	-17.2828
1688	1688	32.7882
1689	1689	-29.4387
1690	1690	5.63625
1691	1691	26.9983
1692	1692	-5.44011
1693	1693	14.2258
1694	1694	-18.4334
1695	1695	40.5113
1696	1696	25.5414
1697	1697	-1.13986
1698	1698	-27.3121
1699	1699	30.6489
1700	1700	28.8772
1701	1701	13.0895
1702	1702	30.6366
1703	1703	-4.91511
1704	1704	45.3551
1705	1705	-29.4646
1706	1706	-9.47124
1707	1707	-26.3264
1708	1708	-10.2341
1709	1709	-5.15199
1710	1710	9.43931
1711	1711	6.7149
1712	1712	-31.7946
1713	1713	0.430512
1714	1714	21.4854
1715	1715	-33.9815
1716	1716	-13.8729
1717	1717	4.5733
1718	1718	-1.90536
1719	1719	3.87779
1720	1720	35.5993
1721	1721	11.2208
1722	1722	-10.7198
1723	1723	-2.72538
1724	1724	31.4514
1725	1725	-20.293
1726	1726	-21.9491
1727	1727	5.17007
1728	1728	45.4038
1729	1729	18.655
1730	1730	-28.2059
1731	1731	4.89007
1732	1732	-16.5152
1733	1733	-12.0144
1734	1734	24.4782
1735	1735	-28.1008
1736	1736	46.9999
1737	1737	21.4225
1738	1738	-1.71115
1739	1739	-17.6923
1740	1740	19.2724
1741	1741	-36.0482
1742	1742	25.8782
1743	1743	-0.324859
1744	1744	49.5845
1745	1745	50.3618
1746	1746	21.7956
1747	1747	-23.8159
1748	1748	5.26689
1749	1749	12.754
1750	1750	3.16422
1751	1751	-40.9233
1752	1752	-10.7246
1753	1753	11.0662
1754	1754	22.6094
1755	1755	31.064
1756	1756	19.2683
1757	1757	37.4294
1758	1758	4.63813
1759	1759	19.7426
1760	1760	-8.99388
1761	1761	-9.55969
1762	1762	15.4882
1763	1763	-21.8642
1764	1764	4.74719
1765	1765	-20.5527
1766	1766	-35.6129
1767	1767	17.9236
1768	1768	-4.30304
1769	1769	27.1714
1770	1770	-16.0823
1771	1771	-15.6522
1772	1772	3.47885
1773	1773	-3.79408
1774	1774	46.2083
1775	1775	0.037244
1776	1776	30.5376
1777	1777	-0.0317075
1778	1778	-12.2371
1779	1779	47.6271
1780	1780	-4.16889
1781	1781	0.804315
1782	1782	21.4061
1783	1783	34.5529
1784	1784	1.55493
1785	1785	41.6156
1786	1786	31.7538
1787	1787	-13.6208
1788	1788	10.4223
1789	1789	9.40976
1790	1790	27.9135
1791	1791	-21.4867
1792	1792	-19.0419
1793	1793	11.0143
1794	1794	-10.9294
1795	1795	21.1831
1796	1796	5.43955
1797	1797	-23.2251
1798	1798	-1.12625
1799	1799	5.21857
1800	1800	31.2647
1801	1801	-9.20947
1802	1802	0.622784
1803	1803	-49.5934
1804	1804	-24.0495
1805	1805	-45.9536
1806	1806	7.17655
1807	1807	-0.097726
1808	1808	-16.5055
1809	1809	-23.4619
1810	1810	6.49377
1811	1811	12.2872
1812	1812	31.7668
1813	1813	-1.43704
1814	1814	32.6501
1815	1815	-17.9044
1816	1816	15.1608
1817	1817	18.2406
1818	1818	20.7092
1819	1819	-23.4456
1820	1820	35.4084
1821	1821	50.0829
1822	1822	-25.3163
1823	1823	16.5253
1824	1824	2.09369
1825	1825	22.4215
1826	1826	-10.9989
1827	1827	-15.9462
1828	1828	-0.262993
1829	1829	-32.8286
1830	1830	15.0933
1831	1831	-6.32597
1832	1832	2.04532
1833	1833	-21.283
1834	1834	4.58966
1835	1835	-23.4938
1836	1836	29.9887
1837	1837	-18.2477
1838	1838	-23.5123
1839	1839	15.6486
1840	1840	-22.5571
1841	1841	-35.2608
1842	1842	-4.58964
1843	1843	-24.9376
1844	1844	-12.7179
1845	1845	-45.4278
1846	1846	9.80909
1847	1847	15.6325
1848	1848	-18.867
1849	1849	-45.7405
1850	1850	3.73804
1851	1851	-28.3218
1852	1852	-30.8306
1853	1853	4.96503
1854	1854	-24.8708
1855	1855	-5.19421
1856	1856	-15.1109
1857	1857	24.4681
1858	1858	37.8931
1859	1859	2.37081
1860	1860	-19.1593
1861	1861	-17.6269
1862	1862	-3.04026
1863	1863	3.71582
1864	1864	9.94532
1865	1865	-2.49715
1866	1866	12.0028
1867	1867	-29.7432
1868	1868	-24.8113
1869	1869	-1.69585
1870	1870	0.0732322
1871	1871	-10.3653
1872	1872	36.6508
1873	1873	3.31171
1874	1874	1.5005
1875	1875	-52.4559
1876	1876	44.5697
1877	1877	-28.3211
1878	1878	-31.5817
1879	1879	-17.554
1880	1880	-5.42097
1881	1881	-7.71519
1882	1882	12.2989
1883	1883	-9.49096
1884	1884	-1.7585
1885	1885	-15.7301
1886	1886	-8.56294
1887	1887	-6.78434
1888	1888	-25.0158
1889	1889	40.6624
1890	1890	-11.5506
1891	1891	-30.2972
1892	1892	23.6206
1893	1893	-2.345
1894	1894	-25.0472
1895	1895	0.306669
1896	1896	0.161483
1897	1897	-4.89517
1898	1898	-0.388684
1899	1899	3.35195
1900	1900	-33.7452
1901	1901	-15.7075
1902	1902	33.4222
1903	1903	18.9895
1904	1904	4.53356
1905	1905	-6.63376
1906	1906	-9.88574
1907	1907	18.8014
1908	1908	12.6772
1909	1909	7.67153
1910	1910	10.9428
1911	1911	6.23127
1912	1912	21.4597
1913	1913	23.3481
1914	1914	-8.34306
1915	1915	-7.54395
1916	1916	1.80704
1917	1917	-14.352
1918	1918	1.83529
1919	1919	-11.8747
1920	1920	-25.7989
1921	1921	-1.04047
1922	1922	20.2637
1923	1923	18.5713
1924	1924	-8.20752
1925	1925	31.2575
1926	1926	-34.8608
1927	1927	4.84221
1928	1928	3.39689
1929	1929	14.4053
1930	1930	-4.03583
1931	1931	57.6057
1932	1932	-28.4391
1933	1933	-2.31068
1934	1934	-27.0507
1935	1935	-16.794
1936	1936	-28.8344
1937	1937	-15.2205
1938	1938	8.58528
1939	1939	-27.2964
1940	1940	-24.7043
1941	1941	27.6736
1942	1942	29.5286
1943	1943	-28.1237
1944	1944	-13.4155
1945	1945	18.1779
1946	1946	-31.3769
1947	1947	13.5428
1948	1948	34.6884
1949	1949	-28.9741
1950	1950	38.2648
1951	1951	3.89111
1952	1952	-17.7785
1953	1953	35.0662
1954	1954	6.40029
1955	1955	-13.0472
1956	1956	-18.8189
1957	1957	2.69761
1958	1958	-1.94873
1959	1959	1.54341
1960	1960	-6.40288
1961	1961	19.3086
1962	1962	-8.94634
1963	1963	-3.35747
1964	1964	17.4291
1965	1965	8.06422
1966	1966	-26.5638
1967	1967	8.59595
1968	1968	-17.208
1969	1969	-7.9148
1970	1970	-2.72115
1971	1971	26.9512
1972	1972	-42.3592
1973	1973	-26.1338
1974	1974	-16.0672
1975	1975	13.0816
1976	1976	-15.5502
1977	1977	36.4145
1978	1978	36.824
1979	1979	13.7133
1980	1980	-9.60989
1981	1981	-6.91013
1982	1982	24.5541
1983	1983	25.9961
1984	1984	22.3775
1985	1985	-19.3098
1986	1986	15.0179
1987	1987	-0.596223
1988	1988	12.29
1989	1989	9.16847
1990	1990	-21.6047
1991	1991	-33.1442
1992	1992	17.2657
1993	1993	12.5979
1994	1994	-2.8357
1995	1995	4.74829
1996	1996	-14.4524
1997	1997	4.90014
1998	1998	12.3233
1999	1999	-37.8618
2000	2000	10.3208
2001	2001	-1.1883
2002	2002	4.33007
2003	2003	-0.662282
2004	2004	43.5325
2005	2005	7.73792
2006	2006	1.47078
2007	2007	40.5707
2008	2008	21.8896
2009	2009	0.767179
2010	2010	22.4122
2011	2011	-20.536
2012	2012	32.1986
2013	2013	-7.25431
2014	2014	8.55591
2015	2015	-29.9243
2016	2016	-12.4734
2017	2017	13.6971
2018	2018	-24.1716
2019	2019	-18.151
2020	2020	27.2422
2021	2021	1.00699
2022	2022	20.6082
2023	2023	11.5997
2024	2024	7.96934
2025	2025	13.2818
2026	2026	31.7998
2027	2027	-6.71492
2028	2028	-3.06473
2029	2029	-5.94906
2030	2030	34.499
2031	2031	8.22702
2032	2032	8.00264
2033	2033	3.53376
2034	2034	25.0348
2035	2035	33.3956
2036	2036	17.0622
2037	2037	-41.7259
2038	2038	19.495
2039	2039	-38.2449
2040	2040	-2.80375
2041	2041	-23.8946
2042	2042	-7.91456
2043	2043	-32.2395
2044	2044	-12.5906
2045	2045	33.3967
2046	2046	0.186017
2047	2047	-6.85099
2048	2048	-3.15974
2049	2049	-2.99122
2050	2050	6.38654
2051	2051	-4.52108
2052	2052	5.79946
2053	2053	-2.79103
2054	2054	-18.4762
2055	2055	-24.9915
2056	2056	26.3282
2057	2057	57.143
2058	2058	10.7481
2059	2059	-17.7143
2060	2060	-12.0361
2061	2061	12.4929
2062	2062	4.02381
2063	2063	6.84165
2064	2064	28.33
2065	2065	44.6003
2066	2066	-40.1084
2067	2067	4.25226
2068	2068	-14.4855
2069	2069	-0.798287
2070	2070	10.2774
2071	2071	-5.4474
2072	2072	-7.40705
2073	2073	6.89931
2074	2074	9.94853
2075	2075	-6.76305
2076	2076	-37.2916
2077	2077	-10.3526
2078	2078	-11.8327
2079	2079	-26.0512
2080	2080	45.6606
2081	2081	-28.4076
2082	2082	-12.3954
2083	2083	3.07153
2084	2084	19.5269
2085	2085	-4.26028
2086	2086	-9.25039
2087	2087	-18.0005
2088	2088	-4.22007
2089	2089	8.16675
2090	2090	-4.52408
2091	2091	31.9498
2092	2092	-34.4527
2093	2093	56.0884
2094	2094	-27.949
2095	2095	16.5735
2096	2096	2.81977
2097	2097	13.6474
2098	2098	-2.85275
2099	2099	-24.6223
2100	2100	17.1125
2101	2101	-15.1464
2102	2102	29.6215
2103	2103	-8.41031
2104	2104	-15.121
2105	2105	-21.3925
2106	2106	24.1511
2107	2107	-2.24544
2108	2108	-28.3073
2109	2109	-3.31536
2110	2110	19.2373
2111	2111	-4.47557
2112	2112	-20.5005
2113	2113	-20.0471
2114	2114	-12.1095
2115	2115	21.118
2116	2116	-17.0026
2117	2117	-14.7241
2118	2118	2.5729
2119	2119	-6.99541
2120	2120	-1.75847
2121	2121	19.7102
2122	2122	1.62498
2123	2123	24.4175
2124	2124	-15.7791
2125	2125	17.4355
2126	2126	-23.9271
2127	2127	-28.8694
2128	2128	-3.77535
2129	2129	35.2755
2130	2130	7.38141
2131	2131	6.59594
2132	2132	-22.8179
2133	2133	18.2393
2134	2134	-1.83934
2135	2135	2.11148
2136	2136	15.8904
2137	2137	-15.8071
2138	2138	33.0367
2139	2139	-2.10366
2140	2140	25.143
2141	2141	34.4325
2142	2142	-9.98545
2143	2143	-37.2417
2144	2144	-13.6408
2145	2145	-0.0363847
2146	2146	-4.83608
2147	2147	17.9213
2148	2148	2.45252
2149	2149	24.3658
2150	2150	-22.2745
2151	2151	3.11612
2152	2152	28.4716
2153	2153	-33.2052
2154	2154	29.1429
2155	2155	-21.0445
2156	2156	-4.89132
2157	2157	-5.07126
2158	2158	3.90391
2159	2159	29.155
2160	2160	47.3028
2161	2161	18.3463
2162	2162	27.2177
2163	2163	6.97976
2164	2164	-14.6291
2165	2165	36.287
2166	2166	-16.408
2167	2167	14.3251
2168	2168	-14.9854
2169	2169	-35.8129
2170	2170	-26.462
2171	2171	-5.86954
2172	2172	-30.3862
2173	2173	-13.4318
2174	2174	-6.55092
2175	2175	-7.53317
2176	2176	9.0344
2177	2177	-23.9221
2178	2178	18.5047
2179	2179	-10.5808
2180	2180	-18.0437
2181	2181	2.91273
2182	2182	13.5202
2183	2183	-0.035018
2184	2184	8.75911
2185	2185	-3.47147
2186	2186	-33.8978
2187	2187	1.02227
2188	2188	42.8222
2189	2189	-14.7754
2190	2190	7.2064
2191	2191	7.68125
2192	2192	-43.2221
2193	2193	-27.6163
2194	2194	-21.5014
2195	2195	-23.0533
2196	2196	13.3706
2197	2197	3.29099
2198	2198	-8.89209
2199	2199	25.797
2200	2200	6.19295
2201	2201	29.8841
2202	2202	-6.78211
2203	2203	40.237
2204	2204	25.6917
2205	2205	21.0958
2206	2206	-33.2048
2207	2207	-5.11971
2208	2208	-14.2141
2209	2209	50.062
2210	2210	-3.87102
2211	2211	-9.45657
2212	2212	27.7607
2213	2213	3.63756
2214	2214	-6.38811
2215	2215	21.9329
2216	2216	4.29141
2217	2217	-0.0785306
2218	2218	20.1041
2219	2219	35.7936
2220	2220	32.3369
2221	2221	12.3491
2222	2222	0.55916
2223	2223	36.4334
2224	2224	39.003
2225	2225	13.6792
2226	2226	53.3812
2227	2227	-11.0707
2228	2228	2.64762
2229	2229	23.6974
2230	2230	19.5268
2231	2231	3.90931
2232	2232	-16.1864
2233	2233	-8.12269
2234	2234	-27.5558
2235	2235	1.03489
2236	2236	16.9035
2237	2237	2.7254
2238	2238	14.2722
2239	2239	7.0478
2240	2240	-10.9497
2241	2241	-3.1794
2242	2242	-11.4303
2243	2243	-25.0928
2244	2244	-31.3329
2245	2245	-6.56354
2246	2246	-2.66101
2247	2247	42.4258
2248	2248	-6.19954
2249	2249	8.95658
2250	2250	9.69175
2251	2251	0.723672
2252	2252	-19.4461
2253	2253	24.9608
2254	2254	14.34
2255	2255	4.19717
2256	2256	6.07979
2257	2257	-43.6543
2258	2258	35.5567
2259	2259	27.8117
2260	2260	-14.7691
2261	2261	-32.2776
2262	2262	1.53883
2263	2263	-39.7949
2264	2264	-16.9003
2265	2265	-31.3752
2266	2266	-7.07221
2267	2267	-8.4449
2268	2268	52.0575
2269	2269	46.6425
2270	2270	4.82724
2271	2271	-16.614
2272	2272	36.3026
2273	2273	-13.186
2274	2274	13.1885
2275	2275	0.60396
2276	2276	26.9496
2277	2277	-5.02122
2278	2278	-19.2344
2279	2279	-3.54918
2280	2280	9.89752
2281	2281	-13.187
2282	2282	4.4595
2283	2283	16.6757
2284	2284	-36.0312
2285	2285	-18.3953
2286	2286	53.4733
2287	2287	0.0297549
2288	2288	3.08615
2289	2289	-5.4279
2290	2290	4.03104
2291	2291	-24.0433
2292	2292	-2.54192
2293	2293	-0.246433
2294	2294	7.12761
2295	2295	13.5731
2296	2296	12.5667
2297	2297	1.64083
2298	2298	16.9927
2299	2299	-12.0033
2300	2300	29.1281
2301	2301	-14.5574
2302	2302	-16.3136
2303	2303	-17.1663
2304	2304	8.47736
2305	2305	21.432
2306	2306	-15.0054
2307	2307	6.7219
2308	2308	-14.7235
2309	2309	13.2792
2310	2310	-38.7258
2311	2311	20.5566
2312	2312	-21.5916
2313	2313	-13.754
2314	2314	20.0167
2315	2315	-20.6176
2316	2316	1.02654
2317	2317	-29.3398
2318	2318	33.7561
2319	2319	-22.4325
2320	2320	-21.9795
2321	2321	-0.0766578
2322	2322	19.7987
2323	2323	9.76177
2324	2324	-20.9406
2325	2325	-1.94126
2326	2326	23.7735
2327	2327	2.58794
2328	2328	-0.353753
2329	2329	10.3376
2330	2330	4.18068
2331	2331	12.6289
2332	2332	3.23318
2333	2333	-4.4955
2334	2334	-1.71135
2335	2335	-9.76643
2336	2336	9.94309
2337	2337	24.6973
2338	2338	-5.82533
2339	2339	-10.4031
2340	2340	-24.2789
2341	2341	-30.213
2342	2342	13.1921
2343	2343	3.67944
2344	2344	-30.9106
2345	2345	7.35442
2346	2346	10.6576
2347	2347	-3.40002
2348	2348	19.2541
2349	2349	-3.1896
2350	2350	20.6882
2351	2351	-18.9934
2352	2352	5.18604
2353	2353	-1.88968
2354	2354	-7.95635
2355	2355	-29.7956
2356	2356	-3.89025
2357	2357	-2.54099
2358	2358	4.44229
2359	2359	-25.2193
2360	2360	-10.2593
2361	2361	14.6235
2362	2362	-15.0093
2363	2363	-2.16287
2364	2364	-17.4329
2365	2365	-19.6115
2366	2366	26.1876
2367	2367	25.0529
2368	2368	-10.7219
2369	2369	-19.466
2370	2370	-26.5745
2371	2371	27.6738
2372	2372	-11.3279
2373	2373	-10.8551
2374	2374	-11.4518
2375	2375	-6.80328
2376	2376	9.0433
2377	2377	49.3033
2378	2378	0.497836
2379	2379	35.1107
2380	2380	-9.04756
2381	2381	2.84102
2382	2382	17.6255
2383	2383	-2.23757
2384	2384	44.3713
2385	2385	5.59321
2386	2386	11.7747
2387	2387	-34.1833
2388	2388	20.3901
2389	2389	-16.3506
2390	2390	9.80159
2391	2391	20.0946
2392	2392	-6.47211
2393	2393	-2.50269
2394	2394	-20.5084
2395	2395	-7.62733
2396	2396	17.6702
2397	2397	-12.2716
2398	2398	-9.30286
2399	2399	4.29738
2400	2400	31.5604
2401	2401	18.1165
2402	2402	21.6207
2403	2403	13.5656
2404	2404	22.7793
2405	2405	-46.9177
2406	2406	-6.23249
2407	2407	-23.2154
2408	2408	-26.5561
2409	2409	24.149
2410	2410	5.96472
2411	2411	-27.3992
2412	2412	14.1109
2413	2413	12.1471
2414	2414	6.23341
2415	2415	9.23152
2416	2416	12.1323
2417	2417	28.0102
2418	2418	13.1174
2419	2419	-4.14719
2420	2420	55.7342
2421	2421	24.2554
2422	2422	18.9106
2423	2423	25.6167
2424	2424	6.07692
2425	2425	-9.74216
2426	2426	15.7185
2427	2427	-6.22299
2428	2428	44.5135
2429	2429	-48.1345
2430	2430	-10.4169
2431	2431	30.984
2432	2432	3.20565
2433	2433	1.71295
2434	2434	28.2341
2435	2435	-0.178713
2436	2436	-7.37271
2437	2437	-35.5347
2438	2438	24.2418
2439	2439	-22.4607
2440	2440	41.3395
2441	2441	-29.3918
2442	2442	26.3816
2443	2443	-29.6362
2444	2444	-35.4715
2445	2445	-15.9478
2446	2446	-2.56292
2447	2447	-15.9609
2448	2448	-8.49562
2449	2449	-11.3047
2450	2450	-1.77323
2451	2451	-2.3802
2452	2452	27.2161
2453	2453	1.53829
2454	2454	1.93222
2455	2455	42.0106
2456	2456	3.31627
2457	2457	15.2377
2458	2458	-7.88989
2459	2459	5.56039
2460	2460	6.22362
2461	2461	-0.0381279
2462	2462	15.7586
2463	2463	34.1717
2464	2464	12.8004
2465	2465	-5.331
2466	2466	-6.86019
2467	2467	-36.7136
2468	2468	-5.12067
2469	2469	2.98574
2470	2470	40.294
2471	2471	11.3639
2472	2472	26.3495
2473	2473	-9.7754
2474	2474	-5.94012
2475	2475	-16.2122
2476	2476	10.901
2477	2477	-4.20998
2478	2478	1.79242
2479	2479	-20.1078
2480	2480	-3.35035
2481	2481	-25.6645
2482	2482	-15.8625
2483	2483	-30.9599
2484	2484	10.6099
2485	2485	-6.72074
2486	2486	-7.59778
2487	2487	37.3414
2488	2488	24.6174
2489	2489	-35.0171
2490	2490	34.0543
2491	2491	-12.2678
2492	2492	-3.20128
2493	2493	-1.81803
2494	2494	-20.3752
2495	2495	3.13396
2496	2496	-35.297
2497	2497	-31.9056
2498	2498	-4.78389
2499	2499	-23.1463
2500	2500	24.4752
2501	2501	-46.5167
2502	2502	-4.3815
2503	2503	19.6816
2504	2504	-7.46308
2505	2505	5.84303
2506	2506	-7.26322
2507	2507	-38.2926
2508	2508	-16.8419
2509	2509	-15.6878
2510	2510	13.7559
2511	2511	12.3556
2512	2512	-0.239429
2513	2513	-5.34941
2514	2514	-0.0897893
2515	2515	4.82625
2516	2516	21.4975
2517	2517	0.789972
2518	2518	-21.3293
2519	2519	-17.6904
2520	2520	-0.600803
2521	2521	-0.82727
2522	2522	-16.6082
2523	2523	-8.92723
2524	2524	16.8708
2525	2525	11.5623
2526	2526	-25.9806
2527	2527	9.54179
2528	2528	56.0559
2529	2529	-2.07359
2530	2530	-17.0584
2531	2531	-13.3434
2532	2532	-26.4716
2533	2533	27.4789
2534	2534	-9.80121
2535	2535	-15.1505
2536	2536	11.2819
2537	2537	-8.70022
2538	2538	-25.6879
2539	2539	39.9342
2540	2540	2.82905
2541	2541	-28.4073
2542	2542	5.56263
2543	2543	-6.75534
2544	2544	14.532
2545	2545	18.6279
2546	2546	-21.8828
2547	2547	0.823068
2548	2548	-3.02984
2549	2549	1.19259
2550	2550	-14.451
2551	2551	-1.23529
2552	2552	-3.49006
2553	2553	33.75
2554	2554	40.5567
2555	2555	-11.6013
2556	2556	-18.236
2557	2557	-15.9909
2558	2558	-23.7954
2559	2559	-34.6863
2560	2560	11.2387
2561	2561	-14.2084
2562	2562	-16.0395
2563	2563	14.1149
2564	2564	-16.2266
2565	2565	13.3346
2566	2566	28.1882
2567	2567	-31.0294
2568	2568	17.4071
2569	2569	1.25981
2570	2570	-30.9913
2571	2571	-8.4427
2572	2572	-14.0713
2573	2573	42.6966
2574	2574	5.44776
2575	2575	12.2631
2576	2576	7.50336
2577	2577	6.28022
2578	2578	14.4571
2579	2579	26.2474
2580	2580	26.5356
2581	2581	-4.7886
2582	2582	-4.90343
2583	2583	-20.8039
2584	2584	-18.5987
2585	2585	-10.6895
2586	2586	-11.6593
2587	2587	5.54018
2588	2588	-13.3178
2589	2589	-33.0105
2590	2590	38.0812
2591	2591	30.0647
2592	2592	-9.82368
2593	2593	11.4789
2594	2594	37.251
2595	2595	-35.1891
2596	2596	-41.1456
2597	2597	-28.2095
2598	2598	-14.9091
2599	2599	26.6409
2600	2600	8.93502
2601	2601	-11.9158
2602	2602	7.16471
2603	2603	-20.8432
2604	2604	2.26223
2605	2605	-43.1884
2606	2606	-32.0921
2607	2607	-7.05181
2608	2608	15.5827
2609	2609	11.1061
2610	2610	7.58497
2611	2611	21.3578
2612	2612	-10.4961
2613	2613	-5.26602
2614	2614	15.7401
2615	2615	-10.4098
2616	2616	7.73682
2617	2617	-5.54757
2618	2618	-32.9395
2619	2619	-26.3725
2620	2620	-16.1934
2621	2621	-1.88683
2622	2622	-18.9811
2623	2623	-4.49043
2624	2624	-21.9074
2625	2625	-12.5396
2626	2626	-11.3554
2627	2627	28.8821
2628	2628	-17.5826
2629	2629	-1.79846
2630	2630	-17.841
2631	2631	-7.57245
2632	2632	-7.0105
2633	2633	12.821
2634	2634	-0.304175
2635	2635	10.1954
2636	2636	7.80689
2637	2637	-23.3654
2638	2638	-30.8818
2639	2639	-38.8226
2640	2640	15.7469
2641	2641	3.42389
2642	2642	13.3888
2643	2643	-11.1446
2644	2644	-30.3688
2645	2645	30.0349
2646	2646	-13.82
2647	2647	2.97121
2648	2648	10.9095
2649	2649	0.409404
2650	2650	-27.647
2651	2651	-9.21494
2652	2652	-16.5562
2653	2653	-15.2891
2654	2654	-21.3429
2655	2655	-7.5052
2656	2656	-20.0071
2657	2657	6.73375
2658	2658	12.498
2659	2659	-6.77336
2660	2660	23.4152
2661	2661	7.61518
2662	2662	-30.9207
2663	2663	-1.17815
2664	2664	14.456
2665	2665	24.7627
2666	2666	-27.7263
2667	2667	30.7901
2668	2668	4.74437
2669	2669	-6.60694
2670	2670	16.0436
2671	2671	-0.58263
2672	2672	-19.5807
2673	2673	10.0021
2674	2674	-5.07545
2675	2675	21.2756
2676	2676	-5.13842
2677	2677	-0.803425
2678	2678	25.1357
2679	2679	2.39008
2680	2680	-3.05017
2681	2681	-20.2157
2682	2682	32.1878
2683	2683	-13.9515
2684	2684	1.30775
2685	2685	20.6423
2686	2686	-14.6044
2687	2687	-6.48018
2688	2688	10.6327
2689	2689	-26.8939
2690	2690	12.7681
2691	2691	18.9736
2692	2692	35.2509
2693	2693	19.635
2694	2694	-0.893908
2695	2695	20.9709
2696	2696	21.0697
2697	2697	18.1734
2698	2698	27.8808
2699	2699	-21.6209
2700	2700	-34.7626
2701	2701	7.95914
2702	2702	30.3859
2703	2703	-4.43968
2704	2704	10.4718
2705	2705	23.6494
2706	2706	4.50555
2707	2707	-18.6992
2708	2708	-42.415
2709	2709	-8.97027
2710	2710	-19.6083
2711	2711	53.8717
2712	2712	-39.4173
2713	2713	-14.006
2714	2714	17.4389
2715	2715	6.12479
2716	2716	-7.63082
2717	2717	-14.309
2718	2718	-3.75606
2719	2719	37.319
2720	2720	-34.3826
2721	2721	-16.2546
2722	2722	-18.564
2723	2723	48.3231
2724	2724	41.7254
2725	2725	2.84134
2726	2726	13.3613
2727	2727	-32.6275
2728	2728	-30.0932
2729	2729	-3.4542
2730	2730	10.44
2731	2731	13.9103
2732	2732	-15.7231
2733	2733	-11.6105
2734	2734	29.3791
2735	2735	-11.8629
2736	2736	2.16646
2737	2737	26.3815
2738	2738	-6.09698
2739	2739	-1.59568
2740	2740	5.61421
2741	2741	7.98823
2742	2742	-12.355
2743	2743	-19.5232
2744	2744	5.68162
2745	2745	-0.673578
2746	2746	-12.4728
2747	2747	10.9887
2748	2748	-15.5728
2749	2749	0.852252
2750	2750	-23.4092
2751	2751	35.348
2752	2752	-21.7463
2753	2753	8.06639
2754	2754	-26.0558
2755	2755	6.9682
2756	2756	-11.3847
2757	2757	8.45046
2758	2758	-16.0044
2759	2759	-7.78226
2760	2760	-22.3005
2761	2761	-2.49254
2762	2762	-9.27519
2763	2763	13.4161
2764	2764	-1.6223
2765	2765	6.90991
2766	2766	-9.4103
2767	2767	-35.7444
2768	2768	9.46581
2769	2769	6.92666
2770	2770	-31.4934
2771	2771	8.72313
2772	2772	42.7428
2773	2773	-41.0116
2774	2774	-15.1746
2775	2775	-35.7793
2776	2776	3.28211
2777	2777	18.3609
2778	2778	11.3576
2779	2779	29.6053
2780	2780	-7.78212
2781	2781	-42.9957
2782	2782	19
2783	2783	-4.01753
2784	2784	-30.017
2785	2785	10.025
2786	2786	-10.5346
2787	2787	-9.85612
2788	2788	9.51535
2789	2789	-11.0422
2790	2790	7.14114
2791	2791	-4.81686
2792	2792	-45.6678
2793	2793	15.6798
2794	2794	6.48275
2795	2795	-11.589
2796	2796	33.5
2797	2797	-6.93723
2798	2798	-13.6364
2799	2799	-3.84232
2800	2800	25.8004
2801	2801	0.500464
2802	2802	-9.22149
2803	2803	-4.08286
2804	2804	-9.79389
2805	2805	-33.6332
2806	2806	-43.1528
2807	2807	-9.3151
2808	2808	-24.8013
2809	2809	2.72481
2810	2810	-3.37436
2811	2811	-0.29022
2812	2812	13.2312
2813	2813	3.41975
2814	2814	-22.2511
2815	2815	-38.2547
2816	2816	-14.0988
2817	2817	26.9647
2818	2818	25.6145
2819	2819	-17.9795
2820	2820	-4.84726
2821	2821	-16.6848
2822	2822	37.5565
2823	2823	-32.928
2824	2824	-17.045
2825	2825	-32.5579
2826	2826	20.7171
2827	2827	-2.08151
2828	2828	-17.1677
2829	2829	14.237
2830	2830	-15.4315
2831	2831	-33.1901
2832	2832	-19.147
2833	2833	24.2182
2834	2834	11.6162
2835	2835	22.08
2836	2836	-0.561224
2837	2837	-34.6583
2838	2838	22.9637
2839	2839	-1.88598
2840	2840	6.76164
2841	2841	-22.9104
2842	2842	0.363747
2843	2843	-6.79619
2844	2844	9.92904
2845	2845	8.38465
2846	2846	-36.9461
2847	2847	-26.9642
2848	2848	-28.719
2849	2849	-8.54233
2850	2850	-13.9538
2851	2851	-3.75299
2852	2852	18.5636
2853	2853	-8.37072
2854	2854	-11.8531
2855	2855	33.4373
2856	2856	-11.139
2857	2857	23.7919
2858	2858	6.3611
2859	2859	-5.585
2860	2860	21.5592
2861	2861	15.8941
2862	2862	-29.8519
2863	2863	-24.0065
2864	2864	-28.8699
2865	2865	15.0394
2866	2866	-3.76813
2867	2867	-0.172606
2868	2868	-14.5833
2869	2869	-1.71877
2870	2870	-7.74811
2871	2871	8.28687
2872	2872	2.85952
2873	2873	51.6502
2874	2874	-13.6048
2875	2875	31.4409
2876	2876	-17.0208
2877	2877	10.3979
2878	2878	5.29601
2879	2879	-40.7675
2880	2880	0.658028
2881	2881	-14.8243
2882	2882	-11.6062
2883	2883	6.26476
2884	2884	-20.6223
2885	2885	33.6891
2886	2886	8.96586
2887	2887	-23.8746
2888	2888	28.3542
2889	2889	-24.8173
2890	2890	-0.653623
2891	2891	13.5028
2892	2892	-20.6968
2893	2893	-18.8922
2894	2894	49.0096
2895	2895	-38.9276
2896	2896	-38.5625
2897	2897	8.70507
2898	2898	-24.7075
2899	2899	-42.4279
2900	2900	-26.6023
2901	2901	-12.3438
2902	2902	3.28886
2903	2903	-13.1524
2904	2904	-3.52469
2905	2905	-34.2099
2906	2906	-6.54743
2907	2907	6.3321
2908	2908	-36.3521
2909	2909	10.8126
2910	2910	-3.99613
2911	2911	-48.2874
2912	2912	-9.98393
2913	2913	-0.506169
2914	2914	-6.08217
2915	2915	-13.5291
2916	2916	38.3311
2917	2917	15.7318
2918	2918	45.9738
2919	2919	-10.3708
2920	2920	-19.6697
2921	2921	10.4743
2922	2922	33.9996
2923	2923	6.27034
2924	2924	-30.7962
2925	2925	-8.21259
2926	2926	13.2691
2927	2927	-37.151
2928	2928	-4.19233
2929	2929	23.1515
2930	2930	4.91731
2931	2931	-2.43552
2932	2932	35.0954
2933	2933	-34.5167
2934	2934	5.46592
2935	2935	2.91638
2936	2936	28.5225
2937	2937	19.9693
2938	2938	9.52387
2939	2939	15.494
2940	2940	-8.52196
2941	2941	-21.2434
2942	2942	-39.7506
2943	2943	44.9202
2944	2944	-12.8111
2945	2945	-3.37757
2946	2946	31.418
2947	2947	-26.5083
2948	2948	14.9361
2949	2949	-42.73
2950	2950	6.2464
2951	2951	-2.5522
2952	2952	-12.4182
2953	2953	4.69646
2954	2954	25.9825
2955	2955	47.729
2956	2956	-30.8804
2957	2957	13.7158
2958	2958	11.2637
2959	2959	-8.26695
2960	2960	-23.483
2961	2961	-25.1673
2962	2962	1.85423
2963	2963	-30.4547
2964	2964	-1.72824
2965	2965	-30.368
2966	2966	-23.1418
2967	2967	-0.565595
2968	2968	-4.46475
2969	2969	-22.286
2970	2970	-1.3276
2971	2971	32.3428
2972	2972	48.0927
2973	2973	-4.84776
2974	2974	-6.85883
2975	2975	30.9197
2976	2976	-8.09274
2977	2977	-35.2827
2978	2978	0.914727
2979	2979	-26.4503
2980	2980	-15.0215
2981	2981	6.75096
2982	2982	1.87022
2983	2983	9.84363
2984	2984	-21.3622
2985	2985	1.92706
2986	2986	25.8355
2987	2987	-60.9543
2988	2988	-23.7399
2989	2989	-6.58304
2990	2990	0.866287
2991	2991	20.9502
2992	2992	-12.0444
2993	2993	24.6842
2994	2994	10.3499
2995	2995	-30.7127
2996	2996	26.9038
2997	2997	30.7007
2998	2998	-21.563
2999	2999	-9.45899
3000	3000	3.09719
3001	3001	23.6709
3002	3002	-18.8659
3003	3003	15.6164
3004	3004	-6.01022
3005	3005	28.0003
3006	3006	1.0516
3007	3007	13.061
3008	3008	-24.9141
3009	3009	19.7268
3010	3010	-10.2202
3011	3011	8.59434
3012	3012	-0.705771
3013	3013	-18.0488
3014	3014	-20.0908
3015	3015	20.4873
3016	3016	2.36627
3017	3017	-27.4382
3018	3018	-13.6073
3019	3019	-9.71792
3020	3020	-22.5646
3021	3021	-14.5042
3022	3022	-11.8946
3023	3023	16.2339
3024	3024	-18.4717
3025	3025	30.5594
3026	3026	-29.6623
3027	3027	5.93021
3028	3028	-4.00677
3029	3029	1.3805
3030	3030	-14.605
3031	3031	-27.3399
3032	3032	-22.4498
3033	3033	16.1061
3034	3034	-12.4757
3035	3035	-10.3771
3036	3036	4.93461
3037	3037	20.7196
3038	3038	-12.1152
3039	3039	38.6384
3040	3040	-18.4277
3041	3041	-23.3353
3042	3042	8.13101
3043	3043	-16.2208
3044	3044	44.6772
3045	3045	-17.827
3046	3046	7.55845
3047	3047	3.23811
3048	3048	19.7521
3049	3049	-2.05668
3050	3050	41.6486
3051	3051	22.9929
3052	3052	2.12251
3053	3053	8.80279
3054	3054	7.96265
3055	3055	-4.50612
3056	3056	12.0439
3057	3057	-10.3672
3058	3058	-8.77347
3059	3059	17.4109
3060	3060	-18.8044
3061	3061	-12.5888
3062	3062	-9.71076
3063	3063	40.4425
3064	3064	2.13211
3065	3065	-10.9294
3066	3066	-12.8215
3067	3067	10.5385
3068	3068	8.02407
3069	3069	10.4388
3070	3070	4.18162
3071	3071	49.7091
3072	3072	5.87673
3073	3073	-2.48608
3074	3074	-14.2633
3075	3075	31.2046
3076	3076	-7.00753
3077	3077	-34.1591
3078	3078	-14.9899
3079	3079	-23.4088
3080	3080	24.0594
3081	3081	60.4489
3082	3082	-19.2714
3083	3083	16.1961
3084	3084	6.79152
3085	3085	6.916
3086	3086	32.2469
3087	3087	-6.46634
3088	3088	17.115
3089	3089	21.1921
3090	3090	25.268
3091	3091	5.48619
3092	3092	-12.1078
3093	3093	-38.6199
3094	3094	5.99683
3095	3095	26.7028
3096	3096	11.1751
3097	3097	-35.272
3098	3098	46.6461
3099	3099	18.8766
3100	3100	-2.74482
3101	3101	-21.3075
3102	3102	15.5237
3103	3103	-3.49199
3104	3104	-14.9175
3105	3105	0.968913
3106	3106	-1.65292
3107	3107	0.99237
3108	3108	-11.6839
3109	3109	28.0815
3110	3110	17.4052
3111	3111	14.7661
3112	3112	-22.6716
3113	3113	11.5309
3114	3114	-8.24579
3115	3115	4.07879
3116	3116	2.37976
3117	3117	-4.93668
3118	3118	-23.5296
3119	3119	-38.7982
3120	3120	8.08814
3121	3121	12.2904
3122	3122	3.17429
3123	3123	-31.2217
3124	3124	-8.6311
3125	3125	11.7757
3126	3126	-23.3273
3127	3127	-3.78589
3128	3128	-27.2975
3129	3129	0.451843
3130	3130	-6.80341
3131	3131	-2.93925
3132	3132	-0.78496
3133	3133	1.2679
3134	3134	47.3799
3135	3135	-28.4918
3136	3136	13.4548
3137	3137	20.2543
3138	3138	-19.4155
3139	3139	16.1406
3140	3140	15.4311
3141	3141	29.6077
3142	3142	-10.038
3143	3143	1.24722
3144	3144	-11.3771
3145	3145	11.6051
3146	3146	28.9674
3147	3147	29.8916
3148	3148	-32.7799
3149	3149	16.03
3150	3150	13.7206
3151	3151	18.4825
3152	3152	-19.4393
3153	3153	10.6205
3154	3154	22.6235
3155	3155	30.3611
3156	3156	-15.767
3157	3157	5.9609
3158	3158	2.35398
3159	3159	-37.4088
3160	3160	-0.0449437
3161	3161	-5.29008
3162	3162	20.3994
3163	3163	0.224994
3164	3164	2.22432
3165	3165	-29.1933
3166	3166	21.3995
3167	3167	36.2057
3168	3168	-1.27921
3169	3169	-3.80381
3170	3170	-41.139
3171	3171	-5.99589
3172	3172	-15.5534
3173	3173	-10.0137
3174	3174	-26.5401
3175	3175	-6.08991
3176	3176	21.0892
3177	3177	-13.6544
3178	3178	-31.5443
3179	3179	-2.38948
3180	3180	7.25088
3181	3181	-19.0153
3182	3182	16.4045
3183	3183	28.5686
3184	3184	-25.5309
3185	3185	-9.97144
3186	3186	-12.2877
3187	3187	-23.6171
3188	3188	18.2521
3189	3189	-32.7966
3190	3190	34.4704
3191	3191	18.2798
3192	3192	0.41263
3193	3193	-19.0174
3194	3194	6.9119
3195	3195	23.3361
3196	3196	37.8768
3197	3197	-12.9587
3198	3198	-23.3569
3199	3199	4.3045
3200	3200	-0.845365
3201	3201	-23.2211
3202	3202	-4.78366
3203	3203	30.4925
3204	3204	-12.9943
3205	3205	26.5871
3206	3206	35.5716
3207	3207	44.2047
3208	3208	-22.6489
3209	3209	2.28275
3210	3210	-27.1386
3211	3211	-29.1264
3212	3212	29.258
3213	3213	-4.80804
3214	3214	-2.95086
3215	3215	-5.65921
3216	3216	15.9862
3217	3217	-2.84515
3218	3218	-18.1966
3219	3219	-16.1169
3220	3220	-9.89498
3221	3221	-34.493
3222	3222	23.5692
3223	3223	-7.59412
3224	3224	-9.7757
3225	3225	27.8271
3226	3226	36.3356
3227	3227	-21.5671
3228	3228	3.04645
3229	3229	1.01882
3230	3230	-34.4965
3231	3231	-26.3843
3232	3232	-12.6834
3233	3233	-27.7901
3234	3234	-20.7012
3235	3235	22.5091
3236	3236	3.87811
3237	3237	-36.6989
3238	3238	-41.8268
3239	3239	8.98692
3240	3240	17.1627
3241	3241	16.72
3242	3242	1.92027
3243	3243	-28.2509
3244	3244	-12.5612
3245	3245	-20.4201
3246	3246	-29.3579
3247	3247	-4.47351
3248	3248	4.54919
3249	3249	10.0671
3250	3250	-2.7629
3251	3251	-2.12446
3252	3252	-8.51385
3253	3253	34.8094
3254	3254	-0.221602
3255	3255	-20.9855
3256	3256	-1.90641
3257	3257	-6.29591
3258	3258	-14.6279
3259	3259	40.8974
3260	3260	-42.2874
3261	3261	3.8343
3262	3262	5.00952
3263	3263	29.5411
3264	3264	-10.4642
3265	3265	2.19938
3266	3266	-19.2376
3267	3267	4.85323
3268	3268	-2.511
3269	3269	15.9182
3270	3270	15.5214
3271	3271	-4.74153
3272	3272	2.09908
3273	3273	-20.9955
3274	3274	11.9019
3275	3275	6.92236
3276	3276	-34.039
3277	3277	-6.11883
3278	3278	-2.53287
3279	3279	17.5252
3280	3280	-17.198
3281	3281	40.3967
3282	3282	-30.5252
3283	3283	-5.19291
3284	3284	26.8101
3285	3285	-18.6295
3286	3286	-43.0851
3287	3287	3.77347
3288	3288	-9.97519
3289	3289	-3.50845
3290	3290	-6.35812
3291	3291	-40.7734
3292	3292	-13.0465
3293	3293	-4.63472
3294	3294	16.3009
3295	3295	14.6604
3296	3296	-20.4928
3297	3297	-15.8039
3298	3298	0.619442
3299	3299	26.0839
3300	3300	-23.8386
3301	3301	-25.0007
3302	3302	-13.8496
3303	3303	-18.5211
3304	3304	-18.5017
3305	3305	-8.89787
3306	3306	0.275166
3307	3307	1.45919
3308	3308	-14.1315
3309	3309	11.2278
3310	3310	19.8163
3311	3311	-0.133336
3312	3312	29.4086
3313	3313	-1.44923
3314	3314	-24.6443
3315	3315	35.7153
3316	3316	-24.3152
3317	3317	-16.4477
3318	3318	-0.74635
3319	3319	27.2706
3320	3320	21.4925
3321	3321	22.0184
3322	3322	-0.781301
3323	3323	2.41003
3324	3324	35.8407
3325	3325	-1.65103
3326	3326	-13.4944
3327	3327	3.72668
3328	3328	-5.76048
3329	3329	-25.3328
3330	3330	-9.86855
3331	3331	7.16532
3332	3332	34.9979
3333	3333	-2.40456
3334	3334	-35.9442
3335	3335	16.1678
3336	3336	-2.11181
3337	3337	-16.8766
3338	3338	7.26862
3339	3339	-11.5342
3340	3340	-7.97765
3341	3341	-4.20484
3342	3342	-17.0361
3343	3343	-5.07084
3344	3344	4.15669
3345	3345	1.88908
3346	3346	-8.03879
3347	3347	-29.8987
3348	3348	-11.4041
3349	3349	-28.1557
3350	3350	-23.6821
3351	3351	-9.53164
3352	3352	3.00697
3353	3353	-5.15817
3354	3354	-30.1634
3355	3355	17.5109
3356	3356	-21.9454
3357	3357	3.45416
3358	3358	14.2283
3359	3359	7.80713
3360	3360	-25.2939
3361	3361	-16.7542
3362	3362	2.36522
3363	3363	-11.2641
3364	3364	3.7016
3365	3365	14.1167
3366	3366	27.9502
3367	3367	30.7333
3368	3368	19.7068
3369	3369	-34.6789
3370	3370	-9.87687
3371	3371	21.0552
3372	3372	12.6983
3373	3373	0.838929
3374	3374	21.2047
3375	3375	18.0573
3376	3376	46.6262
3377	3377	11.9132
3378	3378	-44.9805
3379	3379	-5.54763
3380	3380	35.6737
3381	3381	26.1141
3382	3382	12.2859
3383	3383	-6.99457
3384	3384	25.5813
3385	3385	16.7495
3386	3386	-7.46083
3387	3387	-62.8122
3388	3388	-18.2382
3389	3389	-46.0479
3390	3390	-1.24754
3391	3391	-31.4973
3392	3392	13.6469
3393	3393	19.892
3394	3394	-34.1307
3395	3395	15.5856
3396	3396	-8.08139
3397	3397	-5.69214
3398	3398	-13.828
3399	3399	49.8642
3400	3400	-12.5833
3401	3401	7.76196
3402	3402	-24.9546
3403	3403	26.662
3404	3404	15.3419
3405	3405	-25.3142
3406	3406	0.00731266
3407	3407	40.1408
3408	3408	-3.69191
3409	3409	-11.9501
3410	3410	-14.5686
3411	3411	-12.7603
3412	3412	-14.5658
3413	3413	-2.6196
3414	3414	-1.04954
3415	3415	-19.5164
3416	3416	11.4094
3417	3417	-24.6273
3418	3418	23.7658
3419	3419	-8.85292
3420	3420	-43.4745
3421	3421	26.0962
3422	3422	-23.703
3423	3423	-18.4618
3424	3424	23.1313
3425	3425	44.143
3426	3426	20.5882
3427	3427	7.66425
3428	3428	56.8968
3429	3429	5.26828
3430	3430	-7.36313
3431	3431	3.20778
3432	3432	-26.0385
3433	3433	-20.9493
3434	3434	-6.68506
3435	3435	-10.0403
3436	3436	-7.88056
3437	3437	-38.98
3438	3438	-31.8473
3439	3439	22.9987
3440	3440	-8.32364
3441	3441	32.9664
3442	3442	-7.78988
3443	3443	23.7574
3444	3444	7.60658
3445	3445	-2.47084
3446	3446	-0.805299
3447	3447	-14.1362
3448	3448	5.08251
3449	3449	-14.0479
3450	3450	-21.9842
3451	3451	-31.4244
3452	3452	-13.0397
3453	3453	32.3673
3454	3454	0.878844
3455	3455	0.740486
3456	3456	2.60851
3457	3457	7.30141
3458	3458	-1.92906
3459	3459	-7.3971
3460	3460	29.9123
3461	3461	22.5179
3462	3462	32.269
3463	3463	3.65127
3464	3464	-15.0118
3465	3465	27.2503
3466	3466	-8.41507
3467	3467	-5.91382
3468	3468	-18.0462
3469	3469	-1.55999
3470	3470	-11.3527
3471	3471	-3.00413
3472	3472	-27.9885
3473	3473	-14.9176
3474	3474	21.9979
3475	3475	19.5888
3476	3476	-1.23698
3477	3477	-7.72158
3478	3478	26.0884
3479	3479	-13.7247
3480	3480	-26.2755
3481	3481	-24.7949
3482	3482	12.6383
3483	3483	31.7461
3484	3484	-29.1017
3485	3485	4.4936
3486	3486	-12.4044
3487	3487	7.53452
3488	3488	-31.2388
3489	3489	19.8023
3490	3490	-35.0258
3491	3491	-4.26129
3492	3492	-19.8782
3493	3493	0.893515
3494	3494	27.3203
3495	3495	9.95057
3496	3496	-26.4607
3497	3497	26.833
3498	3498	-16.8961
3499	3499	21.8461
3500	3500	1.49211
3501	3501	2.22221
3502	3502	6.84471
3503	3503	36.8193
3504	3504	0.934138
3505	3505	-8.79699
3506	3506	52.8929
3507	3507	-0.46694
3508	3508	-3.2991
3509	3509	-11.9383
3510	3510	49.0471
3511	3511	22.7456
3512	3512	11.4314
3513	3513	9.32489
3514	3514	-18.5246
3515	3515	-16.5835
3516	3516	17.1567
3517	3517	2.32862
3518	3518	0.398347
3519	3519	10.74
3520	3520	-4.61427
3521	3521	-26.7304
3522	3522	-12.5021
3523	3523	24.7072
3524	3524	-24.1145
3525	3525	-7.85136
3526	3526	-17.5784
3527	3527	-24.8744
3528	3528	49.5555
3529	3529	-5.38699
3530	3530	6.11918
3531	3531	37.1154
3532	3532	20.7134
3533	3533	22.8778
3534	3534	55.263
3535	3535	-19.186
3536	3536	-2.45588
3537	3537	3.229
3538	3538	19.7086
3539	3539	-5.95587
3540	3540	-33.8573
3541	3541	41.1758
3542	3542	-27.9302
3543	3543	-31.0176
3544	3544	-34.8996
3545	3545	16.8023
3546	3546	-16.0476
3547	3547	-23.9672
3548	3548	1.89556
3549	3549	1.82567
3550	3550	-2.88573
3551	3551	-40.5525
3552	3552	-8.6203
3553	3553	3.10125
3554	3554	6.4248
3555	3555	-5.29779
3556	3556	-27.8385
3557	3557	18.5994
3558	3558	-12.8214
3559	3559	40.5768
3560	3560	24.0583
3561	3561	-44.6091
3562	3562	2.33364
3563	3563	-8.80016
3564	3564	28.0885
3565	3565	31.1338
3566	3566	-4.89245
3567	3567	-7.46441
3568	3568	-2.36993
3569	3569	51.7938
3570	3570	58.6993
3571	3571	-18.9041
3572	3572	-38.0431
3573	3573	-0.267234
3574	3574	26.6996
3575	3575	3.67476
3576	3576	29.421
3577	3577	7.7712
3578	3578	-8.07793
3579	3579	15.0136
3580	3580	-38.6675
3581	3581	43.5348
3582	3582	49.8584
3583	3583	-24.4733
3584	3584	8.30048
3585	3585	33.0767
3586	3586	34.4529
3587	3587	-17.0975
3588	3588	-10.9228
3589	3589	-15.9899
3590	3590	-9.58415
3591	3591	-8.7756
3592	3592	22.6439
3593	3593	0.822362
3594	3594	-22.473
3595	3595	0.0626456
3596	3596	28.8613
3597	3597	-13.3969
3598	3598	15.5695
3599	3599	21.0184
3600	3600	-19.6137
3601	3601	13.4835
3602	3602	-0.870192
3603	3603	6.33226
3604	3604	18.2079
3605	3605	-16.434
3606	3606	6.16626
3607	3607	25.5115
3608	3608	-31.8916
3609	3609	22.7815
3610	3610	-53.5482
3611	3611	-34.3438
3612	3612	24.9541
3613	3613	-42.687
3614	3614	35.6504
3615	3615	-11.8146
3616	3616	-10.9598
3617	3617	-4.71973
3618	3618	21.957
3619	3619	-8.45987
3620	3620	13.3766
3621	3621	-5.53094
3622	3622	-25.4635
3623	3623	9.93187
3624	3624	-7.07426
3625	3625	12.3394
3626	3626	-4.94659
3627	3627	3.70036
3628	3628	16.4471
3629	3629	-13.3794
3630	3630	-5.85941
3631	3631	11.4765
3632	3632	-18.5508
3633	3633	-13.8738
3634	3634	20.2048
3635	3635	-15.5209
3636	3636	2.33131
3637	3637	-16.51
3638	3638	23.4615
3639	3639	-3.97051
3640	3640	-23.6539
3641	3641	-12.294
3642	3642	2.0549
3643	3643	-19.2084
3644	3644	-26.96
3645	3645	-20.9045
3646	3646	9.23414
3647	3647	14.128
3648	3648	-26.854
3649	3649	33.6861
3650	3650	42.0346
3651	3651	-21.9893
3652	3652	13.2525
3653	3653	-15.488
3654	3654	-5.74187
3655	3655	-21.9003
3656	3656	1.36948
3657	3657	-40.9019
3658	3658	-7.58011
3659	3659	7.26778
3660	3660	22.5636
3661	3661	13.2581
3662	3662	-8.13686
3663	3663	14.2986
3664	3664	20.8989
3665	3665	-27.8087
3666	3666	-14.8956
3667	3667	-6.10728
3668	3668	-0.796048
3669	3669	5.62389
3670	3670	5.28463
3671	3671	-14.9751
3672	3672	49.6449
3673	3673	15.8519
3674	3674	5.71995
3675	3675	-12.041
3676	3676	4.09439
3677	3677	12.6064
3678	3678	10.1129
3679	3679	35.1493
3680	3680	38.772
3681	3681	1.47945
3682	3682	-12.6929
3683	3683	-15.3226
3684	3684	-17.2646
3685	3685	-5.56743
3686	3686	27.3113
3687	3687	11.5791
3688	3688	17.7134
3689	3689	-34.5903
3690	3690	7.35406
3691	3691	19.1091
3692	3692	-12.2678
3693	3693	53.3199
3694	3694	11.5317
3695	3695	-23.8452
3696	3696	9.77277
3697	3697	22.1963
3698	3698	-22.4599
3699	3699	4.21296
3700	3700	-3.66476
3701	3701	-26.7365
3702	3702	25.0588
3703	3703	-1.57828
3704	3704	5.05654
3705	3705	23.5888
3706	3706	-1.82288
3707	3707	-10.2961
3708	3708	-1.09149
3709	3709	-29.892
3710	3710	21.6207
3711	3711	38.5994
3712	3712	-18.1824
3713	3713	6.82225
3714	3714	-5.09994
3715	3715	-2.28399
3716	3716	0.533305
3717	3717	27.1305
3718	3718	-3.99483
3719	3719	8.62472
3720	3720	0.925003
3721	3721	-16.7878
3722	3722	-5.82838
3723	3723	0.0866985
3724	3724	68.7225
3725	3725	-14.6565
3726	3726	-4.07753
3727	3727	-36.5941
3728	3728	10.5777
3729	3729	29.5564
3730	3730	-2.14802
3731	3731	2.45488
3732	3732	-3.31621
3733	3733	15.339
3734	3734	-9.23245
3735	3735	12.5206
3736	3736	8.98118
3737	3737	-20.5795
3738	3738	-25.8626
3739	3739	13.6958
3740	3740	10.7342
3741	3741	3.05177
3742	3742	11.2423
3743	3743	-13.8822
3744	3744	-15.4061
3745	3745	5.89865
3746	3746	-18.7708
3747	3747	-10.595
3748	3748	-6.28561
3749	3749	3.09221
3750	3750	7.9725
3751	3751	-8.01065
3752	3752	20.468
3753	3753	-3.4311
3754	3754	18.8122
3755	3755	7.01991
3756	3756	21.9435
3757	3757	-1.6616
3758	3758	-12.436
3759	3759	-20.1794
3760	3760	24.7264
3761	3761	11.2673
3762	3762	-8.15976
3763	3763	9.16029
3764	3764	47.9375
3765	3765	7.60875
3766	3766	-34.7245
3767	3767	-17.2864
3768	3768	-8.73679
3769	3769	23.6017
3770	3770	2.65963
3771	3771	-3.53868
3772	3772	-23.563
3773	3773	2.93836
3774	3774	17.6793
3775	3775	29.3685
3776	3776	6.983
3777	3777	10.6723
3778	3778	-2.91607
3779	3779	-14.3419
3780	3780	-8.93087
3781	3781	-24.02
3782	3782	-6.64091
3783	3783	-20.4549
3784	3784	25.4675
3785	3785	-2.44786
3786	3786	-4.60182
3787	3787	6.13914
3788	3788	13.5799
3789	3789	13.4059
3790	3790	0.456012
3791	3791	-8.95286
3792	3792	-18.093
3793	3793	-10.5336
3794	3794	10.3722
3795	3795	32.8482
3796	3796	10.7872
3797	3797	18.2215
3798	3798	1.44678
3799	3799	7.25367
3800	3800	37.6756
3801	3801	-10.8745
3802	3802	-22.358
3803	3803	34.207
3804	3804	25.1484
3805	3805	-21.3919
3806	3806	-6.55505
3807	3807	-0.519904
3808	3808	5.43703
3809	3809	22.0261
3810	3810	4.30405
3811	3811	-24.3509
3812	3812	-8.71706
3813	3813	-31.1989
3814	3814	-5.72902
3815	3815	-19.4642
3816	3816	-28.6998
3817	3817	33.678
3818	3818	-18.201
3819	3819	4.97143
3820	3820	33.3662
3821	3821	-14.9295
3822	3822	-9.16069
3823	3823	6.15158
3824	3824	9.02531
3825	3825	-3.4732
3826	3826	-10.4962
3827	3827	15.5707
3828	3828	34.5915
3829	3829	-39.6046
3830	3830	-36.2414
3831	3831	-37.252
3832	3832	-24.2038
3833	3833	-22.2378
3834	3834	-7.82808
3835	3835	24.6365
3836	3836	-9.32475
3837	3837	8.13455
3838	3838	1.13928
3839	3839	19.7219
3840	3840	35.6637
3841	3841	-40.981
3842	3842	-11.6042
3843	3843	6.46881
3844	3844	52.5754
3845	3845	-25.0558
3846	3846	-19.3414
3847	3847	-26.0262
3848	3848	-32.6358
3849	3849	2.33248
3850	3850	-11.5869
3851	3851	2.96657
3852	3852	-33.8919
3853	3853	4.0576
3854	3854	-6.18289
3855	3855	-20.5488
3856	3856	33.4409
3857	3857	35.7286
3858	3858	-4.98133
3859	3859	16.8906
3860	3860	-23.3893
3861	3861	-23.2332
3862	3862	-0.332692
3863	3863	-0.0866261
3864	3864	1.46724
3865	3865	10.1344
3866	3866	-19.9222
3867	3867	-3.74533
3868	3868	-14.1143
3869	3869	-20.156
3870	3870	9.10014
3871	3871	12.6147
3872	3872	-28.0065
3873	3873	-1.92283
3874	3874	13.4639
3875	3875	-12.8916
3876	3876	24.333
3877	3877	-10.0055
3878	3878	-13.137
3879	3879	2.61646
3880	3880	-7.74591
3881	3881	-3.83203
3882	3882	-10.415
3883	3883	43.7235
3884	3884	16.4252
3885	3885	36.9794
3886	3886	-22.7057
3887	3887	14.993
3888	3888	3.50805
3889	3889	-6.17274
3890	3890	16.7153
3891	3891	0.181803
3892	3892	-30.953
3893	3893	-1.30432
3894	3894	-10.2916
3895	3895	-23.414
3896	3896	25.1504
3897	3897	-12.048
3898	3898	43.9423
3899	3899	27.7765
3900	3900	41.7662
3901	3901	0.383591
3902	3902	-12.8056
3903	3903	-18.139
3904	3904	1.31246
3905	3905	-17.9999
3906	3906	-14.033
3907	3907	-5.90619
3908	3908	42.8593
3909	3909	-10.843
3910	3910	-22.304
3911	3911	19.3484
3912	3912	-31.5212
3913	3913	12.4567
3914	3914	-11.498
3915	3915	-14.1173
3916	3916	30.94
3917	3917	1.43745
3918	3918	25.5795
3919	3919	-18.647
3920	3920	-23.7946
3921	3921	35.3835
3922	3922	-2.48577
3923	3923	40.3266
3924	3924	-12.7643
3925	3925	-12.4541
3926	3926	17.9135
3927	3927	29.4035
3928	3928	5.14617
3929	3929	-23.2681
3930	3930	8.05293
3931	3931	11.6307
3932	3932	-23.7055
3933	3933	-18.5352
3934	3934	-22.1618
3935	3935	-8.35307
3936	3936	-5.30439
3937	3937	-27.1641
3938	3938	-19.4144
3939	3939	0.355283
3940	3940	15.7178
3941	3941	-14.3968
3942	3942	36.1779
3943	3943	2.39821
3944	3944	-25.6025
3945	3945	19.4071
3946	3946	-6.66473
3947	3947	25.7979
3948	3948	53.2043
3949	3949	-20.9498
3950	3950	6.91465
3951	3951	31.4504
3952	3952	3.90688
3953	3953	21.6794
3954	3954	10.5818
3955	3955	26.4741
3956	3956	-29.5381
3957	3957	1.0882
3958	3958	-8.95869
3959	3959	33.2439
3960	3960	-16.8509
3961	3961	6.2952
3962	3962	-10.6385
3963	3963	-39.9458
3964	3964	2.583
3965	3965	9.88193
3966	3966	-14.9404
3967	3967	-20.1897
3968	3968	-4.56308
3969	3969	-13.9565
3970	3970	-30.1071
3971	3971	-5.69376
3972	3972	44.5608
3973	3973	5.53826
3974	3974	17.4416
3975	3975	-13.3732
3976	3976	-5.38937
3977	3977	-11.613
3978	3978	-3.75173
3979	3979	25.2641
3980	3980	-11.0636
3981	3981	-2.54464
3982	3982	5.19985
3983	3983	-24.0703
3984	3984	-51.1977
3985	3985	26.5157
3986	3986	16.4862
3987	3987	-23.3772
3988	3988	7.2173
3989	3989	-36.3156
3990	3990	17.6941
3991	3991	-8.91584
3992	3992	6.38657
3993	3993	-7.664
3994	3994	34.0343
3995	3995	-9.18623
3996	3996	-3.26686
3997	3997	-15.4045
3998	3998	49.2827
3999	3999	-17.6243
4000	4000	1.55673
4001	4001	0.535833
4002	4002	13.7916
4003	4003	2.85845
4004	4004	7.05761
4005	4005	-22.0518
4006	4006	33.56
4007	4007	-12.968
4008	4008	-21.7335
4009	4009	-4.44233
4010	4010	18.3929
4011	4011	-20.3511
4012	4012	37.0071
4013	4013	-17.8443
4014	4014	35.0245
4015	4015	-4.27698
4016	4016	-20.1659
4017	4017	-22.2222
4018	4018	-21.9918
4019	4019	23.3488
4020	4020	-15.1571
4021	4021	-2.26192
4022	4022	-17.0602
4023	4023	-35.7349
4024	4024	-33.2923
4025	4025	0.234732
4026	4026	52.0145
4027	4027	17.604
4028	4028	21.4884
4029	4029	40.7945
4030	4030	-24.9029
4031	4031	-19.3588
4032	4032	29.2621
4033	4033	-42.4271
4034	4034	15.4943
4035	4035	-29.0933
4036	4036	-35.6304
4037	4037	5.15788
4038	4038	17.6686
4039	4039	-3.18137
4040	4040	0.886109
4041	4041	22.8585
4042	4042	5.52328
4043	4043	-6.77942
4044	4044	-11.689
4045	4045	41.3197
4046	4046	34.6756
4047	4047	-19.4287
4048	4048	20.3588
4049	4049	33.4968
4050	4050	-0.472691
4051	4051	-7.4767
4052	4052	21.7266
4053	4053	17.0079
4054	4054	29.2834
4055	4055	15.2013
4056	4056	2.96509
4057	4057	-17.8755
4058	4058	-2.85803
4059	4059	52.4279
4060	4060	31.5203
4061	4061	0.648813
4062	4062	-9.8735
4063	4063	3.54354
4064	4064	-24.6227
4065	4065	12.6737
4066	4066	-12.9268
4067	4067	23.3169
4068	4068	35.7053
4069	4069	11.1856
4070	4070	12.5307
4071	4071	-15.8286
4072	4072	27.1202
4073	4073	50.2922
4074	4074	23.7005
4075	4075	-10.6702
4076	4076	-27.1486
4077	4077	-32.9797
4078	4078	14.3024
4079	4079	-2.596
4080	4080	21.9149
4081	4081	25.2697
4082	4082	-0.839913
4083	4083	23.9046
4084	4084	18.5233
4085	4085	-15.556
4086	4086	2.48391
4087	4087	-5.76231
4088	4088	-22.4483
4089	4089	18.8353
4090	4090	14.6459
4091	4091	-7.78319
4092	4092	-0.498073
4093	4093	-27.2554
4094	4094	-16.5535
4095	4095	24.4707
4096	4096	18.6572
4097	4097	44.5166
4098	4098	-25.6333
4099	4099	0.833739
4100	4100	19.0645
4101	4101	47.4116
4102	4102	17.1594
4103	4103	-32.0596
4104	4104	-10.8079
4105	4105	16.7002
4106	4106	-14.0787
4107	4107	13.405
4108	4108	28.3975
4109	4109	7.38844
4110	4110	-9.6591
4111	4111	-9.34209
4112	4112	22.7612
4113	4113	-20.1985
4114	4114	-8.47511
4115	4115	28.8494
4116	4116	-25.3797
4117	4117	24.1607
4118	4118	-9.78706
4119	4119	7.80379
4120	4120	11.3558
4121	4121	32.0788
4122	4122	-16.8282
4123	4123	35.9864
4124	4124	26.0969
4125	4125	4.93247
4126	4126	21.633
4127	4127	0.333402
4128	4128	-22.5962
4129	4129	-32.3125
4130	4130	41.109
4131	4131	6.37473
4132	4132	41.4507
4133	4133	-32.1138
4134	4134	-17.4336
4135	4135	50.4946
4136	4136	-13.8327
4137	4137	-43.6144
4138	4138	-14.7571
4139	4139	-25.7145
4140	4140	-11.2107
4141	4141	2.47636
4142	4142	12.1092
4143	4143	2.72213
4144	4144	-0.554429
4145	4145	-14.9695
4146	4146	-5.30363
4147	4147	-22.9134
4148	4148	0.381127
4149	4149	19.5505
4150	4150	7.77809
4151	4151	12.4222
4152	4152	16.0631
4153	4153	-18.3523
4154	4154	-20.2847
4155	4155	34.5529
4156	4156	16.4234
4157	4157	-35.3471
4158	4158	34.7953
4159	4159	-12.175
4160	4160	34.7134
4161	4161	-14.3392
4162	4162	11.1011
4163	4163	-17.6353
4164	4164	-39.8918
4165	4165	-10.7239
4166	4166	-24.2093
4167	4167	-0.551395
4168	4168	-34.6438
4169	4169	-9.51361
4170	4170	-15.1238
4171	4171	1.27466
4172	4172	6.69633
4173	4173	11.4318
4174	4174	18.9996
4175	4175	-36.0808
4176	4176	-6.22493
4177	4177	30.3683
4178	4178	-13.48
4179	4179	-29.5345
4180	4180	-48.3903
4181	4181	19.1505
4182	4182	-7.00495
4183	4183	-11.8584
4184	4184	-15.0917
4185	4185	-45.3904
4186	4186	-3.40695
4187	4187	-11.5577
4188	4188	-10.7905
4189	4189	16.5797
4190	4190	10.4286
4191	4191	40.982
4192	4192	-5.24832
4193	4193	-36.9544
4194	4194	-16.0125
4195	4195	-2.80644
4196	4196	12.146
4197	4197	31.6265
4198	4198	-13.9556
4199	4199	-3.88659
4200	4200	-9.86922
4201	4201	-20.0007
4202	4202	-14.5741
4203	4203	-9.49468
4204	4204	0.0164879
4205	4205	-0.10441
4206	4206	7.26368
4207	4207	21.5772
4208	4208	3.01665
4209	4209	9.80682
4210	4210	43.2591
4211	4211	-9.64358
4212	4212	-31.1929
4213	4213	-11.7169
4214	4214	1.24073
4215	4215	-13.2391
4216	4216	-27.2062
4217	4217	46.4749
4218	4218	11.6419
4219	4219	31.6012
4220	4220	13.558
4221	4221	9.15247
4222	4222	-22.7254
4223	4223	23.3442
4224	4224	13.271
4225	4225	-3.91012
4226	4226	34.0117
4227	4227	3.39145
4228	4228	-7.14396
4229	4229	-16.7964
4230	4230	35.1761
4231	4231	-15.6332
4232	4232	7.25473
4233	4233	-18.296
4234	4234	7.72556
4235	4235	-3.70028
4236	4236	-25.8358
4237	4237	-21.5078
4238	4238	-36.7043
4239	4239	29.944
4240	4240	32.9607
4241	4241	-13.3331
4242	4242	17.5013
4243	4243	19.7764
4244	4244	-19.8199
4245	4245	-33.4673
4246	4246	7.1955
4247	4247	-30.9254
4248	4248	12.1977
4249	4249	5.92192
4250	4250	0.556779
4251	4251	28.39
4252	4252	-3.30595
4253	4253	-6.75063
4254	4254	-3.51888
4255	4255	13.1152
4256	4256	7.40583
4257	4257	-8.94718
4258	4258	36.8963
4259	4259	17.9049
4260	4260	26.6134
4261	4261	-31.2644
4262	4262	-4.02347
4263	4263	-17.3297
4264	4264	-29.1749
4265	4265	-13.5505
4266	4266	-12.8692
4267	4267	29.6066
4268	4268	-0.438892
4269	4269	7.07452
4270	4270	-1.66619
4271	4271	2.70912
4272	4272	-30.5331
4273	4273	-1.75178
4274	4274	9.23445
4275	4275	13.7675
4276	4276	-13.3981
4277	4277	-13.7852
4278	4278	15.247
4279	4279	45.8835
4280	4280	6.14333
4281	4281	-17.5456
4282	4282	-21.611
4283	4283	16.5985
4284	4284	-5.68535
4285	4285	13.466
4286	4286	-47.8381
4287	4287	39.3958
4288	4288	-14.3897
4289	4289	3.86898
4290	4290	-3.38133
4291	4291	16.2477
4292	4292	19.5141
4293	4293	-2.57397
4294	4294	3.95747
4295	4295	-11.2237
4296	4296	-24.4104
4297	4297	35.6559
4298	4298	1.62166
4299	4299	-35.186
4300	4300	10.7993
4301	4301	-31.5366
4302	4302	12.9456
4303	4303	19.8869
4304	4304	-3.28194
4305	4305	-32.6945
4306	4306	-38.8426
4307	4307	12.7807
4308	4308	-6.96543
4309	4309	18.9988
4310	4310	-35.0187
4311	4311	23.9828
4312	4312	9.1388
4313	4313	0.274027
4314	4314	6.2821
4315	4315	-5.04815
4316	4316	2.74665
4317	4317	3.83016
4318	4318	24.4739
4319	4319	-5.8102
4320	4320	66.3622
4321	4321	-14.6993
4322	4322	15.8246
4323	4323	2.61998
4324	4324	-12.8716
4325	4325	-4.52022
4326	4326	-14.3614
4327	4327	-26.1003
4328	4328	20.7741
4329	4329	37.3676
4330	4330	9.75127
4331	4331	-11.3441
4332	4332	26.7158
4333	4333	-11.9537
4334	4334	-19.0645
4335	4335	-24.8053
4336	4336	21.1326
4337	4337	-13.1104
4338	4338	-15.4768
4339	4339	29.0714
4340	4340	40.3215
4341	4341	45.8222
4342	4342	-1.56635
4343	4343	-24.4093
4344	4344	-22.4749
4345	4345	-47.3804
4346	4346	4.05329
4347	4347	5.96872
4348	4348	6.54255
4349	4349	-15.7439
4350	4350	-6.06963
4351	4351	28.3581
4352	4352	-22.4875
4353	4353	-21.5205
4354	4354	-6.91112
4355	4355	41.1845
4356	4356	-6.99111
4357	4357	2.58053
4358	4358	-10.9083
4359	4359	21.8129
4360	4360	-34.7163
4361	4361	-38.5203
4362	4362	11.2803
4363	4363	12.4437
4364	4364	-2.17298
4365	4365	-5.27054
4366	4366	31.7166
4367	4367	15.3675
4368	4368	4.09997
4369	4369	-41.7207
4370	4370	6.5162
4371	4371	14.81
4372	4372	4.53912
4373	4373	11.3309
4374	4374	-28.6291
4375	4375	0.0507383
4376	4376	-25.6121
4377	4377	3.1568
4378	4378	-28.3845
4379	4379	-13.2147
4380	4380	-11.8364
4381	4381	25.165
4382	4382	30.5652
4383	4383	34.3281
4384	4384	-0.257834
4385	4385	-12.3388
4386	4386	-2.74229
4387	4387	14.0229
4388	4388	-21.5859
4389	4389	32.813
4390	4390	8.22055
4391	4391	9.97534
4392	4392	27.9414
4393	4393	9.80573
4394	4394	-46.1426
4395	4395	-5.10229
4396	4396	-5.55242
4397	4397	-2.38859
4398	4398	23.5465
4399	4399	-34.2709
4400	4400	-11.2938
4401	4401	-17.1576
4402	4402	-22.3671
4403	4403	-43.642
4404	4404	14.304
4405	4405	-17.147
4406	4406	1.6955
4407	4407	-4.11061
4408	4408	-21.2452
4409	4409	14.1209
4410	4410	-8.82008
4411	4411	-7.83207
4412	4412	25.3674
4413	4413	4.3158
4414	4414	-37.486
4415	4415	3.13318
4416	4416	-16.9104
4417	4417	-5.71099
4418	4418	-3.15998
4419	4419	-8.61476
4420	4420	-12.8534
4421	4421	30.1685
4422	4422	10.162
4423	4423	3.62314
4424	4424	14.2221
4425	4425	1.9535
4426	4426	2.30065
4427	4427	-16.7331
4428	4428	-8.98397
4429	4429	-13.9475
4430	4430	-19.4667
4431	4431	50.2053
4432	4432	20.8674
4433	4433	-20.0141
4434	4434	-4.79282
4435	4435	-37.4484
4436	4436	-21.3299
4437	4437	-16.5524
4438	4438	-43.9609
4439	4439	40.4822
4440	4440	0.668369
4441	4441	-3.77733
4442	4442	-11.6834
4443	4443	33.2094
4444	4444	9.76363
4445	4445	39.8076
4446	4446	28.2232
4447	4447	51.2668
4448	4448	-23.3549
4449	4449	34.2909
4450	4450	5.41771
4451	4451	-23.4187
4452	4452	-0.0423716
4453	4453	31.6198
4454	4454	3.16478
4455	4455	-13.5698
4456	4456	-10.3899
4457	4457	-4.38306
4458	4458	0.397153
4459	4459	-22.4555
4460	4460	-22.0963
4461	4461	-25.3882
4462	4462	1.39503
4463	4463	-5.80101
4464	4464	-2.53133
4465	4465	5.73669
4466	4466	21.2867
4467	4467	-24.4291
4468	4468	-21.3721
4469	4469	23.1908
4470	4470	-14.1982
4471	4471	-6.30042
4472	4472	-21.8049
4473	4473	-4.84221
4474	4474	-25.9044
4475	4475	28.0047
4476	4476	-27.9738
4477	4477	-35.1062
4478	4478	-7.19071
4479	4479	-9.91202
4480	4480	24.9697
4481	4481	-11.3382
4482	4482	16.1867
4483	4483	21.3664
4484	4484	34.8219
4485	4485	-10.723
4486	4486	-20.4242
4487	4487	-15.8192
4488	4488	-20.5739
4489	4489	1.97971
4490	4490	31.5726
4491	4491	21.7194
4492	4492	6.31547
4493	4493	-11.4336
4494	4494	60.8859
4495	4495	13.2869
4496	4496	-39.122
4497	4497	-19.0685
4498	4498	17.8862
4499	4499	5.45884
4500	4500	-38.5211
4501	4501	12.384
4502	4502	28.4568
4503	4503	1.43479
4504	4504	-15.2765
4505	4505	47.0542
4506	4506	-1.64856
4507	4507	44.992
4508	4508	-0.710347
4509	4509	31.3601
4510	4510	57.3104
4511	4511	-31.3099
4512	4512	-7.50127
4513	4513	-0.636984
4514	4514	20.6233
4515	4515	22.3631
4516	4516	-5.05898
4517	4517	-20.8175
4518	4518	7.48909
4519	4519	9.43295
4520	4520	54.565
4521	4521	-14.3377
4522	4522	-12.7674
4523	4523	-18.1187
4524	4524	29.8407
4525	4525	-4.69594
4526	4526	-24.4303
4527	4527	-16.6899
4528	4528	-1.64137
4529	4529	-18.0317
4530	4530	-1.3035
4531	4531	-15.0327
4532	4532	19.3751
4533	4533	-10.556
4534	4534	-11.0922
4535	4535	20.2909
4536	4536	-29.8686
4537	4537	-2.67465
4538	4538	28.5994
4539	4539	-14.3488
4540	4540	-4.46965
4541	4541	19.4612
4542	4542	24.2339
4543	4543	-6.86599
4544	4544	35.1666
4545	4545	49.775
4546	4546	-22.0231
4547	4547	-0.660577
4548	4548	13.8003
4549	4549	-17.4627
4550	4550	22.9467
4551	4551	13.9835
4552	4552	16.0989
4553	4553	-16.0082
4554	4554	-16.2208
4555	4555	-31.3246
4556	4556	-13.793
4557	4557	-12.1598
4558	4558	9.09963
4559	4559	-6.4516
4560	4560	26.7784
4561	4561	-35.8318
4562	4562	-5.42666
4563	4563	-13.5674
4564	4564	31.7697
4565	4565	-12.346
4566	4566	1.15672
4567	4567	-12.3165
4568	4568	2.67247
4569	4569	0.0428336
4570	4570	-23.9609
4571	4571	-18.0054
4572	4572	-16.5865
4573	4573	-36.6704
4574	4574	-9.05761
4575	4575	-17.2969
4576	4576	-15.8798
4577	4577	-11.4154
4578	4578	-0.151062
4579	4579	-15.8651
4580	4580	35.5974
4581	4581	-2.39244
4582	4582	40.7515
4583	4583	25.8192
4584	4584	6.3412
4585	4585	-5.95219
4586	4586	9.31189
4587	4587	2.80267
4588	4588	36.9823
4589	4589	2.95497
4590	4590	-12.0023
4591	4591	47.5336
4592	4592	18.6272
4593	4593	-19.1483
4594	4594	0.101423
4595	4595	16.4044
4596	4596	-0.932871
4597	4597	9.22173
4598	4598	-10.6312
4599	4599	-17.1358
4600	4600	33.6573
4601	4601	-15.3917
4602	4602	-2.8458
4603	4603	21.6752
4604	4604	19.0287
4605	4605	35.6359
4606	4606	-24.3855
4607	4607	44.2386
4608	4608	22.8675
4609	4609	6.94807
4610	4610	23.5376
4611	4611	1.35872
4612	4612	-50.8467
4613	4613	22.9682
4614	4614	-20.1062
4615	4615	0.64881
4616	4616	-33.7923
4617	4617	-9.10776
4618	4618	-17.7452
4619	4619	6.48466
4620	4620	2.31402
4621	4621	-11.4265
4622	4622	-23.2234
4623	4623	-20.8061
4624	4624	36.968
4625	4625	-3.54913
4626	4626	-18.9617
4627	4627	-38.5886
4628	4628	-0.0459777
4629	4629	17.1684
4630	4630	20.6553
4631	4631	51.4735
4632	4632	13.0783
4633	4633	-23.4833
4634	4634	21.1066
4635	4635	4.02022
4636	4636	-14.7233
4637	4637	37.0132
4638	4638	34.5213
4639	4639	-40.3975
4640	4640	0.964316
4641	4641	-19.7922
4642	4642	-15.5433
4643	4643	-6.69704
4644	4644	-4.36903
4645	4645	6.58752
4646	4646	5.25165
4647	4647	-22.1878
4648	4648	5.99669
4649	4649	-19.44
4650	4650	-4.11786
4651	4651	-14.8122
4652	4652	-15.5832
4653	4653	-56.6781
4654	4654	-1.00955
4655	4655	-5.05656
4656	4656	-11.877
4657	4657	-12.1553
4658	4658	9.3296
4659	4659	14.8737
4660	4660	14.0906
4661	4661	-48.2637
4662	4662	-8.73238
4663	4663	11.1623
4664	4664	-13.2896
4665	4665	-15.4998
4666	4666	-0.116346
4667	4667	-19.3899
4668	4668	6.89206
4669	4669	29.1068
4670	4670	3.31426
4671	4671	-35.2244
4672	4672	39.9208
4673	4673	-6.92285
4674	4674	-22.0856
4675	4675	11.8015
4676	4676	-36.4449
4677	4677	9.43156
4678	4678	-8.16704
4679	4679	-33.0398
4680	4680	-1.01954
4681	4681	4.20384
4682	4682	-0.0124577
4683	4683	21.2774
4684	4684	1.48146
4685	4685	3.15751
4686	4686	30.6973
4687	4687	-31.5325
4688	4688	-17.1938
4689	4689	19.931
4690	4690	-22.6618
4691	4691	-1.81477
4692	4692	21.9516
4693	4693	-20.7373
4694	4694	12.8265
4695	4695	0.749598
4696	4696	4.81624
4697	4697	-2.53653
4698	4698	-4.67618
4699	4699	-2.68183
4700	4700	29.9651
4701	4701	-36.7101
4702	4702	11.2115
4703	4703	-2.13107
4704	4704	-20.0106
4705	4705	-37.1087
4706	4706	-20.0438
4707	4707	20.2316
4708	4708	13.8782
4709	4709	-16.8649
4710	4710	26.5044
4711	4711	9.48629
4712	4712	-13.4069
4713	4713	9.30367
4714	4714	-16.7141
4715	4715	1.7977
4716	4716	10.6199
4717	4717	15.4105
4718	4718	16.5146
4719	4719	-8.98871
4720	4720	0.487198
4721	4721	13.7416
4722	4722	-29.281
4723	4723	-8.45079
4724	4724	-2.90504
4725	4725	7.62584
4726	4726	-7.92979
4727	4727	-26.5954
4728	4728	37.9187
4729	4729	-26.6953
4730	4730	-14.2022
4731	4731	-1.92233
4732	4732	-10.8373
4733	4733	10.5846
4734	4734	42.5693
4735	4735	-36.2309
4736	4736	16.1617
4737	4737	-39.4331
4738	4738	-19.0155
4739	4739	5.79994
4740	4740	38.862
4741	4741	-11.2409
4742	4742	-11.5267
4743	4743	-15.193
4744	4744	20.1422
4745	4745	8.77001
4746	4746	-5.14843
4747	4747	-17.4593
4748	4748	4.04207
4749	4749	8.05897
4750	4750	-35.4545
4751	4751	20.7924
4752	4752	19.6571
4753	4753	-20.991
4754	4754	33.0715
4755	4755	-23.0201
4756	4756	-39.885
4757	4757	29.4236
4758	4758	-28.3219
4759	4759	0.464388
4760	4760	-17.5854
4761	4761	10.6275
4762	4762	7.03866
4763	4763	1.35441
4764	4764	-20.5981
4765	4765	3.71071
4766	4766	2.5069
4767	4767	-14.3114
4768	4768	6.55666
4769	4769	2.12751
4770	4770	28.5933
4771	4771	-18.5181
4772	4772	17.5987
4773	4773	-2.83394
4774	4774	16.5325
4775	4775	22.8883
4776	4776	-13.2012
4777	4777	-12.6964
4778	4778	-21.72
4779	4779	-14.1104
4780	4780	-7.08397
4781	4781	10.6525
4782	4782	9.2751
4783	4783	20.074
4784	4784	-27.8321
4785	4785	-26.4419
4786	4786	-7.82406
4787	4787	-16.3233
4788	4788	25.1803
4789	4789	46.9794
4790	4790	-14.1657
4791	4791	48.3308
4792	4792	-18.0506
4793	4793	-20.4208
4794	4794	44.7648
4795	4795	-10.573
4796	4796	-16.392
4797	4797	24.6668
4798	4798	-13.1913
4799	4799	-3.24142
