sample_id	sample_id2	phensim
zero	zero	-10.5837
1	1	-8.40073
2	2	48.7939
3	3	-33.6284
4	4	27.1845
5	5	32.8853
6	6	56.6666
7	7	-45.6218
8	8	-7.10255
9	9	7.75288
10	10	-12.7266
11	11	-1.58461
12	12	17.385
13	13	20.9964
14	14	11.053
15	15	-27.1183
16	16	38.2597
17	17	-26.4721
18	18	-3.19486
19	19	-12.2632
20	20	-4.22221
21	21	29.3689
22	22	0.0526579
23	23	3.06085
24	24	40.3539
25	25	4.6837
26	26	4.76504
27	27	49.6202
28	28	35.3032
29	29	33.9238
30	30	3.16874
31	31	-35.1901
32	32	-0.935233
33	33	12.0412
34	34	-12.0941
35	35	26.0076
36	36	-17.841
37	37	-27.4082
38	38	-23.2981
39	39	-30.2381
40	40	44.4312
41	41	2.14567
42	42	-30.5719
43	43	15.1064
44	44	-23.5175
45	45	-6.70817
46	46	17.791
47	47	-1.3813
48	48	50.5033
49	49	-5.29839
50	50	-25.1806
51	51	10.5277
52	52	-28.609
53	53	-1.02628
54	54	57.5947
55	55	-8.31606
56	56	18.631
57	57	37.0715
58	58	-2.63887
59	59	40.8074
60	60	-39.0812
61	61	-3.95742
62	62	-16.5631
63	63	3.17585
64	64	-16.1012
65	65	-11.155
66	66	-11.3555
67	67	-18.3863
68	68	-9.57869
69	69	-5.85584
70	70	-22.5244
71	71	-30.8541
72	72	-5.27925
73	73	8.80662
74	74	-41.7457
75	75	-1.12507
76	76	-18.7856
77	77	26.3451
78	78	25.9743
79	79	1.69164
80	80	-3.73533
81	81	-4.1683
82	82	-2.00299
83	83	-47.1838
84	84	6.21307
85	85	6.23447
86	86	-7.29984
87	87	-27.5953
88	88	-10.9496
89	89	17.5651
90	90	-9.27433
91	91	-10.1984
92	92	3.68969
93	93	23.7948
94	94	-0.503931
95	95	-3.14324
96	96	10.9208
97	97	8.44493
98	98	3.00591
99	99	-31.9722
100	100	-21.7168
101	101	-8.66903
102	102	2.28993
103	103	-40.9955
104	104	-12.4367
105	105	-16.3008
106	106	33.9682
107	107	-29.3679
108	108	-8.75489
109	109	-5.27947
110	110	3.2334
111	111	15.7004
112	112	-40.7523
113	113	-3.41527
114	114	26.6677
115	115	-19.928
116	116	35.7277
117	117	25.1719
118	118	-2.92045
119	119	-7.30798
120	120	-3.92359
121	121	45.9366
122	122	-21.5382
123	123	4.66905
124	124	10.1613
125	125	-12.5141
126	126	-10.2393
127	127	18.4791
128	128	2.39587
129	129	-4.07192
130	130	7.17736
131	131	-16.2435
132	132	-2.17805
133	133	6.4037
134	134	17.4377
135	135	-3.80671
136	136	22.6782
137	137	-2.17705
138	138	-15.5324
139	139	-44.7566
140	140	-16.7804
141	141	-41.0834
142	142	-25.2623
143	143	-12.1237
144	144	-26.9624
145	145	-12.8522
146	146	-4.16992
147	147	41.5097
148	148	-5.08127
149	149	1.14109
150	150	12.1003
151	151	16.2893
152	152	16.3028
153	153	36.831
154	154	15.5207
155	155	-28.5391
156	156	-0.390047
157	157	-25.3649
158	158	-1.93326
159	159	1.00592
160	160	23.0638
161	161	-11.9647
162	162	3.96561
163	163	-29.559
164	164	-16.8637
165	165	14.6793
166	166	14.6593
167	167	-30.884
168	168	-2.18859
169	169	-3.94954
170	170	-12.8147
171	171	-26.471
172	172	-19.8197
173	173	-31.7062
174	174	38.1363
175	175	-44.8791
176	176	20.2951
177	177	-29.6901
178	178	-22.0237
179	179	2.76557
180	180	16.5676
181	181	21.3404
182	182	-1.30804
183	183	26.9081
184	184	-2.81049
185	185	-4.2105
186	186	-11.0611
187	187	15.4931
188	188	-0.452649
189	189	-14.9604
190	190	12.9045
191	191	-2.38872
192	192	4.61695
193	193	-22.3757
194	194	43.2006
195	195	-12.2166
196	196	-17.6646
197	197	-18.3923
198	198	14.6532
199	199	41.4229
200	200	5.87759
201	201	6.31551
202	202	-0.608922
203	203	-0.100451
204	204	43.1557
205	205	-14.1765
206	206	-8.62172
207	207	-29.8211
208	208	-30.7711
209	209	-1.06889
210	210	4.87536
211	211	-24.924
212	212	0.972567
213	213	-3.95061
214	214	-9.0409
215	215	-22.7235
216	216	-44.0873
217	217	-10.5376
218	218	0.426872
219	219	-40.7608
220	220	45.694
221	221	-8.13647
222	222	-21.2277
223	223	-14.3622
224	224	26.5428
225	225	9.42359
226	226	20.4556
227	227	15.4893
228	228	41.0879
229	229	-7.05264
230	230	-32.1553
231	231	-8.41105
232	232	9.09299
233	233	-7.24175
234	234	-3.75762
235	235	-12.9506
236	236	-21.7123
237	237	32.5883
238	238	42.1404
239	239	-26.0473
240	240	3.30146
241	241	20.1621
242	242	17.2529
243	243	0.232143
244	244	-7.26246
245	245	17.8935
246	246	27.4897
247	247	10.2586
248	248	1.49595
249	249	2.46795
250	250	-4.34951
251	251	63.0616
252	252	5.34639
253	253	17.4054
254	254	-29.4544
255	255	25.8462
256	256	41.6721
257	257	65.8836
258	258	-3.87644
259	259	-18.1272
260	260	36.439
261	261	-5.60369
262	262	41.2518
263	263	59.9136
264	264	-50.2119
265	265	-25.4891
266	266	38.8313
267	267	8.58502
268	268	20.3235
269	269	-4.04924
270	270	7.45975
271	271	-11.287
272	272	9.74044
273	273	-14.7179
274	274	-24.3557
275	275	-14.2006
276	276	2.68583
277	277	11.5516
278	278	-38.782
279	279	7.16639
280	280	20.7097
281	281	-27.3533
282	282	-4.57502
283	283	31.9165
284	284	15.6397
285	285	0.807738
286	286	-13.6115
287	287	8.38098
288	288	8.6142
289	289	-7.70039
290	290	-54.5743
291	291	-12.1699
292	292	-36.8484
293	293	-1.94638
294	294	-8.52034
295	295	0.313839
296	296	-21.3223
297	297	-12.4815
298	298	0.0991984
299	299	21.9395
