sample_id	sample_id2	phensim
zero	zero	2.19221
1	1	-9.63863
2	2	5.84106
3	3	49.5723
4	4	-2.62362
5	5	-7.0633
6	6	-3.36585
7	7	2.16446
8	8	-11.543
9	9	-13.7731
10	10	21.3037
11	11	-7.32543
12	12	20.8852
13	13	27.2802
14	14	-7.14057
15	15	2.11487
16	16	-33.8907
17	17	-23.7613
18	18	-10.9503
19	19	-6.2051
20	20	0.335229
21	21	-19.0753
22	22	6.83433
23	23	-34.1091
24	24	3.3237
25	25	6.87646
26	26	13.4008
27	27	-11.0779
28	28	-10.5821
29	29	0.81681
30	30	-9.75464
31	31	-5.92308
32	32	5.92727
33	33	-11.5078
34	34	-12.0706
35	35	-29.5052
36	36	-2.69961
37	37	53.2731
38	38	14.9117
39	39	-7.77848
40	40	-16.6458
41	41	-9.89077
42	42	18.1026
43	43	-46.2491
44	44	-13.9573
45	45	31.552
46	46	55.0588
47	47	42.8554
48	48	14.3736
49	49	-2.4726
50	50	2.61454
51	51	28.597
52	52	1.04131
53	53	-42.9601
54	54	-28.498
55	55	30.1065
56	56	-5.95817
57	57	-17.2222
58	58	2.66602
59	59	3.23145
60	60	-0.0787864
61	61	-17.4806
62	62	10.6721
63	63	-17.3308
64	64	-0.0561567
65	65	2.58012
66	66	-16.5826
67	67	9.13917
68	68	24.4888
69	69	17.9765
70	70	-13.9534
71	71	-21.4211
72	72	15.8854
73	73	-21.0733
74	74	-21.299
75	75	-7.5923
76	76	2.19427
77	77	-13.6351
78	78	-10.2346
79	79	-7.41851
80	80	-2.20597
81	81	-16.5709
82	82	-3.75413
83	83	-13.7579
84	84	2.49647
85	85	12.7893
86	86	-11.991
87	87	-10.2615
88	88	-3.17654
89	89	-11.3202
90	90	1.7708
91	91	-23.2745
92	92	-10.4572
93	93	23.9916
94	94	14.4385
95	95	-28.4217
96	96	-4.17689
97	97	18.4463
98	98	-3.91142
99	99	-8.65513
100	100	5.05334
101	101	-10.6946
102	102	21.1457
103	103	28.7755
104	104	-3.56159
105	105	41.3627
106	106	1.98136
107	107	26.1343
108	108	18.4109
109	109	2.07209
110	110	-26.9727
111	111	0.503977
112	112	13.8757
113	113	-1.38891
114	114	21.9687
115	115	-2.57008
116	116	-1.83077
117	117	-30.0342
118	118	37.8015
119	119	32.3952
120	120	-4.52037
121	121	-5.92531
122	122	38.833
123	123	6.32307
124	124	18.5735
125	125	-2.04985
126	126	-5.04515
127	127	-2.66892
128	128	-20.2663
129	129	-21.3113
130	130	24.8166
131	131	42.2488
132	132	3.5109
133	133	10.9863
134	134	-14.985
135	135	12.3308
136	136	-0.857058
137	137	13.0242
138	138	-14.8058
139	139	14.5604
140	140	-4.67713
141	141	-9.09695
142	142	-11.011
143	143	-20.033
144	144	25.7552
145	145	4.83352
146	146	5.93935
147	147	-8.91817
148	148	16.7115
149	149	-37.301
150	150	19.3472
151	151	18.4245
152	152	15.4671
153	153	-28.7794
154	154	22.2497
155	155	-8.5997
156	156	4.30877
157	157	-3.27527
158	158	-11.2973
159	159	5.0559
160	160	9.36183
161	161	8.87101
162	162	6.23086
163	163	-21.2571
164	164	-31.3963
165	165	13.3205
166	166	15.8388
167	167	-7.15427
168	168	-0.492828
169	169	-10.0963
170	170	-6.00975
171	171	-21.7699
172	172	-8.85147
173	173	-12.9254
174	174	-1.69253
175	175	12.4908
176	176	-28.9024
177	177	-9.42912
178	178	28.2885
179	179	-6.96013
180	180	-15.3616
181	181	2.02402
182	182	-10.063
183	183	-1.4105
184	184	15.7456
185	185	-13.9699
186	186	-14.5789
187	187	0.554722
188	188	24.5756
189	189	14.8242
190	190	-19.3764
191	191	-12.4178
192	192	-9.62271
193	193	-14.2736
194	194	-11.4183
195	195	23.8547
196	196	-3.89161
197	197	15.231
198	198	-1.14106
199	199	-23.3404
200	200	-0.453992
201	201	3.85452
202	202	-16.1323
203	203	4.90263
204	204	4.8811
205	205	-15.3223
206	206	-12.0315
207	207	-1.43404
208	208	-25.5818
209	209	21.2503
210	210	7.09502
211	211	25.7255
212	212	-2.00546
213	213	7.73965
214	214	7.42272
215	215	5.8295
216	216	-8.35357
217	217	7.85695
218	218	-20.2582
219	219	13.8922
220	220	-4.54803
221	221	-0.78596
222	222	10.8516
223	223	-10.7371
224	224	-19.2013
225	225	38.4863
226	226	-16.1728
227	227	8.61782
228	228	-12.71
229	229	22.6491
230	230	31.7653
231	231	0.522719
232	232	20.795
233	233	-23.4839
234	234	-24.0412
235	235	15.8916
236	236	21.6975
237	237	3.13465
238	238	-20.7442
239	239	0.596465
240	240	-47.166
241	241	1.80113
242	242	15.051
243	243	12.662
244	244	0.507744
245	245	1.06079
246	246	-13.6661
247	247	1.42369
248	248	-12.7941
249	249	-1.15687
250	250	12.5229
251	251	-23.8325
252	252	-7.35261
253	253	-22.0192
254	254	2.84084
255	255	19.3319
256	256	-0.658298
257	257	1.81538
258	258	3.15715
259	259	3.4454
260	260	-3.00491
261	261	25.9125
262	262	-0.4365
263	263	-7.48923
264	264	4.05337
265	265	9.95898
266	266	8.18043
267	267	23.7854
268	268	-8.89772
269	269	-28.1643
270	270	8.10662
271	271	-35.181
272	272	-3.20781
273	273	-19.7319
274	274	2.11134
275	275	-8.90273
276	276	-1.49019
277	277	14.7429
278	278	-2.51991
279	279	25.1377
280	280	-23.2477
281	281	-0.0236366
282	282	4.20281
283	283	-7.33348
284	284	12.0233
285	285	-16.3676
286	286	-13.5994
287	287	-0.343955
288	288	-7.45762
289	289	12.9561
290	290	11.2732
291	291	7.26405
292	292	12.5965
293	293	-26.6542
294	294	18.3171
295	295	2.5294
296	296	-26.1199
297	297	2.72161
298	298	22.1236
299	299	16.3437
300	300	3.6824
301	301	-17.0737
302	302	-8.44914
303	303	-29.6838
304	304	-21.2649
305	305	-3.5333
306	306	-4.84087
307	307	5.66715
308	308	15.7327
309	309	-0.445461
310	310	-18.4329
311	311	2.07197
312	312	0.876287
313	313	-19.5101
314	314	0.0458748
315	315	-26.8087
316	316	2.25401
317	317	-22.512
318	318	14.2818
319	319	-20.0527
320	320	-0.533752
321	321	-2.44071
322	322	2.83294
323	323	-13.1243
324	324	-31.8845
325	325	21.6957
326	326	-1.83843
327	327	-11.0287
328	328	-4.51929
329	329	13.8516
330	330	-32.4061
331	331	46.6134
332	332	-4.1113
333	333	5.57051
334	334	-14.9209
335	335	13.2271
336	336	31.1356
337	337	-5.96984
338	338	-9.36429
339	339	-14.9099
340	340	20.8782
341	341	-24.3697
342	342	-1.35497
343	343	37.6576
344	344	15.0853
345	345	15.1122
346	346	8.73042
347	347	-15.8195
348	348	-11.0878
349	349	-14.3905
350	350	-23.527
351	351	24.8767
352	352	-4.73695
353	353	4.77438
354	354	-44.6386
355	355	4.80657
356	356	18.8445
357	357	-3.77022
358	358	-5.4876
359	359	11.4433
360	360	49.634
361	361	3.1346
362	362	0.182412
363	363	12.8309
364	364	-17.273
365	365	14.6309
366	366	-3.83382
367	367	-13.0848
368	368	6.2101
369	369	-5.86909
370	370	-11.5972
371	371	-9.36556
372	372	6.87643
373	373	-5.68961
374	374	-9.04491
375	375	1.02696
376	376	20.8304
377	377	11.0286
378	378	-4.42609
379	379	-17.6414
380	380	1.25749
381	381	-10.7394
382	382	-1.58517
383	383	11.6563
384	384	-4.66606
385	385	-4.24712
386	386	1.417
387	387	-1.81369
388	388	14.1936
389	389	-21.4024
390	390	16.328
391	391	-34.4349
392	392	30.9612
393	393	-15.6129
394	394	-8.94822
395	395	-24.0039
396	396	-6.49033
397	397	-8.01492
398	398	-0.353713
399	399	14.2395
400	400	-33.7475
401	401	-23.0199
402	402	-17.9103
403	403	5.46744
404	404	-6.14486
405	405	29.2933
406	406	30.2176
407	407	-29.6794
408	408	30.9664
409	409	-15.0167
410	410	21.9525
411	411	-16.9056
412	412	-10.1392
413	413	20.6742
414	414	34.6163
415	415	6.90599
416	416	-8.45042
417	417	-8.64681
418	418	43.9665
419	419	-12.7831
420	420	17.2423
421	421	-15.5489
422	422	-24.1865
423	423	-2.74122
424	424	-20.6461
425	425	-41.5404
426	426	8.61493
427	427	13.6336
428	428	-13.292
429	429	22.8773
430	430	18.4403
431	431	27.082
432	432	36.7056
433	433	19.5732
434	434	1.47831
435	435	-10.6289
436	436	-11.096
437	437	12.6396
438	438	-4.12674
439	439	-13.2229
440	440	19.1445
441	441	9.03838
442	442	-1.10851
443	443	-16.5737
444	444	1.18651
445	445	28.5652
446	446	7.67347
447	447	17.9975
448	448	-34.7296
449	449	-29.3712
450	450	3.0356
451	451	7.38484
452	452	30.5147
453	453	-4.60314
454	454	19.8628
455	455	0.274713
456	456	24.3157
457	457	-7.77938
458	458	-11.983
459	459	15.7815
460	460	-2.42124
461	461	32.3566
462	462	-11.914
463	463	2.6328
464	464	-3.14247
465	465	9.01082
466	466	-8.84882
467	467	-16.103
468	468	-11.177
469	469	2.85754
470	470	-6.03638
471	471	-21.9401
472	472	29.3863
473	473	-10.2215
474	474	-17.1295
475	475	-21.2178
476	476	-15.6085
477	477	6.82315
478	478	-1.35759
479	479	37.8568
480	480	6.57541
481	481	-3.10711
482	482	-4.99232
483	483	10.4955
484	484	-14.8162
485	485	6.12308
486	486	24.6993
487	487	22.1943
488	488	4.28374
489	489	22.616
490	490	14.9608
491	491	2.11384
492	492	4.41813
493	493	14.3527
494	494	-34.2261
495	495	8.99099
496	496	-51.9024
497	497	6.60275
498	498	11.7336
499	499	7.0479
500	500	-12.146
501	501	19.1452
502	502	-5.8114
503	503	-3.79186
504	504	-12.3938
505	505	19.4844
506	506	-9.6091
507	507	-26.9466
508	508	-6.358
509	509	10.1598
510	510	-2.07458
511	511	-1.83854
512	512	9.52109
513	513	-9.33576
514	514	-4.76691
515	515	-21.4442
516	516	5.71068
517	517	-5.12443
518	518	4.02179
519	519	21.9017
520	520	5.50947
521	521	10.7375
522	522	9.7508
523	523	-4.48519
524	524	-14.5656
525	525	2.47072
526	526	33.9942
527	527	0.572371
528	528	30.2196
529	529	-16.3173
530	530	27.0942
531	531	10.948
532	532	8.3491
533	533	14.1413
534	534	-11.7472
535	535	22.597
536	536	10.4275
537	537	7.61305
538	538	-4.08477
539	539	-2.57707
540	540	-27.597
541	541	12.5068
542	542	-7.18138
543	543	-0.490518
544	544	21.1108
545	545	36.9958
546	546	1.51804
547	547	-13.5992
548	548	-13.947
549	549	8.16921
550	550	15.0931
551	551	2.01948
552	552	-21.3678
553	553	34.2308
554	554	20.6732
555	555	11.7668
556	556	13.5816
557	557	-14.1384
558	558	28.465
559	559	-11.7718
560	560	2.1302
561	561	-14.9722
562	562	1.6975
563	563	10.8202
564	564	9.52966
565	565	-22.7981
566	566	-11.8621
567	567	12.165
568	568	8.43421
569	569	-40.7866
570	570	-5.55925
571	571	-4.27877
572	572	-8.26885
573	573	8.902
574	574	-7.9259
575	575	12.37
576	576	2.41985
577	577	-22.5758
578	578	8.39836
579	579	-24.7485
580	580	16.1325
581	581	-13.8158
582	582	-5.30625
583	583	-11.9209
584	584	-2.7146
585	585	5.58035
586	586	7.6344
587	587	-16.3671
588	588	11.3443
589	589	-20.1085
590	590	13.632
591	591	15.6886
592	592	12.6035
593	593	-0.640344
594	594	20.7694
595	595	-6.40747
596	596	-11.4138
597	597	2.95043
598	598	-1.07537
599	599	25.6226
600	600	-2.19471
601	601	31.8314
602	602	-17.5349
603	603	-6.09092
604	604	11.8245
605	605	-5.25432
606	606	7.35519
607	607	7.5019
608	608	15.7164
609	609	6.66401
610	610	13.1771
611	611	-23.2072
612	612	-32.3777
613	613	-16.3197
614	614	14.3073
615	615	14.1899
616	616	-31.1228
617	617	-16.8457
618	618	8.36419
619	619	3.59514
620	620	6.00457
621	621	-5.00754
622	622	-3.38106
623	623	10.2966
624	624	-16.8813
625	625	-24.7816
626	626	-1.06544
627	627	12.3892
628	628	-9.10357
629	629	10.4389
630	630	39.7247
631	631	-2.57648
632	632	4.43964
633	633	-5.92702
634	634	-10.1667
635	635	10.4971
636	636	21.9999
637	637	9.09149
638	638	-5.61028
639	639	-19.9166
640	640	21.606
641	641	-11.8866
642	642	9.51806
643	643	-15.48
644	644	-6.15569
645	645	13.2831
646	646	-14.9026
647	647	3.12328
648	648	34.8351
649	649	12.2097
650	650	-21.8121
651	651	13.2678
652	652	-3.49435
653	653	-2.82605
654	654	-6.97418
655	655	-24.073
656	656	-14.0101
657	657	-17.8045
658	658	-15.8087
659	659	-12.5633
660	660	-11.9099
661	661	-25.1539
662	662	-13.0875
663	663	26.1604
664	664	1.74274
665	665	15.8439
666	666	-9.27865
667	667	-6.80284
668	668	-7.59422
669	669	-10.2222
670	670	-3.15629
671	671	-0.445247
672	672	10.7746
673	673	-10.8569
674	674	-6.8626
675	675	17.6058
676	676	-8.41054
677	677	-9.21868
678	678	-23.9481
679	679	19.0333
680	680	23.8353
681	681	-4.05845
682	682	-12.8529
683	683	1.16572
684	684	10.872
685	685	30.6113
686	686	25.5935
687	687	40.3283
688	688	0.967766
689	689	13.1648
690	690	1.96731
691	691	-4.33057
692	692	-2.79082
693	693	14.7882
694	694	29.6456
695	695	-4.90352
696	696	-8.22152
697	697	-13.6673
698	698	8.06991
699	699	3.36783
700	700	-2.63276
701	701	-49.3771
702	702	-11.1394
703	703	-17.7394
704	704	-8.44765
705	705	22.8785
706	706	27.6998
707	707	-31.7546
708	708	-10.5085
709	709	0.265174
710	710	20.3697
711	711	12.6218
712	712	-5.18385
713	713	8.23793
714	714	13.643
715	715	-11.5555
716	716	2.89979
717	717	-10.3576
718	718	2.8624
719	719	25.1342
720	720	-12.2218
721	721	9.05052
722	722	13.4133
723	723	-15.0368
724	724	-7.13888
725	725	-0.34203
726	726	-11.5814
727	727	9.08188
728	728	-3.15545
729	729	-5.76783
730	730	-1.87229
731	731	-24.6639
732	732	20.4214
733	733	6.50509
734	734	-7.28761
735	735	-23.0662
736	736	6.3022
737	737	7.5699
738	738	-5.67376
739	739	-5.80912
740	740	-8.18887
741	741	-22.1825
742	742	1.65987
743	743	-20.8814
744	744	-6.82142
745	745	-25.3482
746	746	-18.9536
747	747	-22.3551
748	748	-13.3683
749	749	15.9126
750	750	-12.7069
751	751	11.8228
752	752	20.9568
753	753	40.9035
754	754	-19.8571
755	755	8.02873
756	756	-0.815279
757	757	-20.2347
758	758	2.17465
759	759	14.8727
760	760	7.4535
761	761	-15.1838
762	762	-29.5379
763	763	6.5393
764	764	10.6194
765	765	9.41807
766	766	-17.505
767	767	-7.16855
768	768	-6.463
769	769	-8.58695
770	770	-12.7273
771	771	21.8613
772	772	22.6076
773	773	12.6912
774	774	16.2992
775	775	-0.205744
776	776	-41.0015
777	777	38.4981
778	778	2.10053
779	779	-27.4599
780	780	-0.0559619
781	781	-12.7441
782	782	33.1312
783	783	11.6768
784	784	-4.04537
785	785	4.67845
786	786	2.47742
787	787	24.0095
788	788	-7.02572
789	789	-3.71085
790	790	0.149009
791	791	-2.59202
792	792	-14.6334
793	793	10.2246
794	794	5.98895
795	795	2.24009
796	796	5.79111
797	797	-19.611
798	798	4.371
799	799	18.6884
800	800	-25.6539
801	801	-33.8077
802	802	7.03278
803	803	-11.6997
804	804	-26.1223
805	805	29.2972
806	806	1.85722
807	807	0.853075
808	808	21.1619
809	809	0.374507
810	810	-9.13082
811	811	-14.2405
812	812	-12.1366
813	813	3.75621
814	814	-11.9448
815	815	24.8705
816	816	8.47025
817	817	0.320089
818	818	11.7396
819	819	3.96455
820	820	-12.1659
821	821	-2.68582
822	822	-5.79369
823	823	-3.99364
824	824	-10.3295
825	825	28.1445
826	826	16.3003
827	827	-4.69727
828	828	9.15012
829	829	2.69655
830	830	-9.59916
831	831	-7.01194
832	832	5.79251
833	833	-27.7347
834	834	-0.956127
835	835	-18.9508
836	836	-16.6418
837	837	16.632
838	838	8.23165
839	839	38.1697
840	840	-12.7884
841	841	9.52561
842	842	-0.290744
843	843	-12.0029
844	844	-6.944
845	845	15.9657
846	846	18.9712
847	847	-8.67392
848	848	-16.6096
849	849	10.9691
850	850	-0.858248
851	851	-4.24127
852	852	-6.14989
853	853	6.88476
854	854	-22.4053
855	855	-0.654639
856	856	25.6657
857	857	16.6617
858	858	28.952
859	859	23.0728
860	860	-3.74514
861	861	-8.55816
862	862	-3.58116
863	863	-3.03345
864	864	-7.34624
865	865	-13.5682
866	866	-11.5774
867	867	-23.8097
868	868	2.403
869	869	6.8048
870	870	-10.4684
871	871	-3.0823
872	872	-1.67828
873	873	-12.8368
874	874	-24.6016
875	875	-13.7617
876	876	-11.3349
877	877	28.879
878	878	-4.81826
879	879	0.164288
880	880	-8.76875
881	881	12.9829
882	882	-23.1282
883	883	-14.1219
884	884	8.03269
885	885	4.90383
886	886	-4.06171
887	887	3.8335
888	888	-0.532615
889	889	-27.0763
890	890	-22.4218
891	891	-6.4027
892	892	-20.4755
893	893	34.8577
894	894	-23.6085
895	895	20.2616
896	896	15.1915
897	897	15.5657
898	898	-5.41629
899	899	12.5158
900	900	27.523
901	901	15.326
902	902	2.97156
903	903	14.3466
904	904	-3.96733
905	905	-0.628771
906	906	-5.81455
907	907	26.475
908	908	3.12412
909	909	-12.2778
910	910	-24.3318
911	911	8.89842
912	912	-26.5425
913	913	-28.8394
914	914	-21.6258
915	915	11.7349
916	916	6.33993
917	917	1.76598
918	918	10.1768
919	919	-31.0689
920	920	-7.20747
921	921	-11.06
922	922	22.0373
923	923	-21.1661
924	924	18.2132
925	925	-6.47027
926	926	-6.84555
927	927	37.6331
928	928	27.6793
929	929	12.4085
930	930	2.13388
931	931	13.6964
932	932	19.764
933	933	-9.74725
934	934	8.88391
935	935	-4.81535
936	936	-9.46868
937	937	3.77331
938	938	-22.5483
939	939	4.19466
940	940	9.21369
941	941	-4.52053
942	942	4.99343
943	943	-4.27281
944	944	-20.7334
945	945	50.5318
946	946	-4.82034
947	947	-1.29825
948	948	30.7779
949	949	-0.686205
950	950	-9.41912
951	951	-16.8403
952	952	-0.945451
953	953	-1.64676
954	954	4.12194
955	955	-21.2794
956	956	-13.1187
957	957	0.339903
958	958	11.6584
959	959	10.7687
960	960	25.2482
961	961	0.784921
962	962	-14.2062
963	963	19.9576
964	964	8.30383
965	965	-13.8875
966	966	9.79282
967	967	33.5975
968	968	13.7842
969	969	-16.1191
970	970	24.7014
971	971	15.388
972	972	0.312354
973	973	14.3246
974	974	5.19051
975	975	28.7643
976	976	-9.86865
977	977	-9.13976
978	978	21.2306
979	979	-38.8213
980	980	20.1966
981	981	-13.2239
982	982	28.547
983	983	22.945
984	984	-20.4328
985	985	-18.2084
986	986	12.0281
987	987	-1.15178
988	988	-8.81503
989	989	26.3236
990	990	51.3241
991	991	-12.5128
992	992	22.1272
993	993	36.4039
994	994	3.29493
995	995	-11.4696
996	996	-12.0378
997	997	-10.772
998	998	-30.4697
999	999	23.7657
1000	1000	-17.3818
1001	1001	-41.8911
1002	1002	20.3119
1003	1003	24.9126
1004	1004	1.86682
1005	1005	29.0584
1006	1006	21.5988
1007	1007	45.7044
1008	1008	-5.18779
1009	1009	-13.864
1010	1010	17.1307
1011	1011	16.3914
1012	1012	27.1761
1013	1013	4.00741
1014	1014	-9.49764
1015	1015	9.09252
1016	1016	-21.928
1017	1017	-14.5151
1018	1018	13.005
1019	1019	2.23932
1020	1020	9.67759
1021	1021	-11.1734
1022	1022	3.58325
1023	1023	17.1061
1024	1024	-6.72125
1025	1025	16.003
1026	1026	-3.9207
1027	1027	1.47886
1028	1028	-19.5261
1029	1029	2.88372
1030	1030	16.4722
1031	1031	-1.11439
1032	1032	-14.8684
1033	1033	1.98327
1034	1034	-14.6639
1035	1035	8.56913
1036	1036	-3.26294
1037	1037	5.94479
1038	1038	-18.628
1039	1039	10.0556
1040	1040	-4.6849
1041	1041	2.15055
1042	1042	20.5549
1043	1043	7.71631
1044	1044	-2.48892
1045	1045	-8.43935
1046	1046	6.23806
1047	1047	7.64742
1048	1048	10.4394
1049	1049	-10.8161
1050	1050	14.7781
1051	1051	20.3949
1052	1052	-14.0421
1053	1053	15.871
1054	1054	-1.20189
1055	1055	-20.7622
1056	1056	19.816
1057	1057	-4.196
1058	1058	-6.14065
1059	1059	-9.39125
1060	1060	24.3785
1061	1061	-21.7729
1062	1062	-3.37933
1063	1063	-5.21317
1064	1064	-6.99549
1065	1065	10.6967
1066	1066	2.11598
1067	1067	-20.4297
1068	1068	-16.0089
1069	1069	-10.1373
1070	1070	4.78313
1071	1071	-9.77125
1072	1072	4.55004
1073	1073	1.03138
1074	1074	-7.04425
1075	1075	15.9656
1076	1076	-15.1113
1077	1077	34.4914
1078	1078	-9.21077
1079	1079	-13.8179
1080	1080	6.17655
1081	1081	-4.25353
1082	1082	-27.0441
1083	1083	10.8473
1084	1084	-16.844
1085	1085	-16.9516
1086	1086	-14.909
1087	1087	4.35456
1088	1088	-30.5765
1089	1089	17.2681
1090	1090	0.44131
1091	1091	4.81932
1092	1092	4.14748
1093	1093	-11.303
1094	1094	-13.573
1095	1095	10.4103
1096	1096	6.01879
1097	1097	2.00227
1098	1098	-3.72003
1099	1099	-5.31135
1100	1100	-7.10518
1101	1101	15.3711
1102	1102	-1.10077
1103	1103	-16.7527
1104	1104	-1.02441
1105	1105	-1.67129
1106	1106	-13.7813
1107	1107	25.0333
1108	1108	-17.8219
1109	1109	-3.07223
1110	1110	14.8542
1111	1111	-29.9493
1112	1112	8.3457
1113	1113	0.468052
1114	1114	23.1308
1115	1115	16.6968
1116	1116	-23.8324
1117	1117	17.035
1118	1118	1.30935
1119	1119	-6.38516
1120	1120	5.74009
1121	1121	20.6132
1122	1122	21.5836
1123	1123	-13.8007
1124	1124	10.7729
1125	1125	-14.3325
1126	1126	4.79885
1127	1127	-13.018
1128	1128	20.3742
1129	1129	56.6169
1130	1130	-33.3213
1131	1131	13.1333
1132	1132	30.6126
1133	1133	-11.4916
1134	1134	-3.04548
1135	1135	13.811
1136	1136	-4.47259
1137	1137	35.569
1138	1138	-15.9038
1139	1139	4.098
1140	1140	-17.0931
1141	1141	7.69522
1142	1142	-1.3248
1143	1143	-13.8156
1144	1144	10.2128
1145	1145	-16.1324
1146	1146	27.0271
1147	1147	30.1086
1148	1148	11.4077
1149	1149	-14.3102
1150	1150	7.33753
1151	1151	-18.4552
1152	1152	7.11701
1153	1153	5.23253
1154	1154	2.06975
1155	1155	-9.45459
1156	1156	29.2448
1157	1157	-19.6192
1158	1158	-11.6586
1159	1159	-31.4565
1160	1160	4.60039
1161	1161	-21.8488
1162	1162	12.8988
1163	1163	2.87096
1164	1164	21.0578
1165	1165	-14.7319
1166	1166	0.144423
1167	1167	6.71922
1168	1168	4.0797
1169	1169	-0.215388
1170	1170	5.63881
1171	1171	5.88253
1172	1172	-0.260067
1173	1173	24.2531
1174	1174	-1.8192
1175	1175	1.46075
1176	1176	12.0443
1177	1177	23.0746
1178	1178	-13.7683
1179	1179	-5.10835
1180	1180	10.5054
1181	1181	-8.47783
1182	1182	24.9834
1183	1183	42.6094
1184	1184	-2.07516
1185	1185	-0.67578
1186	1186	6.28715
1187	1187	-3.02342
1188	1188	-0.523756
1189	1189	-7.2396
1190	1190	-6.19442
1191	1191	-12.9401
1192	1192	0.990889
1193	1193	4.22724
1194	1194	-10.5441
1195	1195	1.89296
1196	1196	-34.0729
1197	1197	-28.5769
1198	1198	-37.7921
1199	1199	2.02348
1200	1200	3.39485
1201	1201	3.83457
1202	1202	-29.9877
1203	1203	8.67574
1204	1204	-15.3806
1205	1205	8.18159
1206	1206	27.9246
1207	1207	5.05773
1208	1208	-9.59375
1209	1209	22.7927
1210	1210	3.29585
1211	1211	-1.63206
1212	1212	-4.97029
1213	1213	-10.7969
1214	1214	5.53341
1215	1215	-2.40396
1216	1216	16.6878
1217	1217	-18.7862
1218	1218	9.22406
1219	1219	-13.7843
1220	1220	-7.06824
1221	1221	5.46112
1222	1222	-6.76398
1223	1223	-5.29452
1224	1224	-13.1238
1225	1225	7.94541
1226	1226	24.674
1227	1227	7.53233
1228	1228	-18.7217
1229	1229	30.0804
1230	1230	13.3468
1231	1231	7.34614
1232	1232	14.4188
1233	1233	-4.78555
1234	1234	-21.1344
1235	1235	-7.91943
1236	1236	-0.454097
1237	1237	0.888514
1238	1238	-5.99617
1239	1239	-3.61808
1240	1240	1.22528
1241	1241	-12.0522
1242	1242	-14.6098
1243	1243	4.62468
1244	1244	-14.5918
1245	1245	10.3549
1246	1246	-8.88369
1247	1247	36.0075
1248	1248	-7.55546
1249	1249	11.4418
1250	1250	-30.5729
1251	1251	-6.02414
1252	1252	-12.8573
1253	1253	3.1213
1254	1254	-30.1718
1255	1255	21.8491
1256	1256	-3.06311
1257	1257	-3.12956
1258	1258	42.8122
1259	1259	9.80299
1260	1260	5.49233
1261	1261	-4.16146
1262	1262	21.6379
1263	1263	9.06266
1264	1264	-33.2446
1265	1265	8.57654
1266	1266	1.58783
1267	1267	32.3306
1268	1268	-11.6452
1269	1269	-8.81455
1270	1270	5.63245
1271	1271	1.66818
1272	1272	4.96626
1273	1273	15.8858
1274	1274	-12.395
1275	1275	-10.0847
1276	1276	10.8867
1277	1277	-10.2619
1278	1278	-1.69947
1279	1279	-35.5269
1280	1280	31.7423
1281	1281	-11.9299
1282	1282	19.5107
1283	1283	28.7535
1284	1284	-7.32253
1285	1285	24.4323
1286	1286	-5.38689
1287	1287	19.2648
1288	1288	-16.251
1289	1289	2.59813
1290	1290	-10.0678
1291	1291	28.6686
1292	1292	-1.6357
1293	1293	-1.31416
1294	1294	-18.288
1295	1295	37.7353
1296	1296	9.60199
1297	1297	6.4403
1298	1298	-22.2633
1299	1299	20.3941
1300	1300	11.1031
1301	1301	-7.08238
1302	1302	-7.78865
1303	1303	27.1505
1304	1304	14.6101
1305	1305	21.025
1306	1306	-5.49406
1307	1307	-9.52567
1308	1308	1.88141
1309	1309	-29.4584
1310	1310	5.42206
1311	1311	-7.10267
1312	1312	19.0757
1313	1313	15.7707
1314	1314	0.188819
1315	1315	-4.03449
1316	1316	17.2696
1317	1317	14.0957
1318	1318	-4.21682
1319	1319	-17.6802
1320	1320	-2.96058
1321	1321	-0.36744
1322	1322	-2.00578
1323	1323	51.1514
1324	1324	-9.05251
1325	1325	-35.6585
1326	1326	20.4342
1327	1327	7.37085
1328	1328	-10.7948
1329	1329	0.397698
1330	1330	17.1684
1331	1331	2.76561
1332	1332	-10.8929
1333	1333	1.68863
1334	1334	24.0795
1335	1335	-3.03299
1336	1336	-0.154327
1337	1337	-13.2001
1338	1338	-0.547429
1339	1339	-11.7643
1340	1340	5.55725
1341	1341	-8.24263
1342	1342	-8.76915
1343	1343	-36.0492
1344	1344	-22.5601
1345	1345	10.2729
1346	1346	-9.94693
1347	1347	-11.3077
1348	1348	-0.941531
1349	1349	-2.99443
1350	1350	-5.87579
1351	1351	-33.0733
1352	1352	8.45785
1353	1353	9.42286
1354	1354	-4.1105
1355	1355	23.4723
1356	1356	4.45803
1357	1357	-12.0305
1358	1358	0.592334
1359	1359	-19.3785
1360	1360	13.5508
1361	1361	-5.84119
1362	1362	2.00746
1363	1363	-0.480091
1364	1364	16.2299
1365	1365	10.8209
1366	1366	-9.81923
1367	1367	-10.2896
1368	1368	-7.48906
1369	1369	12.1566
1370	1370	-9.88972
1371	1371	-4.36267
1372	1372	13.7413
1373	1373	-9.86546
1374	1374	-6.57128
1375	1375	-11.2707
1376	1376	1.7629
1377	1377	1.52636
1378	1378	-17.1563
1379	1379	-10.0508
1380	1380	17.6099
1381	1381	0.940268
1382	1382	18.7024
1383	1383	7.2191
1384	1384	22.6793
1385	1385	5.5799
1386	1386	10.4813
1387	1387	22.6438
1388	1388	-12.3299
1389	1389	-8.14708
1390	1390	36.302
1391	1391	-2.80369
1392	1392	-12.5267
1393	1393	25.3024
1394	1394	5.09992
1395	1395	-7.95031
1396	1396	-5.24222
1397	1397	14.9167
1398	1398	-16.6694
1399	1399	-9.63376
1400	1400	25.09
1401	1401	13.939
1402	1402	0.516856
1403	1403	23.5395
1404	1404	26.0451
1405	1405	13.5464
1406	1406	-23.4737
1407	1407	21.5762
1408	1408	-5.96557
1409	1409	9.18469
1410	1410	9.65157
1411	1411	10.3455
1412	1412	11.3242
1413	1413	-8.06843
1414	1414	-36.839
1415	1415	-11.9658
1416	1416	-17.8919
1417	1417	0.68953
1418	1418	19.7735
1419	1419	-12.4455
1420	1420	-19.6334
1421	1421	0.701773
1422	1422	-18.1734
1423	1423	-29.0095
1424	1424	10.8622
1425	1425	-6.79774
1426	1426	-18.3476
1427	1427	-0.523682
1428	1428	-12.5291
1429	1429	10.6006
1430	1430	-19.4207
1431	1431	-19.8732
1432	1432	18.5297
1433	1433	16.8806
1434	1434	-10.3276
1435	1435	0.499712
1436	1436	-20.5902
1437	1437	-13.2001
1438	1438	4.63995
1439	1439	5.01132
1440	1440	12.7785
1441	1441	5.59759
1442	1442	1.63551
1443	1443	8.88797
1444	1444	-7.41466
1445	1445	1.51409
1446	1446	-7.2491
1447	1447	24.6526
1448	1448	7.27702
1449	1449	-1.26955
1450	1450	-8.49947
1451	1451	-9.95749
1452	1452	11.8687
1453	1453	-39.5059
1454	1454	17.07
1455	1455	-23.4976
1456	1456	-1.31137
1457	1457	-9.44413
1458	1458	-13.7225
1459	1459	25.8549
1460	1460	14.0371
1461	1461	-23.4804
1462	1462	9.78733
1463	1463	1.98592
1464	1464	-4.77733
1465	1465	3.88879
1466	1466	-15.5895
1467	1467	6.4041
1468	1468	18.7744
1469	1469	16.8115
1470	1470	7.6426
1471	1471	14.4239
1472	1472	5.74656
1473	1473	3.67874
1474	1474	17.2149
1475	1475	-6.63496
1476	1476	-17.8996
1477	1477	-1.03564
1478	1478	12.3856
1479	1479	-17.8321
1480	1480	-7.93654
1481	1481	6.44021
1482	1482	22.8772
1483	1483	26.2688
1484	1484	-6.13074
1485	1485	5.59504
1486	1486	-17.9245
1487	1487	-38.4355
1488	1488	-14.3779
1489	1489	12.0614
1490	1490	7.74501
1491	1491	2.23817
1492	1492	2.36624
1493	1493	0.894363
1494	1494	-4.56357
1495	1495	-4.94119
1496	1496	-14.1591
1497	1497	-16.6174
1498	1498	-1.80762
1499	1499	-20.244
1500	1500	31.4034
1501	1501	-8.47668
1502	1502	21.9587
1503	1503	22.7502
1504	1504	-3.80981
1505	1505	-23.7801
1506	1506	-15.9556
1507	1507	11.4627
1508	1508	13.9256
1509	1509	16.7865
1510	1510	-7.32892
1511	1511	-10.5993
1512	1512	-16.1418
1513	1513	16.4031
1514	1514	24.3252
1515	1515	-5.32711
1516	1516	-5.42322
1517	1517	18.2574
1518	1518	-17.3874
1519	1519	21.7008
1520	1520	-12.8304
1521	1521	0.485509
1522	1522	-38.9437
1523	1523	-8.40533
1524	1524	-5.9722
1525	1525	22.1913
1526	1526	22.7381
1527	1527	-0.346231
1528	1528	30.8526
1529	1529	-8.66695
1530	1530	-4.24156
1531	1531	3.09027
1532	1532	-30.5353
1533	1533	-4.04025
1534	1534	-12.3133
1535	1535	-0.975726
1536	1536	1.15262
1537	1537	8.98057
1538	1538	-16.277
1539	1539	9.02758
1540	1540	-2.2231
1541	1541	-4.85228
1542	1542	0.432651
1543	1543	18.4514
1544	1544	13.384
1545	1545	-36.3271
1546	1546	2.70541
1547	1547	-18.297
1548	1548	12.7144
1549	1549	-4.111
1550	1550	30.9542
1551	1551	16.4914
1552	1552	30.2681
1553	1553	31.5939
1554	1554	13.0055
1555	1555	72.0212
1556	1556	22.7188
1557	1557	-28.7839
1558	1558	10.4855
1559	1559	41.5447
1560	1560	-37.251
1561	1561	-14.7444
1562	1562	7.50291
1563	1563	-0.832902
1564	1564	1.83477
1565	1565	-20.2826
1566	1566	-19.3942
1567	1567	-1.77221
1568	1568	-11.0521
1569	1569	18.6207
1570	1570	10.9946
1571	1571	7.17886
1572	1572	1.23921
1573	1573	1.39152
1574	1574	-0.573891
1575	1575	-6.40187
1576	1576	33.6647
1577	1577	3.70158
1578	1578	19.5699
1579	1579	-17.2532
1580	1580	-16.5046
1581	1581	2.1682
1582	1582	-38.4274
1583	1583	13.8491
1584	1584	-22.4492
1585	1585	-6.88594
1586	1586	-7.14703
1587	1587	-23.4454
1588	1588	5.82255
1589	1589	29.5188
1590	1590	6.5712
1591	1591	-16.1671
1592	1592	1.62661
1593	1593	-46.7923
1594	1594	-0.519144
1595	1595	-20.4303
1596	1596	-5.90655
1597	1597	9.02563
1598	1598	19.2319
1599	1599	-14.753
1600	1600	14.661
1601	1601	-26.2576
1602	1602	2.45079
1603	1603	15.7561
1604	1604	19.7292
1605	1605	7.59392
1606	1606	-1.2501
1607	1607	-12.128
1608	1608	-5.10667
1609	1609	34.7517
1610	1610	46.0526
1611	1611	-0.512222
1612	1612	-2.77937
1613	1613	-23.0553
1614	1614	19.1113
1615	1615	-28.1872
1616	1616	-9.85241
1617	1617	-6.12068
1618	1618	9.14571
1619	1619	26.7239
1620	1620	0.681038
1621	1621	11.1873
1622	1622	-10.0351
1623	1623	-0.259198
1624	1624	-5.05805
1625	1625	0.711232
1626	1626	19.3243
1627	1627	4.51936
1628	1628	-46.9063
1629	1629	-2.1635
1630	1630	4.01358
1631	1631	-24.2392
1632	1632	25.9382
1633	1633	11.4637
1634	1634	0.58168
1635	1635	-12.837
1636	1636	22.4281
1637	1637	34.099
1638	1638	-12.2517
1639	1639	0.936282
1640	1640	-6.44354
1641	1641	11.2069
1642	1642	-24.9688
1643	1643	-15.5381
1644	1644	8.80474
1645	1645	4.21679
1646	1646	8.45764
1647	1647	24.4956
1648	1648	13.3817
1649	1649	30.8954
1650	1650	17.7585
1651	1651	-30.0035
1652	1652	-4.30003
1653	1653	32.1287
1654	1654	-4.0839
1655	1655	45.7725
1656	1656	-16.4139
1657	1657	-11.1865
1658	1658	-3.15733
1659	1659	23.3992
1660	1660	19.7257
1661	1661	12.7321
1662	1662	-2.90245
1663	1663	20.9829
1664	1664	-15.6844
1665	1665	12.0359
1666	1666	15.0893
1667	1667	23.2317
1668	1668	-9.03512
1669	1669	7.11785
1670	1670	-5.17973
1671	1671	35.3083
1672	1672	15.3426
1673	1673	16.0384
1674	1674	-3.51981
1675	1675	-2.33463
1676	1676	-8.8377
1677	1677	-23.3192
1678	1678	-6.3693
1679	1679	1.20552
1680	1680	29.0671
1681	1681	21.3163
1682	1682	19.0244
1683	1683	-17.8913
1684	1684	-9.05966
1685	1685	-13.8042
1686	1686	-4.21709
1687	1687	11.345
1688	1688	-1.67105
1689	1689	-13.7877
1690	1690	-20.8283
1691	1691	-23.3436
1692	1692	-21.0636
1693	1693	6.18206
1694	1694	-7.82151
1695	1695	34.2695
1696	1696	-3.52121
1697	1697	-14.3822
1698	1698	-12.1828
1699	1699	44.1108
1700	1700	-4.13107
1701	1701	22.401
1702	1702	16.3332
1703	1703	-13.7423
1704	1704	8.27642
1705	1705	-10.7921
1706	1706	-21.1028
1707	1707	4.06868
1708	1708	22.6921
1709	1709	35.7719
1710	1710	-15.9702
1711	1711	7.00278
1712	1712	5.29901
1713	1713	-3.1155
1714	1714	26.4396
1715	1715	5.32897
1716	1716	-1.18892
1717	1717	-25.5912
1718	1718	18.8055
1719	1719	-21.3993
1720	1720	13.809
1721	1721	7.22783
1722	1722	6.99522
1723	1723	9.27322
1724	1724	5.78604
1725	1725	23.5619
1726	1726	-10.0505
1727	1727	26.1497
1728	1728	47.8054
1729	1729	13.9084
1730	1730	-11.5392
1731	1731	-7.21453
1732	1732	-36.9589
1733	1733	23.9213
1734	1734	16.1168
1735	1735	-15.4451
1736	1736	-2.24622
1737	1737	37.3992
1738	1738	7.7491
1739	1739	3.00167
1740	1740	-30.1525
1741	1741	7.07399
1742	1742	6.82341
1743	1743	-12.9001
1744	1744	55.2189
1745	1745	-37.3208
1746	1746	15.2861
1747	1747	-16.6685
1748	1748	-2.48095
1749	1749	-8.28502
1750	1750	-42.5682
1751	1751	-9.61676
1752	1752	-11.1986
1753	1753	-28.7172
1754	1754	13.1922
1755	1755	2.28269
1756	1756	-4.39835
1757	1757	-30.9105
1758	1758	-22.4016
1759	1759	14.1612
1760	1760	-7.88091
1761	1761	-3.35159
1762	1762	-8.99857
1763	1763	1.70255
1764	1764	21.0896
1765	1765	-33.5999
1766	1766	-3.82636
1767	1767	-24.0999
1768	1768	-1.51859
1769	1769	26.0712
1770	1770	-24.7399
1771	1771	2.88004
1772	1772	-9.07071
1773	1773	-27.0732
1774	1774	6.46328
1775	1775	2.45397
1776	1776	-0.183325
1777	1777	12.0636
1778	1778	16.7782
1779	1779	-14.0295
1780	1780	-0.845805
1781	1781	-6.61015
1782	1782	-6.18976
1783	1783	22.3271
1784	1784	15.4279
1785	1785	17.3392
1786	1786	-1.87147
1787	1787	3.64289
1788	1788	9.63286
1789	1789	-19.0499
1790	1790	36.7032
1791	1791	7.20958
1792	1792	16.258
1793	1793	-6.2492
1794	1794	2.28324
1795	1795	16.8496
1796	1796	11.9614
1797	1797	8.2049
1798	1798	10.7349
1799	1799	3.74192
1800	1800	13.8139
1801	1801	-10.5438
1802	1802	-0.166566
1803	1803	-9.44117
1804	1804	-19.5495
1805	1805	-13.7144
1806	1806	9.92826
1807	1807	23.211
1808	1808	-6.45768
1809	1809	-27.1823
1810	1810	5.03707
1811	1811	23.635
1812	1812	13.2528
1813	1813	10.1717
1814	1814	0.195108
1815	1815	-14.5076
1816	1816	-6.56499
1817	1817	-1.31721
1818	1818	5.48396
1819	1819	-10.4904
1820	1820	1.87653
1821	1821	11.7809
1822	1822	-19.7669
1823	1823	-6.53345
1824	1824	19.9398
1825	1825	12.8495
1826	1826	7.69464
1827	1827	13.5736
1828	1828	33.8655
1829	1829	-2.00515
1830	1830	-8.733
1831	1831	20.7279
1832	1832	7.82636
1833	1833	0.411238
1834	1834	6.80927
1835	1835	28.8426
1836	1836	-0.00703005
1837	1837	-4.31081
1838	1838	-0.266582
1839	1839	29.6738
1840	1840	25.6578
1841	1841	-2.92156
1842	1842	-10.652
1843	1843	-21.8316
1844	1844	-24.6986
1845	1845	9.32192
1846	1846	20.6691
1847	1847	48.8197
1848	1848	2.78978
1849	1849	6.02601
1850	1850	8.12044
1851	1851	7.27079
1852	1852	5.6834
1853	1853	-17.0342
1854	1854	-34.942
1855	1855	15.6828
1856	1856	29.6256
1857	1857	12.2848
1858	1858	10.3262
1859	1859	21.6079
1860	1860	28.1824
1861	1861	-2.67076
1862	1862	15.9198
1863	1863	-16.1695
1864	1864	5.44769
1865	1865	24.6627
1866	1866	-11.9361
1867	1867	-11.5348
1868	1868	14.4152
1869	1869	-22.6959
1870	1870	9.02017
1871	1871	-5.64231
1872	1872	15.2196
1873	1873	13.0904
1874	1874	10.0663
1875	1875	-2.52316
1876	1876	22.2848
1877	1877	-8.41472
1878	1878	0.220513
1879	1879	-0.970573
1880	1880	-19.4343
1881	1881	1.77441
1882	1882	-18.2653
1883	1883	-3.85101
1884	1884	1.52666
1885	1885	-23.9949
1886	1886	-8.94543
1887	1887	-14.4138
1888	1888	-8.26009
1889	1889	20.7363
1890	1890	-27.9754
1891	1891	-33.25
1892	1892	40.3006
1893	1893	-2.81685
1894	1894	-1.0785
1895	1895	20.5984
1896	1896	4.01177
1897	1897	-11.0411
1898	1898	-19.1483
1899	1899	-7.38357
1900	1900	0.352596
1901	1901	-6.71091
1902	1902	17.8741
1903	1903	9.37822
1904	1904	-4.91579
1905	1905	19.1565
1906	1906	26.5467
1907	1907	31.0736
1908	1908	9.10947
1909	1909	-15.7384
1910	1910	-12.6463
1911	1911	-7.32892
1912	1912	-17.8531
1913	1913	-2.86126
1914	1914	0.573682
1915	1915	-7.62403
1916	1916	39.2505
1917	1917	-13.1693
1918	1918	11.0997
1919	1919	-0.414893
1920	1920	-1.11113
1921	1921	5.8
1922	1922	-16.4109
1923	1923	-9.10151
1924	1924	-8.12174
1925	1925	3.25254
1926	1926	4.81564
1927	1927	14.7773
1928	1928	-18.6141
1929	1929	19.727
1930	1930	3.77441
1931	1931	39.5653
1932	1932	-1.74908
1933	1933	-25.4362
1934	1934	3.5036
1935	1935	-21.2819
1936	1936	10.5965
1937	1937	18.6531
1938	1938	-0.269849
1939	1939	5.04106
1940	1940	30.576
1941	1941	15.1616
1942	1942	-22.7098
1943	1943	-11.7205
1944	1944	10.5219
1945	1945	-0.516186
1946	1946	-1.46685
1947	1947	30.3142
1948	1948	6.48793
1949	1949	-25.3888
1950	1950	16.464
1951	1951	-3.53007
1952	1952	-24.8985
1953	1953	29.4437
1954	1954	3.80712
1955	1955	6.9949
1956	1956	-17.7608
1957	1957	6.60191
1958	1958	11.0557
1959	1959	6.94217
1960	1960	-19.0365
1961	1961	13.8208
1962	1962	-26.3044
1963	1963	-8.2844
1964	1964	6.976
1965	1965	11.7609
1966	1966	-8.20282
1967	1967	-9.36718
1968	1968	27.1403
1969	1969	-10.1608
1970	1970	12.961
1971	1971	-0.635369
1972	1972	-0.417231
1973	1973	-3.66365
1974	1974	4.22259
1975	1975	39.5039
1976	1976	-26.8072
1977	1977	27.9236
1978	1978	21.606
1979	1979	-23.3123
1980	1980	-16.3243
1981	1981	7.98058
1982	1982	-29.5779
1983	1983	-13.6846
1984	1984	10.6583
1985	1985	-30.0865
1986	1986	12.4993
1987	1987	-11.7144
1988	1988	-2.62872
1989	1989	5.4861
1990	1990	21.5009
1991	1991	2.33881
1992	1992	1.58426
1993	1993	-21.1491
1994	1994	11.3449
1995	1995	-17.0724
1996	1996	-11.2919
1997	1997	9.32419
1998	1998	-9.66723
1999	1999	3.43297
2000	2000	-8.22986
2001	2001	2.83227
2002	2002	-24.1079
2003	2003	6.42444
2004	2004	-24.8225
2005	2005	-16.2495
2006	2006	4.16781
2007	2007	-12.203
2008	2008	-15.5671
2009	2009	3.6392
2010	2010	11.0617
2011	2011	-10.559
2012	2012	38.8065
2013	2013	-3.35161
2014	2014	3.49299
2015	2015	13.736
2016	2016	8.28996
2017	2017	19.2124
2018	2018	21.3184
2019	2019	10.0054
2020	2020	12.723
2021	2021	-16.182
2022	2022	-1.93148
2023	2023	9.9284
2024	2024	12.0992
2025	2025	-8.91408
2026	2026	-1.58492
2027	2027	-17.039
2028	2028	-3.26417
2029	2029	-3.50853
2030	2030	-9.63259
2031	2031	21.0487
2032	2032	13.5681
2033	2033	-19.0103
2034	2034	-30.0536
2035	2035	11.4964
2036	2036	-0.505808
2037	2037	-8.06207
2038	2038	19.1011
2039	2039	25.9798
2040	2040	7.28079
2041	2041	-24.6274
2042	2042	15.4051
2043	2043	16.5576
2044	2044	-4.06322
2045	2045	-5.2307
2046	2046	3.79389
2047	2047	-18.142
2048	2048	-8.32902
2049	2049	-0.932098
2050	2050	1.07616
2051	2051	-0.650009
2052	2052	-14.3175
2053	2053	17.3904
2054	2054	-6.30087
2055	2055	-6.18216
2056	2056	-7.609
2057	2057	20.325
2058	2058	-19.3126
2059	2059	-14.2518
2060	2060	7.98724
2061	2061	-24.3137
2062	2062	-16.0902
2063	2063	-11.5267
2064	2064	-2.75785
2065	2065	14.2229
2066	2066	6.4506
2067	2067	6.39372
2068	2068	-0.810188
2069	2069	-6.70719
2070	2070	31.2114
2071	2071	-15.3125
2072	2072	-31.7731
2073	2073	18.2087
2074	2074	-23.8298
2075	2075	-22.4629
2076	2076	0.428965
2077	2077	-25.4583
2078	2078	12.8597
2079	2079	6.14106
2080	2080	15.2727
2081	2081	4.88601
2082	2082	36.4805
2083	2083	-17.241
2084	2084	0.333046
2085	2085	1.03979
2086	2086	20.3208
2087	2087	-8.51927
2088	2088	-6.08977
2089	2089	-4.08624
2090	2090	-12.7553
2091	2091	1.66494
2092	2092	1.79524
2093	2093	23.3528
2094	2094	7.68512
2095	2095	12.816
2096	2096	-21.0033
2097	2097	-23.277
2098	2098	16.855
2099	2099	23.958
2100	2100	-20.7699
2101	2101	-0.345716
2102	2102	36.5693
2103	2103	-0.274477
2104	2104	-4.99081
2105	2105	-6.74119
2106	2106	-14.1703
2107	2107	-10.6872
2108	2108	6.55004
2109	2109	-5.88058
2110	2110	8.85402
2111	2111	31.4612
2112	2112	-17.0326
2113	2113	20.1022
2114	2114	3.69125
2115	2115	-9.39956
2116	2116	-3.60547
2117	2117	0.963523
2118	2118	20.9811
2119	2119	13.7079
2120	2120	10.9923
2121	2121	-9.40946
2122	2122	-4.41033
2123	2123	-5.63638
2124	2124	1.14109
2125	2125	-3.42652
2126	2126	23.2334
2127	2127	-7.26641
2128	2128	-5.92729
2129	2129	0.748843
2130	2130	0.226096
2131	2131	-16.1616
2132	2132	0.862776
2133	2133	39.4712
2134	2134	11.4347
2135	2135	-25.7022
2136	2136	17.5635
2137	2137	1.21263
2138	2138	21.7411
2139	2139	-4.45905
2140	2140	16.5937
2141	2141	5.63193
2142	2142	-21.9554
2143	2143	-0.498663
2144	2144	-6.01302
2145	2145	0.290445
2146	2146	-7.12385
2147	2147	-15.0551
2148	2148	-11.3809
2149	2149	31.7302
2150	2150	-15.2748
2151	2151	0.406197
2152	2152	2.95312
2153	2153	-26.9883
2154	2154	0.594825
2155	2155	-0.0171352
2156	2156	-5.54216
2157	2157	-8.87254
2158	2158	2.3181
2159	2159	-23.9617
2160	2160	-6.41299
2161	2161	-2.14438
2162	2162	-3.67533
2163	2163	-27.0422
2164	2164	-20.5738
2165	2165	11.8855
2166	2166	0.989107
2167	2167	-5.67472
2168	2168	-30.7598
2169	2169	-40.1768
2170	2170	7.04927
2171	2171	-37.2358
2172	2172	-6.04692
2173	2173	6.17827
2174	2174	14.9944
2175	2175	0.212912
2176	2176	-24.2193
2177	2177	5.04826
2178	2178	-1.04309
2179	2179	-0.583699
2180	2180	-2.56669
2181	2181	-7.93768
2182	2182	-3.2354
2183	2183	-14.1248
2184	2184	46.6769
2185	2185	39.7058
2186	2186	23.1776
2187	2187	-7.51722
2188	2188	-11.6151
2189	2189	-6.22683
2190	2190	-6.03693
2191	2191	52.7363
2192	2192	-28.1084
2193	2193	-10.7265
2194	2194	6.00033
2195	2195	15.9057
2196	2196	-17.329
2197	2197	34.5483
2198	2198	-6.73657
2199	2199	17.3606
2200	2200	12.5448
2201	2201	-3.14426
2202	2202	2.10034
2203	2203	-2.6477
2204	2204	7.21647
2205	2205	-2.13549
2206	2206	7.18216
2207	2207	-2.96978
2208	2208	-0.207485
2209	2209	-26.5117
2210	2210	-1.59825
2211	2211	-27.5918
2212	2212	0.233857
2213	2213	-9.30324
2214	2214	-15.617
2215	2215	9.6874
2216	2216	-13.1732
2217	2217	-6.89756
2218	2218	19.5293
2219	2219	-13.3888
2220	2220	19.9334
2221	2221	-24.6159
2222	2222	-15.1305
2223	2223	-5.42423
2224	2224	10.6392
2225	2225	11.6939
2226	2226	29.4323
2227	2227	24.8003
2228	2228	24.2621
2229	2229	8.24996
2230	2230	7.12206
2231	2231	-14.9666
2232	2232	4.40448
2233	2233	12.4484
2234	2234	13.0986
2235	2235	4.37691
2236	2236	-18.1135
2237	2237	-5.0434
2238	2238	-16.8808
2239	2239	3.01121
2240	2240	-0.869134
2241	2241	-16.3136
2242	2242	-3.42647
2243	2243	3.15805
2244	2244	23.481
2245	2245	4.44275
2246	2246	-9.05147
2247	2247	-8.08809
2248	2248	-28.3703
2249	2249	-25.3987
2250	2250	-23.8244
2251	2251	-0.0660009
2252	2252	-24.0956
2253	2253	-6.6996
2254	2254	-15.637
2255	2255	-18.3662
2256	2256	-36.0477
2257	2257	-11.1847
2258	2258	-9.94021
2259	2259	-10.8122
2260	2260	-8.59894
2261	2261	7.06976
2262	2262	2.17906
2263	2263	-4.98882
2264	2264	15.3835
2265	2265	-8.64652
2266	2266	1.11872
2267	2267	-7.5754
2268	2268	-18.1839
2269	2269	16.8234
2270	2270	-11.3904
2271	2271	-13.1234
2272	2272	19.4104
2273	2273	-6.85418
2274	2274	8.98869
2275	2275	15.0036
2276	2276	-13.3854
2277	2277	15.9232
2278	2278	17.1913
2279	2279	-15.9044
2280	2280	25.2326
2281	2281	-13.6432
2282	2282	-1.05125
2283	2283	-11.9404
2284	2284	-8.81465
2285	2285	-6.61727
2286	2286	21.6363
2287	2287	-11.7146
2288	2288	2.75222
2289	2289	20.8315
2290	2290	-12.0597
2291	2291	-1.83341
2292	2292	13.9611
2293	2293	40.8005
2294	2294	-0.23832
2295	2295	16.4571
2296	2296	15.7079
2297	2297	-29.4255
2298	2298	-4.5526
2299	2299	-25.0408
2300	2300	30.0713
2301	2301	0.667587
2302	2302	-24.747
2303	2303	-16.8605
2304	2304	-0.853948
2305	2305	16.0569
2306	2306	-10.8007
2307	2307	-16.9532
2308	2308	-25.4931
2309	2309	-9.68427
2310	2310	14.998
2311	2311	12.7315
2312	2312	-4.78029
2313	2313	25.1522
2314	2314	3.03197
2315	2315	13.9911
2316	2316	1.90996
2317	2317	0.461152
2318	2318	3.25909
2319	2319	-19.1183
2320	2320	9.51386
2321	2321	18.1455
2322	2322	8.13497
2323	2323	-4.49671
2324	2324	-12.7309
2325	2325	7.69222
2326	2326	16.6948
2327	2327	6.76787
2328	2328	-16.7659
2329	2329	9.52858
2330	2330	-0.678893
2331	2331	15.2981
2332	2332	2.40522
2333	2333	-0.570196
2334	2334	-10.5253
2335	2335	-14.7464
2336	2336	-25.4855
2337	2337	-0.784378
2338	2338	6.26996
2339	2339	-29.4577
2340	2340	-6.22107
2341	2341	-2.54265
2342	2342	10.0806
2343	2343	14.8755
2344	2344	-5.83442
2345	2345	26.0082
2346	2346	-22.1345
2347	2347	-13.1503
2348	2348	1.43307
2349	2349	-18.4318
2350	2350	0.336934
2351	2351	-3.64603
2352	2352	-8.94299
2353	2353	14.0468
2354	2354	-4.29506
2355	2355	10.4702
2356	2356	-10.4637
2357	2357	-10.4243
2358	2358	29.811
2359	2359	-3.7449
2360	2360	-15.1702
2361	2361	-8.94724
2362	2362	10.5496
2363	2363	-12.641
2364	2364	8.47556
2365	2365	17.3417
2366	2366	-4.13766
2367	2367	42.9048
2368	2368	13.1236
2369	2369	-7.54175
2370	2370	6.26298
2371	2371	1.54134
2372	2372	2.64809
2373	2373	-1.59994
2374	2374	-7.76648
2375	2375	-26.0938
2376	2376	15.8164
2377	2377	33.5186
2378	2378	10.3658
2379	2379	26.0348
2380	2380	8.227
2381	2381	-3.09383
2382	2382	12.557
2383	2383	-17.5321
2384	2384	-1.87286
2385	2385	-7.77897
2386	2386	37.7427
2387	2387	-9.83988
2388	2388	-0.933341
2389	2389	-22.8177
2390	2390	6.40205
2391	2391	-15.6569
2392	2392	19.9547
2393	2393	-26.127
2394	2394	-16.9922
2395	2395	13.5142
2396	2396	11.8144
2397	2397	15.6518
2398	2398	-8.84254
2399	2399	-13.6224
2400	2400	-3.00134
2401	2401	-7.78995
2402	2402	5.54677
2403	2403	-8.64315
2404	2404	23.5859
2405	2405	-22.6843
2406	2406	-10.2657
2407	2407	0.589547
2408	2408	-35.4671
2409	2409	24.0583
2410	2410	5.92895
2411	2411	-26.3085
2412	2412	7.79739
2413	2413	22.9549
2414	2414	-7.63023
2415	2415	7.38786
2416	2416	-25.9166
2417	2417	16.9226
2418	2418	-2.63564
2419	2419	3.35101
2420	2420	30.7807
2421	2421	27.1644
2422	2422	-0.367713
2423	2423	12.9978
2424	2424	-6.06839
2425	2425	-11.887
2426	2426	3.76281
2427	2427	-2.40081
2428	2428	-7.26675
2429	2429	-11.266
2430	2430	-13.9702
2431	2431	10.393
2432	2432	21.3641
2433	2433	-21.4948
2434	2434	3.3477
2435	2435	-12.6491
2436	2436	-3.74604
2437	2437	-8.24048
2438	2438	-18.4317
2439	2439	1.57308
2440	2440	1.01269
2441	2441	6.43129
2442	2442	24.7908
2443	2443	-9.42115
2444	2444	-13.7469
2445	2445	-14.3277
2446	2446	2.41964
2447	2447	-4.12203
2448	2448	-9.85146
2449	2449	12.9655
2450	2450	24.8405
2451	2451	-1.16527
2452	2452	35.0418
2453	2453	19.9539
2454	2454	11.3276
2455	2455	25.0512
2456	2456	15.0861
2457	2457	-1.99007
2458	2458	-13.8834
2459	2459	-18.9768
2460	2460	21.3039
2461	2461	-14.2243
2462	2462	-1.03174
2463	2463	2.81307
2464	2464	-7.21592
2465	2465	-13.6788
2466	2466	-9.8403
2467	2467	22.9428
2468	2468	14.4892
2469	2469	7.70125
2470	2470	-41.0074
2471	2471	29.1055
2472	2472	12.6709
2473	2473	7.83678
2474	2474	-24.7569
2475	2475	-21.161
2476	2476	17.9941
2477	2477	-19.9986
2478	2478	-28.2389
2479	2479	7.46897
2480	2480	30.4545
2481	2481	-20.8614
2482	2482	-14.5034
2483	2483	-1.92561
2484	2484	10.431
2485	2485	34.4193
2486	2486	-23.5699
2487	2487	21.6051
2488	2488	-11.8618
2489	2489	9.02502
2490	2490	5.07839
2491	2491	-0.235712
2492	2492	5.3075
2493	2493	-21.6794
2494	2494	-4.49054
2495	2495	-4.29569
2496	2496	-24.1797
2497	2497	5.41845
2498	2498	-11.9208
2499	2499	-10.6234
2500	2500	-9.94797
2501	2501	-26.2617
2502	2502	-22.2733
2503	2503	0.88295
2504	2504	13.5136
2505	2505	4.5955
2506	2506	-6.35875
2507	2507	1.77745
2508	2508	1.0948
2509	2509	20.2678
2510	2510	21.0108
2511	2511	4.51734
2512	2512	15.2583
2513	2513	-1.7784
2514	2514	-1.69061
2515	2515	-23.4379
2516	2516	7.40277
2517	2517	-2.39838
2518	2518	-9.40996
2519	2519	-27.8734
2520	2520	-7.58424
2521	2521	-1.12055
2522	2522	4.70556
2523	2523	-4.63374
2524	2524	-20.6527
2525	2525	10.8905
2526	2526	-17.9551
2527	2527	20.1878
2528	2528	13.6041
2529	2529	-14.6769
2530	2530	10.0136
2531	2531	-9.7528
2532	2532	-7.17701
2533	2533	-1.60897
2534	2534	-3.64545
2535	2535	-22.0419
2536	2536	9.05617
2537	2537	25.6353
2538	2538	-13.3277
2539	2539	-8.17271
2540	2540	5.99667
2541	2541	16.1808
2542	2542	4.35209
2543	2543	-13.9202
2544	2544	4.96935
2545	2545	-5.6732
2546	2546	-0.128801
2547	2547	10.4032
2548	2548	-1.52325
2549	2549	37.394
2550	2550	-1.27061
2551	2551	3.38449
2552	2552	-10.9187
2553	2553	19.9752
2554	2554	25.4834
2555	2555	12.1386
2556	2556	35.1961
2557	2557	1.74852
2558	2558	11.7576
2559	2559	-14.4989
2560	2560	-1.35575
2561	2561	-7.50155
2562	2562	-5.87349
2563	2563	27.8688
2564	2564	2.85699
2565	2565	-19.083
2566	2566	28.3249
2567	2567	18.4876
2568	2568	0.496952
2569	2569	10.1406
2570	2570	-16.0186
2571	2571	-20.3862
2572	2572	11.6824
2573	2573	54.6146
2574	2574	-4.40895
2575	2575	17.7085
2576	2576	-23.9207
2577	2577	7.00848
2578	2578	3.77234
2579	2579	1.99928
2580	2580	11.3987
2581	2581	20.7103
2582	2582	9.93049
2583	2583	-25.0113
2584	2584	-9.74896
2585	2585	2.73873
2586	2586	-0.893139
2587	2587	20.0493
2588	2588	0.519412
2589	2589	-33.1316
2590	2590	-9.83614
2591	2591	15.3272
2592	2592	21.3737
2593	2593	-6.01438
2594	2594	8.64496
2595	2595	-4.62225
2596	2596	29.2677
2597	2597	-17.3712
2598	2598	3.72406
2599	2599	19.2534
2600	2600	-25.9405
2601	2601	7.69926
2602	2602	-10.5274
2603	2603	-16.1612
2604	2604	-5.34879
2605	2605	31.3829
2606	2606	-1.56682
2607	2607	-17.9288
2608	2608	0.108702
2609	2609	-25.7923
2610	2610	-13.237
2611	2611	17.7796
2612	2612	13.8807
2613	2613	9.55259
2614	2614	42.2667
2615	2615	13.2449
2616	2616	-11.6842
2617	2617	-8.87484
2618	2618	27.706
2619	2619	6.73931
2620	2620	-1.60996
2621	2621	-3.51867
2622	2622	9.05463
2623	2623	-1.8108
2624	2624	-20.0902
2625	2625	9.0968
2626	2626	-15.8347
2627	2627	-14.4143
2628	2628	19.7577
2629	2629	2.69819
2630	2630	4.72429
2631	2631	1.48559
2632	2632	-1.76124
2633	2633	-2.70917
2634	2634	0.839907
2635	2635	-42.0212
2636	2636	23.7201
2637	2637	-0.941371
2638	2638	-5.21855
2639	2639	-14.6025
2640	2640	1.29396
2641	2641	3.73041
2642	2642	-20.5142
2643	2643	-8.55399
2644	2644	13.3664
2645	2645	11.0789
2646	2646	-1.94777
2647	2647	-13.1864
2648	2648	-9.65619
2649	2649	-0.0925893
2650	2650	-29.8886
2651	2651	19.0849
2652	2652	-37.3869
2653	2653	13.5221
2654	2654	-5.30151
2655	2655	8.07185
2656	2656	5.70497
2657	2657	-15.2539
2658	2658	-6.361
2659	2659	20.9584
2660	2660	12.4262
2661	2661	-5.59367
2662	2662	11.927
2663	2663	15.125
2664	2664	11.5206
2665	2665	-21.413
2666	2666	-34.0789
2667	2667	-14.0985
2668	2668	-14.199
2669	2669	-16.1442
2670	2670	1.10927
2671	2671	-14.1326
2672	2672	12.7997
2673	2673	23.3864
2674	2674	12.3946
2675	2675	29.3705
2676	2676	-13.8992
2677	2677	19.4964
2678	2678	32.1924
2679	2679	-0.908923
2680	2680	5.31069
2681	2681	-8.826
2682	2682	17.0373
2683	2683	-6.31178
2684	2684	-10.975
2685	2685	17.2887
2686	2686	9.33773
2687	2687	-6.67843
2688	2688	-21.8749
2689	2689	-5.9013
2690	2690	6.57442
2691	2691	-12.3261
2692	2692	-1.20576
2693	2693	2.45125
2694	2694	7.07243
2695	2695	-5.62016
2696	2696	5.1282
2697	2697	-12.9315
2698	2698	-6.97109
2699	2699	-23.1969
2700	2700	-8.63477
2701	2701	24.3151
2702	2702	4.04955
2703	2703	-13.4632
2704	2704	8.18473
2705	2705	28.4199
2706	2706	40.3605
2707	2707	19.3767
2708	2708	-15.074
2709	2709	-22.8529
2710	2710	4.722
2711	2711	24.4219
2712	2712	8.88663
2713	2713	-30.6226
2714	2714	-4.38731
2715	2715	-23.9466
2716	2716	-18.5888
2717	2717	6.3335
2718	2718	-9.48751
2719	2719	-20.0729
2720	2720	-15.5304
2721	2721	-28.0149
2722	2722	29.5511
2723	2723	-9.35076
2724	2724	24.7572
2725	2725	22.735
2726	2726	-7.16003
2727	2727	-33.5424
2728	2728	-34.0367
2729	2729	17.7422
2730	2730	-24.0542
2731	2731	-13.0569
2732	2732	0.699805
2733	2733	-21.0056
2734	2734	30.2516
2735	2735	-12.6882
2736	2736	-10.3872
2737	2737	-3.74897
2738	2738	-6.27316
2739	2739	-7.78938
2740	2740	3.76294
2741	2741	-14.4052
2742	2742	36.3433
2743	2743	-2.81103
2744	2744	-14.8632
2745	2745	18.91
2746	2746	-5.0383
2747	2747	-19.8277
2748	2748	7.61386
2749	2749	7.83857
2750	2750	-9.69603
2751	2751	-14.4245
2752	2752	2.59342
2753	2753	-10.9731
2754	2754	-7.99561
2755	2755	1.69119
2756	2756	-21.9586
2757	2757	-4.81984
2758	2758	12.4493
2759	2759	-20.6666
2760	2760	-14.0231
2761	2761	-1.71395
2762	2762	11.7563
2763	2763	15.7672
2764	2764	-5.27661
2765	2765	15.4313
2766	2766	-0.218322
2767	2767	-7.50294
2768	2768	15.9365
2769	2769	17.6621
2770	2770	7.81934
2771	2771	-22.395
2772	2772	5.46743
2773	2773	-24.8297
2774	2774	-7.69386
2775	2775	-31.8635
2776	2776	18.2237
2777	2777	30.9469
2778	2778	4.47703
2779	2779	-10.3333
2780	2780	4.87241
2781	2781	9.16563
2782	2782	-12.8975
2783	2783	-6.5361
2784	2784	2.78639
2785	2785	-11.8108
2786	2786	18.5547
2787	2787	0.994672
2788	2788	16.818
2789	2789	2.4447
2790	2790	-9.128
2791	2791	24.2981
2792	2792	15.3778
2793	2793	22.325
2794	2794	0.17288
2795	2795	-4.86521
2796	2796	25.0194
2797	2797	6.13058
2798	2798	-12.4099
2799	2799	-4.16038
2800	2800	19.4473
2801	2801	38.5513
2802	2802	-0.97145
2803	2803	22.1855
2804	2804	6.97571
2805	2805	7.51147
2806	2806	-16.068
2807	2807	-15.9785
2808	2808	8.63604
2809	2809	-4.86936
2810	2810	-5.25516
2811	2811	-14.3539
2812	2812	-6.0116
2813	2813	-10.7006
2814	2814	1.05125
2815	2815	16.9965
2816	2816	17.5025
2817	2817	-27.8137
2818	2818	-15.6512
2819	2819	-19.2529
2820	2820	19.514
2821	2821	-14.5317
2822	2822	19.5163
2823	2823	20.0187
2824	2824	-12.8394
2825	2825	-24.178
2826	2826	-11.2328
2827	2827	-8.3135
2828	2828	-37.52
2829	2829	-12.494
2830	2830	-1.38556
2831	2831	11.2778
2832	2832	-11.6487
2833	2833	21.3292
2834	2834	50.2859
2835	2835	-6.53678
2836	2836	1.58519
2837	2837	1.21712
2838	2838	-5.61326
2839	2839	-0.924431
2840	2840	-2.69028
2841	2841	-18.9088
2842	2842	18.8805
2843	2843	-25.1364
2844	2844	26.9865
2845	2845	-7.00002
2846	2846	9.65089
2847	2847	-19.2701
2848	2848	-8.60298
2849	2849	11.4154
2850	2850	-17.7078
2851	2851	-5.7255
2852	2852	-20.2742
2853	2853	-31.3087
2854	2854	-13.5294
2855	2855	0.0936349
2856	2856	-15.1752
2857	2857	-27.9628
2858	2858	10.3927
2859	2859	-5.9656
2860	2860	4.0238
2861	2861	14.4243
2862	2862	12.8988
2863	2863	-16.1008
2864	2864	4.39372
2865	2865	13.9834
2866	2866	-12.7373
2867	2867	-2.94647
2868	2868	-12.8792
2869	2869	-16.9937
2870	2870	-8.60782
2871	2871	-9.05942
2872	2872	-16.4624
2873	2873	52.2144
2874	2874	-1.77076
2875	2875	-1.52977
2876	2876	-28.2341
2877	2877	-7.08472
2878	2878	14.0136
2879	2879	17.7652
2880	2880	7.75391
2881	2881	-23.0957
2882	2882	12.6783
2883	2883	-11.2156
2884	2884	14.2199
2885	2885	30.4585
2886	2886	-20.2755
2887	2887	-5.2924
2888	2888	19.2336
2889	2889	9.24019
2890	2890	26.3848
2891	2891	16.0689
2892	2892	-6.83366
2893	2893	10.0677
2894	2894	6.94298
2895	2895	8.41408
2896	2896	-7.96818
2897	2897	14.0489
2898	2898	-2.27181
2899	2899	-13.9944
2900	2900	-20.3575
2901	2901	-0.214032
2902	2902	2.56665
2903	2903	16.9039
2904	2904	6.67189
2905	2905	-52.0037
2906	2906	3.07573
2907	2907	-31.7094
2908	2908	2.32836
2909	2909	-20.1056
2910	2910	-23.3668
2911	2911	6.02838
2912	2912	-15.0355
2913	2913	-12.0816
2914	2914	-1.98515
2915	2915	-22.4017
2916	2916	15.8822
2917	2917	-7.83476
2918	2918	-1.58802
2919	2919	-1.29132
2920	2920	5.16303
2921	2921	-4.5113
2922	2922	27.5554
2923	2923	-15.4735
2924	2924	4.90116
2925	2925	-5.41966
2926	2926	-12.6381
2927	2927	0.640483
2928	2928	-8.49385
2929	2929	7.83131
2930	2930	2.74709
2931	2931	-16.8673
2932	2932	2.77934
2933	2933	-8.59086
2934	2934	15.3864
2935	2935	-11.1998
2936	2936	-11.8134
2937	2937	18.2918
2938	2938	-4.84661
2939	2939	16.4514
2940	2940	-27.2433
2941	2941	-8.03258
2942	2942	-6.70843
2943	2943	43.6259
2944	2944	-17.5011
2945	2945	16.6045
2946	2946	-18.3936
2947	2947	25.2467
2948	2948	-9.04187
2949	2949	20.8503
2950	2950	-1.54369
2951	2951	17.2624
2952	2952	20.5648
2953	2953	-3.62737
2954	2954	32.6159
2955	2955	6.96432
2956	2956	18.2571
2957	2957	-4.60521
2958	2958	27.1184
2959	2959	20.551
2960	2960	-18.0446
2961	2961	24.7359
2962	2962	-17.6779
2963	2963	-31.0121
2964	2964	24.7414
2965	2965	-25.8858
2966	2966	3.64121
2967	2967	-8.65723
2968	2968	-13.1749
2969	2969	2.27364
2970	2970	-1.88252
2971	2971	-0.798151
2972	2972	-12.126
2973	2973	-15.3316
2974	2974	-7.71738
2975	2975	13.8113
2976	2976	-26.7621
2977	2977	6.93369
2978	2978	-1.36512
2979	2979	-2.51409
2980	2980	12.0937
2981	2981	24.1824
2982	2982	3.90309
2983	2983	14.2741
2984	2984	-18.9606
2985	2985	-13.1808
2986	2986	-9.47645
2987	2987	10.0934
2988	2988	-7.94954
2989	2989	26.5784
2990	2990	-5.37553
2991	2991	-7.51831
2992	2992	-32.2953
2993	2993	7.53321
2994	2994	12.5401
2995	2995	-11.9441
2996	2996	9.50644
2997	2997	-9.39295
2998	2998	-14.6661
2999	2999	-20.0394
3000	3000	-6.14876
3001	3001	25.6356
3002	3002	-4.31599
3003	3003	10.1956
3004	3004	-8.35217
3005	3005	-2.4907
3006	3006	13.1435
3007	3007	7.50291
3008	3008	-5.97266
3009	3009	1.45028
3010	3010	-4.0679
3011	3011	0.00783718
3012	3012	-29.0966
3013	3013	-1.93737
3014	3014	14.3068
3015	3015	7.91178
3016	3016	3.38691
3017	3017	14.837
3018	3018	22.127
3019	3019	2.29564
3020	3020	-36.5676
3021	3021	-9.11937
3022	3022	0.684121
3023	3023	6.62736
3024	3024	-8.08373
3025	3025	-19.0878
3026	3026	-12.5267
3027	3027	-19.8971
3028	3028	16.9078
3029	3029	-10.4695
3030	3030	-6.22591
3031	3031	-13.5943
3032	3032	3.68131
3033	3033	7.79367
3034	3034	19.3239
3035	3035	3.09538
3036	3036	-5.81394
3037	3037	15.069
3038	3038	-16.4474
3039	3039	-12.2127
3040	3040	-13.0707
3041	3041	-9.06108
3042	3042	10.5496
3043	3043	-6.07821
3044	3044	5.61195
3045	3045	-35.1767
3046	3046	-7.97007
3047	3047	-25.5216
3048	3048	0.850415
3049	3049	-3.73579
3050	3050	23.1465
3051	3051	23.4464
3052	3052	-16.8313
3053	3053	-0.504092
3054	3054	8.63663
3055	3055	-18.1728
3056	3056	-2.29624
3057	3057	-2.55899
3058	3058	-5.40082
3059	3059	-20.0496
3060	3060	22.2927
3061	3061	1.24118
3062	3062	7.30836
3063	3063	-14.0089
3064	3064	1.72225
3065	3065	-24.8218
3066	3066	7.46441
3067	3067	5.01027
3068	3068	37.6758
3069	3069	14.4517
3070	3070	-19.2336
3071	3071	-2.21339
3072	3072	-16.6468
3073	3073	-5.23851
3074	3074	-7.276
3075	3075	-0.609986
3076	3076	-11.6786
3077	3077	5.67099
3078	3078	0.231979
3079	3079	4.80764
3080	3080	6.43941
3081	3081	-7.8592
3082	3082	-22.2122
3083	3083	22.3172
3084	3084	-9.26661
3085	3085	-10.7891
3086	3086	17.7147
3087	3087	-10.0509
3088	3088	7.23111
3089	3089	-5.21075
3090	3090	-7.7957
3091	3091	-4.42658
3092	3092	-4.71362
3093	3093	-13.6511
3094	3094	-10.4158
3095	3095	-7.62843
3096	3096	-8.34202
3097	3097	8.35269
3098	3098	31.5205
3099	3099	-14.2938
3100	3100	-29.2299
3101	3101	24.2751
3102	3102	-9.87383
3103	3103	-16.5582
3104	3104	-6.70982
3105	3105	-2.30776
3106	3106	22.1525
3107	3107	0.272933
3108	3108	13.7252
3109	3109	-22.341
3110	3110	13.8322
3111	3111	-13.3108
3112	3112	-10.7007
3113	3113	14.3108
3114	3114	-29.1942
3115	3115	25.8072
3116	3116	1.97902
3117	3117	0.0627966
3118	3118	-14.6719
3119	3119	-26.1356
3120	3120	17.6291
3121	3121	-12.4231
3122	3122	22.3181
3123	3123	-18.8617
3124	3124	-14.8904
3125	3125	-16.9248
3126	3126	19.8096
3127	3127	-1.26575
3128	3128	-14.1963
3129	3129	-34.4009
3130	3130	-12.747
3131	3131	3.84304
3132	3132	1.07795
3133	3133	1.14967
3134	3134	5.84149
3135	3135	14.1161
3136	3136	3.90273
3137	3137	59.0157
3138	3138	-16.3273
3139	3139	8.41124
3140	3140	20.5974
3141	3141	17.1154
3142	3142	10.6141
3143	3143	-29.5362
3144	3144	0.22614
3145	3145	37.5905
3146	3146	7.71161
3147	3147	-11.0085
3148	3148	-10.2557
3149	3149	21.102
3150	3150	24.8799
3151	3151	-8.73396
3152	3152	-15.4938
3153	3153	3.49571
3154	3154	0.677765
3155	3155	-25.1604
3156	3156	-17.5016
3157	3157	12.0615
3158	3158	1.35905
3159	3159	-38.4412
3160	3160	11.0003
3161	3161	-5.60312
3162	3162	37.7931
3163	3163	-0.31133
3164	3164	19.7218
3165	3165	17.5539
3166	3166	-0.21458
3167	3167	48.9422
3168	3168	9.6555
3169	3169	-13.6024
3170	3170	11.5882
3171	3171	-21.2009
3172	3172	15.077
3173	3173	-31.2926
3174	3174	-21.2182
3175	3175	-3.91298
3176	3176	-0.0692044
3177	3177	-18.1352
3178	3178	-18.2998
3179	3179	-13.7276
3180	3180	-15.5114
3181	3181	1.45336
3182	3182	30.4462
3183	3183	-0.892507
3184	3184	-16.9852
3185	3185	17.2934
3186	3186	-8.01735
3187	3187	20.4542
3188	3188	-14.0581
3189	3189	-1.04348
3190	3190	8.21291
3191	3191	5.65061
3192	3192	-3.31855
3193	3193	-6.90308
3194	3194	-7.93587
3195	3195	8.44192
3196	3196	-2.75019
3197	3197	15.6904
3198	3198	-4.53603
3199	3199	-12.9802
3200	3200	0.958069
3201	3201	6.56751
3202	3202	-17.4393
3203	3203	18.1013
3204	3204	-21.107
3205	3205	-1.20304
3206	3206	11.9923
3207	3207	5.95458
3208	3208	-9.16194
3209	3209	-17.7696
3210	3210	-16.6413
3211	3211	12.0696
3212	3212	-12.0594
3213	3213	-19.6916
3214	3214	-20.8782
3215	3215	7.19728
3216	3216	-6.386
3217	3217	-16.0384
3218	3218	-1.74462
3219	3219	-22.2878
3220	3220	0.867249
3221	3221	-5.94695
3222	3222	-0.434438
3223	3223	18.2866
3224	3224	-5.3595
3225	3225	17.1317
3226	3226	-10.3608
3227	3227	0.190814
3228	3228	-4.25572
3229	3229	-14.9717
3230	3230	-28.0376
3231	3231	-1.63469
3232	3232	-3.10262
3233	3233	6.3681
3234	3234	8.02994
3235	3235	-14.1201
3236	3236	11.1962
3237	3237	-8.43126
3238	3238	13.5072
3239	3239	-2.74333
3240	3240	-17.2934
3241	3241	-0.283823
3242	3242	-15.1882
3243	3243	-3.4778
3244	3244	-5.67648
3245	3245	-34.0631
3246	3246	-3.41993
3247	3247	4.01348
3248	3248	-10.3799
3249	3249	2.71052
3250	3250	-1.69841
3251	3251	-1.89361
3252	3252	-9.22376
3253	3253	15.2282
3254	3254	3.33371
3255	3255	-3.32147
3256	3256	-25.1257
3257	3257	-24.7703
3258	3258	-9.46695
3259	3259	8.64163
3260	3260	3.2535
3261	3261	-18.9481
3262	3262	-23.9157
3263	3263	2.55755
3264	3264	-22.9388
3265	3265	15.8487
3266	3266	-29.7357
3267	3267	-4.9024
3268	3268	19.8487
3269	3269	-4.20039
3270	3270	24.8201
3271	3271	-19.6696
3272	3272	-14.8961
3273	3273	-14.5424
3274	3274	2.02342
3275	3275	-9.94731
3276	3276	19.6175
3277	3277	-1.97515
3278	3278	-1.65405
3279	3279	-14.6951
3280	3280	28.5206
3281	3281	20.7662
3282	3282	8.33308
3283	3283	-2.54768
3284	3284	6.04195
3285	3285	-27.3066
3286	3286	-25.446
3287	3287	-18.4862
3288	3288	-1.2231
3289	3289	11.7891
3290	3290	11.1914
3291	3291	1.82175
3292	3292	-25.5573
3293	3293	-9.81492
3294	3294	9.28738
3295	3295	-21.8582
3296	3296	16.9674
3297	3297	-15.1557
3298	3298	2.36212
3299	3299	-7.31936
3300	3300	8.22265
3301	3301	-7.40526
3302	3302	-16.4886
3303	3303	1.5207
3304	3304	2.29153
3305	3305	-17.1501
3306	3306	-2.34864
3307	3307	7.1371
3308	3308	5.14648
3309	3309	15.6438
3310	3310	1.12065
3311	3311	15.648
3312	3312	12.9159
3313	3313	-22.6248
3314	3314	-14.5199
3315	3315	22.3186
3316	3316	-16.1173
3317	3317	1.2284
3318	3318	25.4072
3319	3319	-4.99228
3320	3320	28.2379
3321	3321	1.83739
3322	3322	28.2957
3323	3323	-4.72364
3324	3324	25.2215
3325	3325	-3.21179
3326	3326	-8.31375
3327	3327	-3.22405
3328	3328	-8.9213
3329	3329	-8.68045
3330	3330	-18.6017
3331	3331	7.79057
3332	3332	31.0558
3333	3333	-15.1102
3334	3334	-17.1887
3335	3335	21.7911
3336	3336	-10.9798
3337	3337	-3.71187
3338	3338	-5.98386
3339	3339	20.8881
3340	3340	-30.9063
3341	3341	7.55617
3342	3342	-8.09499
3343	3343	-13.8774
3344	3344	13.9563
3345	3345	-12.5666
3346	3346	-29.4568
3347	3347	14.2702
3348	3348	-8.4045
3349	3349	-5.95228
3350	3350	-6.10104
3351	3351	14.4583
3352	3352	-10.6642
3353	3353	6.63484
3354	3354	7.42428
3355	3355	-21.78
3356	3356	-3.73951
3357	3357	13.8741
3358	3358	-11.8852
3359	3359	2.79481
3360	3360	-7.70342
3361	3361	16.4091
3362	3362	8.56919
3363	3363	-13.6043
3364	3364	9.49543
3365	3365	16.1489
3366	3366	12.2117
3367	3367	15.1827
3368	3368	7.80532
3369	3369	-3.90447
3370	3370	-4.41408
3371	3371	-23.3736
3372	3372	-11.1976
3373	3373	-2.92278
3374	3374	20.3109
3375	3375	14.9358
3376	3376	19.6766
3377	3377	-13.5973
3378	3378	-6.42266
3379	3379	9.18207
3380	3380	-2.77265
3381	3381	-18.6807
3382	3382	4.60516
3383	3383	-32.2979
3384	3384	1.66175
3385	3385	27.7181
3386	3386	4.00013
3387	3387	-17.8914
3388	3388	5.62303
3389	3389	-14.0665
3390	3390	-18.2635
3391	3391	3.44588
3392	3392	19.317
3393	3393	9.92163
3394	3394	9.13922
3395	3395	-16.4114
3396	3396	-4.00832
3397	3397	16.0764
3398	3398	0.859904
3399	3399	38.9158
3400	3400	-14.1262
3401	3401	5.83788
3402	3402	-16.9358
3403	3403	-14.8743
3404	3404	1.49517
3405	3405	-5.60457
3406	3406	9.38696
3407	3407	55.4601
3408	3408	-8.55157
3409	3409	-18.9968
3410	3410	13.4364
3411	3411	-6.21875
3412	3412	-4.77037
3413	3413	0.338698
3414	3414	-10.1197
3415	3415	11.3819
3416	3416	-0.226428
3417	3417	-15.1396
3418	3418	15.3804
3419	3419	15.738
3420	3420	-10.2856
3421	3421	5.73613
3422	3422	17.9479
3423	3423	3.26336
3424	3424	-26.9995
3425	3425	-4.70839
3426	3426	-3.10942
3427	3427	-6.82414
3428	3428	22.6748
3429	3429	23.9363
3430	3430	-11.3031
3431	3431	-15.3917
3432	3432	0.32118
3433	3433	-0.564454
3434	3434	-8.84748
3435	3435	-25.313
3436	3436	-34.9951
3437	3437	-8.04341
3438	3438	-6.88638
3439	3439	-1.4747
3440	3440	2.37341
3441	3441	3.52572
3442	3442	0.309334
3443	3443	1.86955
3444	3444	5.3996
3445	3445	-15.5869
3446	3446	28.4577
3447	3447	50.7884
3448	3448	-12.8538
3449	3449	-17.2959
3450	3450	-2.61429
3451	3451	-20.1147
3452	3452	5.60233
3453	3453	20.9962
3454	3454	-11.5595
3455	3455	-5.63989
3456	3456	-1.97841
3457	3457	10.3004
3458	3458	6.06976
3459	3459	9.34593
3460	3460	14.914
3461	3461	14.0534
3462	3462	22.6676
3463	3463	-21.3257
3464	3464	13.8058
3465	3465	-1.56565
3466	3466	-15.5883
3467	3467	15.5847
3468	3468	-19.4326
3469	3469	2.5415
3470	3470	-3.89415
3471	3471	1.91896
3472	3472	-19.3164
3473	3473	-14.503
3474	3474	13.9855
3475	3475	-15.9468
3476	3476	-0.795963
3477	3477	2.66146
3478	3478	-12.7301
3479	3479	0.853887
3480	3480	-16.3976
3481	3481	2.87069
3482	3482	-8.48757
3483	3483	21.9271
3484	3484	28.9131
3485	3485	8.11428
3486	3486	-18.2136
3487	3487	1.18535
3488	3488	-18.4404
3489	3489	-17.1668
3490	3490	-23.178
3491	3491	-9.42788
3492	3492	-13.8779
3493	3493	18.5059
3494	3494	13.4612
3495	3495	-17.2223
3496	3496	-20.1205
3497	3497	-29.9583
3498	3498	-25.9524
3499	3499	-42.664
3500	3500	-17.3895
3501	3501	-22.5501
3502	3502	9.4267
3503	3503	-6.54655
3504	3504	3.75623
3505	3505	9.67867
3506	3506	2.66518
3507	3507	-0.431534
3508	3508	20.9503
3509	3509	-15.8083
3510	3510	2.12761
3511	3511	40.4819
3512	3512	2.86976
3513	3513	-1.15188
3514	3514	7.27277
3515	3515	-3.96563
3516	3516	20.658
3517	3517	-0.118473
3518	3518	-28.5488
3519	3519	-8.86656
3520	3520	11.7488
3521	3521	-2.1385
3522	3522	8.41796
3523	3523	9.47973
3524	3524	-10.0656
3525	3525	-1.47132
3526	3526	-18.762
3527	3527	5.88245
3528	3528	13.073
3529	3529	-23.9935
3530	3530	-11.3208
3531	3531	9.08805
3532	3532	14.4418
3533	3533	-6.76711
3534	3534	-6.4579
3535	3535	-29.462
3536	3536	-24.3235
3537	3537	0.838643
3538	3538	16.1625
3539	3539	29.2251
3540	3540	-2.46367
3541	3541	7.94096
3542	3542	-14.0624
3543	3543	-4.81907
3544	3544	14.8229
3545	3545	17.81
3546	3546	-5.42597
3547	3547	-16.2418
3548	3548	-17.4529
3549	3549	7.57026
3550	3550	-34.2583
3551	3551	-31.9506
3552	3552	10.733
3553	3553	3.56801
3554	3554	5.40634
3555	3555	-14.2424
3556	3556	-12.6713
3557	3557	-14.0221
3558	3558	-14.3446
3559	3559	11.5425
3560	3560	14.3689
3561	3561	-6.5449
3562	3562	6.85853
3563	3563	-11.2825
3564	3564	-11.9259
3565	3565	32.3356
3566	3566	3.23152
3567	3567	8.4808
3568	3568	-9.39531
3569	3569	15.3545
3570	3570	-7.95663
3571	3571	17.9602
3572	3572	-17.068
3573	3573	10.7574
3574	3574	-13.7501
3575	3575	-5.27317
3576	3576	28.5468
3577	3577	9.55068
3578	3578	11.4794
3579	3579	-6.97299
3580	3580	-10.1836
3581	3581	41.0681
3582	3582	26.9216
3583	3583	13.4611
3584	3584	-2.79623
3585	3585	1.89328
3586	3586	-16.6281
3587	3587	-8.72447
3588	3588	-10.1161
3589	3589	-34.4382
3590	3590	-1.15699
3591	3591	4.5224
3592	3592	30.8292
3593	3593	30.8872
3594	3594	-40.0294
3595	3595	9.82613
3596	3596	-22.6733
3597	3597	19.5081
3598	3598	-7.67145
3599	3599	-3.23919
3600	3600	12.5525
3601	3601	6.60054
3602	3602	-2.68629
3603	3603	17.2193
3604	3604	-4.14978
3605	3605	-21.0412
3606	3606	16.6176
3607	3607	26.3614
3608	3608	6.66818
3609	3609	15.1753
3610	3610	8.28136
3611	3611	0.261747
3612	3612	11.5867
3613	3613	-11.7882
3614	3614	1.64651
3615	3615	2.81467
3616	3616	35.8904
3617	3617	27.5531
3618	3618	-10.5287
3619	3619	-6.93196
3620	3620	-5.57761
3621	3621	-20.9584
3622	3622	-5.0646
3623	3623	11.6395
3624	3624	-5.39522
3625	3625	31.0541
3626	3626	-27.8811
3627	3627	-14.8709
3628	3628	0.425114
3629	3629	6.30509
3630	3630	-9.42276
3631	3631	-16.2521
3632	3632	-26.6519
3633	3633	-3.53377
3634	3634	17.2742
3635	3635	-8.10817
3636	3636	-12.3522
3637	3637	-10.0341
3638	3638	46.1832
3639	3639	-9.46451
3640	3640	-8.59967
3641	3641	-21.5056
3642	3642	2.76187
3643	3643	-5.46051
3644	3644	-14.0685
3645	3645	-18.7321
3646	3646	6.92673
3647	3647	-10.0999
3648	3648	-28.924
3649	3649	5.37366
3650	3650	-3.62354
3651	3651	5.20931
3652	3652	-12.8323
3653	3653	-0.104394
3654	3654	13.7928
3655	3655	-18.7601
3656	3656	32.0303
3657	3657	-15.4007
3658	3658	-30.8189
3659	3659	21.9938
3660	3660	-5.23645
3661	3661	12.0248
3662	3662	10.0993
3663	3663	-26.4483
3664	3664	-3.12487
3665	3665	-17.2439
3666	3666	3.82066
3667	3667	16.467
3668	3668	-8.70616
3669	3669	-6.48486
3670	3670	5.23426
3671	3671	-0.365717
3672	3672	25.1835
3673	3673	0.288071
3674	3674	24.0101
3675	3675	7.06943
3676	3676	-37.9232
3677	3677	11.543
3678	3678	-8.146
3679	3679	-0.373128
3680	3680	-11.9216
3681	3681	19.2589
3682	3682	14.3779
3683	3683	26.3013
3684	3684	-1.14073
3685	3685	-6.74193
3686	3686	15.557
3687	3687	6.70027
3688	3688	17.4697
3689	3689	-6.2481
3690	3690	26.6528
3691	3691	-5.00681
3692	3692	-6.47393
3693	3693	-7.77144
3694	3694	11.2901
3695	3695	4.966
3696	3696	14.4447
3697	3697	35.3949
3698	3698	36.0551
3699	3699	5.81468
3700	3700	0.337854
3701	3701	-11.7204
3702	3702	15.1958
3703	3703	18.5812
3704	3704	1.46948
3705	3705	24.6182
3706	3706	-7.72543
3707	3707	-1.3907
3708	3708	-31.6353
3709	3709	-0.933791
3710	3710	1.09401
3711	3711	-0.918984
3712	3712	-15.2824
3713	3713	1.44593
3714	3714	-7.08115
3715	3715	-0.790654
3716	3716	6.12004
3717	3717	-21.7761
3718	3718	21.0465
3719	3719	20.3789
3720	3720	6.83447
3721	3721	-9.25181
3722	3722	-15.5141
3723	3723	-2.53599
3724	3724	-1.45349
3725	3725	-4.75366
3726	3726	-6.22485
3727	3727	-32.5732
3728	3728	-2.51494
3729	3729	9.40827
3730	3730	-5.29749
3731	3731	-16.732
3732	3732	19.088
3733	3733	-17.4524
3734	3734	16.9057
3735	3735	28.9015
3736	3736	-3.11424
3737	3737	-16.0501
3738	3738	18.1229
3739	3739	-10.4163
3740	3740	2.04315
3741	3741	4.08166
3742	3742	24.8833
3743	3743	-13.1333
3744	3744	-2.53218
3745	3745	-5.34257
3746	3746	12.2913
3747	3747	-6.47051
3748	3748	-10.6074
3749	3749	-6.56306
3750	3750	29.4826
3751	3751	-14.8909
3752	3752	5.77307
3753	3753	14.1792
3754	3754	-14.3985
3755	3755	-10.1
3756	3756	0.0606078
3757	3757	-0.637805
3758	3758	12.7487
3759	3759	19.4408
3760	3760	-18.8799
3761	3761	17.5955
3762	3762	5.25911
3763	3763	-12.2346
3764	3764	-18.0832
3765	3765	-16.6513
3766	3766	16.5791
3767	3767	12.3982
3768	3768	-1.0929
3769	3769	4.05976
3770	3770	2.59727
3771	3771	-21.5065
3772	3772	-21.8023
3773	3773	6.29521
3774	3774	-12.3401
3775	3775	17.7471
3776	3776	24.8117
3777	3777	-11.4815
3778	3778	-6.33754
3779	3779	-4.09715
3780	3780	-9.13671
3781	3781	-2.55776
3782	3782	-11.251
3783	3783	2.39672
3784	3784	-27.6101
3785	3785	21.1542
3786	3786	22.794
3787	3787	-27.9804
3788	3788	6.77174
3789	3789	-2.90443
3790	3790	2.92184
3791	3791	-0.797451
3792	3792	-16.4674
3793	3793	-6.55368
3794	3794	7.56087
3795	3795	29.8602
3796	3796	-5.4093
3797	3797	-29.2565
3798	3798	-5.55986
3799	3799	7.37324
3800	3800	23.0068
3801	3801	2.54656
3802	3802	-17.1968
3803	3803	-5.1644
3804	3804	18.103
3805	3805	16.5963
3806	3806	8.10884
3807	3807	-7.30466
3808	3808	9.94514
3809	3809	-2.17556
3810	3810	58.4563
3811	3811	-3.3932
3812	3812	-2.53993
3813	3813	-24.1645
3814	3814	-4.87973
3815	3815	-1.09907
3816	3816	4.73524
3817	3817	10.6101
3818	3818	24.2308
3819	3819	-16.6091
3820	3820	46.47
3821	3821	-21.2371
3822	3822	29.8287
3823	3823	-0.832158
3824	3824	4.71947
3825	3825	2.71848
3826	3826	-15.8798
3827	3827	-1.61341
3828	3828	14.3332
3829	3829	-3.58818
3830	3830	-4.68899
3831	3831	-2.73648
3832	3832	-0.804651
3833	3833	-20.9892
3834	3834	11.2337
3835	3835	56.378
3836	3836	-10.2507
3837	3837	19.1901
3838	3838	-5.33429
3839	3839	12.1622
3840	3840	15.6958
3841	3841	-15.7203
3842	3842	-41.1707
3843	3843	12.1283
3844	3844	-5.89227
3845	3845	18.7209
3846	3846	-10.5634
3847	3847	-19.8805
3848	3848	-3.94487
3849	3849	8.37069
3850	3850	-7.41202
3851	3851	-18.1744
3852	3852	-4.45696
3853	3853	-20.098
3854	3854	-14.7066
3855	3855	-28.0987
3856	3856	6.34911
3857	3857	15.4858
3858	3858	16.7977
3859	3859	5.22973
3860	3860	-5.20231
3861	3861	7.33777
3862	3862	-1.71756
3863	3863	12.4722
3864	3864	11.0176
3865	3865	28.7666
3866	3866	-17.7193
3867	3867	-20.3878
3868	3868	-7.50169
3869	3869	-3.56436
3870	3870	8.93178
3871	3871	-10.444
3872	3872	-7.23098
3873	3873	-18.0436
3874	3874	-10.4459
3875	3875	-22.8529
3876	3876	13.0685
3877	3877	15.1347
3878	3878	11.4408
3879	3879	19.4408
3880	3880	-7.83688
3881	3881	-3.47894
3882	3882	22.9206
3883	3883	-14.7826
3884	3884	13.9952
3885	3885	-4.66078
3886	3886	-30.8086
3887	3887	-4.69645
3888	3888	-7.79037
3889	3889	6.79629
3890	3890	-16.6796
3891	3891	13.9876
3892	3892	-18.5369
3893	3893	-11.8344
3894	3894	-27.4306
3895	3895	-6.61967
3896	3896	2.21907
3897	3897	-17.1029
3898	3898	-8.9899
3899	3899	6.40253
3900	3900	37.4679
3901	3901	-22.687
3902	3902	-17.2304
3903	3903	13.4831
3904	3904	-17.8556
3905	3905	21.0805
3906	3906	8.87173
3907	3907	-21.0273
3908	3908	22.675
3909	3909	-29.5467
3910	3910	1.11969
3911	3911	-6.94131
3912	3912	1.03139
3913	3913	-17.6271
3914	3914	-9.83666
3915	3915	4.17162
3916	3916	-10.0995
3917	3917	-15.5916
3918	3918	36.8499
3919	3919	-7.07608
3920	3920	1.59659
3921	3921	8.40082
3922	3922	-16.0254
3923	3923	-2.92279
3924	3924	-11.7923
3925	3925	21.0039
3926	3926	12.6715
3927	3927	5.55543
3928	3928	11.4207
3929	3929	-12.8964
3930	3930	2.2824
3931	3931	1.70468
3932	3932	15.4288
3933	3933	-15.6625
3934	3934	-6.47646
3935	3935	42.0468
3936	3936	11.1993
3937	3937	-7.23933
3938	3938	-1.20161
3939	3939	-2.08449
3940	3940	19.2586
3941	3941	-20.0931
3942	3942	11.3484
3943	3943	-18.2681
3944	3944	-4.89708
3945	3945	29.9996
3946	3946	4.68625
3947	3947	4.00408
3948	3948	1.36463
3949	3949	8.27743
3950	3950	20.4763
3951	3951	3.79825
3952	3952	-40.1466
3953	3953	-10.4146
3954	3954	0.12837
3955	3955	3.40711
3956	3956	-22.0617
3957	3957	-9.14901
3958	3958	-16.8671
3959	3959	11.8891
3960	3960	4.59664
3961	3961	-22.8453
3962	3962	5.55248
3963	3963	-15.2823
3964	3964	10.8759
3965	3965	-23.9958
3966	3966	-7.43478
3967	3967	-0.148226
3968	3968	8.85862
3969	3969	38.0522
3970	3970	-6.16483
3971	3971	-25.0158
3972	3972	50.6643
3973	3973	16.3793
3974	3974	-6.36037
3975	3975	7.44134
3976	3976	4.32319
3977	3977	-12.2923
3978	3978	2.1362
3979	3979	17.8979
3980	3980	-11.9096
3981	3981	13.141
3982	3982	24.9986
3983	3983	-15.2411
3984	3984	16.0867
3985	3985	-12.786
3986	3986	-22.7933
3987	3987	-8.49473
3988	3988	10.8146
3989	3989	29.6754
3990	3990	-28.1365
3991	3991	27.4568
3992	3992	-11.0853
3993	3993	13.677
3994	3994	26.6721
3995	3995	-35.5188
3996	3996	-23.8461
3997	3997	-5.10528
3998	3998	10.9855
3999	3999	25.3012
4000	4000	-8.1688
4001	4001	28.9719
4002	4002	7.73961
4003	4003	0.161976
4004	4004	17.5956
4005	4005	-4.63749
4006	4006	-3.90737
4007	4007	-0.861725
4008	4008	-13.4582
4009	4009	-2.52432
4010	4010	-3.65804
4011	4011	-7.70521
4012	4012	39.2872
4013	4013	-21.3462
4014	4014	5.15413
4015	4015	15.0343
4016	4016	-6.31496
4017	4017	30.5458
4018	4018	-23.0152
4019	4019	30.6968
4020	4020	-13.6073
4021	4021	-1.53815
4022	4022	-5.91452
4023	4023	24.9693
4024	4024	-18.8982
4025	4025	-0.406448
4026	4026	20.1207
4027	4027	-2.2208
4028	4028	13.171
4029	4029	18.4155
4030	4030	-17.6166
4031	4031	-20.1191
4032	4032	44.8658
4033	4033	2.26793
4034	4034	21.6587
4035	4035	2.07492
4036	4036	-18.9241
4037	4037	4.1188
4038	4038	1.282
4039	4039	-10.2336
4040	4040	-20.137
4041	4041	18.3629
4042	4042	-26.2822
4043	4043	-23.926
4044	4044	24.0557
4045	4045	-7.65023
4046	4046	14.7255
4047	4047	-3.52234
4048	4048	-12.5355
4049	4049	26.0511
4050	4050	34.1368
4051	4051	2.77212
4052	4052	-3.7935
4053	4053	-8.94427
4054	4054	29.4977
4055	4055	-1.35217
4056	4056	-7.62004
4057	4057	8.778
4058	4058	11.0241
4059	4059	14.8783
4060	4060	15.898
4061	4061	8.71916
4062	4062	-0.985529
4063	4063	-27.6275
4064	4064	5.65541
4065	4065	-17.6337
4066	4066	18.4361
4067	4067	8.66868
4068	4068	29.5259
4069	4069	6.58743
4070	4070	8.17608
4071	4071	12.6476
4072	4072	-10.5738
4073	4073	45.0662
4074	4074	15.7776
4075	4075	16.6244
4076	4076	-5.40075
4077	4077	21.9967
4078	4078	58.792
4079	4079	16.9645
4080	4080	-35.6005
4081	4081	27.7294
4082	4082	44.144
4083	4083	18.1858
4084	4084	3.11455
4085	4085	-2.40212
4086	4086	17.3698
4087	4087	10.0589
4088	4088	-10.8632
4089	4089	27.3613
4090	4090	-14.5615
4091	4091	-7.49859
4092	4092	0.345213
4093	4093	-15.8345
4094	4094	17.1033
4095	4095	1.09933
4096	4096	-10.261
4097	4097	6.78213
4098	4098	27.5438
4099	4099	-0.392429
4100	4100	-12.9599
4101	4101	20.6894
4102	4102	-20.9386
4103	4103	-11.3276
4104	4104	17.166
4105	4105	21.2096
4106	4106	-1.97509
4107	4107	31.0046
4108	4108	39.3012
4109	4109	19.1336
4110	4110	-28.7964
4111	4111	33.3045
4112	4112	-19.4941
4113	4113	7.69973
4114	4114	-1.70009
4115	4115	5.45299
4116	4116	-41.0403
4117	4117	1.96391
4118	4118	13.8611
4119	4119	23.2378
4120	4120	-16.1984
4121	4121	34.9329
4122	4122	-2.69413
4123	4123	28.3011
4124	4124	28.1307
4125	4125	-22.9765
4126	4126	44.6204
4127	4127	15.1264
4128	4128	-11.3271
4129	4129	-4.67068
4130	4130	25.8089
4131	4131	-4.77668
4132	4132	30.1219
4133	4133	-16.8075
4134	4134	-16.7388
4135	4135	7.44751
4136	4136	-17.8566
4137	4137	-14.7455
4138	4138	17.3077
4139	4139	28.4133
4140	4140	-38.1529
4141	4141	15.5904
4142	4142	12.657
4143	4143	14.1871
4144	4144	-26.5903
4145	4145	4.03276
4146	4146	-1.86535
4147	4147	12.9112
4148	4148	-29.1545
4149	4149	-29.2191
4150	4150	9.47858
4151	4151	-17.5092
4152	4152	10.8283
4153	4153	8.71023
4154	4154	-1.93665
4155	4155	-7.17103
4156	4156	-16.3532
4157	4157	-13.3115
4158	4158	-14.9594
4159	4159	-2.01488
4160	4160	-6.02746
4161	4161	2.85212
4162	4162	-5.96591
4163	4163	11.8179
4164	4164	-15.5939
4165	4165	10.3023
4166	4166	1.03594
4167	4167	-2.87608
4168	4168	24.1174
4169	4169	-12.442
4170	4170	-17.856
4171	4171	-13.4006
4172	4172	-5.30065
4173	4173	25.0323
4174	4174	-7.71998
4175	4175	-5.52008
4176	4176	-2.14701
4177	4177	-15.3337
4178	4178	-21.5636
4179	4179	-4.96812
4180	4180	24.792
4181	4181	-1.2886
4182	4182	-9.43985
4183	4183	6.92502
4184	4184	-23.2893
4185	4185	-23.8483
4186	4186	12.4976
4187	4187	26.5163
4188	4188	-8.52873
4189	4189	30.2822
4190	4190	0.693311
4191	4191	-1.60631
4192	4192	-11.4196
4193	4193	16.1094
4194	4194	1.48824
4195	4195	5.37605
4196	4196	-7.43903
4197	4197	15.8412
4198	4198	-27.6691
4199	4199	1.84108
4200	4200	-12.2751
4201	4201	1.38422
4202	4202	-21.9208
4203	4203	0.823789
4204	4204	29.215
4205	4205	-7.27526
4206	4206	7.84565
4207	4207	17.2461
4208	4208	4.10533
4209	4209	24.821
4210	4210	44.225
4211	4211	0.968616
4212	4212	-3.7131
4213	4213	-16.5586
4214	4214	6.36828
4215	4215	7.21012
4216	4216	-14.2583
4217	4217	28.0098
4218	4218	24.8432
4219	4219	-20.3003
4220	4220	33.6798
4221	4221	-1.84412
4222	4222	-9.46822
4223	4223	28.7615
4224	4224	15.1687
4225	4225	-13.7341
4226	4226	28.7613
4227	4227	2.01949
4228	4228	20.1798
4229	4229	-23.3086
4230	4230	16.1993
4231	4231	-5.29792
4232	4232	-20.7439
4233	4233	-1.90034
4234	4234	7.79225
4235	4235	-13.1165
4236	4236	26.5302
4237	4237	9.75488
4238	4238	-23.8561
4239	4239	22.3257
4240	4240	6.34248
4241	4241	-4.68921
4242	4242	-4.57371
4243	4243	14.7041
4244	4244	12.4942
4245	4245	10.7212
4246	4246	7.29412
4247	4247	-6.38378
4248	4248	-4.15634
4249	4249	-20.774
4250	4250	-9.92562
4251	4251	-9.0239
4252	4252	-12.2022
4253	4253	-7.63571
4254	4254	-6.12659
4255	4255	-15.9116
4256	4256	-8.74821
4257	4257	-7.87646
4258	4258	26.6518
4259	4259	-19.9129
4260	4260	0.867425
4261	4261	4.01438
4262	4262	-17.1915
4263	4263	-31.9216
4264	4264	-7.7553
4265	4265	0.380393
4266	4266	2.6824
4267	4267	12.6259
4268	4268	1.18671
4269	4269	14.8128
4270	4270	-10.2877
4271	4271	-32.7441
4272	4272	-11.0882
4273	4273	-16.7904
4274	4274	-10.9773
4275	4275	1.48738
4276	4276	16.23
4277	4277	-20.6476
4278	4278	-6.07844
4279	4279	28.8034
4280	4280	2.26358
4281	4281	-26.715
4282	4282	-16.4392
4283	4283	4.58427
4284	4284	15.8057
4285	4285	-3.20144
4286	4286	15.9207
4287	4287	-16.1169
4288	4288	22.3902
4289	4289	-22.235
4290	4290	-27.8876
4291	4291	7.11901
4292	4292	8.43174
4293	4293	11.4666
4294	4294	-11.7239
4295	4295	11.4498
4296	4296	-15.5352
4297	4297	-3.55518
4298	4298	14.9993
4299	4299	7.60958
4300	4300	-13.1533
4301	4301	20.5021
4302	4302	-8.76165
4303	4303	-19.3771
4304	4304	-36.3564
4305	4305	4.45427
4306	4306	-11.6378
4307	4307	-6.9413
4308	4308	13.8589
4309	4309	-20.2028
4310	4310	6.42321
4311	4311	12.5408
4312	4312	5.92524
4313	4313	1.05143
4314	4314	3.80445
4315	4315	17.1162
4316	4316	-6.6968
4317	4317	13.2472
4318	4318	-7.55085
4319	4319	13.0214
4320	4320	-3.60389
4321	4321	16.5926
4322	4322	-19.3117
4323	4323	-3.01193
4324	4324	-10.0391
4325	4325	-0.365429
4326	4326	-13.7233
4327	4327	4.01236
4328	4328	-9.64766
4329	4329	-7.71589
4330	4330	18.0686
4331	4331	-11.193
4332	4332	-12.9779
4333	4333	-1.0116
4334	4334	-21.9312
4335	4335	-11.2891
4336	4336	-8.47212
4337	4337	35.3538
4338	4338	-4.92562
4339	4339	14.0834
4340	4340	42.5044
4341	4341	-4.56552
4342	4342	9.39292
4343	4343	-3.70451
4344	4344	-14.261
4345	4345	-0.562087
4346	4346	-17.4899
4347	4347	-28.4425
4348	4348	-33.4849
4349	4349	-12.4524
4350	4350	-23.0507
4351	4351	18.9485
4352	4352	-6.64236
4353	4353	14.9281
4354	4354	-2.90132
4355	4355	46.3605
4356	4356	-8.76814
4357	4357	-13.5209
4358	4358	-6.36895
4359	4359	-30.5286
4360	4360	19.1466
4361	4361	-0.344597
4362	4362	0.051267
4363	4363	-23.2724
4364	4364	9.84141
4365	4365	-22.6198
4366	4366	15.7456
4367	4367	-16.8113
4368	4368	24.7125
4369	4369	-43.7717
4370	4370	-10.7931
4371	4371	-5.84297
4372	4372	-43.0206
4373	4373	-15.7637
4374	4374	11.7957
4375	4375	4.80801
4376	4376	7.37195
4377	4377	1.78487
4378	4378	-7.47662
4379	4379	-13.189
4380	4380	6.66355
4381	4381	-11.6663
4382	4382	-17.2708
4383	4383	-12.9906
4384	4384	-17.6014
4385	4385	-22.5741
4386	4386	49.5641
4387	4387	-8.84087
4388	4388	7.36113
4389	4389	-7.0497
4390	4390	-30.8146
4391	4391	14.0106
4392	4392	62.8058
4393	4393	-1.58449
4394	4394	7.7234
4395	4395	2.55393
4396	4396	-15.3474
4397	4397	-39.5999
4398	4398	-18.3526
4399	4399	-13.4604
4400	4400	-24.0881
4401	4401	5.4213
4402	4402	31.2635
4403	4403	-13.3334
4404	4404	37.9222
4405	4405	0.929183
4406	4406	3.9666
4407	4407	20.2811
4408	4408	-4.58509
4409	4409	4.80478
4410	4410	-11.7895
4411	4411	-10.2644
4412	4412	1.46428
4413	4413	-27.8754
4414	4414	-6.0889
4415	4415	57.2874
4416	4416	1.81961
4417	4417	3.86324
4418	4418	-21.3607
4419	4419	-20.3806
4420	4420	-29.6673
4421	4421	12.5812
4422	4422	5.57251
4423	4423	8.40505
4424	4424	-15.3404
4425	4425	-11.9851
4426	4426	-8.51807
4427	4427	35.9406
4428	4428	-40.7304
4429	4429	0.608334
4430	4430	6.02694
4431	4431	42.1114
4432	4432	4.25505
4433	4433	-25.298
4434	4434	3.86791
4435	4435	-2.63284
4436	4436	-12.1484
4437	4437	-0.41873
4438	4438	9.4662
4439	4439	13.2381
4440	4440	-18.5302
4441	4441	-31.0478
4442	4442	-24.2622
4443	4443	15.3758
4444	4444	25.6652
4445	4445	-1.40948
4446	4446	38.6257
4447	4447	34.8968
4448	4448	3.87384
4449	4449	15.1745
4450	4450	2.83253
4451	4451	-9.93852
4452	4452	21.5635
4453	4453	25.9888
4454	4454	-15.0129
4455	4455	-17.3335
4456	4456	14.9998
4457	4457	14.9167
4458	4458	-6.44344
4459	4459	-6.17333
4460	4460	0.898134
4461	4461	16.6753
4462	4462	3.42973
4463	4463	0.607934
4464	4464	22.9815
4465	4465	-2.24073
4466	4466	27.3348
4467	4467	-6.08204
4468	4468	4.86636
4469	4469	14.5276
4470	4470	15.7187
4471	4471	8.95991
4472	4472	4.47096
4473	4473	0.930367
4474	4474	-3.85684
4475	4475	24.0363
4476	4476	-12.3817
4477	4477	-13.5334
4478	4478	-5.76912
4479	4479	11.4872
4480	4480	-5.92576
4481	4481	4.569
4482	4482	26.0677
4483	4483	-9.30834
4484	4484	-8.37008
4485	4485	-25.0918
4486	4486	-2.12341
4487	4487	17.53
4488	4488	-26.7825
4489	4489	-2.16477
4490	4490	39.9555
4491	4491	10.3431
4492	4492	-32.5555
4493	4493	21.6048
4494	4494	-10.0215
4495	4495	41.7702
4496	4496	-20.7038
4497	4497	-9.92253
4498	4498	21.3209
4499	4499	-9.68526
4500	4500	22.1144
4501	4501	-12.6108
4502	4502	-6.45376
4503	4503	12.3832
4504	4504	-12.593
4505	4505	4.31504
4506	4506	-3.73512
4507	4507	7.47431
4508	4508	21.295
4509	4509	0.549127
4510	4510	-2.24898
4511	4511	14.0096
4512	4512	-22.2742
4513	4513	11.6276
4514	4514	21.2348
4515	4515	10.9541
4516	4516	40.5109
4517	4517	-18.7032
4518	4518	-10.7
4519	4519	18.2326
4520	4520	34.2566
4521	4521	-21.3214
4522	4522	10.8434
4523	4523	-43.5841
4524	4524	-0.987261
4525	4525	8.15444
4526	4526	14.3576
4527	4527	4.48133
4528	4528	-5.49804
4529	4529	-4.57955
4530	4530	46.2799
4531	4531	6.96447
4532	4532	-17.6662
4533	4533	-7.92629
4534	4534	-26.0176
4535	4535	-14.5928
4536	4536	12.1516
4537	4537	-10.1385
4538	4538	3.56073
4539	4539	15.1971
4540	4540	-14.7767
4541	4541	49.7436
4542	4542	10.2039
4543	4543	18.992
4544	4544	16.9397
4545	4545	10.7808
4546	4546	33.846
4547	4547	16.845
4548	4548	-6.26357
4549	4549	-31.9798
4550	4550	9.02808
4551	4551	12.8086
4552	4552	6.96136
4553	4553	-5.8585
4554	4554	25.5461
4555	4555	23.1503
4556	4556	-18.9639
4557	4557	-16.2328
4558	4558	-2.54761
4559	4559	-7.50815
4560	4560	-7.31757
4561	4561	10.8846
4562	4562	-1.30626
4563	4563	-22.4615
4564	4564	-14.7493
4565	4565	-4.4903
4566	4566	18.5776
4567	4567	19.7273
4568	4568	34.7854
4569	4569	-18.1152
4570	4570	-15.5068
4571	4571	5.4138
4572	4572	-15.7062
4573	4573	-7.2446
4574	4574	-17.5706
4575	4575	-18.364
4576	4576	-10.4925
4577	4577	-4.12797
4578	4578	-1.77265
4579	4579	-6.30326
4580	4580	-0.0354795
4581	4581	-20.4888
4582	4582	-2.74059
4583	4583	19.6272
4584	4584	3.60892
4585	4585	0.192323
4586	4586	1.64699
4587	4587	-5.57588
4588	4588	5.22224
4589	4589	15.8864
4590	4590	-1.94713
4591	4591	-31.1977
4592	4592	13.9196
4593	4593	5.54363
4594	4594	-18.3922
4595	4595	2.87
4596	4596	-6.37092
4597	4597	-11.3072
4598	4598	3.77891
4599	4599	-1.54214
4600	4600	9.46836
4601	4601	-6.34625
4602	4602	12.8852
4603	4603	11.6924
4604	4604	13.0219
4605	4605	13.1795
4606	4606	-9.93915
4607	4607	-9.03408
4608	4608	29.8198
4609	4609	54.3016
4610	4610	10.8472
4611	4611	-3.97238
4612	4612	5.42983
4613	4613	-6.75338
4614	4614	18.8875
4615	4615	4.14854
4616	4616	-44.7955
4617	4617	35.3459
4618	4618	10.4363
4619	4619	25.3965
4620	4620	6.36269
4621	4621	-13.5583
4622	4622	23.1375
4623	4623	-11.7833
4624	4624	28.1879
4625	4625	9.67866
4626	4626	-11.5489
4627	4627	-2.56074
4628	4628	8.01053
4629	4629	-10.8777
4630	4630	5.90955
4631	4631	-7.6457
4632	4632	-1.42037
4633	4633	-4.63743
4634	4634	28.0714
4635	4635	-7.25935
4636	4636	-0.478675
4637	4637	-15.3018
4638	4638	16.9425
4639	4639	4.0358
4640	4640	-6.95333
4641	4641	8.56354
4642	4642	6.7802
4643	4643	0.843856
4644	4644	-21.7966
4645	4645	-1.85256
4646	4646	-14.7578
4647	4647	-20.0167
4648	4648	-13.6122
4649	4649	10.0841
4650	4650	20.037
4651	4651	-5.34049
4652	4652	-9.44493
4653	4653	-11.349
4654	4654	3.48852
4655	4655	-24.593
4656	4656	-39.8705
4657	4657	-25.538
4658	4658	15.6846
4659	4659	42.3151
4660	4660	-10.0697
4661	4661	-22.5954
4662	4662	15.138
4663	4663	6.51756
4664	4664	3.70977
4665	4665	0.74157
4666	4666	-0.311728
4667	4667	-7.45365
4668	4668	18.9
4669	4669	-1.71489
4670	4670	-27.1314
4671	4671	-2.00732
4672	4672	-3.66667
4673	4673	7.04726
4674	4674	-0.508383
4675	4675	-16.5683
4676	4676	6.39962
4677	4677	8.36343
4678	4678	9.65725
4679	4679	-25.8844
4680	4680	-23.1717
4681	4681	-6.06813
4682	4682	19.246
4683	4683	-11.2522
4684	4684	18.7164
4685	4685	-18.0465
4686	4686	50.4595
4687	4687	3.89144
4688	4688	2.18203
4689	4689	7.93988
4690	4690	32.8982
4691	4691	-1.31401
4692	4692	13.9076
4693	4693	21.361
4694	4694	6.2575
4695	4695	8.75546
4696	4696	-1.50813
4697	4697	-0.245956
4698	4698	-4.24433
4699	4699	12.1788
4700	4700	-0.207445
4701	4701	28.7943
4702	4702	6.08875
4703	4703	-9.22926
4704	4704	4.41179
4705	4705	-10.8183
4706	4706	-32.18
4707	4707	37.7353
4708	4708	0.969809
4709	4709	1.16498
4710	4710	18.7217
4711	4711	-11.1857
4712	4712	-34.6687
4713	4713	-21.5273
4714	4714	1.71686
4715	4715	-16.1125
4716	4716	-12.7894
4717	4717	31.5261
4718	4718	12.6839
4719	4719	2.78001
4720	4720	19.0664
4721	4721	16.7732
4722	4722	-24.7791
4723	4723	6.59941
4724	4724	10.3619
4725	4725	-6.46816
4726	4726	7.43119
4727	4727	6.82427
4728	4728	-13.7901
4729	4729	-5.56937
4730	4730	-10.5265
4731	4731	25.8995
4732	4732	-2.13699
4733	4733	-17.6531
4734	4734	-13.5437
4735	4735	17.3033
4736	4736	2.50867
4737	4737	-20.1047
4738	4738	-29.1985
4739	4739	-30.412
4740	4740	25.8991
4741	4741	-9.11607
4742	4742	0.802484
4743	4743	-1.17674
4744	4744	-20.3378
4745	4745	6.1454
4746	4746	-14.7544
4747	4747	7.84865
4748	4748	17.0444
4749	4749	6.75238
4750	4750	-0.595003
4751	4751	-12.6199
4752	4752	6.49561
4753	4753	8.21336
4754	4754	33.1547
4755	4755	-1.45575
4756	4756	9.02484
4757	4757	-1.27762
4758	4758	-4.03288
4759	4759	-14.3149
4760	4760	-0.452375
4761	4761	0.104453
4762	4762	-0.455213
4763	4763	21.062
4764	4764	28.3838
4765	4765	-35.7722
4766	4766	-2.46766
4767	4767	10.7078
4768	4768	36.9475
4769	4769	30.6165
4770	4770	-36.0767
4771	4771	-1.00887
4772	4772	-1.20056
4773	4773	4.30397
4774	4774	-21.3128
4775	4775	13.719
4776	4776	34.5462
4777	4777	2.26047
4778	4778	4.60622
4779	4779	-1.85155
4780	4780	-20.4915
4781	4781	19.0496
4782	4782	38.7185
4783	4783	1.48009
4784	4784	-30.2924
4785	4785	-31.7802
4786	4786	0.970332
4787	4787	-0.569469
4788	4788	-5.079
4789	4789	-43.1682
4790	4790	5.00215
4791	4791	7.16253
4792	4792	-3.03927
4793	4793	-10.2492
4794	4794	14.1616
4795	4795	-25.8922
4796	4796	-7.28512
4797	4797	37.6157
4798	4798	10.4811
4799	4799	12.7164
