sample_id	sample_id2	phensim
zero	zero	-48.713
1	1	-35.9485
2	2	-12.0044
3	3	-1.10569
4	4	57.0672
5	5	26.9075
6	6	16.4157
7	7	-14.1959
8	8	-55.6595
9	9	1.13279
10	10	10.1384
11	11	-17.8905
12	12	56.7339
13	13	26.6072
14	14	14.1396
15	15	29.8055
16	16	20.7253
17	17	57.7327
18	18	-32.4211
19	19	-21.2647
20	20	-5.858
21	21	19.8768
22	22	-1.61982
23	23	-26.1477
24	24	7.37626
25	25	10.7204
26	26	-7.43928
27	27	30.2419
28	28	21.89
29	29	46.5705
30	30	-6.21616
31	31	3.49644
32	32	6.81158
33	33	20.5435
34	34	6.46602
35	35	-12.6206
36	36	-2.00453
37	37	3.78784
38	38	-22.8375
39	39	-2.26126
40	40	29.6304
41	41	8.79372
42	42	11.4068
43	43	14.514
44	44	27.0118
45	45	-4.43556
46	46	31.791
47	47	21.0442
48	48	28.6702
49	49	-55.2685
50	50	-96.6753
51	51	9.43108
52	52	-1.99004
53	53	54.364
54	54	10.9471
55	55	6.08521
56	56	17.9
57	57	10.8519
58	58	-15.931
59	59	28.8611
60	60	-26.1167
61	61	33.2864
62	62	-10.9037
63	63	13.0742
64	64	28.7285
65	65	12.4901
66	66	-41.8627
67	67	-20.297
68	68	-28.3147
69	69	12.4145
70	70	-0.126925
71	71	-0.881632
72	72	-22.2256
73	73	-0.123073
74	74	-27.1417
75	75	-26.2312
76	76	-23.4038
77	77	20.2332
78	78	25.4569
79	79	7.76526
80	80	-43.0399
81	81	41.3757
82	82	-6.30467
83	83	1.54719
84	84	4.36674
85	85	-10.8189
86	86	25.8406
87	87	-21.6704
88	88	-34.2345
89	89	-7.96449
90	90	41.0636
91	91	-10.11
92	92	20.6775
93	93	67.9596
94	94	26.2607
95	95	20.1815
96	96	-1.12089
97	97	-20.8568
98	98	23.7379
99	99	-9.22304
100	100	23.4216
101	101	-27.6026
102	102	1.36008
103	103	-21.8005
104	104	-6.19691
105	105	25.7522
106	106	74.9016
107	107	-10.6046
108	108	-42.2525
109	109	-11.8227
110	110	-4.84971
111	111	15.1158
112	112	-28.1186
113	113	-10.0093
114	114	-19.4211
115	115	9.32463
116	116	-26.615
117	117	-13.2283
118	118	15.4537
119	119	32.1832
120	120	-43.0606
121	121	-1.85817
122	122	-13.1486
123	123	-32.9167
124	124	-15.3727
125	125	-30.0326
126	126	26.1905
127	127	8.3916
128	128	23.2569
129	129	-22.0176
130	130	-5.26537
131	131	-0.780316
132	132	-22.5837
133	133	11.3887
134	134	22.668
135	135	-45.3245
136	136	26.6482
137	137	-14.0483
138	138	-3.52435
139	139	-11.3054
140	140	-31.4504
141	141	-11.876
142	142	25.3858
143	143	-37.2259
144	144	15.8933
145	145	12.3595
146	146	-37.4471
147	147	-6.09754
148	148	-23.5486
149	149	-6.58928
150	150	13.172
151	151	23.883
152	152	-13.6931
153	153	45.8537
154	154	2.00427
155	155	-18.9799
156	156	14.3599
157	157	15.3076
158	158	25.888
159	159	-24.5722
160	160	4.28484
161	161	2.23816
162	162	-25.3168
163	163	17.7002
164	164	16.2133
165	165	3.36005
166	166	-20.7877
167	167	3.16296
168	168	16.6655
169	169	-4.40368
170	170	23.6428
171	171	-4.35324
172	172	3.80431
173	173	-24.7318
174	174	16.4217
175	175	-47.6892
176	176	15.0967
177	177	-58.8679
178	178	-12.2158
179	179	16.4003
180	180	34.1503
181	181	29.5931
182	182	-24.0582
183	183	47.9695
184	184	-1.3175
185	185	39.2989
186	186	4.21341
187	187	-10.8787
188	188	-0.0284342
189	189	12.6981
190	190	25.1209
191	191	-1.75886
192	192	-27.4704
193	193	17.5614
194	194	21.6429
195	195	-31.525
196	196	-21.9106
197	197	3.26712
198	198	-28.584
199	199	28.0184
200	200	9.31379
201	201	-2.2555
202	202	36.5811
203	203	23.3192
204	204	59.9825
205	205	-4.34243
206	206	2.21592
207	207	-59.5659
208	208	-32.6957
209	209	7.15987
210	210	41.2785
211	211	-26.3568
212	212	-10.3652
213	213	-12.4492
214	214	21.7994
215	215	-37.6328
216	216	-60.4278
217	217	-20.3779
218	218	-23.3776
219	219	16.1698
220	220	21.1385
221	221	32.3813
222	222	28.8941
223	223	-65.9921
224	224	40.1871
225	225	15.8204
226	226	-2.77411
227	227	35.267
228	228	0.0626966
229	229	-39.4258
230	230	0.609455
231	231	-33.5654
232	232	31.9101
233	233	-17.484
234	234	20.3728
235	235	-4.17102
236	236	-16.9263
237	237	-9.19814
238	238	9.24325
239	239	12.8976
240	240	21.5466
241	241	49.8487
242	242	36.1491
243	243	19.4486
244	244	-20.3594
245	245	-12.8908
246	246	28.4803
247	247	31.4658
248	248	-25.0948
249	249	-14.2801
250	250	-34.185
251	251	-9.91535
252	252	42.9139
253	253	21.7805
254	254	-8.53016
255	255	36.667
256	256	11.0673
257	257	-14.1198
258	258	-3.8261
259	259	17.2612
260	260	27.5434
261	261	19.0989
262	262	-10.668
263	263	20.7954
264	264	-38.3325
265	265	6.0806
266	266	-10.2152
267	267	41.2673
268	268	-8.915
269	269	-53.5372
270	270	5.7578
271	271	33.991
272	272	63.2666
273	273	-34.9185
274	274	-11.5743
275	275	-25.3431
276	276	-10.337
277	277	7.1147
278	278	-44.9964
279	279	0.32454
280	280	20.5427
281	281	-18.3388
282	282	-15.2327
283	283	54.9193
284	284	3.15273
285	285	26.3015
286	286	24.4134
287	287	-23.3745
288	288	7.51373
289	289	-1.62563
290	290	-19.3571
291	291	-5.10225
292	292	-25.6718
293	293	11.0105
294	294	24.0883
295	295	-0.150223
296	296	-22.1991
297	297	-34.905
298	298	31.6379
299	299	49.4275
