sample_id	sample_id2	phensim
zero	zero	-37.2318
1	1	31.9146
2	2	-18.5439
3	3	-0.476194
4	4	5.17165
5	5	-27.8455
6	6	-6.29532
7	7	13.1683
8	8	0.905095
9	9	7.02328
10	10	18.6175
11	11	7.03014
12	12	-0.631007
13	13	8.36536
14	14	-33.5637
15	15	13.8088
16	16	-18.9656
17	17	-14.0303
18	18	10.6461
19	19	-2.31452
20	20	49.967
21	21	40.9331
22	22	-19.9466
23	23	10.2886
24	24	25.923
25	25	36.4708
26	26	-13.1395
27	27	-29.8708
28	28	-37.8169
29	29	-28.0254
30	30	-3.41579
31	31	12.5038
32	32	33.9098
33	33	-10.9763
34	34	16.9356
35	35	-19.4325
36	36	-19.8495
37	37	8.24882
38	38	16.2031
39	39	-16.3203
40	40	-9.7224
41	41	-25.7942
42	42	-8.18684
43	43	2.2055
44	44	-23.7699
45	45	20.9499
46	46	2.80127
47	47	22.0605
48	48	-7.36303
49	49	-3.65452
50	50	-7.14645
51	51	7.73321
52	52	-16.2977
53	53	-28.0557
54	54	22.785
55	55	-22.3372
56	56	5.25517
57	57	15.4766
58	58	-9.65063
59	59	4.50467
60	60	6.54132
61	61	35.6359
62	62	38.5142
63	63	11.1267
64	64	30.3846
65	65	-12.4319
66	66	11.809
67	67	40.4158
68	68	9.7238
69	69	-17.802
70	70	36.8377
71	71	-63.2603
72	72	3.43183
73	73	-3.22259
74	74	12.8408
75	75	-3.98371
76	76	-6.36767
77	77	13.0971
78	78	9.93783
79	79	-10.3342
80	80	6.27636
81	81	7.45847
82	82	-24.2882
83	83	-23.934
84	84	-20.2587
85	85	34.7485
86	86	-10.8123
87	87	-34.417
88	88	-4.59517
89	89	18.9923
90	90	-20.2367
91	91	-15.1339
92	92	12.8009
93	93	-2.59734
94	94	54.947
95	95	5.32506
96	96	31.7248
97	97	-9.78943
98	98	8.60118
99	99	-13.5507
100	100	-2.64285
101	101	-21.9986
102	102	45.3058
103	103	-1.94607
104	104	-25.0502
105	105	-0.481999
106	106	27.8122
107	107	30.8312
108	108	-16.2636
109	109	-1.22685
110	110	0.462422
111	111	54.329
112	112	-13.3537
113	113	11.5537
114	114	15.7707
115	115	2.34867
116	116	16.5916
117	117	18.9184
118	118	33.5489
119	119	48.1512
120	120	27.9822
121	121	-31.2365
122	122	-8.36456
123	123	-4.76567
124	124	-8.79791
125	125	42.4045
126	126	12.8071
127	127	-27.1927
128	128	-7.62761
129	129	-16.336
130	130	34.1665
131	131	8.22139
132	132	7.60056
133	133	3.60302
134	134	6.55943
135	135	-14.6067
136	136	-34.7872
137	137	36.895
138	138	-15.7238
139	139	-41.7025
140	140	-2.30705
141	141	4.18318
142	142	-37.8655
143	143	-37.8732
144	144	14.4394
145	145	5.45476
146	146	1.71559
147	147	-2.12887
148	148	5.26089
149	149	46.8576
150	150	-30.7511
151	151	31.5568
152	152	-10.1737
153	153	-45.4126
154	154	21.1694
155	155	-6.9309
156	156	-22.2344
157	157	15.9071
158	158	1.59419
159	159	-5.00154
160	160	-23.348
161	161	20.157
162	162	0.205267
163	163	14.6275
164	164	4.77582
165	165	-1.45663
166	166	-23.5949
167	167	3.24054
168	168	37.4045
169	169	-29.5722
170	170	-25.637
171	171	-33.2414
172	172	16.3762
173	173	-12.5948
174	174	-50.6045
175	175	-36.7027
176	176	-22.305
177	177	-9.89216
178	178	9.21594
179	179	-20.3771
180	180	32.0305
181	181	7.15733
182	182	-11.9078
183	183	46.5883
184	184	18.2581
185	185	-45.1168
186	186	-5.74949
187	187	-32.6114
188	188	42.2633
189	189	21.6889
190	190	29.1129
191	191	-4.59285
192	192	10.7313
193	193	5.05534
194	194	31.5358
195	195	46.2189
196	196	1.10356
197	197	14.643
198	198	-18.2327
199	199	-4.90789
200	200	3.16779
201	201	-7.56203
202	202	10.2453
203	203	9.30062
204	204	6.42542
205	205	34.7821
206	206	-15.8665
207	207	20.6037
208	208	1.1416
209	209	1.36383
210	210	21.3498
211	211	48.2921
212	212	5.34385
213	213	-14.1861
214	214	-2.83651
215	215	-16.9787
216	216	11.0498
217	217	-24.0386
218	218	-12.7018
219	219	-5.90897
220	220	35.4966
221	221	-16.3397
222	222	3.34538
223	223	-21.2115
224	224	1.93435
225	225	-2.38537
226	226	33.0704
227	227	0.372157
228	228	11.0958
229	229	41.7052
230	230	9.44995
231	231	-23.8649
232	232	-2.70627
233	233	2.59982
234	234	18.9463
235	235	35.223
236	236	5.78032
237	237	-29.4377
238	238	-35.7106
239	239	22.6264
240	240	-11.28
241	241	26.8447
242	242	-8.74203
243	243	11.0671
244	244	-18.3113
245	245	-59.2473
246	246	-6.56202
247	247	-65.4117
248	248	-10.0386
249	249	-9.19681
250	250	20.3066
251	251	-21.6167
252	252	-39.895
253	253	-29.0995
254	254	-18.9164
255	255	-32.7652
256	256	-12.4641
257	257	1.45894
258	258	-8.75483
259	259	1.68704
260	260	28.5004
261	261	9.99039
262	262	14.7199
263	263	-11.1395
264	264	8.27719
265	265	-5.20996
266	266	32.9944
267	267	-2.45101
268	268	11.8986
269	269	-21.3849
270	270	9.32561
271	271	15.3699
272	272	36.6595
273	273	-10.4801
274	274	-4.79886
275	275	-6.51138
276	276	-6.37919
277	277	-15.7428
278	278	-6.54763
279	279	-0.534898
280	280	5.25397
281	281	-35.0728
282	282	-29.2305
283	283	16.2911
284	284	5.5942
285	285	-3.37056
286	286	19.9599
287	287	-14.1394
288	288	0.143715
289	289	26.0662
290	290	-7.14262
291	291	13.81
292	292	-4.68726
293	293	-42.4704
294	294	9.04513
295	295	-0.48411
296	296	36.6927
297	297	60.0562
298	298	12.0696
299	299	24.6594
300	300	2.74489
301	301	-34.285
302	302	49.7931
303	303	16.0566
304	304	-9.87244
305	305	31.6724
306	306	21.8504
307	307	23.9389
308	308	8.56419
309	309	5.89484
310	310	28.4007
311	311	32.6403
312	312	9.258
313	313	-5.06625
314	314	10.0186
315	315	4.3942
316	316	33.844
317	317	-25.478
318	318	40.4531
319	319	-12.8674
320	320	2.84189
321	321	22.3671
322	322	-13.1124
323	323	8.1602
324	324	-6.62956
325	325	27.4707
326	326	-7.87693
327	327	-0.543299
328	328	-2.96687
329	329	-59.1129
330	330	-20.4591
331	331	42.4546
332	332	2.10786
333	333	-42.8947
334	334	-11.1613
335	335	17.9045
336	336	18.1007
337	337	-8.88109
338	338	34.0135
339	339	-15.6442
340	340	26.9735
341	341	-23.6615
342	342	-26.8748
343	343	16.489
344	344	3.19264
345	345	8.88607
346	346	32.1588
347	347	-15.2826
348	348	-11.4687
349	349	1.522
350	350	-5.89189
351	351	12.1556
352	352	-1.81182
353	353	8.82312
354	354	-6.828
355	355	-19.8105
356	356	24.508
357	357	5.67319
358	358	-2.58289
359	359	15.8501
360	360	-11.3099
361	361	-2.87382
362	362	34.7358
363	363	19.9054
364	364	-8.67773
365	365	12.8453
366	366	44.2852
367	367	-37.8594
368	368	-0.734671
369	369	37.7218
370	370	4.4116
371	371	27.8219
372	372	11.0859
373	373	4.5205
374	374	-16.3612
375	375	44.6678
376	376	-32.4999
377	377	-7.18209
378	378	-5.3602
379	379	-10.9502
380	380	22.2921
381	381	-3.54446
382	382	27.0541
383	383	-8.43436
384	384	10.9602
385	385	-55.5938
386	386	-11.4138
387	387	-31.2901
388	388	3.07204
389	389	-13.6551
390	390	50.1488
391	391	-5.79016
392	392	12.0714
393	393	-42.5472
394	394	-17.214
395	395	40.2411
396	396	33.532
397	397	-6.97222
398	398	-9.84632
399	399	2.28023
400	400	-14.6132
401	401	-15.4663
402	402	11.6646
403	403	3.35761
404	404	9.80352
405	405	-2.71177
406	406	0.456118
407	407	19.0214
408	408	-6.61835
409	409	-17.328
410	410	-41.68
411	411	2.43352
412	412	-19.0044
413	413	19.3
414	414	12.99
415	415	15.7233
416	416	-15.5316
417	417	-2.57717
418	418	-6.68077
419	419	-27.5369
420	420	45.5883
421	421	-39.009
422	422	-19.4591
423	423	-38.8071
424	424	17.0756
425	425	-49.7923
426	426	-34.5549
427	427	-9.9238
428	428	-26.8421
429	429	9.72268
430	430	18.556
431	431	16.813
432	432	38.1533
433	433	5.45088
434	434	15.0353
435	435	22.2723
436	436	8.31554
437	437	30.0562
438	438	-20.835
439	439	-11.0556
440	440	-8.03327
441	441	15.6749
442	442	-10.9509
443	443	-38.9383
444	444	0.569193
445	445	26.1381
446	446	6.03689
447	447	0.766166
448	448	-10.2711
449	449	-17.9127
450	450	-0.629485
451	451	-3.42079
452	452	12.6121
453	453	-4.67378
454	454	14.1953
455	455	-19.4413
456	456	-21.4404
457	457	-9.10876
458	458	8.28327
459	459	12.8012
460	460	20.5921
461	461	-13.3827
462	462	2.21561
463	463	4.78484
464	464	-31.1499
465	465	-11.2034
466	466	-26.6958
467	467	29.8641
468	468	-4.33713
469	469	14.8922
470	470	32.9645
471	471	-17.6688
472	472	2.37222
473	473	-20.3383
474	474	7.42039
475	475	13.8393
476	476	-7.76698
477	477	-34.6278
478	478	-9.02776
479	479	-5.04227
480	480	-12.8653
481	481	-26.5001
482	482	-9.30437
483	483	4.2493
484	484	-39.5296
485	485	-18.5943
486	486	17.084
487	487	13.8454
488	488	-14.5639
489	489	-17.823
490	490	1.60346
491	491	1.96697
492	492	15.8533
493	493	5.10781
494	494	-31.0154
495	495	3.09123
496	496	-34.3051
497	497	-10.0917
498	498	8.9795
499	499	4.10644
500	500	3.47685
501	501	25.0675
502	502	-6.6154
503	503	43.6144
504	504	18.2896
505	505	19.1194
506	506	-22.4163
507	507	-22.848
508	508	9.94663
509	509	19.5773
510	510	7.45584
511	511	-7.29262
512	512	24.4398
513	513	-5.67494
514	514	-5.07849
515	515	-36.9412
516	516	5.31331
517	517	30.1316
518	518	2.81812
519	519	36.6797
520	520	-12.7055
521	521	-12.5539
522	522	15.6975
523	523	-5.97161
524	524	-6.87414
525	525	-21.9956
526	526	24.6695
527	527	-37.2898
528	528	23.7876
529	529	-5.1143
530	530	-37.8206
531	531	3.29085
532	532	-43.1824
533	533	-9.14151
534	534	-21.9639
535	535	-7.54828
536	536	37.6327
537	537	-1.38682
538	538	-5.50251
539	539	-34.4212
540	540	-31.5079
541	541	32.0988
542	542	-3.78636
543	543	23.9994
544	544	-1.14437
545	545	-8.92115
546	546	-30.2527
547	547	-43.7362
548	548	28.4115
549	549	-2.09138
550	550	27.9937
551	551	-0.294182
552	552	-12.3593
553	553	6.89627
554	554	38.3803
555	555	22.8825
556	556	-19.9663
557	557	-10.4705
558	558	17.1836
559	559	-19.9742
560	560	5.18207
561	561	39.416
562	562	1.02868
563	563	-1.40317
564	564	21.2284
565	565	-11.8846
566	566	-10.6878
567	567	-15.3864
568	568	9.64405
569	569	4.10867
570	570	1.10229
571	571	-22.9342
572	572	-28.0252
573	573	47.2231
574	574	26.487
575	575	10.8719
576	576	24.6504
577	577	23.6007
578	578	19.871
579	579	0.486908
580	580	-26.6229
581	581	-7.64827
582	582	-31.0396
583	583	-6.87502
584	584	-17.9192
585	585	15.0879
586	586	1.21149
587	587	-3.29405
588	588	31.4842
589	589	-18.8758
590	590	-12.733
591	591	2.88138
592	592	-4.77501
593	593	51.8127
594	594	-0.0824443
595	595	-15.2991
596	596	-37.5964
597	597	29.0431
598	598	-16.7302
599	599	9.97359
600	600	7.76801
601	601	-15.3169
602	602	9.79129
603	603	18.338
604	604	-5.01784
605	605	3.65682
606	606	17.8089
607	607	-5.42302
608	608	7.10046
609	609	9.88189
610	610	-17.0036
611	611	32.125
612	612	3.48157
613	613	-19.9996
614	614	29.6492
615	615	31.968
616	616	-14.2454
617	617	50.6128
618	618	0.551214
619	619	9.12169
620	620	-8.48593
621	621	-18.5099
622	622	-45.1012
623	623	7.49761
624	624	-15.0706
625	625	32.88
626	626	5.78473
627	627	22.8042
628	628	4.57055
629	629	-5.63275
630	630	33.7627
631	631	-7.42116
632	632	-10.2873
633	633	-46.9451
634	634	-1.18627
635	635	37.97
636	636	18.2272
637	637	-18.3215
638	638	26.4811
639	639	-14.6592
640	640	-15.1516
641	641	3.65133
642	642	-7.80884
643	643	-22.4267
644	644	-22.2627
645	645	48.4431
646	646	-9.43099
647	647	10.9748
648	648	19.3804
649	649	14.9855
650	650	6.32653
651	651	0.843528
652	652	7.03676
653	653	-24.6506
654	654	-17.3722
655	655	-31.7748
656	656	20.7878
657	657	19.7122
658	658	-6.75295
659	659	-8.44992
660	660	38.6006
661	661	-11.6831
662	662	15.9701
663	663	24.821
664	664	-30.4478
665	665	21.0944
666	666	9.18305
667	667	-19.4068
668	668	-11.9262
669	669	-23.1632
670	670	-23.9738
671	671	-7.57655
672	672	8.3771
673	673	-6.15817
674	674	4.50366
675	675	36.0124
676	676	-21.1628
677	677	6.05386
678	678	5.44291
679	679	-21.7488
680	680	1.4169
681	681	-32.7845
682	682	10.5333
683	683	27.516
684	684	-8.45865
685	685	-7.90077
686	686	16.5351
687	687	18.856
688	688	-25.4969
689	689	9.95044
690	690	8.16763
691	691	-16.096
692	692	-2.91591
693	693	23.6796
694	694	1.37057
695	695	24.8288
696	696	11.5086
697	697	15.038
698	698	-29.3593
699	699	4.02951
700	700	4.94285
701	701	-0.935573
702	702	-29.7201
703	703	-9.83571
704	704	8.94351
705	705	18.4223
706	706	-13.1189
707	707	13.7851
708	708	-4.76654
709	709	-10.9732
710	710	12.2893
711	711	-8.94574
712	712	-21.8403
713	713	-3.92196
714	714	-1.16124
715	715	-2.19928
716	716	34.5969
717	717	2.95322
718	718	-28.5031
719	719	-34.2347
720	720	35.2072
721	721	35.7577
722	722	-7.13696
723	723	7.97538
724	724	-21.4238
725	725	-12.3709
726	726	4.68498
727	727	1.04587
728	728	5.47971
729	729	-35.1298
730	730	11.4448
731	731	24.4092
732	732	-7.81377
733	733	-10.3322
734	734	4.90902
735	735	20.9548
736	736	-61.6496
737	737	-31.9902
738	738	-27.1892
739	739	-27.2362
740	740	9.8595
741	741	-1.61189
742	742	-11.0483
743	743	-32.1311
744	744	0.909073
745	745	-21.9251
746	746	10.22
747	747	11.9046
748	748	20.5066
749	749	-41.156
750	750	-0.436013
751	751	-8.53934
752	752	-7.96777
753	753	18.8071
754	754	-20.9722
755	755	-12.1026
756	756	-2.88641
757	757	-11.5341
758	758	20.8544
759	759	-7.03847
760	760	-1.46254
761	761	-8.75848
762	762	4.64183
763	763	10.0128
764	764	31.757
765	765	-7.46115
766	766	4.74264
767	767	-8.90398
768	768	-13.8151
769	769	-23.2462
770	770	-3.41869
771	771	16.9252
772	772	11.4597
773	773	7.16215
774	774	22.8498
775	775	14.533
776	776	-16.3345
777	777	19.86
778	778	26.6498
779	779	-17.4497
780	780	-0.813825
781	781	-24.139
782	782	-7.18988
783	783	36.7428
784	784	17.3252
785	785	4.63139
786	786	-34.6059
787	787	-11.0885
788	788	-26.3905
789	789	21.9234
790	790	-8.59523
791	791	-15.109
792	792	22.1979
793	793	-35.546
794	794	-14.2101
795	795	-17.8826
796	796	32.4663
797	797	-5.10921
798	798	41.7951
799	799	-0.27598
800	800	9.82806
801	801	-7.55066
802	802	32.5518
803	803	-46.8452
804	804	-28.5113
805	805	-19.9736
806	806	29.0371
807	807	-17.8622
808	808	-8.88235
809	809	-45.0787
810	810	-40.8341
811	811	-19.4588
812	812	16.9133
813	813	26.5552
814	814	9.00256
815	815	9.45597
816	816	-9.03134
817	817	-1.15563
818	818	34.4894
819	819	-15.8995
820	820	-18.1185
821	821	-7.46891
822	822	17.2269
823	823	-7.74311
824	824	-15.2548
825	825	13.2161
826	826	-3.40063
827	827	16.0241
828	828	28.9772
829	829	6.26697
830	830	-13.0146
831	831	-12.5642
832	832	53.6916
833	833	-48.8746
834	834	4.37001
835	835	-24.835
836	836	21.8523
837	837	19.0701
838	838	25.9795
839	839	-10.5473
840	840	-1.08766
841	841	3.6794
842	842	-11.2469
843	843	12.1415
844	844	12.1772
845	845	8.11576
846	846	26.4804
847	847	-28.9435
848	848	23.3964
849	849	-5.37322
850	850	-24.8456
851	851	20.419
852	852	1.61963
853	853	3.5972
854	854	20.3646
855	855	57.4345
856	856	-3.2276
857	857	58.5331
858	858	12.8262
859	859	30.3374
860	860	4.56283
861	861	19.4023
862	862	-1.8792
863	863	10.8955
864	864	-5.03327
865	865	-14.9483
866	866	-15.4089
867	867	-32.9006
868	868	-14.951
869	869	15.469
870	870	-26.3692
871	871	-13.734
872	872	-22.5733
873	873	-19.3683
874	874	-7.05973
875	875	-24.2226
876	876	-11.6126
877	877	30.3947
878	878	18.651
879	879	28.1456
880	880	37.3424
881	881	6.33297
882	882	-26.1109
883	883	-8.18373
884	884	-8.87755
885	885	12.5588
886	886	-19.6931
887	887	-5.47147
888	888	-5.21459
889	889	27.0797
890	890	-3.40427
891	891	1.17271
892	892	-26.8606
893	893	23.8735
894	894	-27.4064
895	895	0.138917
896	896	14.8766
897	897	-18.3551
898	898	31.3232
899	899	32.6288
900	900	30.0686
901	901	-11.3157
902	902	12.7865
903	903	4.36958
904	904	-21.1857
905	905	-13.7461
906	906	18.0849
907	907	22.0129
908	908	21.5057
909	909	13.6123
910	910	-5.23063
911	911	-10.7477
912	912	15.2748
913	913	4.48756
914	914	-10.5287
915	915	-1.14176
916	916	30.2486
917	917	14.4675
918	918	26.2685
919	919	-3.22505
920	920	-20.1585
921	921	-11.5685
922	922	-44.0238
923	923	-47.9187
924	924	1.35705
925	925	15.6474
926	926	-11.7956
927	927	-15.3252
928	928	18.421
929	929	43.0555
930	930	-14.3351
931	931	-6.46037
932	932	5.05783
933	933	33.0026
934	934	4.39556
935	935	21.3772
936	936	-20.9652
937	937	1.63695
938	938	-25.2303
939	939	31.6024
940	940	-5.76956
941	941	11.3972
942	942	-5.61945
943	943	-17.4076
944	944	-29.7207
945	945	10.0091
946	946	-0.669788
947	947	31.1885
948	948	33.4912
949	949	-17.8907
950	950	-8.62958
951	951	-35.0051
952	952	-14.0192
953	953	-15.4497
954	954	-18.3251
955	955	-7.42672
956	956	30.1032
957	957	-9.5672
958	958	-25.7555
959	959	4.25809
960	960	0.475203
961	961	9.34702
962	962	-2.39003
963	963	-33.8877
964	964	53.3331
965	965	15.7269
966	966	-2.69028
967	967	24.3612
968	968	5.39124
969	969	-1.79006
970	970	5.48148
971	971	35.365
972	972	-15.676
973	973	28.107
974	974	12.8661
975	975	-5.59281
976	976	-14.6492
977	977	-25.6721
978	978	-30.1736
979	979	15.4319
980	980	-9.4145
981	981	3.20415
982	982	42.4391
983	983	-40.3547
984	984	27.284
985	985	21.6279
986	986	11.4909
987	987	-17.5543
988	988	27.058
989	989	-9.84611
990	990	-13.3432
991	991	-52.7566
992	992	5.53215
993	993	18.2579
994	994	-4.61814
995	995	11.9316
996	996	-23.1161
997	997	3.36294
998	998	-8.35876
999	999	15.3028
1000	1000	9.00157
1001	1001	-1.74183
1002	1002	-4.81496
1003	1003	25.3753
1004	1004	17.4435
1005	1005	-25.0405
1006	1006	-0.824151
1007	1007	3.36135
1008	1008	21.5578
1009	1009	3.08209
1010	1010	-16.212
1011	1011	20.3752
1012	1012	-2.34972
1013	1013	-16.1152
1014	1014	-31.2046
1015	1015	-13.9924
1016	1016	-5.57189
1017	1017	-17.457
1018	1018	4.47848
1019	1019	-16.2218
1020	1020	26.9868
1021	1021	-22.071
1022	1022	-10.7924
1023	1023	-22.7091
1024	1024	-8.6614
1025	1025	17.2027
1026	1026	18.0212
1027	1027	9.02853
1028	1028	17.3034
1029	1029	-18.2428
1030	1030	22.9193
1031	1031	-6.21594
1032	1032	-7.81482
1033	1033	-26.4163
1034	1034	10.6015
1035	1035	25.6752
1036	1036	8.14371
1037	1037	20.155
1038	1038	-12.1509
1039	1039	2.62289
1040	1040	-8.23202
1041	1041	28.5331
1042	1042	-20.0689
1043	1043	28.1127
1044	1044	10.3936
1045	1045	-28.8782
1046	1046	-7.36219
1047	1047	36.3181
1048	1048	30.4498
1049	1049	-13.1311
1050	1050	-13.8485
1051	1051	7.94302
1052	1052	-13.0114
1053	1053	26.9453
1054	1054	-11.4703
1055	1055	-7.6228
1056	1056	5.94789
1057	1057	-25.3797
1058	1058	-11.6104
1059	1059	42.5098
1060	1060	36.6073
1061	1061	-19.0075
1062	1062	-12.2648
1063	1063	7.96483
1064	1064	67.7989
1065	1065	-5.92799
1066	1066	46.8721
1067	1067	-49.7689
1068	1068	14.3895
1069	1069	12.4927
1070	1070	9.2065
1071	1071	29.2772
1072	1072	46.2105
1073	1073	-5.58615
1074	1074	-12.6233
1075	1075	1.86409
1076	1076	17.2288
1077	1077	-2.90022
1078	1078	5.52334
1079	1079	7.70551
1080	1080	-11.3111
1081	1081	4.75481
1082	1082	-3.27181
1083	1083	-33.1314
1084	1084	31.96
1085	1085	7.99884
1086	1086	-23.8031
1087	1087	20.1259
1088	1088	-5.64461
1089	1089	37.51
1090	1090	10.5669
1091	1091	-27.5398
1092	1092	1.08377
1093	1093	5.32019
1094	1094	-11.1221
1095	1095	13.4276
1096	1096	0.533138
1097	1097	0.276745
1098	1098	-7.98928
1099	1099	23.5923
1100	1100	-17.8233
1101	1101	19.0486
1102	1102	6.41685
1103	1103	16.6875
1104	1104	-12.071
1105	1105	24.2823
1106	1106	-25.5525
1107	1107	8.63514
1108	1108	-22.9544
1109	1109	24.865
1110	1110	20.7596
1111	1111	-12.1748
1112	1112	-37.0591
1113	1113	-32.188
1114	1114	-6.84546
1115	1115	31.8709
1116	1116	0.543138
1117	1117	11.9641
1118	1118	-10.5279
1119	1119	-15.2774
1120	1120	9.81632
1121	1121	9.16013
1122	1122	9.0715
1123	1123	23.0389
1124	1124	17.9326
1125	1125	2.66383
1126	1126	-1.56219
1127	1127	-3.62771
1128	1128	8.43472
1129	1129	-21.5006
1130	1130	-15.1337
1131	1131	-22.6576
1132	1132	17.6162
1133	1133	-10.2161
1134	1134	29.2468
1135	1135	17.1911
1136	1136	41.8296
1137	1137	15.4664
1138	1138	18.9178
1139	1139	-32.2268
1140	1140	-17.8246
1141	1141	-15.653
1142	1142	4.1366
1143	1143	-33.2198
1144	1144	28.0682
1145	1145	15.5354
1146	1146	34.5472
1147	1147	-37.869
1148	1148	2.03182
1149	1149	2.26887
1150	1150	17.2508
1151	1151	-17.2555
1152	1152	-4.8465
1153	1153	48.5016
1154	1154	6.89982
1155	1155	-20.9118
1156	1156	6.66355
1157	1157	-0.516465
1158	1158	-37.6032
1159	1159	-8.48898
1160	1160	14.3774
1161	1161	13.8477
1162	1162	-16.6123
1163	1163	-18.9707
1164	1164	27.7489
1165	1165	2.32173
1166	1166	-1.18339
1167	1167	-25.5238
1168	1168	9.91324
1169	1169	-22.2304
1170	1170	-4.88673
1171	1171	-2.11607
1172	1172	-7.4056
1173	1173	-56.3984
1174	1174	-1.55738
1175	1175	-30.037
1176	1176	-47.2739
1177	1177	30.793
1178	1178	47.5682
1179	1179	-21.7533
1180	1180	37.4164
1181	1181	-16.6047
1182	1182	32.6773
1183	1183	19.6714
1184	1184	20.2859
1185	1185	2.17552
1186	1186	-0.400138
1187	1187	3.0445
1188	1188	3.86792
1189	1189	-9.91865
1190	1190	1.58108
1191	1191	11.9895
1192	1192	-18.2728
1193	1193	-26.73
1194	1194	-6.63982
1195	1195	34.1868
1196	1196	4.80724
1197	1197	1.45389
1198	1198	-28.5241
1199	1199	37.2777
1200	1200	35.6704
1201	1201	15.4421
1202	1202	-19.8116
1203	1203	33.3783
1204	1204	-19.1878
1205	1205	-10.042
1206	1206	-14.4166
1207	1207	-19.9421
1208	1208	42.3691
1209	1209	29.7541
1210	1210	26.8758
1211	1211	45.3464
1212	1212	2.47897
1213	1213	16.5167
1214	1214	-12.0661
1215	1215	2.02141
1216	1216	20.3357
1217	1217	14.2139
1218	1218	13.8434
1219	1219	5.20207
1220	1220	3.13032
1221	1221	1.77459
1222	1222	-20.7328
1223	1223	-4.49459
1224	1224	34.99
1225	1225	-18.8521
1226	1226	-3.83176
1227	1227	37.3792
1228	1228	22.9635
1229	1229	3.83765
1230	1230	14.2137
1231	1231	-20.0771
1232	1232	-48.3696
1233	1233	-45.2018
1234	1234	7.76503
1235	1235	-10.2195
1236	1236	-16.3508
1237	1237	-0.7017
1238	1238	-18.7811
1239	1239	18.2334
1240	1240	-22.8248
1241	1241	-18.1343
1242	1242	-8.27312
1243	1243	2.39881
1244	1244	14.999
1245	1245	35.0904
1246	1246	2.74122
1247	1247	29.8181
1248	1248	-29.4166
1249	1249	27.9499
1250	1250	9.59672
1251	1251	7.67164
1252	1252	-5.70134
1253	1253	-5.81086
1254	1254	28.6635
1255	1255	-0.805627
1256	1256	8.87487
1257	1257	-11.8965
1258	1258	-7.20753
1259	1259	-20.9371
1260	1260	-31.971
1261	1261	-16.3046
1262	1262	20.1999
1263	1263	10.6948
1264	1264	0.0481403
1265	1265	42.4127
1266	1266	-39.0186
1267	1267	-19.8472
1268	1268	10.2771
1269	1269	33.5063
1270	1270	-28.316
1271	1271	15.5983
1272	1272	4.09089
1273	1273	5.0918
1274	1274	13.1119
1275	1275	-35.2521
1276	1276	-23.3489
1277	1277	31.2617
1278	1278	40.6665
1279	1279	-7.77822
1280	1280	34.6415
1281	1281	9.56631
1282	1282	-0.992876
1283	1283	10.0434
1284	1284	-14.9392
1285	1285	23.6668
1286	1286	8.77396
1287	1287	26.5665
1288	1288	-27.4048
1289	1289	19.1479
1290	1290	-2.67041
1291	1291	5.98241
1292	1292	-34.9046
1293	1293	0.0820392
1294	1294	3.6792
1295	1295	16.4925
1296	1296	-9.86807
1297	1297	31.676
1298	1298	20.9082
1299	1299	-12.1885
1300	1300	-23.213
1301	1301	0.0747485
1302	1302	-27.715
1303	1303	42.5166
1304	1304	-5.44942
1305	1305	20.4936
1306	1306	-10.2685
1307	1307	-12.9432
1308	1308	-8.51503
1309	1309	-5.50341
1310	1310	-29.1019
1311	1311	-20.0575
1312	1312	1.03933
1313	1313	39.8802
1314	1314	-3.09939
1315	1315	6.08186
1316	1316	40.8598
1317	1317	7.61731
1318	1318	-11.2413
1319	1319	-24.5259
1320	1320	-13.516
1321	1321	-16.9014
1322	1322	-3.28179
1323	1323	11.7643
1324	1324	-20.071
1325	1325	-27.8716
1326	1326	41.4955
1327	1327	28.7336
1328	1328	-24.2168
1329	1329	-6.80163
1330	1330	52.9316
1331	1331	18.3689
1332	1332	-1.34579
1333	1333	-18.0642
1334	1334	-26.4649
1335	1335	0.0857581
1336	1336	39.7606
1337	1337	-23.6071
1338	1338	-6.17953
1339	1339	10.0452
1340	1340	5.46311
1341	1341	4.08186
1342	1342	14.2314
1343	1343	-27.6455
1344	1344	0.690546
1345	1345	-20.0302
1346	1346	-17.2776
1347	1347	-29.3953
1348	1348	-9.31544
1349	1349	33.9836
1350	1350	0.593083
1351	1351	4.65783
1352	1352	47.1714
1353	1353	-26.6508
1354	1354	23.518
1355	1355	22.5376
1356	1356	-3.31974
1357	1357	1.72251
1358	1358	3.77123
1359	1359	-38.619
1360	1360	3.49973
1361	1361	-6.87802
1362	1362	46.0872
1363	1363	19.6124
1364	1364	27.8774
1365	1365	-5.90622
1366	1366	-6.89382
1367	1367	7.82534
1368	1368	-12.9224
1369	1369	17.1088
1370	1370	15.422
1371	1371	-0.758868
1372	1372	-8.66431
1373	1373	27.2157
1374	1374	20.1847
1375	1375	-17.4598
1376	1376	54.3707
1377	1377	-25.7921
1378	1378	-17.7201
1379	1379	-28.1532
1380	1380	-17.2833
1381	1381	37.7433
1382	1382	7.93002
1383	1383	-30.6222
1384	1384	-7.4419
1385	1385	10.8859
1386	1386	62.0728
1387	1387	2.15837
1388	1388	30.8447
1389	1389	40.3675
1390	1390	12.3038
1391	1391	13.5224
1392	1392	17.3366
1393	1393	-1.07685
1394	1394	-15.5857
1395	1395	24.973
1396	1396	-8.45237
1397	1397	-7.04333
1398	1398	-18.87
1399	1399	-13.115
1400	1400	3.35096
1401	1401	-2.30881
1402	1402	3.38536
1403	1403	0.750054
1404	1404	27.9731
1405	1405	38.2256
1406	1406	-5.29239
1407	1407	5.61964
1408	1408	29.1687
1409	1409	11.5934
1410	1410	-26.1395
1411	1411	18.3069
1412	1412	10.6155
1413	1413	-0.68095
1414	1414	-21.7989
1415	1415	14.8883
1416	1416	-43.4307
1417	1417	-10.4589
1418	1418	-23.846
1419	1419	-6.65127
1420	1420	1.51744
1421	1421	34.053
1422	1422	-4.60395
1423	1423	11.6681
1424	1424	-17.4847
1425	1425	6.66998
1426	1426	-33.6134
1427	1427	5.88455
1428	1428	1.45119
1429	1429	-64.2602
1430	1430	-19.4027
1431	1431	-20.6596
1432	1432	0.260263
1433	1433	2.22389
1434	1434	40.8154
1435	1435	-8.57333
1436	1436	3.48019
1437	1437	-10.2531
1438	1438	46.3899
1439	1439	-16.6376
1440	1440	6.28727
1441	1441	40.0795
1442	1442	-28.6006
1443	1443	8.00672
1444	1444	-22.2326
1445	1445	-11.2608
1446	1446	23.428
1447	1447	24.1202
1448	1448	5.35953
1449	1449	40.2816
1450	1450	-12.3602
1451	1451	31.3532
1452	1452	-24.5405
1453	1453	-7.39504
1454	1454	2.721
1455	1455	0.230217
1456	1456	-29.8991
1457	1457	6.41862
1458	1458	-32.2348
1459	1459	51.5352
1460	1460	-35.178
1461	1461	-23.1471
1462	1462	-32.2421
1463	1463	-30.1244
1464	1464	-47.9527
1465	1465	46.7476
1466	1466	33.6731
1467	1467	21.7646
1468	1468	17.233
1469	1469	49.4392
1470	1470	45.9305
1471	1471	-13.7084
1472	1472	-26.3007
1473	1473	-16.7806
1474	1474	-5.90376
1475	1475	8.52402
1476	1476	-15.5209
1477	1477	76.5997
1478	1478	2.31335
1479	1479	-21.4083
1480	1480	0.959095
1481	1481	37.6553
1482	1482	42.1405
1483	1483	-40.3193
1484	1484	-1.56643
1485	1485	-14.404
1486	1486	50.7916
1487	1487	-10.717
1488	1488	-4.67931
1489	1489	32.035
1490	1490	26.6862
1491	1491	48.0481
1492	1492	21.7926
1493	1493	-10.5306
1494	1494	4.07516
1495	1495	29.7099
1496	1496	-17.3746
1497	1497	-16.838
1498	1498	25.4787
1499	1499	10.7844
1500	1500	-14.34
1501	1501	-10.7313
1502	1502	-2.88503
1503	1503	31.5048
1504	1504	69.041
1505	1505	-26.8132
1506	1506	-11.1693
1507	1507	7.66208
1508	1508	1.43328
1509	1509	-4.32516
1510	1510	-0.766982
1511	1511	-21.6724
1512	1512	48.273
1513	1513	-20.4245
1514	1514	20.8802
1515	1515	-7.28742
1516	1516	-8.07663
1517	1517	32.2668
1518	1518	-23.502
1519	1519	5.29643
1520	1520	-44.8195
1521	1521	-4.33722
1522	1522	-10.25
1523	1523	19.0289
1524	1524	11.9596
1525	1525	4.83844
1526	1526	-13.6306
1527	1527	-11.7284
1528	1528	-4.75141
1529	1529	-26.0397
1530	1530	15.4288
1531	1531	65.8852
1532	1532	-5.28504
1533	1533	-7.94136
1534	1534	18.8959
1535	1535	-11.6646
1536	1536	18.9531
1537	1537	-22.688
1538	1538	-31.3306
1539	1539	4.75036
1540	1540	65.5659
1541	1541	28.3807
1542	1542	23.6333
1543	1543	7.94644
1544	1544	-0.794064
1545	1545	9.00289
1546	1546	18.695
1547	1547	-18.0072
1548	1548	-34.854
1549	1549	-32.7134
1550	1550	19.9037
1551	1551	-23.4938
1552	1552	13.6786
1553	1553	14.0484
1554	1554	-27.7495
1555	1555	25.3134
1556	1556	-13.8385
1557	1557	-5.86093
1558	1558	30.9516
1559	1559	32.3809
1560	1560	-22.2081
1561	1561	-32.0649
1562	1562	20.7484
1563	1563	-0.984313
1564	1564	-1.62026
1565	1565	-28.3824
1566	1566	8.86512
1567	1567	-2.11771
1568	1568	20.9805
1569	1569	-43.7394
1570	1570	31.7554
1571	1571	-1.15878
1572	1572	-23.3621
1573	1573	7.22243
1574	1574	32.6302
1575	1575	-8.78204
1576	1576	11.1069
1577	1577	-34.0154
1578	1578	18.8197
1579	1579	-28.4336
1580	1580	19.794
1581	1581	3.27833
1582	1582	-16.0398
1583	1583	29.0803
1584	1584	11.4965
1585	1585	7.19928
1586	1586	-24.8767
1587	1587	14.7634
1588	1588	0.446771
1589	1589	31.1413
1590	1590	-10.6529
1591	1591	-37.6102
1592	1592	4.11667
1593	1593	-28.6041
1594	1594	-6.21074
1595	1595	4.77788
1596	1596	-31.0156
1597	1597	-8.17909
1598	1598	35.1338
1599	1599	-17.866
1600	1600	-7.35434
1601	1601	-6.24587
1602	1602	-5.35205
1603	1603	-23.2383
1604	1604	11.703
1605	1605	-37.8186
1606	1606	-7.14821
1607	1607	5.66294
1608	1608	-6.19764
1609	1609	3.71981
1610	1610	4.63926
1611	1611	-1.95982
1612	1612	18.0819
1613	1613	-34.3631
1614	1614	-3.75911
1615	1615	12.4777
1616	1616	14.3954
1617	1617	17.3689
1618	1618	20.5599
1619	1619	3.25188
1620	1620	-33.7466
1621	1621	-3.93539
1622	1622	-11.5002
1623	1623	-11.323
1624	1624	-29.8327
1625	1625	-10.0852
1626	1626	20.2789
1627	1627	-31.5212
1628	1628	-14.2378
1629	1629	0.886059
1630	1630	2.71583
1631	1631	63.4664
1632	1632	12.2754
1633	1633	9.53032
1634	1634	-12.4166
1635	1635	-22.9033
1636	1636	36.5231
1637	1637	-23.5627
1638	1638	31.3585
1639	1639	-16.3362
1640	1640	-6.56654
1641	1641	29.088
1642	1642	17.2327
1643	1643	-11.5262
1644	1644	19.5278
1645	1645	20.2504
1646	1646	-5.77464
1647	1647	34.8307
1648	1648	17.3035
1649	1649	14.8792
1650	1650	22.3568
1651	1651	-22.8434
1652	1652	0.265015
1653	1653	36.6635
1654	1654	-9.87523
1655	1655	-15.8927
1656	1656	-22.4539
1657	1657	-17.5481
1658	1658	-10.8882
1659	1659	1.32102
1660	1660	34.9346
1661	1661	3.01192
1662	1662	-34.8488
1663	1663	2.47043
1664	1664	-28.0839
1665	1665	-0.847594
1666	1666	42.5917
1667	1667	-11.0707
1668	1668	-3.44927
1669	1669	20.9458
1670	1670	-3.69938
1671	1671	13.4481
1672	1672	4.29746
1673	1673	-0.39281
1674	1674	3.24082
1675	1675	-24.5204
1676	1676	-7.67314
1677	1677	-23.7452
1678	1678	-1.40199
1679	1679	-9.44037
1680	1680	20.4683
1681	1681	23.7229
1682	1682	11.5612
1683	1683	35.6615
1684	1684	14.3613
1685	1685	-19.2881
1686	1686	14.0864
1687	1687	-1.55827
1688	1688	25.9769
1689	1689	-46.8008
1690	1690	-28.5696
1691	1691	3.35086
1692	1692	-2.84089
1693	1693	47.7948
1694	1694	-60.8805
1695	1695	14.8405
1696	1696	8.20067
1697	1697	14.468
1698	1698	-10.5183
1699	1699	-0.495401
1700	1700	11.378
1701	1701	0.532758
1702	1702	-7.74777
1703	1703	-3.016
1704	1704	-3.50085
1705	1705	17.531
1706	1706	-9.61914
1707	1707	-15.5354
1708	1708	44.9117
1709	1709	-29.7649
1710	1710	-1.82913
1711	1711	-8.88612
1712	1712	-44.3218
1713	1713	-39.2447
1714	1714	-3.11007
1715	1715	24.0085
1716	1716	12.2749
1717	1717	18.2737
1718	1718	21.6153
1719	1719	29.3445
1720	1720	-41.306
1721	1721	17.9255
1722	1722	-31.3375
1723	1723	-11.9563
1724	1724	-11.6218
1725	1725	-21.762
1726	1726	-22.3851
1727	1727	-9.78752
1728	1728	2.61824
1729	1729	19.4832
1730	1730	-23.1833
1731	1731	-6.98373
1732	1732	-18.295
1733	1733	-18.1641
1734	1734	-6.77294
1735	1735	-12.0006
1736	1736	-9.3378
1737	1737	29.1675
1738	1738	3.21461
1739	1739	21.2265
1740	1740	-36.9627
1741	1741	-38.1155
1742	1742	7.78086
1743	1743	-5.87545
1744	1744	0.484855
1745	1745	16.3554
1746	1746	22.2637
1747	1747	-21.3664
1748	1748	2.59691
1749	1749	-0.322262
1750	1750	-42.7439
1751	1751	-35.6929
1752	1752	-23.1793
1753	1753	-35.5665
1754	1754	8.41032
1755	1755	17.0695
1756	1756	8.46818
1757	1757	23.568
1758	1758	5.83642
1759	1759	12.1606
1760	1760	-4.44383
1761	1761	28.509
1762	1762	7.60008
1763	1763	-55.812
1764	1764	-10.5336
1765	1765	-13.7525
1766	1766	-13.8995
1767	1767	47.8925
1768	1768	-13.2265
1769	1769	3.52135
1770	1770	-16.5642
1771	1771	-0.125547
1772	1772	31.3387
1773	1773	2.22545
1774	1774	36.5458
1775	1775	10.9103
1776	1776	21.1027
1777	1777	-17.6125
1778	1778	-5.90067
1779	1779	30.9666
1780	1780	-1.23234
1781	1781	41.334
1782	1782	41.0575
1783	1783	12.8399
1784	1784	30.1547
1785	1785	13.0405
1786	1786	-6.80782
1787	1787	18.0882
1788	1788	43.7182
1789	1789	1.30963
1790	1790	44.8563
1791	1791	-23.4212
1792	1792	-16.4185
1793	1793	-23.6684
1794	1794	-5.02107
1795	1795	34.1155
1796	1796	-15.1595
1797	1797	-3.4939
1798	1798	-19.1554
1799	1799	-33.4247
1800	1800	10.1771
1801	1801	3.5365
1802	1802	-13.3162
1803	1803	-8.48182
1804	1804	-14.7129
1805	1805	-18.1455
1806	1806	-11.6209
1807	1807	51.1063
1808	1808	4.9365
1809	1809	-15.708
1810	1810	-24.8964
1811	1811	20.1003
1812	1812	9.35099
1813	1813	-34.5164
1814	1814	2.41089
1815	1815	-6.93584
1816	1816	14.6023
1817	1817	3.69639
1818	1818	-13.7225
1819	1819	-21.6213
1820	1820	18.9286
1821	1821	18.0742
1822	1822	0.678216
1823	1823	23.771
1824	1824	14.7287
1825	1825	20.506
1826	1826	-14.6737
1827	1827	12.5075
1828	1828	15.3367
1829	1829	0.653867
1830	1830	-49.4165
1831	1831	-33.2645
1832	1832	15.8287
1833	1833	-28.418
1834	1834	7.17905
1835	1835	-8.7917
1836	1836	19.0888
1837	1837	-16.5183
1838	1838	-9.96115
1839	1839	39.7161
1840	1840	39.401
1841	1841	-0.248482
1842	1842	19.2418
1843	1843	-23.0157
1844	1844	10.2024
1845	1845	-49.8091
1846	1846	13.5786
1847	1847	10.2199
1848	1848	19.7296
1849	1849	-8.68439
1850	1850	23.6655
1851	1851	-5.95635
1852	1852	-0.132465
1853	1853	0.928052
1854	1854	2.19096
1855	1855	16.7173
1856	1856	-21.8659
1857	1857	32.1459
1858	1858	26.2983
1859	1859	-5.59334
1860	1860	-10.3319
1861	1861	1.00978
1862	1862	48.3418
1863	1863	-8.91033
1864	1864	57.8566
1865	1865	-14.1056
1866	1866	16.6786
1867	1867	-9.57332
1868	1868	-4.22071
1869	1869	-8.71466
1870	1870	7.92591
1871	1871	8.44701
1872	1872	1.82393
1873	1873	-4.49467
1874	1874	5.07326
1875	1875	-13.2513
1876	1876	8.02096
1877	1877	-5.9194
1878	1878	-20.2483
1879	1879	-0.86743
1880	1880	-8.96256
1881	1881	-25.1525
1882	1882	-8.50815
1883	1883	-11.4151
1884	1884	-25.4567
1885	1885	-2.57164
1886	1886	-26.3418
1887	1887	-16.3214
1888	1888	-8.85046
1889	1889	5.25712
1890	1890	-6.7943
1891	1891	4.02204
1892	1892	-21.6496
1893	1893	-15.4739
1894	1894	10.7574
1895	1895	-50.6231
1896	1896	21.4784
1897	1897	-16.6411
1898	1898	8.47898
1899	1899	21.6026
1900	1900	4.71733
1901	1901	-31.0694
1902	1902	31.6413
1903	1903	29.3944
1904	1904	38.7196
1905	1905	-7.02338
1906	1906	19.7259
1907	1907	14.8315
1908	1908	14.2663
1909	1909	-41.314
1910	1910	32.3801
1911	1911	-18.9828
1912	1912	5.13399
1913	1913	0.135535
1914	1914	0.020797
1915	1915	-31.6152
1916	1916	41.9433
1917	1917	15.9675
1918	1918	3.34848
1919	1919	40.6581
1920	1920	-8.99314
1921	1921	0.59824
1922	1922	-26.738
1923	1923	-33.8046
1924	1924	-23.8983
1925	1925	-15.5184
1926	1926	28.7629
1927	1927	14.5833
1928	1928	10.2365
1929	1929	-25.6063
1930	1930	-1.54373
1931	1931	44.9197
1932	1932	7.85688
1933	1933	-27.2523
1934	1934	1.29707
1935	1935	-5.50962
1936	1936	-5.03511
1937	1937	-7.05971
1938	1938	-27.7041
1939	1939	9.02397
1940	1940	25.2505
1941	1941	-9.08433
1942	1942	-0.738189
1943	1943	-2.5858
1944	1944	-14.1515
1945	1945	5.44428
1946	1946	0.849382
1947	1947	26.3714
1948	1948	0.529655
1949	1949	-38.32
1950	1950	21.9416
1951	1951	15.3439
1952	1952	-32.6983
1953	1953	1.46891
1954	1954	33.9313
1955	1955	-2.88284
1956	1956	-0.261471
1957	1957	-15.9853
1958	1958	21.3186
1959	1959	-16.8244
1960	1960	-30.5448
1961	1961	-34.0573
1962	1962	-26.9333
1963	1963	-1.89802
1964	1964	5.35105
1965	1965	-19.1656
1966	1966	-37.4912
1967	1967	-5.77205
1968	1968	-6.09136
1969	1969	25.1278
1970	1970	-40.5744
1971	1971	26.9456
1972	1972	-35.1524
1973	1973	24.663
1974	1974	3.12912
1975	1975	-6.13469
1976	1976	-27.2013
1977	1977	11.9443
1978	1978	-2.37866
1979	1979	-6.75989
1980	1980	-35.1255
1981	1981	-20.7664
1982	1982	-8.54205
1983	1983	1.89668
1984	1984	31.1157
1985	1985	1.12806
1986	1986	-41.8959
1987	1987	-32.3766
1988	1988	14.2063
1989	1989	9.28491
1990	1990	-13.3723
1991	1991	4.79338
1992	1992	43.4996
1993	1993	-19.354
1994	1994	5.21534
1995	1995	-23.3198
1996	1996	-18.9083
1997	1997	-11.6558
1998	1998	7.96948
1999	1999	3.85351
2000	2000	11.3241
2001	2001	-28.0429
2002	2002	1.12631
2003	2003	25.6057
2004	2004	6.80373
2005	2005	-13.4676
2006	2006	22.8855
2007	2007	25.1441
2008	2008	21.8693
2009	2009	-10.1064
2010	2010	-4.11913
2011	2011	-37.4585
2012	2012	24.6495
2013	2013	41.1916
2014	2014	-9.30422
2015	2015	12.1152
2016	2016	-13.4451
2017	2017	57.4456
2018	2018	19.601
2019	2019	-6.42395
2020	2020	5.03025
2021	2021	-30.6194
2022	2022	-9.58346
2023	2023	-0.033888
2024	2024	-2.06213
2025	2025	-35.5795
2026	2026	29.5573
2027	2027	-23.1724
2028	2028	2.83782
2029	2029	-45.3496
2030	2030	14.6299
2031	2031	-6.44726
2032	2032	18.7451
2033	2033	-40.9493
2034	2034	9.46268
2035	2035	17.8009
2036	2036	-10.4992
2037	2037	-38.961
2038	2038	-24.023
2039	2039	-28.8493
2040	2040	12.9553
2041	2041	13.6667
2042	2042	-19.8203
2043	2043	-38.0774
2044	2044	-9.64785
2045	2045	-11.0431
2046	2046	-12.5171
2047	2047	-0.236446
2048	2048	-38.3071
2049	2049	72.3592
2050	2050	-0.709164
2051	2051	13.212
2052	2052	-10.8198
2053	2053	39.1507
2054	2054	-22.5974
2055	2055	45.229
2056	2056	0.890669
2057	2057	29.5658
2058	2058	28.6377
2059	2059	-6.90817
2060	2060	-24.7426
2061	2061	24.1603
2062	2062	-44.2103
2063	2063	20.1976
2064	2064	-22.707
2065	2065	27.2391
2066	2066	0.852058
2067	2067	-2.61749
2068	2068	-36.9456
2069	2069	-19.036
2070	2070	4.08565
2071	2071	9.11191
2072	2072	-18.217
2073	2073	-6.86616
2074	2074	-14.2715
2075	2075	-4.10099
2076	2076	-41.0922
2077	2077	-13.0187
2078	2078	6.43292
2079	2079	10.5781
2080	2080	5.11579
2081	2081	-5.84133
2082	2082	19.0242
2083	2083	-2.15832
2084	2084	22.9574
2085	2085	-32.0615
2086	2086	-10.7769
2087	2087	-17.5074
2088	2088	-32.4576
2089	2089	13.7336
2090	2090	26.3292
2091	2091	-10.6862
2092	2092	-17.4318
2093	2093	24.5597
2094	2094	-4.91188
2095	2095	2.3138
2096	2096	-16.7251
2097	2097	1.99968
2098	2098	-1.43715
2099	2099	18.5364
2100	2100	-5.74552
2101	2101	16.4865
2102	2102	49.2757
2103	2103	-12.5222
2104	2104	12.4542
2105	2105	-6.88304
2106	2106	-11.0644
2107	2107	19.9397
2108	2108	0.934687
2109	2109	7.83062
2110	2110	4.93637
2111	2111	19.877
2112	2112	-19.5203
2113	2113	19.9835
2114	2114	-5.9587
2115	2115	29.1997
2116	2116	3.66649
2117	2117	-9.16597
2118	2118	1.88857
2119	2119	14.0032
2120	2120	-22.8241
2121	2121	-28.8994
2122	2122	7.59348
2123	2123	-13.7418
2124	2124	-28.0757
2125	2125	-2.18208
2126	2126	16.8286
2127	2127	-29.4781
2128	2128	-26.2802
2129	2129	16.1526
2130	2130	-38.3657
2131	2131	15.3794
2132	2132	-22.0508
2133	2133	2.20859
2134	2134	20.5672
2135	2135	-16.4207
2136	2136	15.8078
2137	2137	-28.505
2138	2138	24.9044
2139	2139	-18.1769
2140	2140	9.38404
2141	2141	23.9001
2142	2142	-28.3247
2143	2143	-13.1154
2144	2144	-20.7862
2145	2145	-31.6414
2146	2146	4.17545
2147	2147	-21.8746
2148	2148	-13.9287
2149	2149	7.6137
2150	2150	-23.4253
2151	2151	24.4229
2152	2152	15.4978
2153	2153	-29.1847
2154	2154	3.48731
2155	2155	1.53354
2156	2156	-7.98224
2157	2157	-2.7734
2158	2158	51.8891
2159	2159	-19.1298
2160	2160	28.0873
2161	2161	7.11667
2162	2162	-37.1329
2163	2163	-16.5589
2164	2164	6.98644
2165	2165	-42.5397
2166	2166	6.15634
2167	2167	-21.1245
2168	2168	-34.2185
2169	2169	-34.8334
2170	2170	-23.452
2171	2171	15.7434
2172	2172	-22.6453
2173	2173	-2.44589
2174	2174	-25.185
2175	2175	-6.79774
2176	2176	-4.91459
2177	2177	-8.38449
2178	2178	34.5219
2179	2179	-0.263889
2180	2180	9.69947
2181	2181	14.2756
2182	2182	9.02313
2183	2183	-12.0494
2184	2184	14.4716
2185	2185	7.5203
2186	2186	-20.8643
2187	2187	18.8175
2188	2188	14.8438
2189	2189	-12.0196
2190	2190	21.1701
2191	2191	-21.6515
2192	2192	-44.1902
2193	2193	30.6336
2194	2194	-2.61532
2195	2195	24.5394
2196	2196	2.70885
2197	2197	20.616
2198	2198	-38.7485
2199	2199	-12.05
2200	2200	3.09915
2201	2201	0.527576
2202	2202	20.6323
2203	2203	21.217
2204	2204	8.92939
2205	2205	-6.18058
2206	2206	-23.3698
2207	2207	16.7506
2208	2208	-20.7283
2209	2209	10.8551
2210	2210	9.47054
2211	2211	-18.6707
2212	2212	30.4315
2213	2213	25.1703
2214	2214	7.00756
2215	2215	11.4082
2216	2216	34.043
2217	2217	-3.86763
2218	2218	-12.5518
2219	2219	36.1888
2220	2220	25.7197
2221	2221	-22.8447
2222	2222	-35.3918
2223	2223	-37.4585
2224	2224	27.8435
2225	2225	-1.67784
2226	2226	-13.5403
2227	2227	-3.76317
2228	2228	3.1172
2229	2229	18.3133
2230	2230	-8.4447
2231	2231	7.10868
2232	2232	-12.8876
2233	2233	14.1183
2234	2234	-18.2429
2235	2235	-34.9987
2236	2236	8.51654
2237	2237	-39.4857
2238	2238	1.53848
2239	2239	-37.448
2240	2240	5.43303
2241	2241	-8.55402
2242	2242	11.7643
2243	2243	-3.48071
2244	2244	14.9942
2245	2245	23.6688
2246	2246	-31.6557
2247	2247	-8.04352
2248	2248	-12.394
2249	2249	24.1691
2250	2250	-0.340381
2251	2251	-0.895452
2252	2252	-16.9773
2253	2253	-3.67799
2254	2254	0.679141
2255	2255	39.2156
2256	2256	-23.1658
2257	2257	3.93149
2258	2258	-32.1883
2259	2259	36.9334
2260	2260	-39.1267
2261	2261	-3.68555
2262	2262	0.520616
2263	2263	-15.9797
2264	2264	4.17773
2265	2265	-33.9126
2266	2266	35.7255
2267	2267	28.1101
2268	2268	-22.3121
2269	2269	-14.5264
2270	2270	36.6853
2271	2271	-56.2071
2272	2272	13.4643
2273	2273	-3.99009
2274	2274	51.8079
2275	2275	-40.3778
2276	2276	12.2466
2277	2277	-23.7744
2278	2278	5.14142
2279	2279	-24.0564
2280	2280	28.6684
2281	2281	-29.8667
2282	2282	-19.4789
2283	2283	-4.69643
2284	2284	25.0759
2285	2285	-30.1368
2286	2286	-5.51463
2287	2287	-28.3833
2288	2288	-24.2474
2289	2289	-15.6867
2290	2290	3.01071
2291	2291	-23.3801
2292	2292	-1.1828
2293	2293	33.1636
2294	2294	-32.1572
2295	2295	-39.4847
2296	2296	22.4206
2297	2297	-15.3883
2298	2298	10.1626
2299	2299	-13.6289
2300	2300	-1.75496
2301	2301	-41.1915
2302	2302	9.88049
2303	2303	-20.9661
2304	2304	12.2743
2305	2305	15.0478
2306	2306	-1.42842
2307	2307	7.29906
2308	2308	29.5669
2309	2309	42.6726
2310	2310	-17.0871
2311	2311	15.4566
2312	2312	-26.0858
2313	2313	0.745795
2314	2314	-12.4811
2315	2315	-17.0539
2316	2316	-15.3176
2317	2317	1.03986
2318	2318	24.1177
2319	2319	-13.565
2320	2320	9.6406
2321	2321	-17.78
2322	2322	-30.4821
2323	2323	-17.0218
2324	2324	-1.54042
2325	2325	40.5567
2326	2326	21.9008
2327	2327	-56.3135
2328	2328	-2.45829
2329	2329	15.5039
2330	2330	8.96061
2331	2331	6.53894
2332	2332	-32.5276
2333	2333	-10.8964
2334	2334	-5.79339
2335	2335	25.5725
2336	2336	-5.32692
2337	2337	1.16786
2338	2338	13.1686
2339	2339	-31.1909
2340	2340	9.97294
2341	2341	8.82983
2342	2342	-2.46512
2343	2343	47.0414
2344	2344	-29.5232
2345	2345	-21.4547
2346	2346	8.58602
2347	2347	-21.0631
2348	2348	-15.2158
2349	2349	-15.9242
2350	2350	12.1304
2351	2351	-6.14889
2352	2352	-18.0263
2353	2353	8.7356
2354	2354	0.747546
2355	2355	-27.7507
2356	2356	-17.2132
2357	2357	24.8695
2358	2358	33.3993
2359	2359	-2.23203
2360	2360	7.12834
2361	2361	51.2912
2362	2362	15.7503
2363	2363	-34.3903
2364	2364	-6.49933
2365	2365	-4.60035
2366	2366	21.6734
2367	2367	-0.852686
2368	2368	-3.56602
2369	2369	-28.3734
2370	2370	5.46029
2371	2371	10.5647
2372	2372	-42.0251
2373	2373	42.0568
2374	2374	-22.7195
2375	2375	12.8173
2376	2376	-20.411
2377	2377	-15.6522
2378	2378	21.7911
2379	2379	-1.53749
2380	2380	-1.09692
2381	2381	13.1756
2382	2382	-0.209272
2383	2383	0.959553
2384	2384	0.850707
2385	2385	-1.46239
2386	2386	1.54585
2387	2387	-18.7706
2388	2388	38.9073
2389	2389	-6.09316
2390	2390	-3.47722
2391	2391	0.712189
2392	2392	-12.8531
2393	2393	-14.5497
2394	2394	7.80205
2395	2395	-10.3669
2396	2396	3.69761
2397	2397	-11.2879
2398	2398	1.80592
2399	2399	-33.8922
2400	2400	-8.15683
2401	2401	-39.7846
2402	2402	-7.12555
2403	2403	-1.8967
2404	2404	0.353587
2405	2405	18.9881
2406	2406	19.0448
2407	2407	-22.8712
2408	2408	-3.38621
2409	2409	-20.8488
2410	2410	12.3832
2411	2411	-10.7565
2412	2412	22.1915
2413	2413	4.63587
2414	2414	40.469
2415	2415	21.8159
2416	2416	-17.2128
2417	2417	17.8765
2418	2418	13.1901
2419	2419	-2.18817
2420	2420	-1.32444
2421	2421	-4.88119
2422	2422	-24.1427
2423	2423	13.4389
2424	2424	2.81525
2425	2425	-16.9047
2426	2426	4.61181
2427	2427	-14.5909
2428	2428	-16.319
2429	2429	-12.815
2430	2430	-19.4256
2431	2431	14.8222
2432	2432	20.8202
2433	2433	3.35318
2434	2434	24.4569
2435	2435	-19.3353
2436	2436	-22.2675
2437	2437	-24.4469
2438	2438	21.7108
2439	2439	-13.5678
2440	2440	-15.1459
2441	2441	-48.3886
2442	2442	0.984939
2443	2443	-6.5299
2444	2444	-42.2697
2445	2445	13.145
2446	2446	-6.29569
2447	2447	-7.66675
2448	2448	11.3252
2449	2449	-14.7872
2450	2450	-20.42
2451	2451	-16.0089
2452	2452	5.14456
2453	2453	-27.9236
2454	2454	7.00656
2455	2455	11.3708
2456	2456	18.2017
2457	2457	21.1225
2458	2458	-5.31025
2459	2459	0.53693
2460	2460	3.64744
2461	2461	-9.98266
2462	2462	23.2567
2463	2463	-41.2158
2464	2464	9.16589
2465	2465	7.82197
2466	2466	-20.6953
2467	2467	-44.3081
2468	2468	-1.36483
2469	2469	-18.4869
2470	2470	8.61067
2471	2471	4.93697
2472	2472	22.2489
2473	2473	-34.232
2474	2474	21.2728
2475	2475	16.1033
2476	2476	-1.92132
2477	2477	-5.00189
2478	2478	-18.6857
2479	2479	3.97508
2480	2480	27.2276
2481	2481	0.510166
2482	2482	-11.2155
2483	2483	-9.69839
2484	2484	-38.8939
2485	2485	15.2997
2486	2486	2.72261
2487	2487	24.9426
2488	2488	-10.2775
2489	2489	-50.6621
2490	2490	44.0399
2491	2491	-9.49003
2492	2492	-14.7182
2493	2493	25.2163
2494	2494	5.18498
2495	2495	-4.24672
2496	2496	-25.4038
2497	2497	15.8819
2498	2498	8.67967
2499	2499	16.0934
2500	2500	-21.8963
2501	2501	29.8559
2502	2502	0.161538
2503	2503	-28.2395
2504	2504	29.3259
2505	2505	27.491
2506	2506	-15.9692
2507	2507	-8.10889
2508	2508	1.63738
2509	2509	-8.64631
2510	2510	-47.5415
2511	2511	-5.61013
2512	2512	-8.28212
2513	2513	6.3267
2514	2514	-27.5816
2515	2515	-20.3288
2516	2516	13.0763
2517	2517	13.3365
2518	2518	33.617
2519	2519	-1.94093
2520	2520	-6.37192
2521	2521	-14.1952
2522	2522	-57.2103
2523	2523	3.7496
2524	2524	-6.23686
2525	2525	0.808366
2526	2526	2.9258
2527	2527	25.7404
2528	2528	4.97087
2529	2529	22.1444
2530	2530	-2.28779
2531	2531	20.5027
2532	2532	-7.31144
2533	2533	-9.83457
2534	2534	4.74308
2535	2535	3.5407
2536	2536	12.3193
2537	2537	3.95859
2538	2538	-19.0577
2539	2539	-31.0075
2540	2540	43.1053
2541	2541	-18.1419
2542	2542	15.4984
2543	2543	-39.2613
2544	2544	7.4127
2545	2545	-25.6414
2546	2546	-7.69528
2547	2547	59.4613
2548	2548	26.5774
2549	2549	10.8757
2550	2550	-2.16831
2551	2551	-17.9874
2552	2552	-18.5836
2553	2553	-5.72775
2554	2554	-6.09788
2555	2555	40.0324
2556	2556	7.1632
2557	2557	-15.3555
2558	2558	22.3433
2559	2559	-12.8282
2560	2560	4.14796
2561	2561	2.17756
2562	2562	-29.8539
2563	2563	40.0487
2564	2564	-49.6454
2565	2565	-24.7265
2566	2566	8.93175
2567	2567	3.56484
2568	2568	31.3819
2569	2569	-35.0558
2570	2570	-35.334
2571	2571	-17.0433
2572	2572	1.19486
2573	2573	30.1517
2574	2574	-8.14324
2575	2575	47.4769
2576	2576	-30.386
2577	2577	5.13029
2578	2578	12.4121
2579	2579	-18.1646
2580	2580	-11.8094
2581	2581	16.8397
2582	2582	-20.8445
2583	2583	-35.9628
2584	2584	-0.426068
2585	2585	-22.6801
2586	2586	8.76833
2587	2587	-1.45108
2588	2588	-5.00927
2589	2589	-14.0647
2590	2590	29.4354
2591	2591	69.4445
2592	2592	-7.77869
2593	2593	-12.1448
2594	2594	24.7096
2595	2595	-23.9639
2596	2596	-8.32969
2597	2597	-10.0402
2598	2598	74.7979
2599	2599	-18.1637
2600	2600	22.2497
2601	2601	1.81899
2602	2602	11.9347
2603	2603	8.76514
2604	2604	24.561
2605	2605	14.9024
2606	2606	-6.29676
2607	2607	-5.22072
2608	2608	-2.86966
2609	2609	7.52568
2610	2610	3.75706
2611	2611	-28.6559
2612	2612	5.93406
2613	2613	7.20756
2614	2614	15.3263
2615	2615	-19.6596
2616	2616	14.6703
2617	2617	7.27184
2618	2618	-29.4928
2619	2619	7.67956
2620	2620	1.89014
2621	2621	22.5822
2622	2622	-15.0567
2623	2623	-8.91216
2624	2624	-26.6207
2625	2625	29.2922
2626	2626	-1.05318
2627	2627	8.75004
2628	2628	4.14803
2629	2629	13.7697
2630	2630	37.1783
2631	2631	-12.8391
2632	2632	2.71178
2633	2633	-27.0472
2634	2634	-18.1757
2635	2635	-25.3608
2636	2636	-8.47217
2637	2637	-31.1952
2638	2638	0.557433
2639	2639	-6.34732
2640	2640	3.40572
2641	2641	-14.3876
2642	2642	9.90152
2643	2643	5.01367
2644	2644	-25.6081
2645	2645	62.0541
2646	2646	0.0952869
2647	2647	14.8095
2648	2648	6.07435
2649	2649	3.7306
2650	2650	9.24226
2651	2651	8.68479
2652	2652	9.26323
2653	2653	35.7821
2654	2654	-14.7404
2655	2655	23.1165
2656	2656	-30.5212
2657	2657	6.73752
2658	2658	27.2909
2659	2659	20.9493
2660	2660	63.1087
2661	2661	1.38963
2662	2662	15.6705
2663	2663	-12.2454
2664	2664	37.5451
2665	2665	31.8161
2666	2666	-22.6804
2667	2667	-26.8998
2668	2668	-36.8115
2669	2669	-10.9126
2670	2670	8.17739
2671	2671	-29.9998
2672	2672	3.73726
2673	2673	5.11918
2674	2674	26.5502
2675	2675	19.1932
2676	2676	6.98063
2677	2677	-30.9927
2678	2678	22.5932
2679	2679	1.03563
2680	2680	8.70979
2681	2681	1.58079
2682	2682	35.5074
2683	2683	-11.0637
2684	2684	-31.9064
2685	2685	49.1418
2686	2686	7.37788
2687	2687	28.2732
2688	2688	-26.3949
2689	2689	-11.9728
2690	2690	-4.60167
2691	2691	7.00904
2692	2692	1.64002
2693	2693	-16.7215
2694	2694	18.4437
2695	2695	7.44938
2696	2696	18.5398
2697	2697	-7.35697
2698	2698	-13.5106
2699	2699	-42.6764
2700	2700	-22.1486
2701	2701	-12.6561
2702	2702	-1.64322
2703	2703	-11.4038
2704	2704	-33.6031
2705	2705	4.8327
2706	2706	3.5798
2707	2707	8.03149
2708	2708	8.59782
2709	2709	-3.44573
2710	2710	-5.08987
2711	2711	30.1335
2712	2712	-28.69
2713	2713	-10.9528
2714	2714	46.7597
2715	2715	9.67878
2716	2716	-11.3053
2717	2717	8.36191
2718	2718	17.1283
2719	2719	9.81595
2720	2720	23.1828
2721	2721	-6.08825
2722	2722	-32.1787
2723	2723	1.18179
2724	2724	20.5016
2725	2725	-19.9796
2726	2726	-30.3599
2727	2727	-12.5604
2728	2728	-24.2211
2729	2729	37.8508
2730	2730	-41.0455
2731	2731	12.4905
2732	2732	-13.1686
2733	2733	16.9124
2734	2734	27.6225
2735	2735	15.9747
2736	2736	-0.762597
2737	2737	31.2045
2738	2738	-22.8397
2739	2739	9.69485
2740	2740	-12.9986
2741	2741	-38.3976
2742	2742	5.44506
2743	2743	-9.76832
2744	2744	12.1078
2745	2745	-2.48608
2746	2746	-1.11379
2747	2747	-10.5628
2748	2748	-8.94507
2749	2749	27.3446
2750	2750	38.7139
2751	2751	-18.1291
2752	2752	21.831
2753	2753	-12.1571
2754	2754	-23.5334
2755	2755	42.6165
2756	2756	-32.1199
2757	2757	-10.9781
2758	2758	-9.212
2759	2759	24.4577
2760	2760	42.3852
2761	2761	-20.1841
2762	2762	7.60463
2763	2763	28.9054
2764	2764	-21.2004
2765	2765	23.6769
2766	2766	-24.7246
2767	2767	-36.1939
2768	2768	-30.8386
2769	2769	25.5597
2770	2770	8.03244
2771	2771	11.0822
2772	2772	36.889
2773	2773	-10.7207
2774	2774	25.5884
2775	2775	-34.6305
2776	2776	34.9956
2777	2777	-19.7671
2778	2778	-22.6313
2779	2779	17.3054
2780	2780	-8.56835
2781	2781	-2.83613
2782	2782	-47.0672
2783	2783	-33.9522
2784	2784	26.4024
2785	2785	18.1563
2786	2786	16.9879
2787	2787	26.4025
2788	2788	-22.0039
2789	2789	15.2752
2790	2790	28.5697
2791	2791	-36.2662
2792	2792	-18.4646
2793	2793	-3.53633
2794	2794	11.2277
2795	2795	32.1855
2796	2796	16.9214
2797	2797	-13.5543
2798	2798	8.89062
2799	2799	-2.95424
2800	2800	29.185
2801	2801	20.3887
2802	2802	-3.7121
2803	2803	-10.1619
2804	2804	55.0166
2805	2805	-10.2307
2806	2806	8.09282
2807	2807	-14.0309
2808	2808	13.6881
2809	2809	11.3382
2810	2810	-17.5952
2811	2811	28.4328
2812	2812	-27.7346
2813	2813	-43.7455
2814	2814	-10.5381
2815	2815	-2.75179
2816	2816	-5.2489
2817	2817	2.58394
2818	2818	-23.0511
2819	2819	5.39187
2820	2820	10.1356
2821	2821	0.509987
2822	2822	10.4207
2823	2823	7.22506
2824	2824	9.08563
2825	2825	-24.3789
2826	2826	15.2084
2827	2827	10.4183
2828	2828	2.10352
2829	2829	2.67269
2830	2830	34.1905
2831	2831	-12.6099
2832	2832	-15.9113
2833	2833	-13.5164
2834	2834	-15.6094
2835	2835	-27.9401
2836	2836	-12.3179
2837	2837	15.2935
2838	2838	9.6444
2839	2839	-14.7691
2840	2840	-13.7718
2841	2841	-17.1076
2842	2842	4.29805
2843	2843	-41.5933
2844	2844	47.4955
2845	2845	-22.4185
2846	2846	-2.84916
2847	2847	-32.6031
2848	2848	-14.093
2849	2849	21.389
2850	2850	-18.3017
2851	2851	-4.8986
2852	2852	14.45
2853	2853	15.6353
2854	2854	-8.38914
2855	2855	-41.8745
2856	2856	-21.211
2857	2857	0.645809
2858	2858	-4.88649
2859	2859	-5.58104
2860	2860	22.8084
2861	2861	21.3845
2862	2862	22.2078
2863	2863	-1.69509
2864	2864	31.9423
2865	2865	29.8731
2866	2866	31.983
2867	2867	-1.11921
2868	2868	-5.61257
2869	2869	-47.0244
2870	2870	-20.8175
2871	2871	-4.26555
2872	2872	11.5287
2873	2873	26.6866
2874	2874	0.784756
2875	2875	-40.8727
2876	2876	-35.3629
2877	2877	-21.719
2878	2878	-40.5587
2879	2879	19.8443
2880	2880	14.5387
2881	2881	-10.1072
2882	2882	1.5368
2883	2883	-15.2215
2884	2884	-16.937
2885	2885	31.3685
2886	2886	25.5029
2887	2887	35.5362
2888	2888	46.9892
2889	2889	-7.0376
2890	2890	-4.20715
2891	2891	-16.6606
2892	2892	-7.49506
2893	2893	-10.8722
2894	2894	13.5064
2895	2895	-16.3321
2896	2896	-36.3062
2897	2897	12.8869
2898	2898	-39.9499
2899	2899	-10.4904
2900	2900	-20.0604
2901	2901	25.4975
2902	2902	-11.7506
2903	2903	-23.6717
2904	2904	-13.5913
2905	2905	18.5294
2906	2906	24.2394
2907	2907	-12.3965
2908	2908	1.86306
2909	2909	23.9356
2910	2910	3.36541
2911	2911	22.3939
2912	2912	-9.00565
2913	2913	-11.6889
2914	2914	-22.482
2915	2915	-3.75846
2916	2916	33.2839
2917	2917	-19.6394
2918	2918	-0.712742
2919	2919	-19.5355
2920	2920	5.87682
2921	2921	-18.1656
2922	2922	33.0539
2923	2923	21.3403
2924	2924	-9.69911
2925	2925	-43.7354
2926	2926	-5.6493
2927	2927	1.8183
2928	2928	-9.19256
2929	2929	14.1863
2930	2930	-16.1286
2931	2931	20.4749
2932	2932	-7.1443
2933	2933	-40.6782
2934	2934	53.9077
2935	2935	5.52997
2936	2936	3.34194
2937	2937	32.5584
2938	2938	-26.2445
2939	2939	23.8995
2940	2940	-11.2149
2941	2941	29.307
2942	2942	-47.1347
2943	2943	33.8097
2944	2944	-12.3626
2945	2945	41.4712
2946	2946	23.1387
2947	2947	-1.39221
2948	2948	21.5044
2949	2949	-9.56802
2950	2950	-12.5483
2951	2951	-14.1502
2952	2952	37.5534
2953	2953	-7.69209
2954	2954	43.3718
2955	2955	39.3895
2956	2956	-17.5741
2957	2957	1.76802
2958	2958	17.8098
2959	2959	-26.4887
2960	2960	25.4874
2961	2961	-9.53267
2962	2962	6.44876
2963	2963	-22.7828
2964	2964	-17.0547
2965	2965	-34.4042
2966	2966	-10.7845
2967	2967	-23.3811
2968	2968	-18.9048
2969	2969	-13.67
2970	2970	19.9445
2971	2971	-0.0554621
2972	2972	15.9842
2973	2973	-18.9528
2974	2974	40.5433
2975	2975	-8.82563
2976	2976	-15.8465
2977	2977	-5.99025
2978	2978	9.04672
2979	2979	-36.209
2980	2980	-15.9146
2981	2981	31.7635
2982	2982	8.11372
2983	2983	46.3928
2984	2984	3.18105
2985	2985	2.33041
2986	2986	-11.4803
2987	2987	-10.1324
2988	2988	-23.0508
2989	2989	48.757
2990	2990	-18.0229
2991	2991	-9.41058
2992	2992	18.6468
2993	2993	-25.0088
2994	2994	25.852
2995	2995	-4.92867
2996	2996	37.255
2997	2997	-22.5848
2998	2998	-14.9845
2999	2999	-35.6643
3000	3000	19.4573
3001	3001	27.8875
3002	3002	-0.731689
3003	3003	-2.35932
3004	3004	-21.6966
3005	3005	-2.68988
3006	3006	19.916
3007	3007	19.2777
3008	3008	42.2847
3009	3009	32.0357
3010	3010	7.93725
3011	3011	-5.86925
3012	3012	-15.0897
3013	3013	-32.0172
3014	3014	-7.52107
3015	3015	24.265
3016	3016	-55.3431
3017	3017	6.55015
3018	3018	10.0574
3019	3019	-36.7684
3020	3020	2.0787
3021	3021	2.53678
3022	3022	-9.82722
3023	3023	-10.3054
3024	3024	-20.2929
3025	3025	31.917
3026	3026	-44.9109
3027	3027	6.06135
3028	3028	11.6015
3029	3029	3.85968
3030	3030	-12.9084
3031	3031	3.14971
3032	3032	-15.0087
3033	3033	-0.00984367
3034	3034	-1.26848
3035	3035	13.5138
3036	3036	13.296
3037	3037	19.7696
3038	3038	-9.35398
3039	3039	2.10538
3040	3040	-6.90923
3041	3041	-3.8621
3042	3042	11.1675
3043	3043	-7.54769
3044	3044	7.9628
3045	3045	0.132776
3046	3046	-25.4957
3047	3047	23.5067
3048	3048	61.5072
3049	3049	4.89817
3050	3050	-8.90106
3051	3051	15.4845
3052	3052	-4.89467
3053	3053	-7.36274
3054	3054	-40.1794
3055	3055	3.4534
3056	3056	3.61878
3057	3057	2.36852
3058	3058	-24.0551
3059	3059	-30.0103
3060	3060	30.9375
3061	3061	75.2723
3062	3062	-0.703563
3063	3063	15.3846
3064	3064	20.1238
3065	3065	-0.5754
3066	3066	52.9919
3067	3067	-4.15916
3068	3068	5.48164
3069	3069	-12.5148
3070	3070	-22.5947
3071	3071	50.5381
3072	3072	15.0941
3073	3073	-36.2372
3074	3074	-1.15582
3075	3075	-14.8879
3076	3076	-3.66071
3077	3077	-15.0469
3078	3078	7.38813
3079	3079	22.1803
3080	3080	-2.09186
3081	3081	6.19587
3082	3082	-0.386405
3083	3083	21.1687
3084	3084	-13.824
3085	3085	3.23746
3086	3086	21.3126
3087	3087	-9.36419
3088	3088	8.13457
3089	3089	10.2107
3090	3090	48.744
3091	3091	11.9623
3092	3092	-15.2602
3093	3093	-39.1321
3094	3094	-35.7055
3095	3095	16.7251
3096	3096	18.5128
3097	3097	-9.38887
3098	3098	-28.3689
3099	3099	-22.3575
3100	3100	-23.0643
3101	3101	32.5872
3102	3102	10.0937
3103	3103	19.4532
3104	3104	-38.4209
3105	3105	42.3903
3106	3106	-16.3363
3107	3107	3.711
3108	3108	-16.9864
3109	3109	18.2106
3110	3110	41.3681
3111	3111	-16.4325
3112	3112	10.439
3113	3113	8.22914
3114	3114	28.8989
3115	3115	-8.82728
3116	3116	-24.4059
3117	3117	0.150255
3118	3118	-7.52995
3119	3119	-25.925
3120	3120	32.6591
3121	3121	-28.7373
3122	3122	15.4566
3123	3123	2.32644
3124	3124	21.498
3125	3125	35.2692
3126	3126	-22.9154
3127	3127	-34.1611
3128	3128	-16.1326
3129	3129	-1.522
3130	3130	43.3628
3131	3131	46.4853
3132	3132	9.24302
3133	3133	5.48025
3134	3134	-17.0914
3135	3135	12.926
3136	3136	-8.98748
3137	3137	26.2127
3138	3138	-17.5658
3139	3139	23.106
3140	3140	-12.1247
3141	3141	16.4268
3142	3142	-20.2473
3143	3143	-11.0935
3144	3144	0.0315738
3145	3145	7.23738
3146	3146	-14.6287
3147	3147	-6.85459
3148	3148	-13.72
3149	3149	27.6825
3150	3150	0.0275656
3151	3151	9.66567
3152	3152	-1.87664
3153	3153	5.58069
3154	3154	-14.1321
3155	3155	19.4248
3156	3156	-10.1781
3157	3157	-13.5753
3158	3158	-23.9572
3159	3159	-19.5204
3160	3160	16.5451
3161	3161	8.00162
3162	3162	-0.555719
3163	3163	14.8843
3164	3164	22.1952
3165	3165	-27.708
3166	3166	30.323
3167	3167	-24.0407
3168	3168	-11.9813
3169	3169	31.2639
3170	3170	-30.657
3171	3171	-43.5422
3172	3172	27.338
3173	3173	-12.3246
3174	3174	9.68846
3175	3175	-5.39288
3176	3176	-11.8047
3177	3177	-25.6355
3178	3178	-22.433
3179	3179	-10.0031
3180	3180	-20.4657
3181	3181	21.2078
3182	3182	8.31127
3183	3183	36.455
3184	3184	-34.6976
3185	3185	35.331
3186	3186	-17.4646
3187	3187	-31.0792
3188	3188	-11.8162
3189	3189	-8.53148
3190	3190	-6.13912
3191	3191	-12.1058
3192	3192	-26.8312
3193	3193	-55.9471
3194	3194	-23.1691
3195	3195	-3.44661
3196	3196	17.3248
3197	3197	45.5921
3198	3198	6.30911
3199	3199	19.9992
3200	3200	-30.3774
3201	3201	-7.36799
3202	3202	-1.67478
3203	3203	-6.86247
3204	3204	13.8655
3205	3205	-15.8297
3206	3206	17.9451
3207	3207	-34.3658
3208	3208	-1.77161
3209	3209	-25.1594
3210	3210	-25.1434
3211	3211	18.0689
3212	3212	-15.1154
3213	3213	3.094
3214	3214	-11.9926
3215	3215	49.7689
3216	3216	-16.0418
3217	3217	10.233
3218	3218	-37.8518
3219	3219	3.09942
3220	3220	-7.95479
3221	3221	-3.91369
3222	3222	18.272
3223	3223	33.4152
3224	3224	15.2221
3225	3225	-6.13575
3226	3226	-43.1714
3227	3227	-25.9316
3228	3228	-7.39706
3229	3229	-10.9964
3230	3230	-6.16827
3231	3231	-39.6313
3232	3232	-2.10394
3233	3233	2.72847
3234	3234	-1.18176
3235	3235	10.3783
3236	3236	20.7028
3237	3237	-18.6309
3238	3238	13.0551
3239	3239	-16.8054
3240	3240	13.0312
3241	3241	50.3937
3242	3242	-28.5572
3243	3243	-2.52839
3244	3244	-20.1491
3245	3245	4.68441
3246	3246	11.0334
3247	3247	10.5097
3248	3248	-28.5892
3249	3249	68.9026
3250	3250	22.1058
3251	3251	4.66095
3252	3252	6.72739
3253	3253	-15.3417
3254	3254	-25.7832
3255	3255	1.16949
3256	3256	0.527829
3257	3257	-2.72902
3258	3258	-39.1062
3259	3259	17.5662
3260	3260	-23.2127
3261	3261	-5.89882
3262	3262	-26.3127
3263	3263	2.41161
3264	3264	-1.65503
3265	3265	-0.310413
3266	3266	3.81272
3267	3267	-1.28145
3268	3268	-14.2463
3269	3269	-11.6023
3270	3270	28.7947
3271	3271	-23.7127
3272	3272	-0.825997
3273	3273	2.2461
3274	3274	-7.48779
3275	3275	8.45557
3276	3276	9.39659
3277	3277	-2.09416
3278	3278	7.14467
3279	3279	-14.9497
3280	3280	2.28116
3281	3281	11.3237
3282	3282	-22.0771
3283	3283	-38.5039
3284	3284	-15.297
3285	3285	-5.34089
3286	3286	-27.4012
3287	3287	-23.5189
3288	3288	-12.7324
3289	3289	8.47794
3290	3290	-14.9792
3291	3291	7.0722
3292	3292	-40.7975
3293	3293	-18.6165
3294	3294	-12.8947
3295	3295	23.424
3296	3296	-5.77343
3297	3297	-39.4493
3298	3298	13.1333
3299	3299	-12.552
3300	3300	-32.8036
3301	3301	2.4169
3302	3302	12.2553
3303	3303	32.128
3304	3304	-37.2753
3305	3305	-11.97
3306	3306	-31.0301
3307	3307	-38.6701
3308	3308	29.5045
3309	3309	-11.5294
3310	3310	-14.0961
3311	3311	-12.6042
3312	3312	13.0255
3313	3313	-41.9693
3314	3314	-19.6314
3315	3315	-18.62
3316	3316	-35.3031
3317	3317	-15.7799
3318	3318	2.27879
3319	3319	4.17697
3320	3320	25.1929
3321	3321	-30.1733
3322	3322	-11.3585
3323	3323	4.44006
3324	3324	36.1901
3325	3325	15.4828
3326	3326	36.1261
3327	3327	-3.1252
3328	3328	-31.2616
3329	3329	-34.4765
3330	3330	24.6166
3331	3331	5.14512
3332	3332	5.85137
3333	3333	-17.0232
3334	3334	-6.23419
3335	3335	-17.4522
3336	3336	31.9031
3337	3337	20.7796
3338	3338	-26.8225
3339	3339	-4.3129
3340	3340	-0.335324
3341	3341	-39.4348
3342	3342	8.337
3343	3343	49.5872
3344	3344	-12.6227
3345	3345	-4.16784
3346	3346	-3.18708
3347	3347	-36.9921
3348	3348	-14.462
3349	3349	-16.6942
3350	3350	-19.0303
3351	3351	17.6145
3352	3352	-24.6452
3353	3353	30.6377
3354	3354	-0.354324
3355	3355	40.2786
3356	3356	-28.6101
3357	3357	6.12388
3358	3358	4.42453
3359	3359	-0.436864
3360	3360	-39.5794
3361	3361	-27.831
3362	3362	-6.10385
3363	3363	4.89592
3364	3364	-18.5139
3365	3365	-3.81127
3366	3366	-0.012221
3367	3367	-23.4173
3368	3368	53.5386
3369	3369	28.4166
3370	3370	-29.0985
3371	3371	37.7614
3372	3372	-22.7295
3373	3373	-7.22517
3374	3374	11.8209
3375	3375	56.1431
3376	3376	-29.7438
3377	3377	27.0629
3378	3378	1.18832
3379	3379	24.0303
3380	3380	-13.4662
3381	3381	-0.883489
3382	3382	-14.9607
3383	3383	-43.1892
3384	3384	38.8351
3385	3385	-1.23894
3386	3386	18.1653
3387	3387	-37.6458
3388	3388	6.03493
3389	3389	-17.3848
3390	3390	2.38252
3391	3391	-22.9145
3392	3392	-3.56171
3393	3393	-19.4524
3394	3394	-39.8203
3395	3395	-16.602
3396	3396	5.17121
3397	3397	-18.6707
3398	3398	-0.136062
3399	3399	43.9686
3400	3400	-0.17844
3401	3401	37.0006
3402	3402	-17.4798
3403	3403	5.01416
3404	3404	9.69293
3405	3405	-24.2375
3406	3406	37.448
3407	3407	-4.46213
3408	3408	-37.9686
3409	3409	-9.81621
3410	3410	39.3915
3411	3411	-43.1548
3412	3412	-8.35999
3413	3413	-2.98949
3414	3414	3.20746
3415	3415	-5.69656
3416	3416	-15.6785
3417	3417	67.6849
3418	3418	41.7324
3419	3419	3.18074
3420	3420	-17.2504
3421	3421	9.43491
3422	3422	-34.5153
3423	3423	-12.1888
3424	3424	8.52882
3425	3425	4.51969
3426	3426	40.3594
3427	3427	15.7673
3428	3428	43.6024
3429	3429	11.2122
3430	3430	8.24188
3431	3431	-9.20657
3432	3432	-28.2223
3433	3433	-19.5391
3434	3434	-15.1876
3435	3435	-30.6892
3436	3436	-16.2466
3437	3437	-17.1062
3438	3438	-22.3392
3439	3439	16.6845
3440	3440	43.4705
3441	3441	25.3884
3442	3442	-33.7166
3443	3443	16.9847
3444	3444	-19.5186
3445	3445	6.60978
3446	3446	11.3019
3447	3447	13.0586
3448	3448	-29.9821
3449	3449	-0.923912
3450	3450	-34.6156
3451	3451	-21.6688
3452	3452	-29.3892
3453	3453	14.8721
3454	3454	6.10782
3455	3455	31.3723
3456	3456	27.497
3457	3457	-3.66869
3458	3458	-4.95056
3459	3459	17.6261
3460	3460	26.4543
3461	3461	4.56528
3462	3462	-27.0748
3463	3463	27.8617
3464	3464	10.7397
3465	3465	22.7123
3466	3466	-11.2769
3467	3467	0.382593
3468	3468	-8.08346
3469	3469	-32.4969
3470	3470	6.77236
3471	3471	10.9913
3472	3472	-17.8744
3473	3473	-21.2722
3474	3474	30.8892
3475	3475	21.3558
3476	3476	26.5683
3477	3477	11.5723
3478	3478	-1.90747
3479	3479	-19.4194
3480	3480	8.45654
3481	3481	-15.7382
3482	3482	19.4983
3483	3483	-13.5405
3484	3484	15.7615
3485	3485	-15.2054
3486	3486	18.059
3487	3487	10.3861
3488	3488	-15.6064
3489	3489	-9.35548
3490	3490	-35.2077
3491	3491	-11.1924
3492	3492	20.4289
3493	3493	-18.0404
3494	3494	-13.3165
3495	3495	-1.21849
3496	3496	-7.22158
3497	3497	-1.40768
3498	3498	-11.9809
3499	3499	3.23449
3500	3500	13.4521
3501	3501	-13.4246
3502	3502	11.6941
3503	3503	-9.53261
3504	3504	-51.7122
3505	3505	2.70428
3506	3506	29.762
3507	3507	-19.1218
3508	3508	1.47717
3509	3509	-19.3693
3510	3510	19.1888
3511	3511	7.37316
3512	3512	-37.0918
3513	3513	-0.956693
3514	3514	-37.6522
3515	3515	30.1639
3516	3516	37.6295
3517	3517	-1.63249
3518	3518	-30.2798
3519	3519	20.8543
3520	3520	32.865
3521	3521	-15.7543
3522	3522	-26.5837
3523	3523	-3.10102
3524	3524	9.48687
3525	3525	29.2819
3526	3526	-10.9248
3527	3527	5.50688
3528	3528	0.0898182
3529	3529	20.5538
3530	3530	-2.9065
3531	3531	46.1141
3532	3532	20.1614
3533	3533	16.4514
3534	3534	-9.29122
3535	3535	-0.466589
3536	3536	-18.0178
3537	3537	-9.49494
3538	3538	14.4004
3539	3539	-22.3919
3540	3540	-33.5999
3541	3541	7.50784
3542	3542	1.51091
3543	3543	-7.68451
3544	3544	-43.8167
3545	3545	23.6013
3546	3546	-12.554
3547	3547	15.2028
3548	3548	7.54384
3549	3549	21.6836
3550	3550	-25.5121
3551	3551	-9.85434
3552	3552	16.6809
3553	3553	-14.8608
3554	3554	21.4398
3555	3555	-6.77116
3556	3556	18.4449
3557	3557	-17.74
3558	3558	-19.9041
3559	3559	37.1239
3560	3560	-0.835205
3561	3561	10.1038
3562	3562	5.32911
3563	3563	25.6835
3564	3564	-37.2119
3565	3565	10.7351
3566	3566	54.2882
3567	3567	57.9276
3568	3568	-30.7454
3569	3569	21.8193
3570	3570	-3.04958
3571	3571	-10.2034
3572	3572	-2.30027
3573	3573	46.9872
3574	3574	21.4396
3575	3575	-26.8225
3576	3576	36.3551
3577	3577	44.0306
3578	3578	-19.409
3579	3579	0.939043
3580	3580	-25.39
3581	3581	34.6722
3582	3582	11.429
3583	3583	-13.9355
3584	3584	-2.21693
3585	3585	-9.63073
3586	3586	-2.43175
3587	3587	-19.2342
3588	3588	-7.27162
3589	3589	2.81259
3590	3590	-16.4368
3591	3591	29.9476
3592	3592	41.977
3593	3593	-21.3358
3594	3594	-4.44868
3595	3595	10.7603
3596	3596	4.21822
3597	3597	20.0208
3598	3598	10.7366
3599	3599	-31.8315
3600	3600	8.14271
3601	3601	-30.3644
3602	3602	-17.6508
3603	3603	-9.11759
3604	3604	41.0783
3605	3605	49.1488
3606	3606	-2.0659
3607	3607	-7.18788
3608	3608	-36.8248
3609	3609	20.1758
3610	3610	-18.3853
3611	3611	-5.95743
3612	3612	-4.9982
3613	3613	-14.456
3614	3614	-3.10707
3615	3615	36.4695
3616	3616	-3.21244
3617	3617	25.2623
3618	3618	-16.0639
3619	3619	8.39631
3620	3620	-12.8546
3621	3621	5.30899
3622	3622	-9.99129
3623	3623	5.09572
3624	3624	-25.3476
3625	3625	-12.1793
3626	3626	8.02997
3627	3627	11.0083
3628	3628	-31.2271
3629	3629	-8.49992
3630	3630	-10.537
3631	3631	-54.2703
3632	3632	-11.7517
3633	3633	16.1878
3634	3634	12.7283
3635	3635	-24.8947
3636	3636	-13.4724
3637	3637	24.8687
3638	3638	13.797
3639	3639	15.0533
3640	3640	-3.93525
3641	3641	-12.733
3642	3642	12.2645
3643	3643	-13.3873
3644	3644	-1.01218
3645	3645	4.02012
3646	3646	-3.67229
3647	3647	-14.2761
3648	3648	12.1493
3649	3649	13.3599
3650	3650	-11.2441
3651	3651	38.3286
3652	3652	26.8964
3653	3653	52.5414
3654	3654	15.6964
3655	3655	-16.0422
3656	3656	23.3583
3657	3657	-5.50758
3658	3658	-8.99694
3659	3659	20.4829
3660	3660	-13.1985
3661	3661	18.9742
3662	3662	63.4624
3663	3663	19.8351
3664	3664	20.6677
3665	3665	-21.0177
3666	3666	-22.8304
3667	3667	-29.3
3668	3668	11.4092
3669	3669	-7.64686
3670	3670	-14.9403
3671	3671	-17.5147
3672	3672	24.3458
3673	3673	8.64004
3674	3674	22.5539
3675	3675	-3.75576
3676	3676	-16.9127
3677	3677	-38.0406
3678	3678	-17.3108
3679	3679	20.4727
3680	3680	10.6358
3681	3681	28.4132
3682	3682	-24.9669
3683	3683	22.3794
3684	3684	5.015
3685	3685	20.2992
3686	3686	-13.7087
3687	3687	1.37572
3688	3688	-9.58136
3689	3689	13.806
3690	3690	-8.18699
3691	3691	18.7052
3692	3692	8.32286
3693	3693	12.7784
3694	3694	2.2054
3695	3695	-26.7489
3696	3696	-1.9101
3697	3697	19.7035
3698	3698	35.5231
3699	3699	-10.7885
3700	3700	5.10943
3701	3701	7.11498
3702	3702	12.585
3703	3703	15.7583
3704	3704	-21.542
3705	3705	3.11805
3706	3706	7.91804
3707	3707	-30.0657
3708	3708	31.7922
3709	3709	7.55859
3710	3710	-8.76702
3711	3711	29.8793
3712	3712	2.44045
3713	3713	-7.76511
3714	3714	-2.46389
3715	3715	3.04642
3716	3716	-1.49869
3717	3717	9.24443
3718	3718	7.45395
3719	3719	25.8715
3720	3720	-25.1818
3721	3721	-25.5554
3722	3722	11.5521
3723	3723	-11.8346
3724	3724	4.87448
3725	3725	-28.3116
3726	3726	16.0591
3727	3727	-25.7844
3728	3728	3.20331
3729	3729	-0.657943
3730	3730	32.5654
3731	3731	-13.8369
3732	3732	27.025
3733	3733	26.5125
3734	3734	-1.16004
3735	3735	9.5332
3736	3736	-5.66065
3737	3737	-25.9606
3738	3738	-20.8708
3739	3739	-13.7896
3740	3740	21.4094
3741	3741	12.7964
3742	3742	-14.729
3743	3743	7.64376
3744	3744	-5.34362
3745	3745	13.3392
3746	3746	0.459509
3747	3747	23.9553
3748	3748	-13.9159
3749	3749	23.8189
3750	3750	35.8751
3751	3751	-5.77935
3752	3752	45.0652
3753	3753	-9.30387
3754	3754	4.11981
3755	3755	5.61295
3756	3756	32.5165
3757	3757	-48.797
3758	3758	1.20663
3759	3759	-0.797615
3760	3760	12.8628
3761	3761	-22.6393
3762	3762	12.9914
3763	3763	-42.4415
3764	3764	47.8434
3765	3765	-5.60379
3766	3766	-17.2123
3767	3767	17.7457
3768	3768	21.7103
3769	3769	40.7837
3770	3770	-12.0115
3771	3771	-15.6443
3772	3772	0.385764
3773	3773	-25.5537
3774	3774	20.7001
3775	3775	26.4161
3776	3776	-17.9447
3777	3777	20.2132
3778	3778	-27.8292
3779	3779	-49.6202
3780	3780	-6.21446
3781	3781	-3.26839
3782	3782	-18.5109
3783	3783	-21.1226
3784	3784	-10.9293
3785	3785	-13.2306
3786	3786	5.29638
3787	3787	5.12401
3788	3788	-23.1072
3789	3789	-0.155902
3790	3790	-4.5349
3791	3791	50.6629
3792	3792	-13.265
3793	3793	5.76157
3794	3794	-36.8559
3795	3795	26.1867
3796	3796	-6.16199
3797	3797	-27.9778
3798	3798	-28.7723
3799	3799	-22.8438
3800	3800	-3.39822
3801	3801	-11.8905
3802	3802	-14.2558
3803	3803	8.16447
3804	3804	-10.6344
3805	3805	-21.398
3806	3806	4.18103
3807	3807	9.8026
3808	3808	-24.0387
3809	3809	-44.255
3810	3810	8.79674
3811	3811	-9.47683
3812	3812	-11.8154
3813	3813	-4.54256
3814	3814	49.1113
3815	3815	-28.9143
3816	3816	-5.84574
3817	3817	-10.9245
3818	3818	-9.50851
3819	3819	-12.0005
3820	3820	8.05721
3821	3821	-1.4436
3822	3822	31.4198
3823	3823	9.73812
3824	3824	1.32701
3825	3825	-36.6026
3826	3826	-1.5264
3827	3827	6.88142
3828	3828	6.0085
3829	3829	28.0919
3830	3830	-24.5992
3831	3831	-60.9178
3832	3832	-38.8287
3833	3833	64.0599
3834	3834	-42.0464
3835	3835	-5.27647
3836	3836	-16.354
3837	3837	4.44505
3838	3838	10.7308
3839	3839	1.7564
3840	3840	40.6687
3841	3841	-7.40784
3842	3842	-17.8461
3843	3843	22.5718
3844	3844	-5.42572
3845	3845	-23.4271
3846	3846	-26.4854
3847	3847	-13.6721
3848	3848	-50.7352
3849	3849	10.362
3850	3850	27.1193
3851	3851	-36.6262
3852	3852	-8.66578
3853	3853	-39.2977
3854	3854	-7.88227
3855	3855	-11.245
3856	3856	-7.84729
3857	3857	33.5135
3858	3858	26.8773
3859	3859	17.2312
3860	3860	12.855
3861	3861	34.2736
3862	3862	1.62571
3863	3863	-1.63939
3864	3864	-13.2526
3865	3865	10.0263
3866	3866	-30.8149
3867	3867	-6.09569
3868	3868	43.3182
3869	3869	-6.53275
3870	3870	9.75653
3871	3871	-22.0959
3872	3872	5.5497
3873	3873	-4.48137
3874	3874	20.2147
3875	3875	-2.21284
3876	3876	30.0093
3877	3877	4.6526
3878	3878	22.2212
3879	3879	29.9306
3880	3880	8.0714
3881	3881	-17.8374
3882	3882	28.3818
3883	3883	15.2397
3884	3884	34.2614
3885	3885	-1.28441
3886	3886	-16.261
3887	3887	13.615
3888	3888	-5.28039
3889	3889	-10.7887
3890	3890	-1.69882
3891	3891	-2.99093
3892	3892	-12.7308
3893	3893	-15.0006
3894	3894	-0.110011
3895	3895	-31.623
3896	3896	6.23478
3897	3897	-12.9642
3898	3898	-7.96864
3899	3899	9.03786
3900	3900	-23.607
3901	3901	-25.9169
3902	3902	1.42768
3903	3903	-34.6805
3904	3904	33.6972
3905	3905	-8.67847
3906	3906	-5.25899
3907	3907	-26.4142
3908	3908	15.904
3909	3909	-18.4734
3910	3910	30.6632
3911	3911	-19.0129
3912	3912	29.1707
3913	3913	-13.2943
3914	3914	18.3024
3915	3915	-4.27919
3916	3916	-16.1976
3917	3917	-20.5685
3918	3918	5.00471
3919	3919	-24.1966
3920	3920	27.6905
3921	3921	-0.382153
3922	3922	-8.73807
3923	3923	50.3465
3924	3924	14.9915
3925	3925	-11.1219
3926	3926	4.39584
3927	3927	-28.9956
3928	3928	-8.87855
3929	3929	6.80116
3930	3930	-16.7512
3931	3931	3.91359
3932	3932	8.9492
3933	3933	-13.2559
3934	3934	-16.3111
3935	3935	-13.2089
3936	3936	14.417
3937	3937	33.6767
3938	3938	-54.2276
3939	3939	11.5247
3940	3940	48.3247
3941	3941	-28.6801
3942	3942	-12.7359
3943	3943	-21.8685
3944	3944	-17.3559
3945	3945	28.5565
3946	3946	-29.0481
3947	3947	24.4466
3948	3948	-19.1083
3949	3949	42.8814
3950	3950	30.744
3951	3951	13.4755
3952	3952	12.908
3953	3953	1.15105
3954	3954	-24.2932
3955	3955	-40.056
3956	3956	0.147061
3957	3957	-16.781
3958	3958	-6.36814
3959	3959	17.3415
3960	3960	-11.3728
3961	3961	21.2949
3962	3962	-23.8888
3963	3963	-31.6012
3964	3964	18.3253
3965	3965	41.1252
3966	3966	-47.8892
3967	3967	-7.19084
3968	3968	-7.96203
3969	3969	-16.7091
3970	3970	-14.8307
3971	3971	-32.9442
3972	3972	37.0263
3973	3973	13.2267
3974	3974	-7.00156
3975	3975	-10.5129
3976	3976	-8.05992
3977	3977	-14.442
3978	3978	25.3949
3979	3979	-0.380474
3980	3980	-32.4351
3981	3981	40.9698
3982	3982	0.990403
3983	3983	-5.06811
3984	3984	-2.33508
3985	3985	8.78973
3986	3986	30.011
3987	3987	-9.48815
3988	3988	-8.89066
3989	3989	-28.8861
3990	3990	8.10178
3991	3991	21.9269
3992	3992	-19.6799
3993	3993	-29.3419
3994	3994	26.3006
3995	3995	-3.98799
3996	3996	-18.1644
3997	3997	-19.9216
3998	3998	8.07281
3999	3999	14.7462
4000	4000	-0.862281
4001	4001	-30.2953
4002	4002	27.4869
4003	4003	-14.7672
4004	4004	13.3872
4005	4005	-11.616
4006	4006	1.76834
4007	4007	-16.4072
4008	4008	-12.118
4009	4009	3.05039
4010	4010	26.9743
4011	4011	12.0794
4012	4012	41.8758
4013	4013	2.34512
4014	4014	-4.19302
4015	4015	-25.5605
4016	4016	-8.52479
4017	4017	4.05902
4018	4018	14.5882
4019	4019	16.6871
4020	4020	-18.6476
4021	4021	50.8023
4022	4022	20.39
4023	4023	-31.5602
4024	4024	-4.77862
4025	4025	-24.7859
4026	4026	-7.29007
4027	4027	-8.30318
4028	4028	0.603238
4029	4029	17.3031
4030	4030	-3.94241
4031	4031	-15.5425
4032	4032	-8.14495
4033	4033	10.21
4034	4034	26.9406
4035	4035	-23.6993
4036	4036	2.99383
4037	4037	-3.14373
4038	4038	-18.809
4039	4039	32.4167
4040	4040	-17.7006
4041	4041	35.4625
4042	4042	-29.7568
4043	4043	-3.54614
4044	4044	14.3642
4045	4045	34.1513
4046	4046	11.6
4047	4047	-38.7467
4048	4048	24.7395
4049	4049	16.8572
4050	4050	23.5624
4051	4051	-4.98769
4052	4052	42.5822
4053	4053	8.82135
4054	4054	16.9161
4055	4055	4.54232
4056	4056	-39.8881
4057	4057	-5.65487
4058	4058	5.01444
4059	4059	0.266
4060	4060	3.24877
4061	4061	38.5272
4062	4062	25.697
4063	4063	1.45001
4064	4064	17.2646
4065	4065	-0.95824
4066	4066	12.6799
4067	4067	9.79052
4068	4068	-3.98458
4069	4069	-15.7026
4070	4070	-12.8381
4071	4071	-1.43993
4072	4072	9.57906
4073	4073	26.0804
4074	4074	33.5421
4075	4075	-2.26175
4076	4076	-9.5229
4077	4077	-11.5736
4078	4078	-1.51512
4079	4079	51.95
4080	4080	16.0731
4081	4081	4.05042
4082	4082	-33.175
4083	4083	-6.34467
4084	4084	-2.15766
4085	4085	-9.63637
4086	4086	33.0473
4087	4087	26.1238
4088	4088	17.487
4089	4089	26.5372
4090	4090	-2.17506
4091	4091	-16.6759
4092	4092	-16.1333
4093	4093	-20.1401
4094	4094	-43.6661
4095	4095	35.4082
4096	4096	-6.66638
4097	4097	24.672
4098	4098	-6.64794
4099	4099	6.15725
4100	4100	28.5288
4101	4101	22.285
4102	4102	-11.6632
4103	4103	-8.31809
4104	4104	-20.9387
4105	4105	32.4452
4106	4106	0.0892384
4107	4107	29.9678
4108	4108	17.3688
4109	4109	-21.272
4110	4110	-3.21601
4111	4111	8.27621
4112	4112	40.0657
4113	4113	14.7366
4114	4114	-37.0952
4115	4115	11.599
4116	4116	-1.5379
4117	4117	-3.18124
4118	4118	-10.1303
4119	4119	16.4638
4120	4120	-12.6062
4121	4121	45.1429
4122	4122	-6.25731
4123	4123	-11.426
4124	4124	-6.01843
4125	4125	-2.71195
4126	4126	44.1454
4127	4127	43.1109
4128	4128	-23.2687
4129	4129	-12.3772
4130	4130	-2.46683
4131	4131	30.4283
4132	4132	39.7626
4133	4133	-39.6171
4134	4134	12.0975
4135	4135	17.2544
4136	4136	-18.5826
4137	4137	-7.00289
4138	4138	15.6721
4139	4139	9.99625
4140	4140	-14.9716
4141	4141	3.26657
4142	4142	19.7251
4143	4143	6.15828
4144	4144	10.2976
4145	4145	9.62375
4146	4146	-36.6928
4147	4147	-24.0537
4148	4148	-11.3597
4149	4149	9.75098
4150	4150	19.6515
4151	4151	-21.5927
4152	4152	1.90975
4153	4153	0.661123
4154	4154	0.548903
4155	4155	-24.6248
4156	4156	2.54472
4157	4157	-43.5176
4158	4158	7.20519
4159	4159	-2.65667
4160	4160	42.6155
4161	4161	-17.3283
4162	4162	-33.6756
4163	4163	-32.345
4164	4164	-7.53337
4165	4165	-6.16525
4166	4166	-20.062
4167	4167	3.3537
4168	4168	-3.669
4169	4169	10.5356
4170	4170	-21.0828
4171	4171	-13.8592
4172	4172	14.9454
4173	4173	29.2352
4174	4174	-28.2261
4175	4175	-24.3532
4176	4176	-20.3141
4177	4177	7.97309
4178	4178	9.15423
4179	4179	-11.403
4180	4180	-11.5373
4181	4181	13.2545
4182	4182	13.7874
4183	4183	19.4233
4184	4184	-51.3389
4185	4185	-9.92399
4186	4186	11.7033
4187	4187	-0.750327
4188	4188	-9.75228
4189	4189	19.0059
4190	4190	1.17324
4191	4191	3.66406
4192	4192	13.8248
4193	4193	7.55298
4194	4194	-11.6046
4195	4195	2.94997
4196	4196	4.63822
4197	4197	29.8729
4198	4198	-8.35471
4199	4199	-29.9026
4200	4200	-13.1338
4201	4201	29.0775
4202	4202	24.4792
4203	4203	4.68636
4204	4204	40.4838
4205	4205	22.3709
4206	4206	18.4553
4207	4207	1.53792
4208	4208	36.2629
4209	4209	-10.3396
4210	4210	1.78557
4211	4211	33.4719
4212	4212	-28.8361
4213	4213	-7.80696
4214	4214	-43.8414
4215	4215	-39.2462
4216	4216	18.4734
4217	4217	5.10519
4218	4218	17.6396
4219	4219	23.76
4220	4220	-2.38556
4221	4221	-6.99896
4222	4222	-15.5294
4223	4223	2.38111
4224	4224	-28.3425
4225	4225	31.5156
4226	4226	10.895
4227	4227	13.5578
4228	4228	-1.12492
4229	4229	-9.22602
4230	4230	0.0880544
4231	4231	-0.139398
4232	4232	3.50868
4233	4233	-15.8447
4234	4234	25.0149
4235	4235	15.5939
4236	4236	3.11849
4237	4237	-17.8652
4238	4238	-15.0962
4239	4239	42.5383
4240	4240	-21.1104
4241	4241	-16.9254
4242	4242	29.1262
4243	4243	30.3026
4244	4244	-15.3201
4245	4245	-38.4058
4246	4246	0.701457
4247	4247	-37.3658
4248	4248	-22.353
4249	4249	28.8717
4250	4250	-21.5308
4251	4251	30.5026
4252	4252	3.99436
4253	4253	-22.3989
4254	4254	-35.0634
4255	4255	3.5139
4256	4256	-10.0332
4257	4257	-24.7921
4258	4258	-0.665356
4259	4259	5.90853
4260	4260	-25.002
4261	4261	2.5769
4262	4262	-18.2241
4263	4263	-13.8383
4264	4264	4.48549
4265	4265	-36.154
4266	4266	-18.2534
4267	4267	6.98214
4268	4268	4.29095
4269	4269	-29.2549
4270	4270	-5.52923
4271	4271	9.64652
4272	4272	-21.1212
4273	4273	-4.5361
4274	4274	-4.85864
4275	4275	15.5064
4276	4276	33.2029
4277	4277	14.4464
4278	4278	24.4726
4279	4279	13.5826
4280	4280	13.5723
4281	4281	-3.64861
4282	4282	-24.4038
4283	4283	-12.8867
4284	4284	-38.6065
4285	4285	32.0901
4286	4286	-21.3529
4287	4287	27.8684
4288	4288	-11.2968
4289	4289	-3.65634
4290	4290	24.9246
4291	4291	26.993
4292	4292	-15.9742
4293	4293	-49.9517
4294	4294	4.03213
4295	4295	24.5427
4296	4296	49.1333
4297	4297	-46.1167
4298	4298	23.8197
4299	4299	-20.8499
4300	4300	6.65504
4301	4301	-30.0427
4302	4302	-13.3346
4303	4303	-11.6521
4304	4304	7.10423
4305	4305	-8.03498
4306	4306	-6.94859
4307	4307	-22.4066
4308	4308	5.56231
4309	4309	-28.5583
4310	4310	-14.29
4311	4311	-24.6311
4312	4312	45.8022
4313	4313	44.2981
4314	4314	0.731132
4315	4315	13.7704
4316	4316	-8.65987
4317	4317	-15.6788
4318	4318	1.02092
4319	4319	20.7773
4320	4320	-15.948
4321	4321	-15.2497
4322	4322	6.75191
4323	4323	30.5019
4324	4324	-8.66734
4325	4325	7.0294
4326	4326	38.0325
4327	4327	2.20642
4328	4328	-1.45275
4329	4329	27.2136
4330	4330	-30.3725
4331	4331	-15.604
4332	4332	-2.20402
4333	4333	10.801
4334	4334	12.7405
4335	4335	1.35711
4336	4336	-16.4531
4337	4337	31.6346
4338	4338	11.5558
4339	4339	7.64156
4340	4340	13.284
4341	4341	4.89291
4342	4342	-14.6567
4343	4343	-17.5967
4344	4344	27.3727
4345	4345	19.5161
4346	4346	-25.4963
4347	4347	-3.35019
4348	4348	-43.3138
4349	4349	-2.44464
4350	4350	-2.42394
4351	4351	13.0107
4352	4352	-13.2236
4353	4353	-2.5399
4354	4354	5.72902
4355	4355	32.099
4356	4356	-35.2185
4357	4357	-7.7755
4358	4358	0.579113
4359	4359	0.0804773
4360	4360	-6.15979
4361	4361	-18.5704
4362	4362	16.9009
4363	4363	17.3614
4364	4364	-15.2219
4365	4365	14.8039
4366	4366	-1.21587
4367	4367	29.7258
4368	4368	-17.1697
4369	4369	-0.351523
4370	4370	-10.4408
4371	4371	10.8435
4372	4372	-0.386655
4373	4373	-18.8216
4374	4374	-21.9387
4375	4375	-5.66843
4376	4376	-5.77525
4377	4377	-27.0165
4378	4378	-8.64897
4379	4379	18.8389
4380	4380	1.48069
4381	4381	28.3677
4382	4382	8.7574
4383	4383	-7.93872
4384	4384	-2.64364
4385	4385	-13.7194
4386	4386	11.0666
4387	4387	-11.5677
4388	4388	3.13451
4389	4389	-30.1156
4390	4390	-12.9172
4391	4391	16.8116
4392	4392	-6.12098
4393	4393	-15.3802
4394	4394	-11.4985
4395	4395	10.2818
4396	4396	-23.0437
4397	4397	-9.06231
4398	4398	-3.33694
4399	4399	-20.1562
4400	4400	-11.3372
4401	4401	31.6732
4402	4402	6.65881
4403	4403	9.47874
4404	4404	-18.1475
4405	4405	41.6139
4406	4406	10.3822
4407	4407	-4.4285
4408	4408	-19.5688
4409	4409	32.8116
4410	4410	-26.5827
4411	4411	27.1723
4412	4412	-25.4415
4413	4413	-32.4297
4414	4414	-7.55848
4415	4415	14.0332
4416	4416	-40.6034
4417	4417	54.7252
4418	4418	-4.72779
4419	4419	4.86884
4420	4420	-32.9359
4421	4421	32.335
4422	4422	41.1743
4423	4423	-15.3813
4424	4424	-27.8201
4425	4425	5.0698
4426	4426	-18.3982
4427	4427	28.7611
4428	4428	-9.63084
4429	4429	-34.2708
4430	4430	21.7753
4431	4431	26.5269
4432	4432	17.9853
4433	4433	0.435361
4434	4434	-3.851
4435	4435	-11.284
4436	4436	-26.5941
4437	4437	28.6399
4438	4438	-9.90803
4439	4439	20.8496
4440	4440	19.3198
4441	4441	-24.2456
4442	4442	4.09707
4443	4443	24.3167
4444	4444	15.2397
4445	4445	21.2317
4446	4446	-7.80251
4447	4447	23.6302
4448	4448	-10.1928
4449	4449	23.4121
4450	4450	25.875
4451	4451	18.1741
4452	4452	-28.1175
4453	4453	14.443
4454	4454	-3.63818
4455	4455	2.24252
4456	4456	34.4917
4457	4457	5.74141
4458	4458	8.5568
4459	4459	-47.8949
4460	4460	-36.9439
4461	4461	-8.64608
4462	4462	-2.57025
4463	4463	-6.64416
4464	4464	-17.6295
4465	4465	14.0879
4466	4466	21.1873
4467	4467	0.787574
4468	4468	14.8385
4469	4469	-1.90584
4470	4470	-1.07388
4471	4471	-30.5293
4472	4472	-16.0478
4473	4473	-20.9064
4474	4474	-23.6754
4475	4475	59.659
4476	4476	-13.8109
4477	4477	-22.8346
4478	4478	27.0932
4479	4479	-24.4047
4480	4480	12.8567
4481	4481	-5.29793
4482	4482	10.803
4483	4483	-8.50832
4484	4484	0.75059
4485	4485	-22.8626
4486	4486	-19.3824
4487	4487	-9.26869
4488	4488	13.3723
4489	4489	-13.3691
4490	4490	-4.74626
4491	4491	-25.8118
4492	4492	-11.5386
4493	4493	5.83789
4494	4494	36.1426
4495	4495	14.5878
4496	4496	-7.87867
4497	4497	42.6366
4498	4498	50.6103
4499	4499	-31.6928
4500	4500	11.0589
4501	4501	-23.443
4502	4502	38.9259
4503	4503	18.7776
4504	4504	-3.5115
4505	4505	2.31614
4506	4506	-4.03736
4507	4507	-20.3072
4508	4508	-11.2126
4509	4509	5.29001
4510	4510	42.9175
4511	4511	-14.763
4512	4512	5.14538
4513	4513	31.6367
4514	4514	13.5988
4515	4515	-18.2739
4516	4516	19.5321
4517	4517	55.0006
4518	4518	-17.4814
4519	4519	28.5496
4520	4520	39.9245
4521	4521	7.08069
4522	4522	-5.6015
4523	4523	-8.78984
4524	4524	15.391
4525	4525	13.4965
4526	4526	-30.0686
4527	4527	1.57106
4528	4528	-8.85226
4529	4529	-17.1289
4530	4530	8.21385
4531	4531	-30.2674
4532	4532	-18.3734
4533	4533	-19.7285
4534	4534	3.31539
4535	4535	-25.3086
4536	4536	-15.3833
4537	4537	-10.3692
4538	4538	19.9773
4539	4539	17.0622
4540	4540	-19.2293
4541	4541	-10.3382
4542	4542	15.0447
4543	4543	-11.9847
4544	4544	23.2387
4545	4545	27.8311
4546	4546	25.5403
4547	4547	-26.2743
4548	4548	-13.1396
4549	4549	-20.3159
4550	4550	13.1607
4551	4551	-30.8892
4552	4552	29.2674
4553	4553	-16.696
4554	4554	10.1819
4555	4555	23.6361
4556	4556	-4.95653
4557	4557	-2.76257
4558	4558	-7.04188
4559	4559	-16.2397
4560	4560	-1.84126
4561	4561	30.7604
4562	4562	13.9589
4563	4563	-11.0402
4564	4564	-40.0708
4565	4565	21.5361
4566	4566	11.5542
4567	4567	-9.02419
4568	4568	-29.6134
4569	4569	-4.49247
4570	4570	-5.7962
4571	4571	3.85888
4572	4572	8.00371
4573	4573	9.46218
4574	4574	3.82312
4575	4575	-6.72714
4576	4576	-14.3199
4577	4577	35.7816
4578	4578	2.49324
4579	4579	-42.3517
4580	4580	22.7628
4581	4581	-11.7721
4582	4582	29.6745
4583	4583	19.6581
4584	4584	24.994
4585	4585	19.8749
4586	4586	-26.3769
4587	4587	-7.61889
4588	4588	-42.8108
4589	4589	52.1178
4590	4590	-24.8337
4591	4591	-11.5764
4592	4592	-12.5161
4593	4593	-0.875847
4594	4594	2.05428
4595	4595	-32.909
4596	4596	21.4414
4597	4597	-8.16638
4598	4598	0.559189
4599	4599	-10.3688
4600	4600	8.69881
4601	4601	-0.236444
4602	4602	14.8706
4603	4603	2.96689
4604	4604	29.5549
4605	4605	-11.6714
4606	4606	-6.24368
4607	4607	-2.81034
4608	4608	5.61328
4609	4609	29.7846
4610	4610	-12.5333
4611	4611	8.07904
4612	4612	-15.1264
4613	4613	-4.66757
4614	4614	38.2288
4615	4615	-29.2283
4616	4616	-22.3693
4617	4617	75.7864
4618	4618	5.23274
4619	4619	8.01313
4620	4620	27.8861
4621	4621	-19.6026
4622	4622	-10.8986
4623	4623	-33.5495
4624	4624	8.75391
4625	4625	8.3921
4626	4626	-31.8764
4627	4627	-17.6407
4628	4628	-18.3521
4629	4629	-19.5081
4630	4630	30.981
4631	4631	-8.43853
4632	4632	-36.0869
4633	4633	-10.762
4634	4634	-17.762
4635	4635	-11.0305
4636	4636	11.4869
4637	4637	-10.1916
4638	4638	11.471
4639	4639	10.4037
4640	4640	-28.9633
4641	4641	-1.31805
4642	4642	-20.0255
4643	4643	-3.5224
4644	4644	-12.2465
4645	4645	12.7027
4646	4646	20.0682
4647	4647	-20.1459
4648	4648	-23.2596
4649	4649	-38.9368
4650	4650	-13.0386
4651	4651	2.31521
4652	4652	-15.1092
4653	4653	-31.5876
4654	4654	-22.5238
4655	4655	18.2435
4656	4656	8.70343
4657	4657	-64.3715
4658	4658	41.0083
4659	4659	-4.83065
4660	4660	-38.9121
4661	4661	-35.1508
4662	4662	-30.9419
4663	4663	13.0688
4664	4664	-7.81442
4665	4665	2.92112
4666	4666	-3.99097
4667	4667	-12.0196
4668	4668	22.8131
4669	4669	1.42356
4670	4670	-12.4197
4671	4671	-18.221
4672	4672	14.6854
4673	4673	-47.0011
4674	4674	-31.5684
4675	4675	-41.555
4676	4676	19.2001
4677	4677	32.5556
4678	4678	33.8694
4679	4679	16.7251
4680	4680	-14.4431
4681	4681	4.53446
4682	4682	13.7557
4683	4683	-35.6604
4684	4684	10.2302
4685	4685	-20.4068
4686	4686	9.43237
4687	4687	-33.2036
4688	4688	5.4714
4689	4689	51.5295
4690	4690	13.0432
4691	4691	9.20339
4692	4692	-20.3592
4693	4693	3.03973
4694	4694	31.9824
4695	4695	10.8855
4696	4696	5.21942
4697	4697	29.5279
4698	4698	1.94609
4699	4699	-15.769
4700	4700	-12.5321
4701	4701	-7.62474
4702	4702	14.4302
4703	4703	0.0039058
4704	4704	0.611878
4705	4705	-8.09822
4706	4706	-7.16271
4707	4707	18.9483
4708	4708	20.515
4709	4709	-42.4805
4710	4710	3.38951
4711	4711	-14.3548
4712	4712	11.825
4713	4713	-14.624
4714	4714	-21.434
4715	4715	29.3074
4716	4716	-8.72826
4717	4717	21.5442
4718	4718	25.2132
4719	4719	-22.1451
4720	4720	-39.6158
4721	4721	25.7539
4722	4722	58.9893
4723	4723	-26.3439
4724	4724	-27.6794
4725	4725	-8.95833
4726	4726	3.61122
4727	4727	-34.5253
4728	4728	-1.43818
4729	4729	-25.8571
4730	4730	-30.2004
4731	4731	-9.15188
4732	4732	-17.74
4733	4733	-16.4845
4734	4734	8.61808
4735	4735	-19.0529
4736	4736	-2.54108
4737	4737	14.3119
4738	4738	-3.23116
4739	4739	21.668
4740	4740	44.744
4741	4741	-7.5471
4742	4742	-41.1224
4743	4743	0.88584
4744	4744	0.126642
4745	4745	-10.8973
4746	4746	33.1294
4747	4747	3.07364
4748	4748	8.06269
4749	4749	31.3109
4750	4750	13.7706
4751	4751	-2.71529
4752	4752	-4.54303
4753	4753	-7.06853
4754	4754	8.30354
4755	4755	21.297
4756	4756	-7.20656
4757	4757	13.9217
4758	4758	4.40188
4759	4759	34.888
4760	4760	-3.60085
4761	4761	-30.0932
4762	4762	-31.4136
4763	4763	11.6996
4764	4764	-43.3858
4765	4765	-6.17209
4766	4766	-9.61667
4767	4767	22.6091
4768	4768	-30.4054
4769	4769	18.4011
4770	4770	4.62696
4771	4771	-12.2199
4772	4772	-53.1919
4773	4773	30.3746
4774	4774	-10.5228
4775	4775	16.6636
4776	4776	28.6879
4777	4777	10.5208
4778	4778	-38.1336
4779	4779	39.8738
4780	4780	-8.61716
4781	4781	15.3417
4782	4782	17.6311
4783	4783	20.9597
4784	4784	14.6649
4785	4785	-5.36608
4786	4786	-34.0334
4787	4787	2.79423
4788	4788	-26.3967
4789	4789	27.8376
4790	4790	5.00665
4791	4791	37.4924
4792	4792	-3.4704
4793	4793	-22.0911
4794	4794	29.0285
4795	4795	-13.2767
4796	4796	-16.0382
4797	4797	-27.2232
4798	4798	-39.1445
4799	4799	-30.3774
