sample_id	sample_id2	phensim
zero	zero	-11.7217
1	1	-21.9766
2	2	12.5489
3	3	21.482
4	4	5.38749
5	5	8.21076
6	6	-39.1465
7	7	50.7555
8	8	-2.35897
9	9	-33.8406
10	10	-13.5337
11	11	16.0068
12	12	8.30685
13	13	-17.4586
14	14	-0.206151
15	15	-7.90909
16	16	14.3046
17	17	-6.65342
18	18	3.03095
19	19	-12.5646
20	20	-20.4904
21	21	-13.1461
22	22	12.6412
23	23	14.1274
24	24	-23.9731
25	25	-20.1754
26	26	-20.4055
27	27	-3.33035
28	28	-21.2143
29	29	-37.4263
30	30	-30.8177
31	31	-25.4452
32	32	14.3428
33	33	23.205
34	34	-5.55119
35	35	9.80558
36	36	7.55324
37	37	45.6606
38	38	20.0662
39	39	3.13739
40	40	4.605
41	41	-30.39
42	42	18.1557
43	43	-17.3371
44	44	7.13711
45	45	23.9521
46	46	30.7234
47	47	11.0112
48	48	36.0178
49	49	6.88609
50	50	19.8177
51	51	-10.6997
52	52	36.9822
53	53	-16.8033
54	54	4.40707
55	55	38.9644
56	56	-22.5764
57	57	-24.9444
58	58	11.4286
59	59	6.84583
60	60	37.5066
61	61	-34.5449
62	62	10.6619
63	63	1.52476
64	64	-18.8301
65	65	-2.04611
66	66	15.052
67	67	18.9904
68	68	4.75828
69	69	-17.4293
70	70	24.6661
71	71	0.401289
72	72	-6.98034
73	73	46.7348
74	74	27.0056
75	75	-11.8036
76	76	3.88067
77	77	37.3235
78	78	-21.1613
79	79	19.5367
80	80	2.13096
81	81	-24.0817
82	82	-0.220355
83	83	27.5231
84	84	-21.9229
85	85	-12.2981
86	86	10.8101
87	87	3.12066
88	88	20.5148
89	89	-45.7532
90	90	-13.3365
91	91	-0.145082
92	92	-2.99007
93	93	5.0302
94	94	-14.7695
95	95	-5.8564
96	96	-30.1164
97	97	-1.99798
98	98	7.74379
99	99	10.3443
100	100	17.3796
101	101	27.1658
102	102	2.66877
103	103	-12.7301
104	104	-44.1387
105	105	12.4971
106	106	-11.2407
107	107	-1.87708
108	108	17.6128
109	109	19.4182
110	110	29.282
111	111	-24.4265
112	112	-0.613574
113	113	-44.638
114	114	-11.8683
115	115	-5.49118
116	116	-52.5714
117	117	-12.9875
118	118	-10.9972
119	119	29.4811
120	120	23.415
121	121	-30.9712
122	122	-19.1545
123	123	-21.9526
124	124	20.106
125	125	-42.0672
126	126	9.29983
127	127	-15.4255
128	128	-16.3575
129	129	-3.72694
130	130	-10.0083
131	131	-11.7016
132	132	-6.79206
133	133	17.2648
134	134	-23.2545
135	135	-20.5005
136	136	-18.591
137	137	18.6599
138	138	-0.17143
139	139	0.418469
140	140	33.7832
141	141	-48.9747
142	142	64.9404
143	143	16.8943
144	144	28.7797
145	145	-14.3197
146	146	-9.02569
147	147	-7.8596
148	148	-36.4469
149	149	8.76991
150	150	45.4031
151	151	13.3714
152	152	-4.59433
153	153	-27.301
154	154	-39.5277
155	155	-19.2604
156	156	-14.5733
157	157	29.4606
158	158	9.41624
159	159	4.05243
160	160	8.84991
161	161	33.5317
162	162	-12.1905
163	163	0.474675
164	164	-2.56573
165	165	-33.4266
166	166	-13.0336
167	167	5.01911
168	168	-38.2761
169	169	-8.09798
170	170	35.5337
171	171	-18.8839
172	172	-22.5015
173	173	-5.82734
174	174	-16.4042
175	175	-3.79126
176	176	-13.5877
177	177	40.5903
178	178	15.5131
179	179	22.4715
180	180	10.0912
181	181	-8.37854
182	182	-40.8781
183	183	6.54953
184	184	-10.1754
185	185	6.57065
186	186	23.4509
187	187	5.71194
188	188	-5.40327
189	189	-12.8044
190	190	9.13982
191	191	1.87218
192	192	9.59701
193	193	-14.779
194	194	-22.4032
195	195	19.4732
196	196	41.0225
197	197	0.239655
198	198	-22.2098
199	199	-62.799
200	200	-17.1688
201	201	-34.4158
202	202	18.3231
203	203	51.2223
204	204	-11.9254
205	205	-14.4827
206	206	-21.2235
207	207	-40.9352
208	208	-7.95462
209	209	2.8001
210	210	41.006
211	211	-7.82384
212	212	4.3955
213	213	-18.2899
214	214	9.45613
215	215	21.446
216	216	-27.8984
217	217	-31.4281
218	218	18.0174
219	219	-43.1088
220	220	-13.2722
221	221	6.15431
222	222	56.6617
223	223	-41.1654
224	224	9.81991
225	225	0.508244
226	226	4.5615
227	227	23.0271
228	228	18.9969
229	229	15.5464
230	230	0.46119
231	231	-10.4421
232	232	-39.5457
233	233	10.217
234	234	16.2386
235	235	-19.2426
236	236	18.6865
237	237	-8.76521
238	238	20.6351
239	239	-5.70778
240	240	-27.5647
241	241	-24.0801
242	242	24.8259
243	243	-34.7237
244	244	1.69345
245	245	-17.7954
246	246	14.3136
247	247	-1.78335
248	248	-29.1501
249	249	1.0171
250	250	22.574
251	251	-10.8966
252	252	-26.6477
253	253	-14.6843
254	254	19.1007
255	255	28.1412
256	256	-21.7899
257	257	33.6375
258	258	0.524254
259	259	-7.02651
260	260	-0.990867
261	261	-10.2014
262	262	35.0487
263	263	16.4753
264	264	-27.1503
265	265	-0.832187
266	266	1.98202
267	267	4.87713
268	268	-0.606941
269	269	-19.4232
270	270	-15.0556
271	271	-23.9439
272	272	-21.4655
273	273	-0.610666
274	274	18.7522
275	275	38.8043
276	276	31.9992
277	277	-26.1706
278	278	-31.0291
279	279	5.08477
280	280	-27.0206
281	281	13.4593
282	282	6.2141
283	283	8.52408
284	284	0.427119
285	285	17.7083
286	286	6.77887
287	287	36.1262
288	288	33.1483
289	289	-15.1309
290	290	-18.5969
291	291	0.775338
292	292	-0.665015
293	293	-13.6861
294	294	-16.1191
295	295	17.6661
296	296	13.6485
297	297	-16.5433
298	298	36.0331
299	299	13.2317
300	300	-2.89225
301	301	-22.8312
302	302	20.6097
303	303	-5.55882
304	304	1.16275
305	305	-34.117
306	306	-40.6199
307	307	-4.96197
308	308	-32.5888
309	309	-6.3315
310	310	29.2437
311	311	29.295
312	312	-24.1092
313	313	34.374
314	314	27.9594
315	315	27.9537
316	316	-35.8332
317	317	7.42276
318	318	-10.4964
319	319	-34.0559
320	320	10.2018
321	321	14.704
322	322	-2.92347
323	323	16.0762
324	324	27.6637
325	325	45.0418
326	326	41.0898
327	327	-3.55915
328	328	-31.8
329	329	5.6951
330	330	-11.2845
331	331	-26.2756
332	332	39.0202
333	333	10.7451
334	334	-3.49647
335	335	6.04386
336	336	17.4023
337	337	27.9171
338	338	14.3397
339	339	-23.4915
340	340	-18.8721
341	341	30.7003
342	342	-21.0883
343	343	-2.55821
344	344	11.337
345	345	-9.47901
346	346	-9.55034
347	347	5.83446
348	348	6.6054
349	349	35.1009
350	350	-15.4871
351	351	21.8418
352	352	7.15994
353	353	0.659116
354	354	-6.03072
355	355	-1.92427
356	356	-9.31055
357	357	25.8131
358	358	-44.4943
359	359	11.3896
360	360	29.6447
361	361	2.67837
362	362	-0.730171
363	363	-14.5208
364	364	9.24591
365	365	-2.53995
366	366	20.5982
367	367	-18.8241
368	368	-7.25742
369	369	-4.2369
370	370	24.8899
371	371	-3.9881
372	372	71.3282
373	373	-23.2226
374	374	-1.52613
375	375	5.89781
376	376	10.5467
377	377	7.33842
378	378	9.90025
379	379	3.82654
380	380	-12.6359
381	381	-7.02157
382	382	-10.1552
383	383	-37.2692
384	384	11.5742
385	385	-24.2634
386	386	10.2797
387	387	-6.53232
388	388	24.7838
389	389	-28.8016
390	390	12.7198
391	391	-14.2248
392	392	34.2628
393	393	-2.88786
394	394	3.51066
395	395	-10.4594
396	396	28.0158
397	397	-9.93378
398	398	11.2954
399	399	-17.5842
400	400	8.66069
401	401	-33.1945
402	402	19.3963
403	403	17.6078
404	404	-15.5984
405	405	9.51922
406	406	21.233
407	407	18.2283
408	408	1.65671
409	409	-22.1753
410	410	29.4476
411	411	-23.3817
412	412	20.1502
413	413	7.71716
414	414	-7.27712
415	415	0.563028
416	416	13.9789
417	417	14.7822
418	418	7.6156
419	419	8.83832
420	420	-5.66195
421	421	-32.5552
422	422	-14.8731
423	423	8.42485
424	424	-14.7256
425	425	-14.7374
426	426	1.76772
427	427	-16.1309
428	428	3.60038
429	429	-29.6325
430	430	-21.4255
431	431	18.9449
432	432	15.0155
433	433	-26.1383
434	434	-34.2776
435	435	5.58519
436	436	-5.91066
437	437	-4.06217
438	438	-33.5195
439	439	10.8752
440	440	-14.7258
441	441	11.9308
442	442	3.23574
443	443	-26.9314
444	444	-14.5127
445	445	-2.77654
446	446	-6.2502
447	447	6.52767
448	448	26.8362
449	449	-17.1972
450	450	4.98981
451	451	41.1858
452	452	-18.918
453	453	25.9528
454	454	-7.55241
455	455	-17.1688
456	456	-8.743
457	457	68.7424
458	458	26.6386
459	459	14.9189
460	460	-6.76342
461	461	-16.0001
462	462	-33.7847
463	463	-23.3399
464	464	17.9334
465	465	0.37965
466	466	-8.76854
467	467	-7.82648
468	468	23.0199
469	469	-26.0089
470	470	29.0492
471	471	-22.8026
472	472	-4.63632
473	473	-1.30996
474	474	22.7418
475	475	25.549
476	476	9.40173
477	477	-2.2073
478	478	-27.3672
479	479	-10.2285
480	480	6.54301
481	481	1.23744
482	482	-44.1329
483	483	-16.1471
484	484	-17.154
485	485	-16.6092
486	486	5.85333
487	487	11.6621
488	488	-26.4958
489	489	-1.55731
490	490	0.942596
491	491	21.3511
492	492	-16.9067
493	493	-0.0676814
494	494	18.0462
495	495	-33.2041
496	496	-6.62288
497	497	0.259083
498	498	-22.8666
499	499	1.66681
500	500	10.7646
501	501	-9.19686
502	502	18.2238
503	503	-8.02922
504	504	14.6628
505	505	-41.4093
506	506	-14.2757
507	507	35.4459
508	508	-2.086
509	509	50.6315
510	510	0.550215
511	511	15.5077
512	512	-30.6309
513	513	-61.7095
514	514	13.9665
515	515	-5.22933
516	516	-5.523
517	517	-26.7849
518	518	15.0139
519	519	42.633
520	520	-5.7959
521	521	15.0723
522	522	-6.65079
523	523	10.4113
524	524	-5.23301
525	525	-2.3162
526	526	6.064
527	527	-33.4782
528	528	-4.82646
529	529	10.0282
530	530	2.71509
531	531	11.7724
532	532	-33.3429
533	533	-1.27567
534	534	-6.05607
535	535	-13.9517
536	536	24.0588
537	537	-2.8346
538	538	28.8525
539	539	2.61315
540	540	-8.78441
541	541	20.1039
542	542	20.5884
543	543	-29.865
544	544	3.74948
545	545	27.599
546	546	-15.2552
547	547	-30.5821
548	548	1.88964
549	549	-2.90254
550	550	31.4077
551	551	-24.3051
552	552	-26.0617
553	553	-17.0635
554	554	3.69814
555	555	-4.87769
556	556	13.1388
557	557	-16.0184
558	558	30.9091
559	559	0.594095
560	560	19.283
561	561	-12.0606
562	562	-18.6272
563	563	6.54111
564	564	-10.3565
565	565	-4.36273
566	566	24.0718
567	567	-8.33998
568	568	15.9404
569	569	25.4537
570	570	-13.1405
571	571	-4.69378
572	572	2.81486
573	573	23.8088
574	574	-46.5907
575	575	-27.9497
576	576	-5.56214
577	577	-21.4516
578	578	-7.3251
579	579	-0.366773
580	580	22.7361
581	581	28.9829
582	582	-25.3395
583	583	-26.7197
584	584	5.80264
585	585	10.3995
586	586	6.52093
587	587	0.311899
588	588	-6.77952
589	589	-17.0779
590	590	44.1614
591	591	-17.8997
592	592	6.08637
593	593	-58.6596
594	594	-23.9101
595	595	1.53447
596	596	-6.73785
597	597	-34.2338
598	598	-34.2865
599	599	2.70541
600	600	30.861
601	601	6.24888
602	602	-6.25545
603	603	-16.6996
604	604	30.1747
605	605	7.35759
606	606	9.34685
607	607	22.603
608	608	-5.16533
609	609	6.11255
610	610	-1.60811
611	611	0.858279
612	612	3.33929
613	613	5.3727
614	614	-30.7537
615	615	26.5642
616	616	-22.0573
617	617	17.617
618	618	-20.5767
619	619	-3.75868
620	620	-61.963
621	621	-14.0903
622	622	5.80579
623	623	-7.99921
624	624	23.218
625	625	-46.3257
626	626	13.5399
627	627	17.7432
628	628	12.6244
629	629	20.0014
630	630	8.00874
631	631	16.8577
632	632	34.41
633	633	-14.8095
634	634	19.4163
635	635	-19.5531
636	636	12.523
637	637	-13.5016
638	638	-4.39584
639	639	-13.9966
640	640	-26.9011
641	641	9.07284
642	642	9.4747
643	643	-29.3806
644	644	-24.5547
645	645	17.8299
646	646	-17.7676
647	647	14.6316
648	648	31.4231
649	649	-6.32247
650	650	-10.6473
651	651	68.9071
652	652	-44.9963
653	653	-32.3917
654	654	-4.73448
655	655	5.24769
656	656	23.9597
657	657	-17.2288
658	658	-4.89556
659	659	-40.5386
660	660	15.5937
661	661	-0.94997
662	662	33.2185
663	663	-18.1322
664	664	23.7575
665	665	42.5392
666	666	5.45077
667	667	-7.34816
668	668	5.81511
669	669	4.89622
670	670	-42.1657
671	671	-23.345
672	672	15.7995
673	673	-0.350649
674	674	14.8866
675	675	-31.1336
676	676	17.5688
677	677	15.2907
678	678	-30.9166
679	679	16.3962
680	680	4.69513
681	681	-18.687
682	682	1.88565
683	683	-16.0715
684	684	-38.3745
685	685	13.9304
686	686	4.90389
687	687	-3.17192
688	688	10.3297
689	689	7.87721
690	690	-10.1417
691	691	-8.59646
692	692	-35.616
693	693	-22.5269
694	694	-16.2423
695	695	33.6481
696	696	7.22687
697	697	-12.6252
698	698	5.4501
699	699	-19.6925
700	700	0.66723
701	701	-9.46682
702	702	27.4908
703	703	4.81595
704	704	18.2116
705	705	-0.912056
706	706	31.1576
707	707	-9.8192
708	708	-3.9968
709	709	45.4932
710	710	2.90245
711	711	-5.97569
712	712	-28.3562
713	713	13.6909
714	714	-7.99966
715	715	50.6583
716	716	-44.4727
717	717	0.592674
718	718	4.04125
719	719	-11.3505
720	720	-22.2958
721	721	-2.49735
722	722	4.60157
723	723	4.62689
724	724	-16.0722
725	725	42.1282
726	726	-1.10515
727	727	-51.2396
728	728	-11.6641
729	729	-43.5169
730	730	-7.13049
731	731	4.28914
732	732	52.3528
733	733	-5.74145
734	734	-7.50234
735	735	15.4898
736	736	-14.8691
737	737	-10.1393
738	738	7.24493
739	739	2.01412
740	740	-2.7153
741	741	-2.87205
742	742	-44.0355
743	743	16.4216
744	744	31.2993
745	745	37.0336
746	746	13.0686
747	747	3.29361
748	748	-20.8218
749	749	4.84339
750	750	15.9398
751	751	-7.16012
752	752	15.0555
753	753	12.5868
754	754	2.14556
755	755	1.15544
756	756	-14.25
757	757	-32.129
758	758	-10.9702
759	759	-21.0025
760	760	-27.8144
761	761	-42.8663
762	762	4.47945
763	763	-5.00875
764	764	1.87566
765	765	-43.0101
766	766	2.21001
767	767	-7.75504
768	768	-27.9424
769	769	-10.7169
770	770	8.93508
771	771	-24.6424
772	772	-15.9046
773	773	29.6775
774	774	23.4989
775	775	4.1043
776	776	17.1976
777	777	14.3468
778	778	-2.61533
779	779	-9.72791
780	780	10.9638
781	781	6.22017
782	782	-13.0837
783	783	19.4894
784	784	-31.8547
785	785	5.6106
786	786	-19.3283
787	787	-12.2401
788	788	-9.74992
789	789	-38.6064
790	790	-29.1556
791	791	-19.5082
792	792	-10.7105
793	793	-29.5732
794	794	-3.17322
795	795	6.27486
796	796	3.69492
797	797	9.13548
798	798	19.5192
799	799	-8.84618
800	800	10.403
801	801	-21.7008
802	802	19.0192
803	803	-21.5892
804	804	7.56374
805	805	-13.3876
806	806	-10.219
807	807	-13.6122
808	808	-5.12203
809	809	-55.3832
810	810	10.989
811	811	6.08665
812	812	37.3732
813	813	-37.0051
814	814	6.65056
815	815	-14.8422
816	816	-11.7091
817	817	9.12066
818	818	9.11173
819	819	-32.5116
820	820	-20.1995
821	821	27.6866
822	822	13.6085
823	823	44.6115
824	824	-28.5952
825	825	21.8888
826	826	34.0597
827	827	21.2308
828	828	16.3623
829	829	-26.8751
830	830	-11.5102
831	831	22.4704
832	832	3.47697
833	833	7.96096
834	834	-25.239
835	835	29.2986
836	836	-1.22163
837	837	-1.53676
838	838	-7.88307
839	839	39.4755
840	840	3.30405
841	841	34.1846
842	842	-1.06529
843	843	-6.71662
844	844	-21.2066
845	845	-17.0289
846	846	-13.9394
847	847	-20.3935
848	848	-8.50861
849	849	27.698
850	850	23.1137
851	851	10.3503
852	852	-3.15512
853	853	12.5733
854	854	3.86302
855	855	-53.013
856	856	17.0924
857	857	-47.6478
858	858	-28.4168
859	859	-3.70129
860	860	-12.0758
861	861	0.95079
862	862	-43.369
863	863	32.7445
864	864	43.5355
865	865	8.44493
866	866	-16.1527
867	867	-15.8248
868	868	25.208
869	869	-3.41818
870	870	2.77065
871	871	0.818064
872	872	35.9513
873	873	-4.77726
874	874	-23.6271
875	875	11.2308
876	876	-1.80866
877	877	27.123
878	878	32.9506
879	879	25.6273
880	880	-36.8233
881	881	-10.6883
882	882	11.3241
883	883	9.59996
884	884	35.2821
885	885	-8.70766
886	886	11.9663
887	887	10.3141
888	888	-5.55266
889	889	-34.2187
890	890	11.3638
891	891	-5.14014
892	892	-56.2608
893	893	-27.4295
894	894	-26.7849
895	895	38.1334
896	896	43.7672
897	897	-20.561
898	898	17.2337
899	899	26.6153
900	900	8.22488
901	901	29.6797
902	902	45.12
903	903	-8.80846
904	904	-13.3157
905	905	-24.0087
906	906	15.4799
907	907	5.92829
908	908	22.5184
909	909	-10.0251
910	910	3.26158
911	911	10.6063
912	912	0.874391
913	913	26.6062
914	914	18.1984
915	915	-22.0453
916	916	21.0732
917	917	13.6806
918	918	-5.39472
919	919	-15.1633
920	920	-22.2462
921	921	-1.54108
922	922	8.75525
923	923	15.3148
924	924	-27.0049
925	925	-3.78978
926	926	-15.1745
927	927	15.3109
928	928	17.6666
929	929	-42.9836
930	930	43.3882
931	931	-21.1884
932	932	-18.9764
933	933	-7.81778
934	934	-26.5863
935	935	22.5404
936	936	-47.3803
937	937	4.45057
938	938	-2.76423
939	939	39.0233
940	940	-32.5673
941	941	42.1331
942	942	-2.74617
943	943	19.6611
944	944	-4.94696
945	945	20.8266
946	946	-2.50365
947	947	-12.5905
948	948	22.8595
949	949	18.7428
950	950	-2.85763
951	951	19.9353
952	952	-26.9734
953	953	43.1309
954	954	36.3544
955	955	-4.86565
956	956	-12.7635
957	957	-11.8115
958	958	-13.3149
959	959	-8.73733
960	960	-11.7941
961	961	49.5543
962	962	3.06675
963	963	-7.10703
964	964	-42.9924
965	965	15.7949
966	966	-3.16119
967	967	40.957
968	968	-17.4671
969	969	34.8042
970	970	18.0153
971	971	9.90667
972	972	22.7034
973	973	12.5079
974	974	-7.00302
975	975	31.6057
976	976	25.4377
977	977	6.17165
978	978	-7.54883
979	979	15.7071
980	980	4.67377
981	981	40.4728
982	982	-25.6502
983	983	-32.9503
984	984	27.2508
985	985	-14.9318
986	986	-20.0595
987	987	15.7625
988	988	-21.6619
989	989	1.27361
990	990	29.6518
991	991	-47.6107
992	992	-20.0992
993	993	-2.93562
994	994	-30.7878
995	995	15.1073
996	996	-0.923762
997	997	-24.6916
998	998	2.44684
999	999	-16.0672
1000	1000	6.65269
1001	1001	6.65149
1002	1002	14.8653
1003	1003	6.48113
1004	1004	26.8065
1005	1005	-38.7162
1006	1006	29.1974
1007	1007	7.96857
1008	1008	33.9506
1009	1009	-4.6124
1010	1010	19.8389
1011	1011	-14.8076
1012	1012	-14.2126
1013	1013	24.7513
1014	1014	-9.90984
1015	1015	7.15548
1016	1016	-2.31848
1017	1017	10.9134
1018	1018	-33.153
1019	1019	-2.01508
1020	1020	-34.7665
1021	1021	0.400626
1022	1022	10.4749
1023	1023	-14.0329
1024	1024	1.66708
1025	1025	-20.3908
1026	1026	-17.5439
1027	1027	3.37187
1028	1028	-31.367
1029	1029	-8.73201
1030	1030	-0.129792
1031	1031	14.3995
1032	1032	37.1767
1033	1033	-20.6738
1034	1034	37.1671
1035	1035	-17.0129
1036	1036	-44.145
1037	1037	-3.3152
1038	1038	-5.49271
1039	1039	19.6702
1040	1040	15.041
1041	1041	-40.9899
1042	1042	-47.4704
1043	1043	21.1681
1044	1044	-38.0183
1045	1045	9.80373
1046	1046	-14.3336
1047	1047	-20.641
1048	1048	-6.29513
1049	1049	5.00274
1050	1050	-16.268
1051	1051	12.7517
1052	1052	-8.65622
1053	1053	-22.5702
1054	1054	-5.64993
1055	1055	-15.6685
1056	1056	38.915
1057	1057	-6.62201
1058	1058	-35.8174
1059	1059	-23.7507
1060	1060	-4.59984
1061	1061	-20.5659
1062	1062	-14.4996
1063	1063	-5.73435
1064	1064	-14.4473
1065	1065	4.98483
1066	1066	15.7866
1067	1067	-37.4394
1068	1068	-40.2938
1069	1069	17.2633
1070	1070	-23.2591
1071	1071	-39.3497
1072	1072	-19.4963
1073	1073	10.0449
1074	1074	21.6223
1075	1075	18.8762
1076	1076	10.3298
1077	1077	-11.526
1078	1078	5.43573
1079	1079	-22.8122
1080	1080	-0.255238
1081	1081	19.4956
1082	1082	23.6587
1083	1083	-28.4042
1084	1084	32.9333
1085	1085	12.2739
1086	1086	11.5456
1087	1087	26.4068
1088	1088	-23.4296
1089	1089	-25.2102
1090	1090	40.4091
1091	1091	-35.4473
1092	1092	-11.6128
1093	1093	16.1387
1094	1094	0.67366
1095	1095	17.3638
1096	1096	27.4103
1097	1097	39.275
1098	1098	25.3926
1099	1099	-50.0174
1100	1100	-4.19754
1101	1101	33.136
1102	1102	-21.6736
1103	1103	12.1719
1104	1104	-27.3708
1105	1105	45.7396
1106	1106	-16.751
1107	1107	-24.292
1108	1108	13.3749
1109	1109	40.3564
1110	1110	-0.963927
1111	1111	-15.306
1112	1112	17.7834
1113	1113	-5.21844
1114	1114	13.9932
1115	1115	2.63132
1116	1116	-37.7435
1117	1117	-0.296652
1118	1118	37.6413
1119	1119	-29.5208
1120	1120	6.64545
1121	1121	17.673
1122	1122	-23.9309
1123	1123	23.1317
1124	1124	-43.7198
1125	1125	24.7686
1126	1126	8.65095
1127	1127	-8.77566
1128	1128	8.37214
1129	1129	8.37574
1130	1130	-1.89068
1131	1131	-5.29905
1132	1132	-14.9473
1133	1133	25.921
1134	1134	-15.2745
1135	1135	-24.4854
1136	1136	6.42722
1137	1137	14.66
1138	1138	-1.24086
1139	1139	-21.8708
1140	1140	-26.6528
1141	1141	-23.0882
1142	1142	-32.9424
1143	1143	29.5704
1144	1144	10.1478
1145	1145	-20.7357
1146	1146	10.9232
1147	1147	3.17885
1148	1148	13.4492
1149	1149	7.5263
1150	1150	2.6687
1151	1151	43.2736
1152	1152	7.3588
1153	1153	15.1545
1154	1154	19.2916
1155	1155	7.2871
1156	1156	-13.8795
1157	1157	19.9306
1158	1158	12.665
1159	1159	34.253
1160	1160	2.56992
1161	1161	-18.0839
1162	1162	-7.62611
1163	1163	-20.444
1164	1164	-13.6751
1165	1165	-25.6435
1166	1166	-19.3519
1167	1167	-17.668
1168	1168	4.33489
1169	1169	18.0162
1170	1170	-20.3923
1171	1171	17.4324
1172	1172	16.6687
1173	1173	-16.0106
1174	1174	-36.5441
1175	1175	-3.29784
1176	1176	-19.0012
1177	1177	-23.2949
1178	1178	-14.1513
1179	1179	-5.56539
1180	1180	-43.6555
1181	1181	42.4296
1182	1182	10.5806
1183	1183	31.762
1184	1184	-25.3943
1185	1185	-31.8692
1186	1186	38.6583
1187	1187	25.6041
1188	1188	-14.2536
1189	1189	-10.7347
1190	1190	12.4692
1191	1191	1.31354
1192	1192	-35.5592
1193	1193	-33.7795
1194	1194	-12.0668
1195	1195	12.6681
1196	1196	42.1865
1197	1197	-19.0934
1198	1198	-30.2005
1199	1199	-23.6246
1200	1200	48.4335
1201	1201	17.8751
1202	1202	-18.8333
1203	1203	-9.24162
1204	1204	-14.8664
1205	1205	-15.7694
1206	1206	-26.2645
1207	1207	45.7086
1208	1208	-8.84199
1209	1209	15.302
1210	1210	4.98806
1211	1211	10.9422
1212	1212	29.6339
1213	1213	-32.7416
1214	1214	15.4567
1215	1215	29.3598
1216	1216	2.57924
1217	1217	32.4626
1218	1218	6.7076
1219	1219	44.1857
1220	1220	-4.87422
1221	1221	-10.0671
1222	1222	-48.7234
1223	1223	12.3193
1224	1224	-26.7592
1225	1225	-4.25128
1226	1226	0.771325
1227	1227	-22.1298
1228	1228	-3.24478
1229	1229	-19.4808
1230	1230	5.81904
1231	1231	16.7884
1232	1232	-24.0907
1233	1233	-10.3654
1234	1234	-33.4622
1235	1235	44.5842
1236	1236	-21.5975
1237	1237	7.84887
1238	1238	-22.1487
1239	1239	-25.0055
1240	1240	-25.5291
1241	1241	7.4184
1242	1242	11.4764
1243	1243	0.289332
1244	1244	5.83346
1245	1245	12.5878
1246	1246	43.1308
1247	1247	33.785
1248	1248	-41.7662
1249	1249	-0.797999
1250	1250	-3.09537
1251	1251	19.9011
1252	1252	27.717
1253	1253	-10.0902
1254	1254	8.58498
1255	1255	4.99781
1256	1256	-13.0919
1257	1257	11.6211
1258	1258	38.8139
1259	1259	-8.02032
1260	1260	-9.57045
1261	1261	-35.4903
1262	1262	12.7399
1263	1263	8.24584
1264	1264	34.142
1265	1265	-25.8841
1266	1266	28.0329
1267	1267	0.92364
1268	1268	-12.0211
1269	1269	-31.1085
1270	1270	-49.5103
1271	1271	-23.3672
1272	1272	28.1568
1273	1273	27.925
1274	1274	22.0562
1275	1275	-2.36559
1276	1276	-14.3976
1277	1277	20.8889
1278	1278	8.98332
1279	1279	16.4122
1280	1280	-2.27408
1281	1281	-35.6141
1282	1282	-0.404492
1283	1283	16.3722
1284	1284	0.5278
1285	1285	-1.15266
1286	1286	35.8339
1287	1287	-2.28254
1288	1288	-41.2962
1289	1289	-17.5507
1290	1290	20.5811
1291	1291	11.662
1292	1292	-5.7743
1293	1293	21.1869
1294	1294	7.35359
1295	1295	-14.643
1296	1296	-2.17457
1297	1297	4.29945
1298	1298	-6.0474
1299	1299	-61.768
1300	1300	14.4305
1301	1301	22.0181
1302	1302	-19.3027
1303	1303	35.3512
1304	1304	15.7452
1305	1305	-2.00659
1306	1306	-6.24562
1307	1307	41.8961
1308	1308	31.9584
1309	1309	-9.06094
1310	1310	-9.73013
1311	1311	-21.7062
1312	1312	23.4824
1313	1313	7.15655
1314	1314	-35.4245
1315	1315	33.6981
1316	1316	2.05407
1317	1317	8.81387
1318	1318	-5.2262
1319	1319	-2.59032
1320	1320	27.8552
1321	1321	-17.6398
1322	1322	-20.044
1323	1323	-21.4981
1324	1324	-3.18762
1325	1325	-28.758
1326	1326	-19.3025
1327	1327	11.5448
1328	1328	-42.7529
1329	1329	-5.04388
1330	1330	-19.8089
1331	1331	-4.97457
1332	1332	24.4684
1333	1333	39.3391
1334	1334	-9.14075
1335	1335	-25.5793
1336	1336	-7.1659
1337	1337	40.494
1338	1338	-7.58807
1339	1339	14.3358
1340	1340	-41.8743
1341	1341	-6.71176
1342	1342	-2.19144
1343	1343	12.9621
1344	1344	2.50595
1345	1345	23.255
1346	1346	2.29588
1347	1347	-7.72489
1348	1348	13.3581
1349	1349	33.0853
1350	1350	4.51694
1351	1351	-6.33888
1352	1352	-4.83569
1353	1353	-12.918
1354	1354	-2.59374
1355	1355	18.3116
1356	1356	1.28072
1357	1357	38.4804
1358	1358	-12.1633
1359	1359	-44.4981
1360	1360	23.3244
1361	1361	-0.204122
1362	1362	5.47763
1363	1363	22.7671
1364	1364	-22.0217
1365	1365	24.8583
1366	1366	0.785569
1367	1367	8.75048
1368	1368	10.4854
1369	1369	-14.0994
1370	1370	-30.84
1371	1371	8.42637
1372	1372	-7.32755
1373	1373	14.4534
1374	1374	32.9923
1375	1375	-8.47911
1376	1376	27.2856
1377	1377	16.4151
1378	1378	2.30157
1379	1379	-4.28468
1380	1380	-9.61799
1381	1381	-0.9067
1382	1382	-13.7578
1383	1383	9.02336
1384	1384	-27.2336
1385	1385	10.2721
1386	1386	-17.2887
1387	1387	5.35432
1388	1388	5.08897
1389	1389	-9.58978
1390	1390	30.6827
1391	1391	28.5704
1392	1392	48.4844
1393	1393	-17.04
1394	1394	15.4784
1395	1395	-18.7117
1396	1396	-45.6259
1397	1397	-24.5298
1398	1398	-16.9259
1399	1399	16.3278
1400	1400	19.301
1401	1401	-9.44146
1402	1402	43.2353
1403	1403	16.618
1404	1404	19.6335
1405	1405	-45.1682
1406	1406	0.510591
1407	1407	-13.5754
1408	1408	6.28734
1409	1409	-11.4573
1410	1410	5.10689
1411	1411	10.2158
1412	1412	-10.9213
1413	1413	-0.431426
1414	1414	-6.2648
1415	1415	-1.52513
1416	1416	10.2542
1417	1417	-49.9963
1418	1418	21.0753
1419	1419	47.3278
1420	1420	17.8012
1421	1421	-13.0406
1422	1422	-15.8643
1423	1423	-21.4144
1424	1424	-19.4919
1425	1425	42.2893
1426	1426	-21.4918
1427	1427	6.45367
1428	1428	-27.4881
1429	1429	-36.0639
1430	1430	-5.58494
1431	1431	37.949
1432	1432	3.95408
1433	1433	-38.0463
1434	1434	27.6316
1435	1435	-7.63524
1436	1436	17.7715
1437	1437	24.6458
1438	1438	-22.7702
1439	1439	-23.6402
1440	1440	-14.7172
1441	1441	34.8534
1442	1442	7.60808
1443	1443	17.0261
1444	1444	25.6871
1445	1445	31.3266
1446	1446	-10.7432
1447	1447	7.43418
1448	1448	17.7314
1449	1449	-24.9824
1450	1450	25.4189
1451	1451	6.13144
1452	1452	-31.3392
1453	1453	-7.31897
1454	1454	0.121031
1455	1455	-17.4803
1456	1456	-13.6213
1457	1457	-10.5811
1458	1458	-20.9661
1459	1459	-11.2584
1460	1460	-20.4943
1461	1461	-10.3242
1462	1462	-36.8473
1463	1463	-19.5292
1464	1464	-32.8641
1465	1465	-54.9731
1466	1466	-2.95192
1467	1467	42.5564
1468	1468	4.55366
1469	1469	16.0715
1470	1470	11.4909
1471	1471	-24.7174
1472	1472	15.1206
1473	1473	-12.335
1474	1474	-23.4998
1475	1475	4.90631
1476	1476	-23.4394
1477	1477	-1.71039
1478	1478	27.6668
1479	1479	46.8751
1480	1480	-21.2945
1481	1481	33.5413
1482	1482	10.4399
1483	1483	20.7401
1484	1484	31.7905
1485	1485	0.788471
1486	1486	6.4119
1487	1487	-12.4223
1488	1488	8.26778
1489	1489	-26.1372
1490	1490	-2.02127
1491	1491	15.9963
1492	1492	3.85714
1493	1493	-24.0782
1494	1494	13.5863
1495	1495	-36.5219
1496	1496	-3.08791
1497	1497	-19.2082
1498	1498	-5.75559
1499	1499	-16.5959
1500	1500	-5.35208
1501	1501	43.6028
1502	1502	-5.84658
1503	1503	26.7807
1504	1504	-20.7076
1505	1505	22.7012
1506	1506	28.1032
1507	1507	5.1355
1508	1508	16.5727
1509	1509	-31.0258
1510	1510	4.19962
1511	1511	15.9759
1512	1512	7.45621
1513	1513	-11.6593
1514	1514	14.4231
1515	1515	-30.7953
1516	1516	-12.5589
1517	1517	-45.8967
1518	1518	6.01822
1519	1519	35.583
1520	1520	9.3646
1521	1521	-41.8457
1522	1522	-5.18548
1523	1523	32.9983
1524	1524	-21.1122
1525	1525	-12.6694
1526	1526	-12.6333
1527	1527	-2.43567
1528	1528	-7.1285
1529	1529	-1.093
1530	1530	-18.728
1531	1531	-9.06472
1532	1532	-14.0897
1533	1533	-4.32366
1534	1534	-2.72599
1535	1535	27.0876
1536	1536	-24.3275
1537	1537	-14.8383
1538	1538	-10.2181
1539	1539	28.4388
1540	1540	33.878
1541	1541	-34.2328
1542	1542	14.8707
1543	1543	31.1331
1544	1544	18.9632
1545	1545	-9.75938
1546	1546	-40.5328
1547	1547	-25.7311
1548	1548	-7.96303
1549	1549	2.6497
1550	1550	-15.0476
1551	1551	2.68753
1552	1552	12.0876
1553	1553	2.32992
1554	1554	20.7486
1555	1555	0.897911
1556	1556	22.5091
1557	1557	25.6222
1558	1558	4.18763
1559	1559	-3.75166
1560	1560	-14.5031
1561	1561	29.5702
1562	1562	-10.2792
1563	1563	-15.7489
1564	1564	-2.21317
1565	1565	11.4617
1566	1566	-30.2194
1567	1567	17.3778
1568	1568	-16.6172
1569	1569	8.19192
1570	1570	8.64889
1571	1571	-7.7021
1572	1572	14.2531
1573	1573	-45.8928
1574	1574	45.4657
1575	1575	27.8828
1576	1576	17.7614
1577	1577	-46.7995
1578	1578	-30.25
1579	1579	13.2573
1580	1580	-22.5492
1581	1581	-23.5313
1582	1582	44.3949
1583	1583	-13.4139
1584	1584	-12.4021
1585	1585	7.8212
1586	1586	-6.48666
1587	1587	18.0836
1588	1588	15.5929
1589	1589	17.7331
1590	1590	2.84803
1591	1591	-37.9616
1592	1592	35.9218
1593	1593	-9.30505
1594	1594	15.0369
1595	1595	6.14851
1596	1596	-40.105
1597	1597	4.25738
1598	1598	13.0405
1599	1599	-11.2159
1600	1600	21.141
1601	1601	-30.8695
1602	1602	37.8946
1603	1603	-15.118
1604	1604	-0.611826
1605	1605	4.37251
1606	1606	-25.0863
1607	1607	-0.0746538
1608	1608	3.57492
1609	1609	34.2678
1610	1610	26.8702
1611	1611	-11.5199
1612	1612	-23.0006
1613	1613	-4.98628
1614	1614	-33.1114
1615	1615	0.886035
1616	1616	33.5598
1617	1617	24.9414
1618	1618	21.6459
1619	1619	13.1131
1620	1620	-41.3055
1621	1621	-16.0818
1622	1622	-6.16921
1623	1623	-36.4054
1624	1624	-5.68825
1625	1625	1.18792
1626	1626	4.71014
1627	1627	4.18665
1628	1628	10.8584
1629	1629	33.9752
1630	1630	-4.97254
1631	1631	-19.019
1632	1632	57.8291
1633	1633	12.5606
1634	1634	-0.505236
1635	1635	-14.7825
1636	1636	-6.4987
1637	1637	4.48281
1638	1638	4.17886
1639	1639	-2.73131
1640	1640	-44.3371
1641	1641	51.4532
1642	1642	13.9128
1643	1643	8.74986
1644	1644	-12.9514
1645	1645	1.59382
1646	1646	37.5935
1647	1647	23.0252
1648	1648	10.3035
1649	1649	-35.3112
1650	1650	-17.9406
1651	1651	18.2344
1652	1652	-11.1334
1653	1653	22.526
1654	1654	44.7363
1655	1655	11.8974
1656	1656	-16.7399
1657	1657	4.63513
1658	1658	8.21773
1659	1659	9.05017
1660	1660	-15.2045
1661	1661	-0.311779
1662	1662	-36.3113
1663	1663	-21.0954
1664	1664	-11.4126
1665	1665	28.4119
1666	1666	42.0164
1667	1667	0.121354
1668	1668	-6.5727
1669	1669	-6.47407
1670	1670	-12.0584
1671	1671	15.3489
1672	1672	19.712
1673	1673	-33.2829
1674	1674	13.3013
1675	1675	-31.1739
1676	1676	56.3217
1677	1677	-20.3687
1678	1678	13.4924
1679	1679	20.3479
1680	1680	19.4625
1681	1681	25.7362
1682	1682	26.3031
1683	1683	-18.9719
1684	1684	2.39333
1685	1685	-5.12629
1686	1686	-27.1713
1687	1687	-25.2102
1688	1688	61.9546
1689	1689	29.3457
1690	1690	26.0651
1691	1691	48.1206
1692	1692	-28.1009
1693	1693	-1.79792
1694	1694	-46.0085
1695	1695	1.54709
1696	1696	-3.8477
1697	1697	-27.3154
1698	1698	-10.9321
1699	1699	18.2272
1700	1700	37.3842
1701	1701	16.0227
1702	1702	15.4105
1703	1703	-15.8017
1704	1704	3.27331
1705	1705	-37.205
1706	1706	19.4573
1707	1707	-15.722
1708	1708	33.9289
1709	1709	-16.2655
1710	1710	-1.29429
1711	1711	10.1218
1712	1712	-22.5282
1713	1713	-2.26921
1714	1714	-19.9279
1715	1715	44.9643
1716	1716	1.03654
1717	1717	-31.1294
1718	1718	-48.9671
1719	1719	-37.528
1720	1720	5.60364
1721	1721	29.5636
1722	1722	-6.61181
1723	1723	-11.5772
1724	1724	18.6083
1725	1725	-25.9041
1726	1726	4.70459
1727	1727	-20.4024
1728	1728	16.8369
1729	1729	-31.8951
1730	1730	25.4559
1731	1731	-32.5349
1732	1732	-13.9643
1733	1733	-21.8575
1734	1734	20.4885
1735	1735	-36.0197
1736	1736	1.30682
1737	1737	-16.0591
1738	1738	1.98158
1739	1739	-32.6653
1740	1740	-13.9688
1741	1741	-12.314
1742	1742	-5.16769
1743	1743	0.708919
1744	1744	39.1242
1745	1745	46.6459
1746	1746	-4.96918
1747	1747	-27.5494
1748	1748	16.5284
1749	1749	-22.9141
1750	1750	22.4258
1751	1751	-32.9214
1752	1752	-8.367
1753	1753	-34.9684
1754	1754	-10.7735
1755	1755	23.0007
1756	1756	4.12
1757	1757	-20.8936
1758	1758	17.4033
1759	1759	-10.3228
1760	1760	1.83116
1761	1761	30.8654
1762	1762	-8.29232
1763	1763	-26.3729
1764	1764	-14.6065
1765	1765	12.3192
1766	1766	-37.1369
1767	1767	-13.3615
1768	1768	19.1839
1769	1769	-21.1463
1770	1770	8.6393
1771	1771	33.3178
1772	1772	-12.6823
1773	1773	2.2602
1774	1774	25.7155
1775	1775	0.198855
1776	1776	-32.1188
1777	1777	26.2596
1778	1778	-5.38144
1779	1779	-9.77894
1780	1780	25.6825
1781	1781	-14.3837
1782	1782	9.00424
1783	1783	25.4759
1784	1784	-37.6112
1785	1785	25.6964
1786	1786	23.9192
1787	1787	2.50828
1788	1788	-3.06044
1789	1789	-0.0610061
1790	1790	19.0496
1791	1791	2.13817
1792	1792	-26.5148
1793	1793	0.462912
1794	1794	-18.555
1795	1795	-49.4867
1796	1796	29.3901
1797	1797	30.6267
1798	1798	35.2414
1799	1799	-25.4767
1800	1800	4.69157
1801	1801	5.16545
1802	1802	4.36642
1803	1803	-24.376
1804	1804	-11.9203
1805	1805	3.23441
1806	1806	-20.8593
1807	1807	13.5222
1808	1808	-23.2197
1809	1809	-27.8203
1810	1810	-58.0734
1811	1811	29.0892
1812	1812	0.410891
1813	1813	-30.0042
1814	1814	-24.367
1815	1815	-6.92943
1816	1816	11.3501
1817	1817	-7.87861
1818	1818	35.4448
1819	1819	-15.0906
1820	1820	-18.5571
1821	1821	1.82555
1822	1822	23.4649
1823	1823	27.5098
1824	1824	-46.0658
1825	1825	25.4814
1826	1826	11.4572
1827	1827	-46.2998
1828	1828	-11.1347
1829	1829	-20.3517
1830	1830	-42.322
1831	1831	-14.1737
1832	1832	33.1136
1833	1833	-24.4592
1834	1834	-15.4708
1835	1835	-14.5379
1836	1836	39.3431
1837	1837	26.6773
1838	1838	-13.7618
1839	1839	4.19514
1840	1840	-12.0483
1841	1841	17.4646
1842	1842	-3.64241
1843	1843	-4.28643
1844	1844	19.8034
1845	1845	-20.4795
1846	1846	-55.2338
1847	1847	44.576
1848	1848	16.9303
1849	1849	-22.37
1850	1850	-30.1805
1851	1851	-7.37098
1852	1852	-4.78115
1853	1853	-24.4891
1854	1854	-8.48301
1855	1855	4.14703
1856	1856	-23.2255
1857	1857	16.9136
1858	1858	-7.45013
1859	1859	15.9647
1860	1860	-1.23633
1861	1861	-16.4809
1862	1862	-16.9214
1863	1863	-10.5147
1864	1864	34.3309
1865	1865	-19.2095
1866	1866	8.45634
1867	1867	32.3603
1868	1868	11.7393
1869	1869	-2.67797
1870	1870	-13.7058
1871	1871	55.9167
1872	1872	11.4594
1873	1873	4.30385
1874	1874	-2.73518
1875	1875	-11.9563
1876	1876	-1.50649
1877	1877	-9.3993
1878	1878	22.732
1879	1879	17.4924
1880	1880	16.8013
1881	1881	-21.2362
1882	1882	-32.1389
1883	1883	-1.03569
1884	1884	4.25875
1885	1885	30.3875
1886	1886	18.6756
1887	1887	9.60676
1888	1888	26.8016
1889	1889	8.07603
1890	1890	-20.9573
1891	1891	-21.5813
1892	1892	39.8291
1893	1893	39.4688
1894	1894	4.88978
1895	1895	-6.30205
1896	1896	-39.9308
1897	1897	-32.926
1898	1898	-26.1844
1899	1899	-23.1465
1900	1900	-46.9808
1901	1901	-19.4035
1902	1902	31.6565
1903	1903	4.65428
1904	1904	-32.6711
1905	1905	-13.4909
1906	1906	-25.3637
1907	1907	-58.1047
1908	1908	33.8346
1909	1909	-38.0253
1910	1910	-9.37416
1911	1911	-19.6563
1912	1912	19.0555
1913	1913	7.83089
1914	1914	19.7515
1915	1915	-20.9449
1916	1916	31.8417
1917	1917	-18.5322
1918	1918	30.9913
1919	1919	-43.5568
1920	1920	-19.6187
1921	1921	-48.7961
1922	1922	10.6293
1923	1923	2.41425
1924	1924	-31.213
1925	1925	2.54939
1926	1926	-25.476
1927	1927	-26.4475
1928	1928	-6.15433
1929	1929	17.0259
1930	1930	30.0476
1931	1931	5.43686
1932	1932	20.7661
1933	1933	-34.8407
1934	1934	-4.90515
1935	1935	26.8698
1936	1936	18.6281
1937	1937	9.71627
1938	1938	-14.3729
1939	1939	-14.5289
1940	1940	20.6511
1941	1941	3.75348
1942	1942	29.6572
1943	1943	-0.79022
1944	1944	-46.4491
1945	1945	-17.0472
1946	1946	10.9911
1947	1947	-0.653063
1948	1948	-3.92838
1949	1949	-5.04961
1950	1950	14.4229
1951	1951	34.7934
1952	1952	-7.41926
1953	1953	-19.7937
1954	1954	-3.59394
1955	1955	-31.949
1956	1956	-26.9237
1957	1957	-13.0065
1958	1958	23.5531
1959	1959	15.9442
1960	1960	-19.5365
1961	1961	-62.0864
1962	1962	35.4791
1963	1963	-2.64608
1964	1964	12.2201
1965	1965	-14.8844
1966	1966	-0.517199
1967	1967	16.7584
1968	1968	12.7467
1969	1969	-35.5782
1970	1970	41.6823
1971	1971	-22.3304
1972	1972	-46.1862
1973	1973	-27.7288
1974	1974	-21.7076
1975	1975	-15.437
1976	1976	5.59124
1977	1977	-9.81819
1978	1978	-2.67256
1979	1979	-15.7846
1980	1980	-27.9075
1981	1981	-27.9242
1982	1982	11.184
1983	1983	48.215
1984	1984	-21.5638
1985	1985	9.60255
1986	1986	-15.1403
1987	1987	-5.28538
1988	1988	-38.8511
1989	1989	-63.8352
1990	1990	-41.6192
1991	1991	5.84792
1992	1992	-36.6719
1993	1993	-9.85112
1994	1994	11.868
1995	1995	-5.60964
1996	1996	10.7531
1997	1997	34.3401
1998	1998	4.66526
1999	1999	-12.8854
2000	2000	30.5446
2001	2001	8.31024
2002	2002	-13.7336
2003	2003	-14.7204
2004	2004	9.05061
2005	2005	19.6131
2006	2006	12.5239
2007	2007	49.9031
2008	2008	2.53453
2009	2009	-30.9045
2010	2010	26.2085
2011	2011	25.8364
2012	2012	4.65138
2013	2013	25.7489
2014	2014	18.5917
2015	2015	25.4295
2016	2016	-15.8885
2017	2017	15.7392
2018	2018	29.8776
2019	2019	13.523
2020	2020	40.7138
2021	2021	21.3321
2022	2022	1.52274
2023	2023	34.9617
2024	2024	19.864
2025	2025	-0.154042
2026	2026	27.9352
2027	2027	-12.8928
2028	2028	11.6773
2029	2029	-30.5761
2030	2030	58.4499
2031	2031	15.1239
2032	2032	-5.03484
2033	2033	30.5696
2034	2034	-50.3356
2035	2035	15.7336
2036	2036	-1.74938
2037	2037	-14.1009
2038	2038	-6.64037
2039	2039	15.0941
2040	2040	-29.5576
2041	2041	-16.1113
2042	2042	3.64021
2043	2043	12.6777
2044	2044	15.936
2045	2045	5.11554
2046	2046	-4.65028
2047	2047	2.09576
2048	2048	43.4174
2049	2049	-7.66362
2050	2050	48.1288
2051	2051	-18.2413
2052	2052	-33.2196
2053	2053	2.02344
2054	2054	12.3443
2055	2055	9.16636
2056	2056	15.3279
2057	2057	-5.93977
2058	2058	-17.9469
2059	2059	-12.6963
2060	2060	43.4506
2061	2061	23.4333
2062	2062	12.373
2063	2063	23.7558
2064	2064	46.2039
2065	2065	15.1016
2066	2066	-21.7564
2067	2067	-33.888
2068	2068	-20.6198
2069	2069	20.3728
2070	2070	45.8213
2071	2071	27.1106
2072	2072	-39.9893
2073	2073	-2.08545
2074	2074	23.67
2075	2075	-15.6918
2076	2076	-18.9952
2077	2077	-26.1376
2078	2078	35.379
2079	2079	-7.88991
2080	2080	6.52833
2081	2081	-5.16538
2082	2082	23.2576
2083	2083	35.3652
2084	2084	44.4144
2085	2085	-11.213
2086	2086	-3.26305
2087	2087	-40.6803
2088	2088	-6.0206
2089	2089	24.8227
2090	2090	11.3544
2091	2091	19.2521
2092	2092	-24.3566
2093	2093	20.5302
2094	2094	5.1398
2095	2095	24.2014
2096	2096	6.95819
2097	2097	40.0452
2098	2098	13.5627
2099	2099	43.992
2100	2100	3.2169
2101	2101	-13.775
2102	2102	-19.29
2103	2103	20.8801
2104	2104	14.7135
2105	2105	-18.5573
2106	2106	10.134
2107	2107	-16.5368
2108	2108	-8.37748
2109	2109	17.6918
2110	2110	3.70048
2111	2111	25.8103
2112	2112	-7.58587
2113	2113	-4.98961
2114	2114	29.8821
2115	2115	11.4292
2116	2116	-6.52802
2117	2117	18.9407
2118	2118	-31.7708
2119	2119	5.94585
2120	2120	8.80434
2121	2121	-19.2467
2122	2122	-40.6093
2123	2123	-13.4499
2124	2124	-12.15
2125	2125	25.8176
2126	2126	9.13853
2127	2127	-15.3831
2128	2128	-23.7586
2129	2129	45.5968
2130	2130	-8.41627
2131	2131	12.9467
2132	2132	-11.7366
2133	2133	13.024
2134	2134	26.0379
2135	2135	19.5657
2136	2136	24.7345
2137	2137	-23.6207
2138	2138	23.4378
2139	2139	11.1149
2140	2140	33.9961
2141	2141	-11.4884
2142	2142	15.8971
2143	2143	-44.6214
2144	2144	-9.59493
2145	2145	-0.779594
2146	2146	4.25697
2147	2147	3.58835
2148	2148	21.9465
2149	2149	44.1898
2150	2150	15.704
2151	2151	-46.4009
2152	2152	8.97956
2153	2153	8.98806
2154	2154	14.1253
2155	2155	3.91675
2156	2156	-12.8226
2157	2157	27.1615
2158	2158	-25.9775
2159	2159	23.2194
2160	2160	24.7083
2161	2161	32.8877
2162	2162	-5.37481
2163	2163	2.24615
2164	2164	32.4041
2165	2165	2.98249
2166	2166	20.0227
2167	2167	-21.5892
2168	2168	-56.2508
2169	2169	2.80609
2170	2170	20.6972
2171	2171	4.31712
2172	2172	2.79856
2173	2173	-14.3614
2174	2174	-3.82826
2175	2175	-16.7616
2176	2176	17.2716
2177	2177	12.7594
2178	2178	23.74
2179	2179	-2.05655
2180	2180	-22.8668
2181	2181	8.01278
2182	2182	-7.3879
2183	2183	12.4291
2184	2184	4.90868
2185	2185	-10.9837
2186	2186	29.3002
2187	2187	30.7726
2188	2188	48.2562
2189	2189	5.16084
2190	2190	-0.705178
2191	2191	11.8296
2192	2192	20.9084
2193	2193	-53.6666
2194	2194	-33.961
2195	2195	-19.0844
2196	2196	41.0686
2197	2197	-2.25317
2198	2198	-11.0556
2199	2199	-7.85382
2200	2200	2.06047
2201	2201	43.8375
2202	2202	0.205022
2203	2203	-3.81354
2204	2204	-7.15253
2205	2205	-12.0167
2206	2206	-23.5834
2207	2207	1.9404
2208	2208	28.5619
2209	2209	-3.49536
2210	2210	11.8612
2211	2211	8.58659
2212	2212	-38.9075
2213	2213	7.84233
2214	2214	17.5472
2215	2215	-2.07402
2216	2216	14.0967
2217	2217	-0.0449263
2218	2218	13.898
2219	2219	-1.70902
2220	2220	21.5649
2221	2221	8.32706
2222	2222	27.4584
2223	2223	14.5323
2224	2224	-29.061
2225	2225	-6.19846
2226	2226	23.2582
2227	2227	-1.26263
2228	2228	-23.7209
2229	2229	-2.09191
2230	2230	17.2322
2231	2231	-28.7537
2232	2232	21.0553
2233	2233	-7.35772
2234	2234	6.32869
2235	2235	30.7047
2236	2236	33.6414
2237	2237	0.135935
2238	2238	-1.81452
2239	2239	22.9912
2240	2240	4.73867
2241	2241	-11.747
2242	2242	-0.0798794
2243	2243	29.8694
2244	2244	-37.9851
2245	2245	11.3505
2246	2246	24.4318
2247	2247	7.52129
2248	2248	-1.51462
2249	2249	-35.1457
2250	2250	-0.942022
2251	2251	25.4245
2252	2252	5.55839
2253	2253	-13.6976
2254	2254	-30.2248
2255	2255	21.4687
2256	2256	-6.09733
2257	2257	26.4309
2258	2258	20.7096
2259	2259	-14.221
2260	2260	-10.8076
2261	2261	-1.33982
2262	2262	-29.9729
2263	2263	-24.8593
2264	2264	-2.30045
2265	2265	-23.0024
2266	2266	1.00808
2267	2267	-20.3296
2268	2268	0.847909
2269	2269	-26.5594
2270	2270	-1.22836
2271	2271	-20.5112
2272	2272	28.7806
2273	2273	-19.8583
2274	2274	-7.95523
2275	2275	-4.05614
2276	2276	-38.6296
2277	2277	5.1912
2278	2278	-5.43634
2279	2279	-11.3863
2280	2280	13.6786
2281	2281	-6.6431
2282	2282	10.3869
2283	2283	16.7273
2284	2284	-27.2521
2285	2285	-16.828
2286	2286	2.94649
2287	2287	20.0134
2288	2288	6.6154
2289	2289	35.46
2290	2290	15.7235
2291	2291	-29.3158
2292	2292	28.0373
2293	2293	25.2361
2294	2294	4.27463
2295	2295	5.74143
2296	2296	-27.2123
2297	2297	-39.6556
2298	2298	21.4506
2299	2299	5.63769
2300	2300	-6.43534
2301	2301	-32.8438
2302	2302	-6.61315
2303	2303	-18.1335
2304	2304	10.8973
2305	2305	12.3999
2306	2306	54.8336
2307	2307	-19.9593
2308	2308	-7.26203
2309	2309	6.4795
2310	2310	-8.46167
2311	2311	12.0145
2312	2312	-18.4919
2313	2313	20.083
2314	2314	28.8515
2315	2315	-1.13136
2316	2316	24.6665
2317	2317	-2.72318
2318	2318	13.3549
2319	2319	-21.2034
2320	2320	-24.2122
2321	2321	-35.2873
2322	2322	-41.4458
2323	2323	-29.4451
2324	2324	-16.9268
2325	2325	21.0331
2326	2326	-0.833251
2327	2327	23.004
2328	2328	-12.9372
2329	2329	9.10335
2330	2330	-13.5035
2331	2331	14.3543
2332	2332	-58.3203
2333	2333	38.2912
2334	2334	-9.60729
2335	2335	11.0155
2336	2336	15.9201
2337	2337	-12.2788
2338	2338	23.8564
2339	2339	-38.5515
2340	2340	-27.7563
2341	2341	32.5419
2342	2342	-11.672
2343	2343	-26.3301
2344	2344	18.8326
2345	2345	-9.81485
2346	2346	19.4234
2347	2347	-12.6078
2348	2348	-2.99411
2349	2349	10.6065
2350	2350	19.7992
2351	2351	-3.56751
2352	2352	-13.3187
2353	2353	-21.8844
2354	2354	-9.64417
2355	2355	0.94207
2356	2356	23.3493
2357	2357	-2.7726
2358	2358	-10.8723
2359	2359	-31.3029
2360	2360	-19.4791
2361	2361	-0.0426783
2362	2362	-27.5055
2363	2363	3.76669
2364	2364	-19.7646
2365	2365	-11.0149
2366	2366	33.4469
2367	2367	-5.11664
2368	2368	14.1054
2369	2369	-9.09598
2370	2370	-11.1623
2371	2371	-7.4544
2372	2372	5.13355
2373	2373	-21.1641
2374	2374	-16.4028
2375	2375	-7.54883
2376	2376	6.79583
2377	2377	15.336
2378	2378	1.35201
2379	2379	28.8117
2380	2380	-13.8619
2381	2381	26.4211
2382	2382	3.64083
2383	2383	5.34951
2384	2384	50.5063
2385	2385	12.1216
2386	2386	20.5474
2387	2387	15.1336
2388	2388	3.95679
2389	2389	10.6558
2390	2390	35.1451
2391	2391	-8.76447
2392	2392	6.12836
2393	2393	66.9855
2394	2394	-13.7598
2395	2395	-11.1853
2396	2396	-0.0242804
2397	2397	-28.0794
2398	2398	-7.3847
2399	2399	-21.319
2400	2400	38.0697
2401	2401	-22.5664
2402	2402	-13.7084
2403	2403	-10.3593
2404	2404	-13.3699
2405	2405	2.44407
2406	2406	25.5103
2407	2407	-3.35483
2408	2408	24.4431
2409	2409	27.8155
2410	2410	-5.52786
2411	2411	-13.4638
2412	2412	14.2492
2413	2413	-6.5867
2414	2414	0.114038
2415	2415	11.2809
2416	2416	-12.9075
2417	2417	5.96865
2418	2418	-36.8435
2419	2419	-13.7408
2420	2420	36.0163
2421	2421	22.5863
2422	2422	-0.421834
2423	2423	-1.94808
2424	2424	38.41
2425	2425	-29.5437
2426	2426	-0.0869617
2427	2427	13.8655
2428	2428	4.55569
2429	2429	-14.3726
2430	2430	-1.51766
2431	2431	-8.23155
2432	2432	15.5325
2433	2433	19.9684
2434	2434	55.2338
2435	2435	13.0433
2436	2436	-1.52391
2437	2437	-7.30055
2438	2438	-36.2244
2439	2439	24.1813
2440	2440	41.1815
2441	2441	-1.85014
2442	2442	27.5872
2443	2443	29.5639
2444	2444	-4.59098
2445	2445	20.6824
2446	2446	9.82423
2447	2447	11.575
2448	2448	24.1182
2449	2449	-40.4159
2450	2450	-10.7093
2451	2451	-10.975
2452	2452	2.44153
2453	2453	-23.8917
2454	2454	-10.7618
2455	2455	46.4164
2456	2456	34.0504
2457	2457	2.13706
2458	2458	-14.4129
2459	2459	-34.6682
2460	2460	14.8987
2461	2461	5.88886
2462	2462	12.3765
2463	2463	24.5949
2464	2464	-0.587545
2465	2465	-1.09353
2466	2466	-0.104374
2467	2467	-16.7842
2468	2468	-30.9283
2469	2469	-13.397
2470	2470	12.5251
2471	2471	-44.3845
2472	2472	13.2604
2473	2473	-18.9961
2474	2474	22.9482
2475	2475	13.546
2476	2476	-42.2303
2477	2477	1.12729
2478	2478	11.1641
2479	2479	16.3428
2480	2480	-40.2402
2481	2481	-24.6133
2482	2482	9.15755
2483	2483	-30.735
2484	2484	-32.8052
2485	2485	-36.3163
2486	2486	-18.5068
2487	2487	29.3893
2488	2488	-36.9254
2489	2489	-8.40884
2490	2490	-3.78841
2491	2491	-20.3552
2492	2492	-17.1897
2493	2493	-2.97002
2494	2494	-22.0691
2495	2495	2.46879
2496	2496	-10.0124
2497	2497	18.8488
2498	2498	-11.3931
2499	2499	-13.536
2500	2500	26.8743
2501	2501	-6.72461
2502	2502	24.8491
2503	2503	-15.6444
2504	2504	-4.86087
2505	2505	5.26732
2506	2506	-53.8985
2507	2507	-3.0667
2508	2508	-25.7513
2509	2509	-37.5255
2510	2510	13.469
2511	2511	26.0683
2512	2512	-0.834613
2513	2513	20.4792
2514	2514	3.30474
2515	2515	-21.3926
2516	2516	3.36446
2517	2517	-33.6847
2518	2518	-11.3772
2519	2519	5.7761
2520	2520	-20.7959
2521	2521	15.8393
2522	2522	-6.18691
2523	2523	16.6225
2524	2524	50.6076
2525	2525	15.6164
2526	2526	15.0085
2527	2527	34.8204
2528	2528	-40.6465
2529	2529	-8.87189
2530	2530	-25.3635
2531	2531	19.0786
2532	2532	11.955
2533	2533	-10.6987
2534	2534	7.38114
2535	2535	-10.8689
2536	2536	-0.0977662
2537	2537	-42.2845
2538	2538	-37.8648
2539	2539	37.6096
2540	2540	-33.6508
2541	2541	-49.6082
2542	2542	1.88803
2543	2543	-18.2578
2544	2544	-7.26351
2545	2545	-12.517
2546	2546	-7.19354
2547	2547	-2.5871
2548	2548	-13.4921
2549	2549	53.2117
2550	2550	10.6058
2551	2551	-2.19104
2552	2552	14.9755
2553	2553	-21.1232
2554	2554	26.277
2555	2555	24.707
2556	2556	51.9733
2557	2557	2.01908
2558	2558	-3.20863
2559	2559	-10.3731
2560	2560	-13.9238
2561	2561	44.3296
2562	2562	-16.8254
2563	2563	-20.1133
2564	2564	-14.868
2565	2565	9.27931
2566	2566	0.921879
2567	2567	-49.9668
2568	2568	-16.6184
2569	2569	12.8126
2570	2570	12.964
2571	2571	13.0189
2572	2572	-44.8439
2573	2573	20.6459
2574	2574	-15.2149
2575	2575	12.7852
2576	2576	-57.9892
2577	2577	-1.84688
2578	2578	-19.9825
2579	2579	14.807
2580	2580	37.8628
2581	2581	-23.4991
2582	2582	4.42158
2583	2583	-18.3362
2584	2584	-2.93047
2585	2585	2.60616
2586	2586	12.4275
2587	2587	-4.4552
2588	2588	-24.3032
2589	2589	4.37995
2590	2590	16.1663
2591	2591	-17.1304
2592	2592	-32.6435
2593	2593	-39.4062
2594	2594	16.3007
2595	2595	7.49951
2596	2596	-28.7807
2597	2597	20.4832
2598	2598	-22.8505
2599	2599	24.048
2600	2600	-26.2811
2601	2601	-0.701779
2602	2602	26.0806
2603	2603	29.0387
2604	2604	25.2374
2605	2605	-25.3615
2606	2606	-47.3466
2607	2607	29.4256
2608	2608	10.0428
2609	2609	40.7589
2610	2610	-11.8398
2611	2611	19.9603
2612	2612	-24.0256
2613	2613	29.0262
2614	2614	10.0208
2615	2615	-10.8944
2616	2616	34.255
2617	2617	-8.64051
2618	2618	-58.4387
2619	2619	-18.6122
2620	2620	30.8552
2621	2621	6.35201
2622	2622	24.7189
2623	2623	-11.6301
2624	2624	11.4466
2625	2625	-5.51643
2626	2626	-1.22993
2627	2627	20.4716
2628	2628	20.7672
2629	2629	21.2111
2630	2630	-2.00766
2631	2631	39.6724
2632	2632	-8.50808
2633	2633	33.6594
2634	2634	-11.1776
2635	2635	-40.5792
2636	2636	-34.0752
2637	2637	-20.1508
2638	2638	6.06855
2639	2639	-8.43742
2640	2640	-5.98232
2641	2641	-23.4036
2642	2642	-32.3877
2643	2643	5.15458
2644	2644	-30.2233
2645	2645	2.1812
2646	2646	12.5514
2647	2647	11.5188
2648	2648	17.2176
2649	2649	-9.46461
2650	2650	-7.3785
2651	2651	55.6275
2652	2652	23.939
2653	2653	-11.4906
2654	2654	22.7941
2655	2655	-0.226344
2656	2656	-17.3778
2657	2657	41.0289
2658	2658	-11.9635
2659	2659	-33.9549
2660	2660	-29.3582
2661	2661	38.7569
2662	2662	-40.4702
2663	2663	-28.3935
2664	2664	-19.0822
2665	2665	3.71163
2666	2666	-26.2613
2667	2667	-24.1662
2668	2668	7.86972
2669	2669	-5.67216
2670	2670	29.8845
2671	2671	-18.2607
2672	2672	40.7421
2673	2673	-23.9508
2674	2674	-38.1859
2675	2675	10.8302
2676	2676	11.627
2677	2677	7.9126
2678	2678	10.2974
2679	2679	16.4509
2680	2680	-0.147674
2681	2681	-11.6533
2682	2682	-7.70787
2683	2683	-7.52592
2684	2684	-17.6623
2685	2685	-5.96535
2686	2686	2.64773
2687	2687	-3.95024
2688	2688	20.7718
2689	2689	-15.8872
2690	2690	-21.5954
2691	2691	43.0439
2692	2692	7.43027
2693	2693	24.1426
2694	2694	15.3885
2695	2695	-4.36225
2696	2696	-25.9166
2697	2697	-13.1958
2698	2698	-17.8756
2699	2699	-11.6549
2700	2700	9.1643
2701	2701	-47.2751
2702	2702	36.6955
2703	2703	-56.7277
2704	2704	-23.9915
2705	2705	-7.91061
2706	2706	-16.4261
2707	2707	-7.04026
2708	2708	22.7049
2709	2709	2.43828
2710	2710	-8.74033
2711	2711	-2.57878
2712	2712	-22.9224
2713	2713	-23.6113
2714	2714	4.30959
2715	2715	-27.5818
2716	2716	-7.54451
2717	2717	-37.4666
2718	2718	4.0957
2719	2719	52.7874
2720	2720	-25.9329
2721	2721	8.40326
2722	2722	-8.23236
2723	2723	19.2243
2724	2724	21.3991
2725	2725	13.7475
2726	2726	14.7892
2727	2727	4.30774
2728	2728	-17.8758
2729	2729	3.27368
2730	2730	20.2653
2731	2731	1.02353
2732	2732	-21.8042
2733	2733	-9.29132
2734	2734	7.80347
2735	2735	31.1967
2736	2736	10.8249
2737	2737	34.5793
2738	2738	8.09999
2739	2739	13.2883
2740	2740	22.6091
2741	2741	4.18026
2742	2742	-7.86123
2743	2743	-13.2818
2744	2744	2.48818
2745	2745	26.6394
2746	2746	-39.5908
2747	2747	-8.50788
2748	2748	-37.9696
2749	2749	23.4702
2750	2750	16.5218
2751	2751	23.1215
2752	2752	-29.0692
2753	2753	25.3082
2754	2754	-42.6615
2755	2755	2.83167
2756	2756	-10.3385
2757	2757	13.2091
2758	2758	3.44407
2759	2759	18.4099
2760	2760	40.215
2761	2761	-0.2053
2762	2762	-1.70681
2763	2763	8.81395
2764	2764	-24.0355
2765	2765	-34.9466
2766	2766	-11.9063
2767	2767	-28.8192
2768	2768	-2.81537
2769	2769	-25.1358
2770	2770	16.2754
2771	2771	-17.0006
2772	2772	9.4508
2773	2773	-41.0925
2774	2774	-25.0843
2775	2775	-9.74805
2776	2776	19.2575
2777	2777	28.1955
2778	2778	-5.06837
2779	2779	-24.3407
2780	2780	27.7117
2781	2781	-18.6894
2782	2782	31.3511
2783	2783	0.648154
2784	2784	-14.241
2785	2785	-28.422
2786	2786	-6.92433
2787	2787	24.0257
2788	2788	31.0852
2789	2789	-18.8681
2790	2790	-0.409827
2791	2791	-36.4835
2792	2792	-10.3533
2793	2793	3.73568
2794	2794	24.9782
2795	2795	12.6058
2796	2796	12.4293
2797	2797	17.8975
2798	2798	24.7003
2799	2799	-2.06888
2800	2800	1.36205
2801	2801	5.70834
2802	2802	-9.38469
2803	2803	-23.6022
2804	2804	-16.3954
2805	2805	57.2131
2806	2806	18.9105
2807	2807	10.0924
2808	2808	26.095
2809	2809	-33.2128
2810	2810	27.0827
2811	2811	-4.99127
2812	2812	23.7476
2813	2813	6.59068
2814	2814	-49.7902
2815	2815	-28.4607
2816	2816	-24.4367
2817	2817	35.5331
2818	2818	7.89446
2819	2819	5.0113
2820	2820	2.20913
2821	2821	-11.1955
2822	2822	4.29651
2823	2823	4.89204
2824	2824	9.00666
2825	2825	-39.8039
2826	2826	1.29993
2827	2827	-35.9306
2828	2828	13.2035
2829	2829	35.7761
2830	2830	-9.56063
2831	2831	33.6785
2832	2832	12.9356
2833	2833	32.2979
2834	2834	12.9946
2835	2835	31.8386
2836	2836	-4.526
2837	2837	-26.0737
2838	2838	18.7039
2839	2839	19.3852
2840	2840	1.90152
2841	2841	-5.31011
2842	2842	-12.849
2843	2843	-23.9504
2844	2844	25.7164
2845	2845	-25.7181
2846	2846	-33.1402
2847	2847	29.2361
2848	2848	15.3284
2849	2849	-20.5983
2850	2850	-35.5405
2851	2851	8.23819
2852	2852	1.67602
2853	2853	-11.2658
2854	2854	-17.3518
2855	2855	7.04877
2856	2856	-29.5814
2857	2857	-7.61697
2858	2858	26.4254
2859	2859	24.0736
2860	2860	-1.31426
2861	2861	25.4818
2862	2862	-17.5055
2863	2863	-6.56063
2864	2864	-21.8014
2865	2865	-46.0624
2866	2866	29.634
2867	2867	-0.417987
2868	2868	-7.61708
2869	2869	13.3581
2870	2870	12.4218
2871	2871	2.14404
2872	2872	-2.55871
2873	2873	21.9717
2874	2874	-4.8342
2875	2875	25.513
2876	2876	-43.5551
2877	2877	23.3182
2878	2878	10.5709
2879	2879	-50.6826
2880	2880	21.1751
2881	2881	4.62883
2882	2882	11.016
2883	2883	52.593
2884	2884	-12.8125
2885	2885	30.5835
2886	2886	5.62855
2887	2887	11.0319
2888	2888	3.18961
2889	2889	-19.7063
2890	2890	23.1073
2891	2891	20.8856
2892	2892	13.4515
2893	2893	-48.2116
2894	2894	21.6671
2895	2895	-35.5452
2896	2896	-38.7426
2897	2897	26.6539
2898	2898	-39.4728
2899	2899	-4.15825
2900	2900	17.3555
2901	2901	-17.4862
2902	2902	-5.74174
2903	2903	-5.97183
2904	2904	10.2394
2905	2905	32.7561
2906	2906	-15.6098
2907	2907	11.0325
2908	2908	-7.27898
2909	2909	65.5328
2910	2910	60.9816
2911	2911	-35.7166
2912	2912	-2.18469
2913	2913	-0.195162
2914	2914	-40.3877
2915	2915	14.3487
2916	2916	24.2914
2917	2917	-18.849
2918	2918	39.8149
2919	2919	-10.6442
2920	2920	35.6866
2921	2921	-24.664
2922	2922	-13.4941
2923	2923	15.4752
2924	2924	-22.7735
2925	2925	-27.8549
2926	2926	8.17952
2927	2927	-13.1942
2928	2928	-2.86974
2929	2929	20.0941
2930	2930	1.36823
2931	2931	16.1643
2932	2932	-2.50222
2933	2933	-60.6035
2934	2934	8.5111
2935	2935	1.69334
2936	2936	36.1481
2937	2937	17.7201
2938	2938	21.3546
2939	2939	31.4483
2940	2940	20.7161
2941	2941	0.894918
2942	2942	-6.36853
2943	2943	53.2535
2944	2944	-6.44676
2945	2945	-16.6052
2946	2946	4.40479
2947	2947	7.30229
2948	2948	4.15396
2949	2949	-4.06371
2950	2950	10.551
2951	2951	-9.20433
2952	2952	-33.9315
2953	2953	-5.50031
2954	2954	-15.2554
2955	2955	-1.52479
2956	2956	-5.08607
2957	2957	-14.1977
2958	2958	-11.5595
2959	2959	5.23524
2960	2960	0.667139
2961	2961	-39.3471
2962	2962	-2.43109
2963	2963	-5.92913
2964	2964	2.83623
2965	2965	15.0042
2966	2966	-17.6441
2967	2967	-12.2995
2968	2968	15.0609
2969	2969	-19.235
2970	2970	14.0747
2971	2971	18.3251
2972	2972	23.1671
2973	2973	-14.7507
2974	2974	8.22235
2975	2975	18.3583
2976	2976	-13.6282
2977	2977	-23.691
2978	2978	-24.4023
2979	2979	-23.771
2980	2980	7.64488
2981	2981	-8.68211
2982	2982	-7.62102
2983	2983	-20.672
2984	2984	-26.6211
2985	2985	-17.3768
2986	2986	41.6146
2987	2987	-0.24861
2988	2988	1.82556
2989	2989	-47.2223
2990	2990	-21.165
2991	2991	-25.1483
2992	2992	12.6026
2993	2993	21.7182
2994	2994	-13.31
2995	2995	22.5575
2996	2996	23.8153
2997	2997	17.1955
2998	2998	4.68851
2999	2999	20.2249
3000	3000	-16.0929
3001	3001	-46.9143
3002	3002	-4.96341
3003	3003	-31.2471
3004	3004	30.0966
3005	3005	30.0166
3006	3006	28.4665
3007	3007	-24.1187
3008	3008	43.4152
3009	3009	-25.8818
3010	3010	22.1879
3011	3011	29.542
3012	3012	3.57148
3013	3013	-6.68445
3014	3014	-5.81727
3015	3015	7.34326
3016	3016	-20.9641
3017	3017	-21.679
3018	3018	-30.8071
3019	3019	-11.2352
3020	3020	-10.3122
3021	3021	9.37789
3022	3022	-15.1868
3023	3023	-8.18764
3024	3024	17.8606
3025	3025	23.2223
3026	3026	-13.0545
3027	3027	1.12669
3028	3028	-21.8042
3029	3029	4.66621
3030	3030	12.3821
3031	3031	19.3137
3032	3032	-6.43302
3033	3033	-11.4073
3034	3034	-20.6408
3035	3035	18.7663
3036	3036	9.90551
3037	3037	5.53147
3038	3038	33.3535
3039	3039	3.03804
3040	3040	5.18363
3041	3041	26.902
3042	3042	5.33918
3043	3043	-7.36155
3044	3044	25.8822
3045	3045	-29.1636
3046	3046	-22.1943
3047	3047	27.9697
3048	3048	13.5212
3049	3049	14.3371
3050	3050	6.1906
3051	3051	36.0064
3052	3052	11.1276
3053	3053	14.5939
3054	3054	15.4618
3055	3055	-20.695
3056	3056	-11.1012
3057	3057	7.35454
3058	3058	-21.4625
3059	3059	-13.9605
3060	3060	-3.0962
3061	3061	-41.7523
3062	3062	6.51804
3063	3063	9.73093
3064	3064	6.25714
3065	3065	-16.1522
3066	3066	11.904
3067	3067	-19.911
3068	3068	-10.5493
3069	3069	-3.47927
3070	3070	-14.953
3071	3071	-11.6556
3072	3072	-17.8684
3073	3073	-1.57805
3074	3074	-29.5661
3075	3075	34.867
3076	3076	-28.8143
3077	3077	5.99586
3078	3078	28.7892
3079	3079	-43.0286
3080	3080	33.8478
3081	3081	4.69506
3082	3082	-12.3255
3083	3083	-4.05105
3084	3084	-24.9748
3085	3085	-2.46938
3086	3086	-9.70563
3087	3087	-12.2361
3088	3088	44.0068
3089	3089	-26.6376
3090	3090	-2.89926
3091	3091	4.03041
3092	3092	18.0984
3093	3093	-52.7179
3094	3094	26.7588
3095	3095	-26.5075
3096	3096	-34.1249
3097	3097	25.7145
3098	3098	20.3474
3099	3099	-1.61423
3100	3100	2.20448
3101	3101	-18.6479
3102	3102	-26.0848
3103	3103	-43.8206
3104	3104	-41.0389
3105	3105	24.6882
3106	3106	-23.1841
3107	3107	5.0124
3108	3108	10.1161
3109	3109	-7.51832
3110	3110	24.9854
3111	3111	-8.08457
3112	3112	6.38268
3113	3113	-15.6776
3114	3114	-5.89272
3115	3115	14.6409
3116	3116	40.1104
3117	3117	29.107
3118	3118	-31.2518
3119	3119	-3.20491
3120	3120	-1.78354
3121	3121	-8.32519
3122	3122	10.753
3123	3123	6.54371
3124	3124	-2.58296
3125	3125	72.6351
3126	3126	-52.0014
3127	3127	-23.3333
3128	3128	-4.04484
3129	3129	-26.7163
3130	3130	-19.666
3131	3131	-9.61917
3132	3132	-21.3411
3133	3133	11.0388
3134	3134	-32.0398
3135	3135	-15.3623
3136	3136	7.34453
3137	3137	-1.22496
3138	3138	-29.8468
3139	3139	-27.3893
3140	3140	15.2291
3141	3141	5.4541
3142	3142	33.2483
3143	3143	11.7977
3144	3144	-34.623
3145	3145	26.5801
3146	3146	-7.02182
3147	3147	-38.4781
3148	3148	-4.82005
3149	3149	15.5556
3150	3150	4.02797
3151	3151	16.9023
3152	3152	3.0449
3153	3153	-29.9181
3154	3154	21.6272
3155	3155	-37.977
3156	3156	-13.7564
3157	3157	10.5882
3158	3158	-13.5216
3159	3159	-8.5768
3160	3160	-41.3946
3161	3161	18.2946
3162	3162	22.511
3163	3163	24.9972
3164	3164	-44.3366
3165	3165	-58.6229
3166	3166	28.6392
3167	3167	7.53515
3168	3168	37.6522
3169	3169	2.68728
3170	3170	-0.472354
3171	3171	-5.80096
3172	3172	-37.8351
3173	3173	-32.7132
3174	3174	-11.5615
3175	3175	-15.1056
3176	3176	-8.03966
3177	3177	-9.94039
3178	3178	-9.47598
3179	3179	-0.692704
3180	3180	-25.2273
3181	3181	2.27855
3182	3182	-12.19
3183	3183	14.3221
3184	3184	14.2639
3185	3185	-30.2731
3186	3186	-47.7472
3187	3187	-12.486
3188	3188	-18.4088
3189	3189	23.995
3190	3190	38.4923
3191	3191	-5.00051
3192	3192	-42.9725
3193	3193	1.15775
3194	3194	64.7396
3195	3195	21.2535
3196	3196	21.5924
3197	3197	-62.1302
3198	3198	24.8785
3199	3199	6.33512
3200	3200	10.2874
3201	3201	25.3663
3202	3202	-23.1611
3203	3203	39.7996
3204	3204	-4.73533
3205	3205	-4.36539
3206	3206	-7.84605
3207	3207	4.57426
3208	3208	36.1471
3209	3209	15.7979
3210	3210	-19.6286
3211	3211	2.29923
3212	3212	33.2615
3213	3213	9.36596
3214	3214	-28.0355
3215	3215	-8.75419
3216	3216	-46.1049
3217	3217	-1.24959
3218	3218	-61.4235
3219	3219	2.57821
3220	3220	-45.5488
3221	3221	-20.1499
3222	3222	-15.0167
3223	3223	25.1511
3224	3224	1.33721
3225	3225	27.7326
3226	3226	34.6993
3227	3227	20.9091
3228	3228	-12.7693
3229	3229	21.5286
3230	3230	-9.12223
3231	3231	-47.3684
3232	3232	-18.0468
3233	3233	-6.86938
3234	3234	13.0308
3235	3235	12.7598
3236	3236	-19.981
3237	3237	-26.6376
3238	3238	22.6646
3239	3239	18.214
3240	3240	17.3952
3241	3241	-37.3334
3242	3242	12.4379
3243	3243	34.8127
3244	3244	30.771
3245	3245	16.8358
3246	3246	-35.3001
3247	3247	8.06348
3248	3248	26.154
3249	3249	11.011
3250	3250	22.5703
3251	3251	-50.0824
3252	3252	-10.2697
3253	3253	47.3933
3254	3254	-13.691
3255	3255	-14.4262
3256	3256	29.7662
3257	3257	8.33127
3258	3258	-10.4283
3259	3259	2.63388
3260	3260	-1.21939
3261	3261	-9.19158
3262	3262	22.2544
3263	3263	3.12227
3264	3264	-46.7985
3265	3265	-8.50055
3266	3266	-0.770018
3267	3267	13.2324
3268	3268	9.21086
3269	3269	-3.68634
3270	3270	-19.5385
3271	3271	-6.22901
3272	3272	-19.0247
3273	3273	26.3575
3274	3274	-3.37423
3275	3275	41.569
3276	3276	4.52419
3277	3277	22.3699
3278	3278	20.39
3279	3279	-24.3551
3280	3280	-43.5523
3281	3281	7.60999
3282	3282	-10.2574
3283	3283	-7.75225
3284	3284	10.763
3285	3285	22.9629
3286	3286	9.694
3287	3287	-8.56806
3288	3288	18.0567
3289	3289	22.2258
3290	3290	19.4227
3291	3291	4.98371
3292	3292	-64.6365
3293	3293	-15.5797
3294	3294	0.973306
3295	3295	-15.6703
3296	3296	24.6178
3297	3297	-7.54839
3298	3298	26.0413
3299	3299	-7.10357
3300	3300	-8.22176
3301	3301	-16.7569
3302	3302	27.0032
3303	3303	-46.0636
3304	3304	-13.4673
3305	3305	9.62571
3306	3306	26.5326
3307	3307	-29.1228
3308	3308	34.9596
3309	3309	-9.54581
3310	3310	23.1987
3311	3311	14.8468
3312	3312	41.9983
3313	3313	-7.68711
3314	3314	5.81489
3315	3315	15.3713
3316	3316	13.2616
3317	3317	-32.4602
3318	3318	40.6245
3319	3319	-9.98089
3320	3320	9.27853
3321	3321	32.7275
3322	3322	-16.6148
3323	3323	-4.91852
3324	3324	33.2255
3325	3325	-50.3525
3326	3326	-0.650894
3327	3327	38.149
3328	3328	20.5975
3329	3329	-43.5403
3330	3330	24.3624
3331	3331	-47.9756
3332	3332	-3.40341
3333	3333	-27.1807
3334	3334	1.12388
3335	3335	-4.02845
3336	3336	22.0007
3337	3337	-36.693
3338	3338	4.50861
3339	3339	4.93633
3340	3340	-10.1327
3341	3341	-24.4071
3342	3342	5.81312
3343	3343	-39.4224
3344	3344	4.36306
3345	3345	1.13288
3346	3346	-4.15994
3347	3347	-24.5202
3348	3348	30.2301
3349	3349	10.2648
3350	3350	-18.2665
3351	3351	0.786814
3352	3352	13.6665
3353	3353	-5.22571
3354	3354	3.51523
3355	3355	-6.89659
3356	3356	22.0696
3357	3357	-16.196
3358	3358	31.1371
3359	3359	19.8189
3360	3360	-11.6457
3361	3361	10.2813
3362	3362	7.20028
3363	3363	26.0919
3364	3364	-0.475066
3365	3365	-3.29049
3366	3366	50.7475
3367	3367	29.4268
3368	3368	16.337
3369	3369	2.52028
3370	3370	-8.09425
3371	3371	-15.3017
3372	3372	24.1434
3373	3373	33.2594
3374	3374	-8.25062
3375	3375	15.9464
3376	3376	-8.41581
3377	3377	51.6697
3378	3378	16.8572
3379	3379	-10.6662
3380	3380	11.6759
3381	3381	51.3206
3382	3382	-2.50245
3383	3383	-16.0757
3384	3384	4.47681
3385	3385	-15.639
3386	3386	9.97714
3387	3387	-16.6587
3388	3388	11.2438
3389	3389	20.4036
3390	3390	11.4758
3391	3391	-32.6176
3392	3392	-10.9518
3393	3393	-42.5527
3394	3394	-21.1444
3395	3395	1.63286
3396	3396	-13.6483
3397	3397	-23.3431
3398	3398	-1.51894
3399	3399	12.7517
3400	3400	-45.8961
3401	3401	-12.0954
3402	3402	36.3223
3403	3403	35.138
3404	3404	-26.5615
3405	3405	-15.4121
3406	3406	-0.235977
3407	3407	20.9214
3408	3408	14.6926
3409	3409	-17.4868
3410	3410	-21.0369
3411	3411	17.1942
3412	3412	0.17381
3413	3413	-24.1785
3414	3414	-18.2055
3415	3415	-17.4458
3416	3416	-27.9724
3417	3417	5.52354
3418	3418	-10.5715
3419	3419	-14.7023
3420	3420	-27.4694
3421	3421	5.81087
3422	3422	17.0383
3423	3423	8.26467
3424	3424	37.6355
3425	3425	-11.2571
3426	3426	-27.4409
3427	3427	-8.9563
3428	3428	-0.852658
3429	3429	-32.8732
3430	3430	-9.22591
3431	3431	10.9709
3432	3432	-10.3549
3433	3433	-12.237
3434	3434	10.868
3435	3435	-9.57053
3436	3436	-2.97939
3437	3437	-31.4208
3438	3438	0.00135867
3439	3439	10.3118
3440	3440	1.2254
3441	3441	-13.1815
3442	3442	-31.9407
3443	3443	-20.0124
3444	3444	-1.57246
3445	3445	-47.461
3446	3446	-16.5941
3447	3447	-18.4925
3448	3448	-28.8787
3449	3449	-37.6369
3450	3450	-11.9362
3451	3451	-38.9998
3452	3452	14.1011
3453	3453	21.6412
3454	3454	-27.5388
3455	3455	0.0103835
3456	3456	-36.0709
3457	3457	27.5257
3458	3458	-6.42906
3459	3459	6.77017
3460	3460	-8.19825
3461	3461	69.8763
3462	3462	23.2651
3463	3463	41.5273
3464	3464	-6.50391
3465	3465	8.42048
3466	3466	-0.949686
3467	3467	-17.8545
3468	3468	-17.9426
3469	3469	-20.5402
3470	3470	-32.9562
3471	3471	-2.31773
3472	3472	38.5527
3473	3473	-5.96845
3474	3474	49.7981
3475	3475	-13.2607
3476	3476	7.65547
3477	3477	32.9826
3478	3478	-20.3253
3479	3479	-19.5408
3480	3480	16.7031
3481	3481	-51.7531
3482	3482	-26.4654
3483	3483	-29.7391
3484	3484	-26.1521
3485	3485	-17.6476
3486	3486	41.352
3487	3487	-6.29588
3488	3488	9.92653
3489	3489	-27.3953
3490	3490	-17.5832
3491	3491	23.2323
3492	3492	-13.495
3493	3493	-33.2679
3494	3494	26.9015
3495	3495	24.2334
3496	3496	-8.01219
3497	3497	24.1495
3498	3498	-4.92775
3499	3499	39.4074
3500	3500	5.76803
3501	3501	54.3902
3502	3502	20.284
3503	3503	2.65146
3504	3504	-1.9906
3505	3505	-16.2366
3506	3506	15.022
3507	3507	31.8718
3508	3508	13.1443
3509	3509	-14.4709
3510	3510	-2.83056
3511	3511	1.04713
3512	3512	23.1036
3513	3513	19.1737
3514	3514	-5.45281
3515	3515	-18.3441
3516	3516	1.2915
3517	3517	13.7683
3518	3518	-34.8371
3519	3519	29.7878
3520	3520	34.9492
3521	3521	-37.9547
3522	3522	24.4317
3523	3523	11.8982
3524	3524	9.34449
3525	3525	8.81039
3526	3526	-12.0319
3527	3527	5.07633
3528	3528	29.7548
3529	3529	-34.5794
3530	3530	-0.673194
3531	3531	-6.24162
3532	3532	-1.05074
3533	3533	32.1394
3534	3534	-28.0412
3535	3535	-0.833246
3536	3536	22.9536
3537	3537	27.4469
3538	3538	-6.42335
3539	3539	18.3232
3540	3540	-4.07493
3541	3541	23.5566
3542	3542	35.1628
3543	3543	11.5853
3544	3544	-32.2775
3545	3545	16.9253
3546	3546	11.3409
3547	3547	-5.99305
3548	3548	18.4964
3549	3549	13.0823
3550	3550	-12.8462
3551	3551	27.3988
3552	3552	9.00288
3553	3553	-51.357
3554	3554	19.9005
3555	3555	4.9309
3556	3556	-10.6482
3557	3557	-1.44054
3558	3558	-4.65604
3559	3559	-5.89761
3560	3560	-3.83026
3561	3561	-7.5416
3562	3562	11.8204
3563	3563	7.45045
3564	3564	52.1464
3565	3565	-25.7131
3566	3566	-30.7839
3567	3567	-33.2366
3568	3568	-27.8041
3569	3569	4.35188
3570	3570	-4.75056
3571	3571	14.7826
3572	3572	-14.371
3573	3573	-9.49987
3574	3574	109.825
3575	3575	-37.0022
3576	3576	5.85122
3577	3577	-36.9797
3578	3578	42.5948
3579	3579	19.2365
3580	3580	28.1703
3581	3581	-12.307
3582	3582	-0.997653
3583	3583	-4.46215
3584	3584	17.8492
3585	3585	22.2285
3586	3586	64.0598
3587	3587	-47.8654
3588	3588	33.6345
3589	3589	8.23646
3590	3590	-0.377837
3591	3591	-24.727
3592	3592	0.0255265
3593	3593	-28.0893
3594	3594	26.9091
3595	3595	-9.57283
3596	3596	21.1548
3597	3597	11.2551
3598	3598	-19.204
3599	3599	-21.7328
3600	3600	19.8974
3601	3601	39.6459
3602	3602	-8.0391
3603	3603	-20.9793
3604	3604	9.0743
3605	3605	-17.4351
3606	3606	-0.551158
3607	3607	-30.2932
3608	3608	6.58475
3609	3609	6.5399
3610	3610	-16.7704
3611	3611	2.49198
3612	3612	10.3296
3613	3613	-15.2151
3614	3614	9.29172
3615	3615	-5.69325
3616	3616	25.0691
3617	3617	8.8596
3618	3618	7.80149
3619	3619	32.7917
3620	3620	19.4276
3621	3621	3.15777
3622	3622	-13.9727
3623	3623	24.4736
3624	3624	3.69924
3625	3625	26.6268
3626	3626	17.7374
3627	3627	19.7611
3628	3628	-0.029767
3629	3629	-25.4405
3630	3630	-13.5662
3631	3631	-15.6545
3632	3632	-18.9068
3633	3633	-24.9931
3634	3634	18.3514
3635	3635	-3.45959
3636	3636	-4.76575
3637	3637	-6.97118
3638	3638	12.6906
3639	3639	18.4185
3640	3640	-5.37046
3641	3641	-29.378
3642	3642	12.6074
3643	3643	0.178985
3644	3644	-18.073
3645	3645	18.6143
3646	3646	-22.0251
3647	3647	20.6435
3648	3648	35.2783
3649	3649	21.6929
3650	3650	-0.772346
3651	3651	15.3809
3652	3652	-0.599553
3653	3653	-29.8734
3654	3654	10.5735
3655	3655	29.0335
3656	3656	32.1563
3657	3657	15.6677
3658	3658	12.8257
3659	3659	15.5555
3660	3660	-12.4285
3661	3661	-9.38033
3662	3662	16.983
3663	3663	26.9293
3664	3664	-1.95915
3665	3665	-11.275
3666	3666	-15.2977
3667	3667	-13.4925
3668	3668	-4.88956
3669	3669	8.86249
3670	3670	-6.07472
3671	3671	10.5886
3672	3672	16.4155
3673	3673	21.2106
3674	3674	26.0789
3675	3675	7.4632
3676	3676	-13.8221
3677	3677	-16.8712
3678	3678	2.82991
3679	3679	-34.6488
3680	3680	24.2315
3681	3681	26.0437
3682	3682	25.081
3683	3683	4.20455
3684	3684	35.7023
3685	3685	-0.101417
3686	3686	29.0273
3687	3687	-11.2905
3688	3688	-35.4772
3689	3689	-16.4814
3690	3690	16.2537
3691	3691	34.9356
3692	3692	17.4173
3693	3693	48.5077
3694	3694	-4.45466
3695	3695	15.5477
3696	3696	19.5756
3697	3697	15.4072
3698	3698	-16.7167
3699	3699	33.5302
3700	3700	3.0968
3701	3701	12.1984
3702	3702	31.0856
3703	3703	11.8366
3704	3704	-6.48284
3705	3705	33.4341
3706	3706	16.7373
3707	3707	-37.1554
3708	3708	-9.70038
3709	3709	7.77171
3710	3710	3.95474
3711	3711	33.4427
3712	3712	-11.5345
3713	3713	-35.697
3714	3714	-15.7999
3715	3715	-23.0269
3716	3716	-40.8061
3717	3717	-10.3541
3718	3718	58.8871
3719	3719	42.6051
3720	3720	0.208904
3721	3721	-44.6954
3722	3722	2.93128
3723	3723	4.33217
3724	3724	30.347
3725	3725	2.1742
3726	3726	-21.8341
3727	3727	-41.5123
3728	3728	18.1124
3729	3729	-6.45386
3730	3730	-11.1156
3731	3731	-15.7833
3732	3732	-0.998496
3733	3733	7.88487
3734	3734	-11.5896
3735	3735	18.636
3736	3736	48.0974
3737	3737	8.68428
3738	3738	6.15759
3739	3739	10.7333
3740	3740	-16.4982
3741	3741	-13.1019
3742	3742	-22.8736
3743	3743	11.3746
3744	3744	-31.7159
3745	3745	-14.99
3746	3746	-4.89487
3747	3747	-22.1581
3748	3748	-21.4375
3749	3749	-20.064
3750	3750	16.8896
3751	3751	-27.9076
3752	3752	41.4476
3753	3753	6.28126
3754	3754	26.2093
3755	3755	-0.183031
3756	3756	2.57175
3757	3757	-8.65824
3758	3758	16.719
3759	3759	-30.1871
3760	3760	-1.53857
3761	3761	5.31403
3762	3762	-5.31768
3763	3763	-9.20698
3764	3764	27.7096
3765	3765	36.1603
3766	3766	-9.01473
3767	3767	-15.0499
3768	3768	1.10295
3769	3769	-17.617
3770	3770	-9.00189
3771	3771	-47.4289
3772	3772	20.9331
3773	3773	36.697
3774	3774	-37.2535
3775	3775	1.42752
3776	3776	-22.5316
3777	3777	38.9161
3778	3778	15.4853
3779	3779	-39.1017
3780	3780	4.65062
3781	3781	15.6679
3782	3782	-4.16025
3783	3783	34.6789
3784	3784	11.1467
3785	3785	-30.8533
3786	3786	-40.2799
3787	3787	7.40501
3788	3788	-14.3599
3789	3789	2.26191
3790	3790	53.7216
3791	3791	-18.2948
3792	3792	6.19
3793	3793	-9.4876
3794	3794	-6.60225
3795	3795	19.5805
3796	3796	-37.3253
3797	3797	8.54626
3798	3798	30.1949
3799	3799	23.3342
3800	3800	15.0894
3801	3801	-3.99818
3802	3802	17.659
3803	3803	-24.1856
3804	3804	-17.4433
3805	3805	-19.1814
3806	3806	-24.4563
3807	3807	32.1697
3808	3808	-24.3202
3809	3809	-2.12207
3810	3810	9.80989
3811	3811	1.1847
3812	3812	6.06267
3813	3813	-16.2132
3814	3814	15.6209
3815	3815	8.42537
3816	3816	-33.8682
3817	3817	-35.4342
3818	3818	-31.6239
3819	3819	-2.4417
3820	3820	37.0305
3821	3821	-18.72
3822	3822	-29.2568
3823	3823	13.8312
3824	3824	14.5276
3825	3825	-13.8096
3826	3826	2.83324
3827	3827	15.9236
3828	3828	40.0984
3829	3829	-50.6954
3830	3830	-24.845
3831	3831	-11.1941
3832	3832	11.4823
3833	3833	10.9375
3834	3834	-16.5466
3835	3835	38.0155
3836	3836	1.33381
3837	3837	-5.99934
3838	3838	33.346
3839	3839	4.50046
3840	3840	3.83759
3841	3841	17.8022
3842	3842	-40.6689
3843	3843	12.5084
3844	3844	4.97572
3845	3845	-18.0615
3846	3846	-28.361
3847	3847	-17.1916
3848	3848	0.906474
3849	3849	11.15
3850	3850	5.90579
3851	3851	-24.9311
3852	3852	-10.6443
3853	3853	-1.27809
3854	3854	50.6666
3855	3855	-12.8265
3856	3856	-48.3561
3857	3857	6.14934
3858	3858	-8.76286
3859	3859	-15.0011
3860	3860	22.667
3861	3861	-15.0786
3862	3862	-26.9326
3863	3863	6.86337
3864	3864	-17.9413
3865	3865	-12.9279
3866	3866	-59.3506
3867	3867	-15.8869
3868	3868	-24.4977
3869	3869	11.0677
3870	3870	45.8514
3871	3871	-10.6154
3872	3872	3.52925
3873	3873	37.7801
3874	3874	6.08997
3875	3875	41.7109
3876	3876	-19.3747
3877	3877	19.802
3878	3878	29.507
3879	3879	-0.457833
3880	3880	25.9939
3881	3881	-30.179
3882	3882	-13.4058
3883	3883	17.0026
3884	3884	-12.3341
3885	3885	-11.5034
3886	3886	-25.4196
3887	3887	-15.3001
3888	3888	-26.6621
3889	3889	-7.4073
3890	3890	-3.67418
3891	3891	0.562238
3892	3892	23.857
3893	3893	-8.37501
3894	3894	-24.1546
3895	3895	-27.7844
3896	3896	-40.9887
3897	3897	-12.5971
3898	3898	-6.1137
3899	3899	0.183289
3900	3900	26.168
3901	3901	-24.79
3902	3902	-4.15106
3903	3903	9.70229
3904	3904	41.16
3905	3905	-20.267
3906	3906	-12.2492
3907	3907	-24.7452
3908	3908	-5.14643
3909	3909	-28.1229
3910	3910	-19.837
3911	3911	58.602
3912	3912	-21.0131
3913	3913	-9.04647
3914	3914	-12.7332
3915	3915	10.5853
3916	3916	1.55331
3917	3917	-7.69864
3918	3918	-15.8215
3919	3919	-34.1114
3920	3920	10.217
3921	3921	-1.60084
3922	3922	2.65531
3923	3923	-26.2169
3924	3924	10.6594
3925	3925	4.56443
3926	3926	11.9532
3927	3927	35.6362
3928	3928	8.42992
3929	3929	20.4516
3930	3930	5.66574
3931	3931	17.0776
3932	3932	-7.66906
3933	3933	11.42
3934	3934	-4.2087
3935	3935	-9.94235
3936	3936	-30.7479
3937	3937	-30.6687
3938	3938	-29.8295
3939	3939	16.8793
3940	3940	55.6637
3941	3941	32.4457
3942	3942	20.2387
3943	3943	-2.95384
3944	3944	-36.854
3945	3945	7.0969
3946	3946	-34.3883
3947	3947	16.3202
3948	3948	40.135
3949	3949	-16.7159
3950	3950	11.4562
3951	3951	26.7156
3952	3952	26.4582
3953	3953	9.01791
3954	3954	-6.43329
3955	3955	-6.34105
3956	3956	-9.97415
3957	3957	10.1284
3958	3958	-7.82614
3959	3959	12.0787
3960	3960	6.23174
3961	3961	-7.99956
3962	3962	5.23174
3963	3963	-17.6504
3964	3964	18.1169
3965	3965	48.3344
3966	3966	-18.0095
3967	3967	-16.7771
3968	3968	-23.6104
3969	3969	-14.9888
3970	3970	-39.1438
3971	3971	-7.00343
3972	3972	17.721
3973	3973	31.242
3974	3974	-8.15215
3975	3975	-1.67623
3976	3976	-13.317
3977	3977	22.3833
3978	3978	-20.6918
3979	3979	18.2675
3980	3980	44.4587
3981	3981	-27.2897
3982	3982	-6.92903
3983	3983	4.62651
3984	3984	14.0915
3985	3985	4.08419
3986	3986	-54.3079
3987	3987	20.3615
3988	3988	9.06407
3989	3989	-10.6251
3990	3990	13.7495
3991	3991	-10.0401
3992	3992	49.3898
3993	3993	20.599
3994	3994	27.1725
3995	3995	-8.06847
3996	3996	-3.65161
3997	3997	10.3742
3998	3998	28.4982
3999	3999	-0.106559
4000	4000	35.6423
4001	4001	-21.1226
4002	4002	-19.0331
4003	4003	33.0734
4004	4004	-3.81918
4005	4005	-33.7546
4006	4006	55.8011
4007	4007	-20.9209
4008	4008	-0.358191
4009	4009	-0.709039
4010	4010	-16.9264
4011	4011	-14.8659
4012	4012	2.59978
4013	4013	29.0084
4014	4014	-8.28371
4015	4015	-19.3605
4016	4016	-11.4294
4017	4017	10.2416
4018	4018	-20.6276
4019	4019	-18.6025
4020	4020	15.0606
4021	4021	-14.8328
4022	4022	22.0815
4023	4023	-12.0167
4024	4024	-2.64557
4025	4025	-7.12637
4026	4026	24.3038
4027	4027	-23.0909
4028	4028	10.7042
4029	4029	4.55465
4030	4030	-15.8273
4031	4031	4.68825
4032	4032	3.57039
4033	4033	0.770647
4034	4034	-6.87596
4035	4035	-16.5165
4036	4036	19.6611
4037	4037	-0.665269
4038	4038	48.1127
4039	4039	31.5342
4040	4040	-2.98322
4041	4041	39.6894
4042	4042	27.6301
4043	4043	-12.2919
4044	4044	-26.6671
4045	4045	33.3181
4046	4046	-1.33434
4047	4047	-22.7154
4048	4048	11.0186
4049	4049	-37.5473
4050	4050	-23.181
4051	4051	-29.7813
4052	4052	-13.0584
4053	4053	12.5316
4054	4054	28.2231
4055	4055	-26.4821
4056	4056	14.4834
4057	4057	-40.9622
4058	4058	-31.8429
4059	4059	41.484
4060	4060	12.0231
4061	4061	-2.55669
4062	4062	-3.03844
4063	4063	29.126
4064	4064	3.39387
4065	4065	11.5827
4066	4066	-5.76041
4067	4067	-13.6423
4068	4068	34.1959
4069	4069	-25.4378
4070	4070	19.8617
4071	4071	-36.9914
4072	4072	2.11153
4073	4073	21.7787
4074	4074	-20.3858
4075	4075	-16.5388
4076	4076	1.92604
4077	4077	-30.0744
4078	4078	37.2108
4079	4079	-39.5017
4080	4080	-1.17831
4081	4081	29.0592
4082	4082	7.14521
4083	4083	11.3835
4084	4084	-2.56278
4085	4085	23.1338
4086	4086	-13.1067
4087	4087	46.2963
4088	4088	5.64524
4089	4089	-46.0273
4090	4090	41.422
4091	4091	22.7975
4092	4092	18.8484
4093	4093	-39.3409
4094	4094	-14.8372
4095	4095	4.55514
4096	4096	22.0102
4097	4097	1.99178
4098	4098	-13.0273
4099	4099	-40.5768
4100	4100	-24.4678
4101	4101	2.99928
4102	4102	40.3731
4103	4103	-9.04897
4104	4104	4.65769
4105	4105	12.4271
4106	4106	2.08651
4107	4107	9.92653
4108	4108	6.45195
4109	4109	-9.03688
4110	4110	-19.0096
4111	4111	27.4124
4112	4112	-7.90708
4113	4113	11.9419
4114	4114	-32.3387
4115	4115	32.1849
4116	4116	-13.2563
4117	4117	6.32818
4118	4118	41.1749
4119	4119	-17.9647
4120	4120	14.2036
4121	4121	48.7277
4122	4122	12.5695
4123	4123	-10.2977
4124	4124	7.31634
4125	4125	-5.90564
4126	4126	18.7976
4127	4127	-9.82316
4128	4128	29.8509
4129	4129	-4.06144
4130	4130	23.7833
4131	4131	-5.60999
4132	4132	-15.5324
4133	4133	-18.4069
4134	4134	18.4569
4135	4135	-11.0308
4136	4136	10.4339
4137	4137	-7.49416
4138	4138	-22.2339
4139	4139	20.6217
4140	4140	-22.329
4141	4141	15.8307
4142	4142	-19.0533
4143	4143	-5.99796
4144	4144	-53.6013
4145	4145	1.15998
4146	4146	-7.16247
4147	4147	-5.58038
4148	4148	11.8396
4149	4149	15.2308
4150	4150	-19.4804
4151	4151	8.40466
4152	4152	21.6703
4153	4153	-17.1826
4154	4154	-14.5683
4155	4155	32.6672
4156	4156	5.63921
4157	4157	-33.7723
4158	4158	58.3046
4159	4159	-35.836
4160	4160	-22.1779
4161	4161	-29.6045
4162	4162	0.456639
4163	4163	-68.2312
4164	4164	-31.0286
4165	4165	12.0386
4166	4166	-11.6482
4167	4167	4.61526
4168	4168	-28.9028
4169	4169	-0.359524
4170	4170	-12.403
4171	4171	-1.41265
4172	4172	-58.0851
4173	4173	15.459
4174	4174	33.8594
4175	4175	24.6413
4176	4176	2.01416
4177	4177	28.3634
4178	4178	3.9107
4179	4179	-31.3905
4180	4180	-23.7126
4181	4181	15.2478
4182	4182	10.7317
4183	4183	-27.1053
4184	4184	16.4995
4185	4185	32.0132
4186	4186	3.32922
4187	4187	-12.3328
4188	4188	-21.4206
4189	4189	32.249
4190	4190	-7.1592
4191	4191	4.01068
4192	4192	-22.9207
4193	4193	-1.51439
4194	4194	-22.5227
4195	4195	-16.3993
4196	4196	-10.7843
4197	4197	6.62898
4198	4198	11.6917
4199	4199	16.9938
4200	4200	-19.2356
4201	4201	52.884
4202	4202	71.511
4203	4203	-23.305
4204	4204	36.7311
4205	4205	0.940736
4206	4206	2.40681
4207	4207	11.9786
4208	4208	18.3519
4209	4209	-4.66165
4210	4210	4.47152
4211	4211	-25.0579
4212	4212	-39.9418
4213	4213	-17.2824
4214	4214	-5.30924
4215	4215	-46.8415
4216	4216	1.64023
4217	4217	-15.4095
4218	4218	-29.9327
4219	4219	23.6174
4220	4220	9.88397
4221	4221	43.6037
4222	4222	-23.1144
4223	4223	-2.37411
4224	4224	-6.73163
4225	4225	-42.1742
4226	4226	24.7382
4227	4227	28.5608
4228	4228	-6.39113
4229	4229	-6.9822
4230	4230	-24.2918
4231	4231	-32.0612
4232	4232	-42.4388
4233	4233	4.91954
4234	4234	9.31073
4235	4235	18.9857
4236	4236	-17.7489
4237	4237	4.69109
4238	4238	-7.0916
4239	4239	19.6957
4240	4240	9.37495
4241	4241	-27.535
4242	4242	-5.68825
4243	4243	2.06144
4244	4244	-11.5739
4245	4245	7.42301
4246	4246	1.05426
4247	4247	-21.4189
4248	4248	-9.08036
4249	4249	-2.19836
4250	4250	-34.8543
4251	4251	-3.87802
4252	4252	-13.069
4253	4253	-23.9812
4254	4254	47.4825
4255	4255	-14.1499
4256	4256	19.9089
4257	4257	16.838
4258	4258	32.7339
4259	4259	-36.2072
4260	4260	24.3026
4261	4261	15.0005
4262	4262	-11.1082
4263	4263	-2.65332
4264	4264	-18.376
4265	4265	-3.57412
4266	4266	-11.5606
4267	4267	-21.9553
4268	4268	-11.3372
4269	4269	14.0986
4270	4270	-4.93548
4271	4271	-16.9086
4272	4272	-7.9654
4273	4273	9.64916
4274	4274	-34.9606
4275	4275	-43.0322
4276	4276	-22.0145
4277	4277	14.4108
4278	4278	-21.4804
4279	4279	-1.30553
4280	4280	-30.4948
4281	4281	-16.7884
4282	4282	18.5076
4283	4283	-7.85939
4284	4284	-40.5143
4285	4285	5.83411
4286	4286	-5.33559
4287	4287	21.1277
4288	4288	34.3698
4289	4289	62.539
4290	4290	-18.0442
4291	4291	7.60185
4292	4292	16.8262
4293	4293	35.6547
4294	4294	-6.06763
4295	4295	-29.3836
4296	4296	-10.1517
4297	4297	34.9544
4298	4298	-31.2498
4299	4299	21.0915
4300	4300	-17.7839
4301	4301	-15.8077
4302	4302	18.4244
4303	4303	-1.50015
4304	4304	19.8694
4305	4305	-4.62895
4306	4306	36.6018
4307	4307	-43.0476
4308	4308	-4.002
4309	4309	-9.96918
4310	4310	6.742
4311	4311	-22.8683
4312	4312	4.04023
4313	4313	18.0075
4314	4314	9.29655
4315	4315	-43.3743
4316	4316	32.5052
4317	4317	-22.0372
4318	4318	8.75999
4319	4319	-17.1201
4320	4320	25.4062
4321	4321	-20.4664
4322	4322	5.35317
4323	4323	0.811024
4324	4324	-0.0615388
4325	4325	2.2152
4326	4326	-18.1545
4327	4327	43.7786
4328	4328	-36.4472
4329	4329	-12.5699
4330	4330	22.3911
4331	4331	-14.6913
4332	4332	-15.4813
4333	4333	4.66493
4334	4334	-14.5083
4335	4335	16.9565
4336	4336	38.3843
4337	4337	-34.3567
4338	4338	-12.5521
4339	4339	23.1883
4340	4340	4.3662
4341	4341	-29.0439
4342	4342	-1.08761
4343	4343	3.68353
4344	4344	-13.3333
4345	4345	-19.2726
4346	4346	-36.3127
4347	4347	30.2099
4348	4348	-10.392
4349	4349	10.7996
4350	4350	-6.07048
4351	4351	-26.1734
4352	4352	9.24517
4353	4353	-21.6669
4354	4354	40.51
4355	4355	4.39364
4356	4356	33.938
4357	4357	29.4541
4358	4358	44.6333
4359	4359	39.7088
4360	4360	4.04863
4361	4361	18.7718
4362	4362	-12.2382
4363	4363	-27.0293
4364	4364	16.09
4365	4365	14.3787
4366	4366	35.7527
4367	4367	33.0293
4368	4368	3.53304
4369	4369	-3.26341
4370	4370	45.7008
4371	4371	-32.8407
4372	4372	26.7422
4373	4373	1.55882
4374	4374	-0.601908
4375	4375	-4.69115
4376	4376	1.81911
4377	4377	-0.986264
4378	4378	-18.7306
4379	4379	-1.48242
4380	4380	-23.2699
4381	4381	-38.0917
4382	4382	66.9135
4383	4383	2.18242
4384	4384	-35.4308
4385	4385	10.3943
4386	4386	3.20725
4387	4387	16.5225
4388	4388	27.4246
4389	4389	-2.874
4390	4390	-2.30043
4391	4391	-48.1745
4392	4392	35.3691
4393	4393	-4.05684
4394	4394	-2.88436
4395	4395	15.6879
4396	4396	-17.7595
4397	4397	-22.0335
4398	4398	38.4513
4399	4399	-26.9693
4400	4400	40.7286
4401	4401	2.19352
4402	4402	-6.04347
4403	4403	-9.77595
4404	4404	-10.1389
4405	4405	-28.0632
4406	4406	-25.7178
4407	4407	-27.359
4408	4408	-11.7887
4409	4409	14.8391
4410	4410	-39.5378
4411	4411	10.6911
4412	4412	11.234
4413	4413	14.5646
4414	4414	26.595
4415	4415	12.4539
4416	4416	-22.3143
4417	4417	-7.42696
4418	4418	-21.3107
4419	4419	27.7174
4420	4420	7.02849
4421	4421	1.37536
4422	4422	-0.235339
4423	4423	-14.3091
4424	4424	14.385
4425	4425	7.9554
4426	4426	17.9239
4427	4427	-18.7814
4428	4428	-31.9641
4429	4429	-17.5766
4430	4430	-11.4816
4431	4431	-6.94983
4432	4432	5.2342
4433	4433	-30.5437
4434	4434	-1.93535
4435	4435	-30.2598
4436	4436	-12.9795
4437	4437	-30.2239
4438	4438	-21.1484
4439	4439	7.26609
4440	4440	9.81391
4441	4441	22.4762
4442	4442	-19.4608
4443	4443	-17.3648
4444	4444	14.2379
4445	4445	-1.3723
4446	4446	20.4056
4447	4447	0.104894
4448	4448	-13.6969
4449	4449	-19.0425
4450	4450	32.5567
4451	4451	5.08215
4452	4452	14.9695
4453	4453	16.8205
4454	4454	26.3196
4455	4455	-18.0399
4456	4456	-14.3246
4457	4457	38.1595
4458	4458	68.0552
4459	4459	-18.6388
4460	4460	-41.7208
4461	4461	3.93335
4462	4462	49.0843
4463	4463	8.0616
4464	4464	12.6554
4465	4465	22.2814
4466	4466	15.7121
4467	4467	-43.4806
4468	4468	6.94024
4469	4469	-23.9038
4470	4470	18.7877
4471	4471	-9.68501
4472	4472	1.31889
4473	4473	-8.10182
4474	4474	28.9303
4475	4475	25.4749
4476	4476	-14.8159
4477	4477	-29.259
4478	4478	-19.9512
4479	4479	-4.09859
4480	4480	-17.645
4481	4481	-58.1071
4482	4482	12.2179
4483	4483	3.00946
4484	4484	-6.23035
4485	4485	-22.0313
4486	4486	-19.4937
4487	4487	-20.0391
4488	4488	7.53868
4489	4489	1.9113
4490	4490	46.3764
4491	4491	31.7969
4492	4492	-3.16667
4493	4493	-11.1248
4494	4494	37.9166
4495	4495	10.1732
4496	4496	30.6665
4497	4497	16.3218
4498	4498	-21.3908
4499	4499	-1.99005
4500	4500	4.0869
4501	4501	-23.2753
4502	4502	-20.8366
4503	4503	1.54642
4504	4504	4.05892
4505	4505	-21.1486
4506	4506	21.5704
4507	4507	22.9505
4508	4508	9.48282
4509	4509	44.8097
4510	4510	0.374035
4511	4511	-45.717
4512	4512	-10.3031
4513	4513	23.5348
4514	4514	9.15558
4515	4515	10.7172
4516	4516	22.9931
4517	4517	25.3626
4518	4518	-20.3288
4519	4519	17.6565
4520	4520	-12.5388
4521	4521	8.15343
4522	4522	-12.1497
4523	4523	12.5613
4524	4524	-59.8035
4525	4525	-6.1663
4526	4526	-5.10746
4527	4527	20.8404
4528	4528	-53.075
4529	4529	-33.6924
4530	4530	21.1114
4531	4531	-28.483
4532	4532	-22.584
4533	4533	-4.94203
4534	4534	-6.05137
4535	4535	12.3718
4536	4536	-33.9694
4537	4537	25.7338
4538	4538	19.7663
4539	4539	-15.8841
4540	4540	21.6433
4541	4541	29.1321
4542	4542	-4.85705
4543	4543	19.2499
4544	4544	-0.465638
4545	4545	12.9082
4546	4546	15.7826
4547	4547	14.722
4548	4548	35.6268
4549	4549	-36.65
4550	4550	7.93953
4551	4551	-14.9764
4552	4552	8.65544
4553	4553	22.1557
4554	4554	26.3249
4555	4555	-27.1782
4556	4556	15.617
4557	4557	-8.43809
4558	4558	13.8045
4559	4559	-37.6158
4560	4560	-15.2522
4561	4561	31.8706
4562	4562	-0.103765
4563	4563	-30.8331
4564	4564	-43.3224
4565	4565	-28.9931
4566	4566	-19.5656
4567	4567	-22.3922
4568	4568	-4.88551
4569	4569	-7.7145
4570	4570	-4.072
4571	4571	25.1474
4572	4572	-6.64198
4573	4573	62.3861
4574	4574	-13.6133
4575	4575	19.1657
4576	4576	-18.0872
4577	4577	25.603
4578	4578	-20.0575
4579	4579	-31.2232
4580	4580	-15.6681
4581	4581	1.92572
4582	4582	23.1454
4583	4583	1.56262
4584	4584	-15.6947
4585	4585	3.98068
4586	4586	-22.9974
4587	4587	18.5004
4588	4588	-26.6338
4589	4589	-21.2398
4590	4590	-25.3332
4591	4591	27.7796
4592	4592	11.2349
4593	4593	-14.1116
4594	4594	-16.6937
4595	4595	-6.72476
4596	4596	-19.7051
4597	4597	23.4641
4598	4598	-31.7618
4599	4599	-29.7125
4600	4600	9.47637
4601	4601	-18.1266
4602	4602	-23.2386
4603	4603	53.5406
4604	4604	-38.5243
4605	4605	-7.32949
4606	4606	-23.6073
4607	4607	17.353
4608	4608	21.5256
4609	4609	13.631
4610	4610	7.98145
4611	4611	10.7211
4612	4612	44.7629
4613	4613	-28.4944
4614	4614	-21.5528
4615	4615	-7.79821
4616	4616	12.5315
4617	4617	-1.29694
4618	4618	-5.11418
4619	4619	-6.31882
4620	4620	-18.1956
4621	4621	-31.4222
4622	4622	7.86795
4623	4623	-17.9651
4624	4624	22.7136
4625	4625	-10.4744
4626	4626	0.92211
4627	4627	0.203851
4628	4628	-8.031
4629	4629	18.5515
4630	4630	34.02
4631	4631	13.2854
4632	4632	14.5547
4633	4633	-27.8648
4634	4634	19.0732
4635	4635	-28.2734
4636	4636	64.9693
4637	4637	26.5881
4638	4638	13.3828
4639	4639	7.20765
4640	4640	-28.3745
4641	4641	-14.2252
4642	4642	-19.1594
4643	4643	-5.75815
4644	4644	-22.8026
4645	4645	7.94841
4646	4646	-3.48163
4647	4647	6.6832
4648	4648	4.52442
4649	4649	-21.2507
4650	4650	-4.56556
4651	4651	8.52084
4652	4652	13.4167
4653	4653	-8.88399
4654	4654	12.3991
4655	4655	-6.08379
4656	4656	24.0978
4657	4657	-39.566
4658	4658	-26.5801
4659	4659	-20.0043
4660	4660	-33.6144
4661	4661	-27.466
4662	4662	2.95682
4663	4663	-22.8349
4664	4664	-6.33375
4665	4665	-20.1535
4666	4666	19.7501
4667	4667	30.2078
4668	4668	-7.49811
4669	4669	27.9593
4670	4670	3.13848
4671	4671	20.493
4672	4672	-9.69701
4673	4673	16.6282
4674	4674	6.8049
4675	4675	15.9793
4676	4676	-2.64603
4677	4677	-5.67132
4678	4678	-9.47981
4679	4679	10.5889
4680	4680	-11.0527
4681	4681	8.47884
4682	4682	27.6148
4683	4683	-13.225
4684	4684	-55.5973
4685	4685	-31.4632
4686	4686	-0.817494
4687	4687	-40.0282
4688	4688	-3.62519
4689	4689	4.91485
4690	4690	-25.1947
4691	4691	59.165
4692	4692	30.2255
4693	4693	14.206
4694	4694	-17.0057
4695	4695	41.8809
4696	4696	-8.20942
4697	4697	-24.9103
4698	4698	7.52337
4699	4699	11.7423
4700	4700	1.21448
4701	4701	12.0739
4702	4702	32.3869
4703	4703	16.3424
4704	4704	-32.1227
4705	4705	-15.0275
4706	4706	-2.38049
4707	4707	-6.2022
4708	4708	19.8462
4709	4709	-9.12401
4710	4710	-6.55691
4711	4711	-14.5314
4712	4712	-1.49233
4713	4713	23.3819
4714	4714	-12.0805
4715	4715	45.3754
4716	4716	1.64407
4717	4717	-8.92255
4718	4718	-5.91282
4719	4719	-1.91178
4720	4720	1.77421
4721	4721	-6.84086
4722	4722	-12.7426
4723	4723	-68.5802
4724	4724	-8.97525
4725	4725	31.6704
4726	4726	20.5089
4727	4727	-8.21209
4728	4728	-14.5772
4729	4729	-12.6492
4730	4730	-9.64671
4731	4731	59.3375
4732	4732	5.15666
4733	4733	-9.42798
4734	4734	17.4703
4735	4735	5.92759
4736	4736	15.4943
4737	4737	5.0356
4738	4738	1.80768
4739	4739	37.2977
4740	4740	7.20915
4741	4741	20.3972
4742	4742	-62.3738
4743	4743	-5.91498
4744	4744	-7.06415
4745	4745	10.3672
4746	4746	-36.2856
4747	4747	-20.6214
4748	4748	8.55572
4749	4749	-9.91053
4750	4750	-22.505
4751	4751	30.5324
4752	4752	15.7156
4753	4753	-27.3171
4754	4754	-7.99614
4755	4755	-31.4964
4756	4756	25.2027
4757	4757	-64.7702
4758	4758	-14.2163
4759	4759	12.8219
4760	4760	-5.78196
4761	4761	-27.2794
4762	4762	-4.68703
4763	4763	-12.4104
4764	4764	-24.5337
4765	4765	5.78464
4766	4766	13.7722
4767	4767	-8.60876
4768	4768	17.8892
4769	4769	22.1787
4770	4770	23.3579
4771	4771	-19.5887
4772	4772	-13.4483
4773	4773	13.3557
4774	4774	8.30322
4775	4775	8.83723
4776	4776	-3.43633
4777	4777	-10.7221
4778	4778	-20.1189
4779	4779	3.09312
4780	4780	4.30522
4781	4781	1.11777
4782	4782	35.1653
4783	4783	-9.28851
4784	4784	-26.6073
4785	4785	-26.0016
4786	4786	8.13463
4787	4787	17.1821
4788	4788	-41.5827
4789	4789	24.8053
4790	4790	-17.5377
4791	4791	23.3916
4792	4792	11.5948
4793	4793	-17.9665
4794	4794	-0.231772
4795	4795	-12.004
4796	4796	-0.42549
4797	4797	26.8728
4798	4798	-31.0958
4799	4799	35.0358
