sample_id	sample_id2	phensim
zero	zero	-7.3622
1	1	-2.41014
2	2	-8.63694
3	3	-3.88228
4	4	-8.34271
5	5	-3.90376
6	6	-2.82323
7	7	-17.4091
8	8	-6.43361
9	9	-7.37772
10	10	-6.32713
11	11	40.5651
12	12	8.26313
13	13	7.53612
14	14	-17.6103
15	15	2.61978
16	16	-6.26636
17	17	6.22264
18	18	-5.03193
19	19	-43.9178
20	20	0.432043
21	21	2.19283
22	22	-10.0678
23	23	-6.2677
24	24	-7.36577
25	25	-10.7919
26	26	10.4236
27	27	-17.4058
28	28	-8.93498
29	29	14.5858
30	30	-21.2209
31	31	8.43228
32	32	32.4559
33	33	2.4186
34	34	-19.8484
35	35	-23.0464
36	36	26.8739
37	37	-11.6279
38	38	-19.1804
39	39	23.1541
40	40	13.5789
41	41	10.0244
42	42	36.7808
43	43	-18.8129
44	44	5.42895
45	45	-2.36794
46	46	-30.2815
47	47	-14.2206
48	48	-12.507
49	49	10.6242
50	50	27.5674
51	51	3.90403
52	52	-14.2475
53	53	-9.11776
54	54	-26.6131
55	55	27.3539
56	56	-7.21597
57	57	10.5377
58	58	-27.7645
59	59	-14.6176
60	60	-3.1784
61	61	-11.5579
62	62	-0.065991
63	63	19.7143
64	64	2.81837
65	65	5.12733
66	66	-6.47973
67	67	-30.0688
68	68	42.7365
69	69	-18.4017
70	70	-24.8896
71	71	-40.0625
72	72	9.89966
73	73	13.0061
74	74	-10.0634
75	75	15.3171
76	76	0.748257
77	77	-8.59149
78	78	7.14127
79	79	-29.6396
80	80	0.598091
81	81	-6.02993
82	82	-10.1973
83	83	0.345491
84	84	-27.6427
85	85	-16.354
86	86	-14.309
87	87	-2.30354
88	88	11.9838
89	89	-15.433
90	90	12.032
91	91	-7.09689
92	92	-4.93925
93	93	9.43395
94	94	-7.83788
95	95	11.34
96	96	-13.2104
97	97	12.4404
98	98	-18.3092
99	99	-24.7606
100	100	-1.45137
101	101	14.2164
102	102	42.0477
103	103	16.586
104	104	-16.3809
105	105	-1.92378
106	106	13.0658
107	107	-12.1122
108	108	-18.217
109	109	12.5616
110	110	3.54194
111	111	5.6287
112	112	4.40155
113	113	-17.5312
114	114	8.18518
115	115	-5.6696
116	116	7.57254
117	117	16.6054
118	118	34.0021
119	119	12.438
120	120	8.17198
121	121	-18.1942
122	122	-21.4816
123	123	-13.5503
124	124	-10.6582
125	125	-7.4153
126	126	-3.30682
127	127	-12.4104
128	128	13.0702
129	129	-20.2816
130	130	-1.91186
131	131	25.8448
132	132	18.593
133	133	6.73444
134	134	6.52114
135	135	-35.1222
136	136	2.18193
137	137	-6.5596
138	138	19.0309
139	139	-23.8387
140	140	-12.0218
141	141	-10.0344
142	142	-5.60078
143	143	28.9262
144	144	-22.9466
145	145	-16.3947
146	146	8.66965
147	147	-6.6407
148	148	23.3163
149	149	0.838125
150	150	-6.14069
151	151	20.2563
152	152	-22.806
153	153	-20.5231
154	154	5.54689
155	155	-5.0932
156	156	-7.4343
157	157	-32.2529
158	158	8.71732
159	159	32.1882
160	160	9.53068
161	161	-12.1105
162	162	-31.1323
163	163	-26.9811
164	164	-14.4319
165	165	6.02841
166	166	-14.4829
167	167	21.1868
168	168	20.2927
169	169	-2.87333
170	170	18.7931
171	171	-28.0754
172	172	2.28227
173	173	18.0859
174	174	10.0759
175	175	3.35898
176	176	0.36799
177	177	7.79381
178	178	21.8593
179	179	30.7133
180	180	-4.50401
181	181	-18.9468
182	182	28.399
183	183	6.99612
184	184	-5.87466
185	185	-23.3163
186	186	-9.12719
187	187	22.6407
188	188	10.95
189	189	6.70446
190	190	-13.446
191	191	2.20912
192	192	-3.67336
193	193	-8.89898
194	194	-0.167836
195	195	23.7085
196	196	-0.214853
197	197	42.0302
198	198	4.66898
199	199	-12.7806
200	200	15.3213
201	201	-2.92725
202	202	11.9851
203	203	-4.91483
204	204	-6.30927
205	205	0.0462994
206	206	-12.927
207	207	-8.09399
208	208	0.517107
209	209	-6.34246
210	210	-23.9645
211	211	61.0843
212	212	-10.5312
213	213	-14.5338
214	214	0.844736
215	215	10.2167
216	216	22.6583
217	217	-7.78649
218	218	-9.84447
219	219	7.61036
220	220	-3.11094
221	221	9.97672
222	222	8.8274
223	223	-36.9212
224	224	-0.410905
225	225	0.384844
226	226	0.626132
227	227	33.6723
228	228	6.53828
229	229	32.9898
230	230	-8.27213
231	231	-12.706
232	232	-13.1439
233	233	16.981
234	234	-11.5333
235	235	21.747
236	236	-9.50125
237	237	-5.22061
238	238	-4.07167
239	239	-0.412173
240	240	-1.07468
241	241	15.4255
242	242	27.5359
243	243	-4.73515
244	244	18.0679
245	245	-15.3733
246	246	8.563
247	247	-21.5
248	248	-27.5624
249	249	-12.2126
250	250	16.436
251	251	-7.86096
252	252	-18.7616
253	253	17.3972
254	254	13.9202
255	255	-27.5187
256	256	-11.3083
257	257	2.55112
258	258	14.2188
259	259	10.223
260	260	0.93839
261	261	26.3983
262	262	22.0745
263	263	-8.72512
264	264	28.9755
265	265	9.83291
266	266	-14.6591
267	267	-25.0714
268	268	-5.62454
269	269	12.9637
270	270	-6.07618
271	271	25.3755
272	272	-14.9112
273	273	9.60494
274	274	-2.0472
275	275	20.2588
276	276	4.85126
277	277	-12.8721
278	278	6.8277
279	279	-14.9706
280	280	1.66229
281	281	-0.0636946
282	282	25.4708
283	283	15.0093
284	284	11.3052
285	285	10.2069
286	286	7.13223
287	287	-25.4531
288	288	17.1129
289	289	-0.161838
290	290	-7.65117
291	291	-2.19142
292	292	3.23007
293	293	-9.07886
294	294	27.1503
295	295	27.9737
296	296	-8.65211
297	297	-12.4849
298	298	10.6374
299	299	16.3045
300	300	0.827813
301	301	-11.2286
302	302	13.1026
303	303	-5.97715
304	304	-20.8079
305	305	18.2019
306	306	-5.83435
307	307	35.5511
308	308	11.3224
309	309	1.68103
310	310	-14.703
311	311	9.76959
312	312	-5.30594
313	313	19.8765
314	314	-4.1649
315	315	-2.42327
316	316	0.185478
317	317	-4.59426
318	318	9.1314
319	319	-15.4963
320	320	-4.84416
321	321	3.18248
322	322	21.2496
323	323	12.0127
324	324	16.0268
325	325	3.5262
326	326	-2.31691
327	327	9.90931
328	328	-19.2517
329	329	-22.1494
330	330	-5.36906
331	331	-14.0853
332	332	-3.89208
333	333	15.7266
334	334	29.7901
335	335	15.1855
336	336	3.74863
337	337	-22.7152
338	338	-16.2085
339	339	-11.8316
340	340	-0.973219
341	341	-0.926651
342	342	-4.99296
343	343	8.73458
344	344	36.3934
345	345	7.23875
346	346	-8.56794
347	347	20.4347
348	348	-10.3846
349	349	-22.4687
350	350	16.4641
351	351	2.779
352	352	5.48854
353	353	-4.76963
354	354	-9.30608
355	355	21.2764
356	356	-5.52779
357	357	-5.24702
358	358	1.23045
359	359	14.7147
360	360	-22.6384
361	361	-11.4296
362	362	7.4204
363	363	6.96793
364	364	16.0281
365	365	12.7118
366	366	-13.3604
367	367	-9.46269
368	368	-9.77739
369	369	-12.0884
370	370	7.01897
371	371	13.2337
372	372	-8.75257
373	373	4.24159
374	374	8.542
375	375	22.2152
376	376	7.94764
377	377	9.73269
378	378	3.74635
379	379	-6.97426
380	380	8.428
381	381	6.46175
382	382	6.87686
383	383	-18.5405
384	384	19.6264
385	385	7.19312
386	386	20.1839
387	387	4.02428
388	388	13.7637
389	389	4.99156
390	390	7.77061
391	391	-5.79194
392	392	9.64858
393	393	26.7309
394	394	5.73669
395	395	-18.0915
396	396	8.57291
397	397	-16.9952
398	398	-9.97881
399	399	4.89823
400	400	10.4109
401	401	-9.55551
402	402	-2.80478
403	403	-9.71862
404	404	0.315685
405	405	-20.9578
406	406	22.364
407	407	-10.656
408	408	-15.7197
409	409	16.9313
410	410	5.47863
411	411	-9.19097
412	412	-12.5854
413	413	-16.0852
414	414	20.3495
415	415	21.0726
416	416	12.9351
417	417	0.0863062
418	418	-4.83225
419	419	13.3866
420	420	12.0538
421	421	3.78263
422	422	-13.2329
423	423	-35.2557
424	424	-8.30942
425	425	-19.1064
426	426	-37.2175
427	427	-15.2441
428	428	3.52785
429	429	-8.44716
430	430	7.99671
431	431	41.1448
432	432	-5.73143
433	433	35.3157
434	434	7.3681
435	435	-11.2017
436	436	1.79885
437	437	2.84274
438	438	1.56418
439	439	-12.9581
440	440	3.29279
441	441	-19.5661
442	442	-9.54292
443	443	-20.4376
444	444	-13.5475
445	445	-1.14024
446	446	16.1194
447	447	1.11849
448	448	18.7645
449	449	9.88164
450	450	-13.3833
451	451	11.636
452	452	10.9321
453	453	-11.7102
454	454	23.0148
455	455	-16.1718
456	456	-2.37653
457	457	8.0803
458	458	22.8343
459	459	9.2901
460	460	-24.7043
461	461	-0.774179
462	462	24.9454
463	463	9.61537
464	464	-2.85687
465	465	6.46112
466	466	-9.48297
467	467	1.15838
468	468	1.81054
469	469	-31.6797
470	470	0.699001
471	471	9.01996
472	472	-20.0054
473	473	-15.744
474	474	-0.400104
475	475	11.3803
476	476	2.34479
477	477	10.2728
478	478	8.87758
479	479	-0.0230948
480	480	-19.1289
481	481	-2.05872
482	482	-17.5288
483	483	25.1217
484	484	14.5052
485	485	-21.7788
486	486	14.4557
487	487	10.7673
488	488	5.03404
489	489	-17.6854
490	490	13.8244
491	491	9.58549
492	492	8.51287
493	493	-5.47328
494	494	-10.7683
495	495	18.0907
496	496	28.0605
497	497	-9.46938
498	498	-21.9672
499	499	26.1005
500	500	-17.4951
501	501	20.3509
502	502	-11.6364
503	503	-15.8292
504	504	-8.5227
505	505	-19.2305
506	506	-11.9378
507	507	-5.82681
508	508	-3.13654
509	509	-4.92009
510	510	7.20834
511	511	22.0086
512	512	2.15617
513	513	-10.4105
514	514	6.26945
515	515	7.92573
516	516	32.5522
517	517	10.5263
518	518	-4.99008
519	519	4.33046
520	520	-24.1504
521	521	0.863245
522	522	9.86534
523	523	30.1792
524	524	1.08006
525	525	-0.542997
526	526	11.3037
527	527	-1.58257
528	528	23.7429
529	529	-2.13307
530	530	-30.0057
531	531	28.9313
532	532	-27.9071
533	533	3.19193
534	534	-23.6104
535	535	-16.9117
536	536	38.7336
537	537	-12.7023
538	538	21.2642
539	539	9.05989
540	540	7.7272
541	541	-2.27255
542	542	20.5067
543	543	7.04219
544	544	8.27669
545	545	-5.79999
546	546	2.38082
547	547	10.3264
548	548	-12.6764
549	549	13.6929
550	550	-27.4133
551	551	-21.3475
552	552	14.6915
553	553	-10.4377
554	554	23.3334
555	555	39.6862
556	556	21.0445
557	557	-17.8971
558	558	3.08404
559	559	-1.98069
560	560	-37.1206
561	561	-7.93415
562	562	16.5315
563	563	-15.5318
564	564	11.7514
565	565	20.8754
566	566	-11.7079
567	567	-1.54722
568	568	-9.9621
569	569	-0.998403
570	570	-11.6626
571	571	8.37794
572	572	6.27493
573	573	-15.1295
574	574	6.87227
575	575	-16.5067
576	576	0.955936
577	577	20.7266
578	578	-7.54546
579	579	4.53034
580	580	-0.305166
581	581	-7.18506
582	582	5.68812
583	583	5.72983
584	584	-21.6409
585	585	31.9617
586	586	-7.00687
587	587	10.8494
588	588	-11.3411
589	589	-26.7784
590	590	23.2341
591	591	8.34802
592	592	7.11937
593	593	16.5046
594	594	12.3707
595	595	-9.56851
596	596	5.6311
597	597	-26.1701
598	598	1.24133
599	599	36.2119
600	600	-1.51062
601	601	-6.20369
602	602	-16.1257
603	603	-8.50001
604	604	-31.6956
605	605	11.8812
606	606	-21.4713
607	607	-2.7683
608	608	-18.3115
609	609	-1.50913
610	610	-31.1091
611	611	13.1739
612	612	-14.2681
613	613	21.4501
614	614	-12.1267
615	615	21.6583
616	616	-2.17512
617	617	-15.0942
618	618	15.781
619	619	11.3229
620	620	19.3438
621	621	8.04186
622	622	17.517
623	623	20.989
624	624	9.55196
625	625	-9.138
626	626	-10.6375
627	627	25.4398
628	628	17.6182
629	629	3.93679
630	630	23.5868
631	631	21.4826
632	632	-18.0079
633	633	-24.4286
634	634	-2.95531
635	635	-17.4333
636	636	34.0774
637	637	-10.6614
638	638	-23.7984
639	639	-17.0764
640	640	16.6352
641	641	29.5755
642	642	-2.73332
643	643	-30.0192
644	644	-21.3032
645	645	22.1007
646	646	7.00242
647	647	-1.19522
648	648	-6.5755
649	649	26.5908
650	650	9.9983
651	651	-29.0048
652	652	24.9479
653	653	-22.8381
654	654	-11.0781
655	655	-16.0249
656	656	19.2446
657	657	-4.28163
658	658	-12.8329
659	659	-7.9722
660	660	-28.733
661	661	-1.83079
662	662	5.9901
663	663	12.6058
664	664	-5.3513
665	665	-16.8749
666	666	5.80821
667	667	8.59575
668	668	4.41884
669	669	-15.8859
670	670	-29.5001
671	671	-18.0866
672	672	6.60074
673	673	-2.7842
674	674	-3.47256
675	675	14.0979
676	676	24.7433
677	677	6.82486
678	678	-8.98783
679	679	-20.866
680	680	28.2906
681	681	-12.4073
682	682	8.62414
683	683	-8.5442
684	684	-1.14748
685	685	-29.7666
686	686	-5.98106
687	687	7.37088
688	688	3.63496
689	689	4.79644
690	690	-6.20085
691	691	-23.2802
692	692	7.62277
693	693	-8.80361
694	694	37.7291
695	695	-5.15656
696	696	10.4707
697	697	-4.37318
698	698	9.23386
699	699	-22.3387
700	700	9.52118
701	701	-23.5112
702	702	4.76858
703	703	19.9812
704	704	-11.4806
705	705	-11.4043
706	706	2.49419
707	707	-40.4761
708	708	14.6286
709	709	9.12782
710	710	6.40108
711	711	3.16031
712	712	-1.33317
713	713	10.6296
714	714	-4.58918
715	715	-1.07474
716	716	-1.71419
717	717	15.355
718	718	1.59217
719	719	-14.823
720	720	-9.74036
721	721	-15.5377
722	722	13.7688
723	723	11.1727
724	724	-28.9277
725	725	-25.3769
726	726	14.6144
727	727	5.65226
728	728	8.41318
729	729	-39.0592
730	730	2.83391
731	731	-15.0175
732	732	-9.21934
733	733	14.0651
734	734	12.7646
735	735	-7.62738
736	736	9.57802
737	737	-12.3722
738	738	-6.50243
739	739	-6.15153
740	740	3.81346
741	741	-3.44682
742	742	18.631
743	743	-8.15135
744	744	1.33381
745	745	3.44508
746	746	11.9378
747	747	-11.0541
748	748	-9.68754
749	749	4.34451
750	750	-3.18826
751	751	-18.9911
752	752	-30.5313
753	753	-10.2336
754	754	-1.58366
755	755	-1.54661
756	756	17.0618
757	757	-7.73356
758	758	0.431462
759	759	-17.9368
760	760	20.3082
761	761	-13.9429
762	762	9.51421
763	763	9.4766
764	764	6.44934
765	765	-4.51029
766	766	7.51058
767	767	11.5564
768	768	-6.89222
769	769	6.44959
770	770	0.222965
771	771	7.61739
772	772	-18.7715
773	773	3.9896
774	774	-0.481422
775	775	22.0831
776	776	-0.381989
777	777	-16.859
778	778	15.587
779	779	-19.1879
780	780	20.1119
781	781	-11.7449
782	782	-23.1344
783	783	22.9631
784	784	1.60671
785	785	12.6689
786	786	-21.2392
787	787	11.6606
788	788	-12.634
789	789	-13.8322
790	790	-10.0085
791	791	-0.794296
792	792	2.17044
793	793	-27.4699
794	794	1.77134
795	795	-8.40703
796	796	-17.0133
797	797	4.18292
798	798	11.4607
799	799	-5.64772
800	800	6.05289
801	801	23.9275
802	802	-14.4459
803	803	-10.3339
804	804	-18.1763
805	805	-3.07928
806	806	-7.38285
807	807	-7.67297
808	808	13.3055
809	809	-30.9467
810	810	42.1168
811	811	12.5327
812	812	5.48732
813	813	14.9659
814	814	36.8958
815	815	-22.3981
816	816	7.62143
817	817	9.61908
818	818	-15.8916
819	819	15.111
820	820	-13.3538
821	821	-12.7207
822	822	-1.54076
823	823	-10.0831
824	824	-23.6367
825	825	0.760451
826	826	-18.7149
827	827	-0.28146
828	828	7.55975
829	829	4.25534
830	830	-17.3808
831	831	40.5961
832	832	1.44461
833	833	-1.71852
834	834	-11.1846
835	835	-1.13444
836	836	8.69514
837	837	29.0228
838	838	9.99747
839	839	-7.71136
840	840	29.9797
841	841	4.14041
842	842	-29.1349
843	843	5.06785
844	844	-9.4489
845	845	1.35452
846	846	-2.84801
847	847	-28.1804
848	848	12.6379
849	849	17.3385
850	850	-1.50607
851	851	-31.8692
852	852	4.05794
853	853	18.832
854	854	-1.55682
855	855	3.00809
856	856	9.10941
857	857	24.6169
858	858	42.5116
859	859	9.11153
860	860	-15.3408
861	861	0.480491
862	862	-11.8844
863	863	-10.2232
864	864	-8.86383
865	865	22.0394
866	866	-8.67359
867	867	-28.5036
868	868	26.0149
869	869	8.94695
870	870	-13.6673
871	871	6.86261
872	872	24.2077
873	873	-22.1006
874	874	-20.9696
875	875	-13.1599
876	876	3.28393
877	877	7.61128
878	878	16.6989
879	879	-0.354564
880	880	1.43965
881	881	15.0857
882	882	3.71283
883	883	9.7192
884	884	16.3687
885	885	25.4834
886	886	20.2205
887	887	3.98266
888	888	7.91649
889	889	-5.35827
890	890	-4.27971
891	891	-5.29549
892	892	29.5372
893	893	39.442
894	894	-1.53516
895	895	-12.789
896	896	40.5398
897	897	-6.8784
898	898	-7.86694
899	899	-7.39295
900	900	-19.4183
901	901	11.304
902	902	-10.2316
903	903	15.2259
904	904	15.8956
905	905	-18.293
906	906	-17.1134
907	907	-5.60642
908	908	16.5679
909	909	21.4557
910	910	-25.9157
911	911	20.7202
912	912	8.48595
913	913	12.8566
914	914	-12.5933
915	915	-12.1476
916	916	9.44975
917	917	16.2369
918	918	12.8555
919	919	12.6872
920	920	-27.2042
921	921	0.90942
922	922	7.91648
923	923	-11.4483
924	924	12.944
925	925	10.5414
926	926	-5.33186
927	927	20.7869
928	928	16.1731
929	929	10.5761
930	930	10.6946
931	931	33.0413
932	932	-21.0252
933	933	-5.90189
934	934	-15.7915
935	935	-26.3144
936	936	11.7883
937	937	-26.5375
938	938	2.71083
939	939	-15.1506
940	940	-21.5132
941	941	17.1344
942	942	19.2059
943	943	-28.319
944	944	8.17846
945	945	-6.90184
946	946	30.8195
947	947	2.46201
948	948	3.73557
949	949	2.36036
950	950	-0.892991
951	951	14.2803
952	952	-10.2687
953	953	3.46797
954	954	-13.224
955	955	-14.6943
956	956	-23.9245
957	957	-29.352
958	958	-20.6811
959	959	-17.4991
960	960	-17.5698
961	961	14.6264
962	962	-19.0192
963	963	-10.6264
964	964	-4.05468
965	965	11.039
966	966	16.8599
967	967	-2.29154
968	968	1.10709
969	969	8.21502
970	970	30.8999
971	971	23.7679
972	972	-3.53139
973	973	5.41975
974	974	-22.3917
975	975	-9.41499
976	976	20.4104
977	977	17.2542
978	978	-1.65703
979	979	7.77179
980	980	-1.31701
981	981	22.9166
982	982	7.74779
983	983	1.40285
984	984	-3.48851
985	985	-29.9239
986	986	3.64194
987	987	38.7102
988	988	7.50814
989	989	-8.83148
990	990	-21.1586
991	991	-18.9968
992	992	6.13814
993	993	13.8765
994	994	9.50479
995	995	28.1208
996	996	12.3221
997	997	6.11235
998	998	-18.869
999	999	-6.44931
1000	1000	-21.509
1001	1001	22.866
1002	1002	17.3754
1003	1003	-15.4632
1004	1004	3.42139
1005	1005	-35.7669
1006	1006	-8.87271
1007	1007	-12.2316
1008	1008	-16.8364
1009	1009	-0.562195
1010	1010	-6.50497
1011	1011	8.41298
1012	1012	19.5643
1013	1013	6.21684
1014	1014	12.7773
1015	1015	3.33905
1016	1016	15.3804
1017	1017	-12.009
1018	1018	16.0902
1019	1019	-10.7517
1020	1020	2.65236
1021	1021	4.70849
1022	1022	4.3669
1023	1023	-3.3678
1024	1024	-3.718
1025	1025	-0.383152
1026	1026	-5.21836
1027	1027	-18.3226
1028	1028	11.9514
1029	1029	-16.9891
1030	1030	17.229
1031	1031	-14.5356
1032	1032	-9.44982
1033	1033	-32.5999
1034	1034	2.87666
1035	1035	13.7577
1036	1036	9.11612
1037	1037	-18.4513
1038	1038	12.1394
1039	1039	27.3018
1040	1040	-12.1282
1041	1041	0.419875
1042	1042	-8.81849
1043	1043	12.0174
1044	1044	17.7982
1045	1045	1.08549
1046	1046	-29.6305
1047	1047	3.54081
1048	1048	-10.375
1049	1049	20.7426
1050	1050	-2.41526
1051	1051	-27.1979
1052	1052	3.52166
1053	1053	7.18534
1054	1054	-3.74202
1055	1055	-24.2752
1056	1056	-12.0913
1057	1057	-8.56935
1058	1058	-22.9119
1059	1059	-18.9339
1060	1060	42.1218
1061	1061	1.04765
1062	1062	-25.5895
1063	1063	-7.35296
1064	1064	2.99129
1065	1065	16.4146
1066	1066	13.7073
1067	1067	-26.6754
1068	1068	7.36813
1069	1069	3.43152
1070	1070	9.95152
1071	1071	5.43478
1072	1072	28.3917
1073	1073	-25.6847
1074	1074	19.1402
1075	1075	-9.61364
1076	1076	11.8614
1077	1077	-19.4926
1078	1078	25.6112
1079	1079	-15.8209
1080	1080	0.550862
1081	1081	0.219633
1082	1082	12.8965
1083	1083	18.9395
1084	1084	-5.98623
1085	1085	19.5223
1086	1086	-4.80766
1087	1087	34.5462
1088	1088	-4.23467
1089	1089	9.17664
1090	1090	-4.47161
1091	1091	-3.08917
1092	1092	0.385267
1093	1093	-8.22039
1094	1094	-1.73265
1095	1095	-16.2731
1096	1096	-15.1311
1097	1097	-10.2007
1098	1098	10.7329
1099	1099	33.5492
1100	1100	21.3946
1101	1101	1.42567
1102	1102	24.2061
1103	1103	-4.93317
1104	1104	8.74085
1105	1105	9.86488
1106	1106	-2.38321
1107	1107	23.8784
1108	1108	-10.8198
1109	1109	5.54286
1110	1110	9.22
1111	1111	9.44799
1112	1112	-0.115976
1113	1113	-22.225
1114	1114	0.221237
1115	1115	13.039
1116	1116	-3.62943
1117	1117	-0.119421
1118	1118	20.5276
1119	1119	-15.1725
1120	1120	0.476264
1121	1121	23.9495
1122	1122	21.954
1123	1123	29.5556
1124	1124	10.408
1125	1125	-15.7212
1126	1126	-17.8336
1127	1127	-7.11882
1128	1128	5.87497
1129	1129	-16.6728
1130	1130	27.1596
1131	1131	-22.8569
1132	1132	-0.533959
1133	1133	12.4247
1134	1134	-17.4361
1135	1135	-37.7916
1136	1136	1.99019
1137	1137	25.2054
1138	1138	9.0684
1139	1139	-22.5824
1140	1140	-20.7191
1141	1141	-19.8536
1142	1142	15.2186
1143	1143	1.78645
1144	1144	17.3525
1145	1145	-14.0908
1146	1146	13.6234
1147	1147	10.2945
1148	1148	15.749
1149	1149	-23.6559
1150	1150	17.3729
1151	1151	27.8573
1152	1152	-16.6994
1153	1153	3.88657
1154	1154	6.31168
1155	1155	-15.6611
1156	1156	29.6799
1157	1157	-4.89068
1158	1158	-35.2065
1159	1159	20.0937
1160	1160	15.8886
1161	1161	4.95929
1162	1162	3.89596
1163	1163	-15.0511
1164	1164	-11.169
1165	1165	9.95356
1166	1166	28.8537
1167	1167	-28.4544
1168	1168	3.77968
1169	1169	-11.3244
1170	1170	1.36868
1171	1171	-10.0153
1172	1172	-16.7534
1173	1173	-32.0643
1174	1174	11.6578
1175	1175	15.3338
1176	1176	-1.70468
1177	1177	-4.62052
1178	1178	-3.6959
1179	1179	-17.4754
1180	1180	3.386
1181	1181	2.36464
1182	1182	42.8473
1183	1183	-11.1904
1184	1184	-6.55994
1185	1185	10.3828
1186	1186	-11.7342
1187	1187	14.1286
1188	1188	13.663
1189	1189	20.0724
1190	1190	-17.6746
1191	1191	-4.68399
1192	1192	-27.816
1193	1193	-12.3532
1194	1194	21.3598
1195	1195	-22.4196
1196	1196	19.0925
1197	1197	-0.614661
1198	1198	-24.754
1199	1199	-3.12556
1200	1200	11.5791
1201	1201	-4.36187
1202	1202	-15.6481
1203	1203	20.1215
1204	1204	1.73178
1205	1205	0.542067
1206	1206	-15.2357
1207	1207	-14.4731
1208	1208	8.64476
1209	1209	18.8203
1210	1210	-6.91179
1211	1211	20.9412
1212	1212	28.1422
1213	1213	28.1714
1214	1214	-2.18603
1215	1215	25.5566
1216	1216	0.457012
1217	1217	-0.526572
1218	1218	7.18873
1219	1219	-20.6358
1220	1220	-15.4298
1221	1221	13.3252
1222	1222	-22.535
1223	1223	2.68107
1224	1224	17.8016
1225	1225	-2.39057
1226	1226	5.58552
1227	1227	10.5563
1228	1228	2.34174
1229	1229	12.212
1230	1230	8.93505
1231	1231	-10.8843
1232	1232	-29.5809
1233	1233	16.1596
1234	1234	-5.46417
1235	1235	12.7508
1236	1236	11.701
1237	1237	-14.2255
1238	1238	2.52656
1239	1239	-13.5861
1240	1240	-11.2851
1241	1241	-5.47303
1242	1242	16.9907
1243	1243	22.7242
1244	1244	-10.9506
1245	1245	20.7791
1246	1246	-2.91741
1247	1247	-6.88598
1248	1248	8.65498
1249	1249	17.8523
1250	1250	6.33058
1251	1251	20.6874
1252	1252	10.9821
1253	1253	-44.345
1254	1254	13.5724
1255	1255	8.12981
1256	1256	10.0793
1257	1257	-20.7907
1258	1258	-5.52792
1259	1259	-7.70668
1260	1260	-19.7139
1261	1261	-13.1799
1262	1262	6.3089
1263	1263	-4.91806
1264	1264	-13.7314
1265	1265	-4.59418
1266	1266	12.6891
1267	1267	-29.9033
1268	1268	-24.227
1269	1269	11.4608
1270	1270	-20.1263
1271	1271	20.8188
1272	1272	7.14657
1273	1273	10.0702
1274	1274	1.6931
1275	1275	4.13432
1276	1276	-15.1816
1277	1277	-23.3338
1278	1278	11.4145
1279	1279	6.15346
1280	1280	32.3284
1281	1281	7.11058
1282	1282	8.79833
1283	1283	-11.0772
1284	1284	7.59057
1285	1285	-5.53804
1286	1286	-9.37784
1287	1287	-2.0508
1288	1288	5.60432
1289	1289	-7.43925
1290	1290	19.4325
1291	1291	13.0633
1292	1292	-4.55798
1293	1293	11.939
1294	1294	6.80287
1295	1295	10.5171
1296	1296	1.80076
1297	1297	-14.7515
1298	1298	12.7399
1299	1299	-23.1197
1300	1300	-2.59273
1301	1301	4.32393
1302	1302	1.51489
1303	1303	7.0038
1304	1304	-16.3317
1305	1305	11.4113
1306	1306	-3.2523
1307	1307	-0.688671
1308	1308	-8.24398
1309	1309	7.9712
1310	1310	-20.0958
1311	1311	0.510546
1312	1312	24.8886
1313	1313	14.9733
1314	1314	-25.1656
1315	1315	16.6012
1316	1316	7.72758
1317	1317	-11.2836
1318	1318	-23.0667
1319	1319	-24.2459
1320	1320	1.90952
1321	1321	-4.64761
1322	1322	-1.78983
1323	1323	-8.20137
1324	1324	8.695
1325	1325	-3.32296
1326	1326	4.98181
1327	1327	13.9909
1328	1328	0.808077
1329	1329	-4.18737
1330	1330	-14.4889
1331	1331	-4.74894
1332	1332	4.99037
1333	1333	-11.0271
1334	1334	-10.0993
1335	1335	1.74169
1336	1336	-7.25498
1337	1337	-11.7498
1338	1338	-8.35526
1339	1339	-24.4421
1340	1340	-5.12099
1341	1341	11.781
1342	1342	6.75169
1343	1343	9.80551
1344	1344	-5.02015
1345	1345	15.5232
1346	1346	-19.9656
1347	1347	14.7435
1348	1348	-3.46723
1349	1349	-26.1817
1350	1350	-13.7351
1351	1351	-3.17078
1352	1352	-7.1317
1353	1353	-3.13237
1354	1354	16.2939
1355	1355	2.19032
1356	1356	-23.4175
1357	1357	11.4216
1358	1358	11.7193
1359	1359	-38.8937
1360	1360	-16.1447
1361	1361	-11.6007
1362	1362	14.2307
1363	1363	-18.9627
1364	1364	4.71672
1365	1365	2.33412
1366	1366	9.27489
1367	1367	-30.103
1368	1368	20.4021
1369	1369	5.92869
1370	1370	21.916
1371	1371	4.00418
1372	1372	18.6881
1373	1373	11.7676
1374	1374	9.22015
1375	1375	0.554554
1376	1376	24.8989
1377	1377	-16.9492
1378	1378	9.17154
1379	1379	12.4167
1380	1380	-9.69379
1381	1381	-13.7999
1382	1382	14.0769
1383	1383	16.7972
1384	1384	-4.70086
1385	1385	32.4934
1386	1386	18.8082
1387	1387	16.3191
1388	1388	26.5494
1389	1389	0.981205
1390	1390	0.189515
1391	1391	-9.4761
1392	1392	21.9458
1393	1393	12.7867
1394	1394	9.24786
1395	1395	-2.47064
1396	1396	-33.864
1397	1397	7.25486
1398	1398	14.616
1399	1399	5.13546
1400	1400	-14.0325
1401	1401	14.7847
1402	1402	-13.429
1403	1403	13.0542
1404	1404	10.2397
1405	1405	-3.17041
1406	1406	11.848
1407	1407	-11.9458
1408	1408	12.421
1409	1409	21.6368
1410	1410	36.5743
1411	1411	-5.37437
1412	1412	-16.726
1413	1413	2.14108
1414	1414	-1.34791
1415	1415	23.379
1416	1416	-3.20257
1417	1417	28.5729
1418	1418	2.45317
1419	1419	-15.5666
1420	1420	17.8646
1421	1421	-19.3124
1422	1422	30.5747
1423	1423	-16.0649
1424	1424	-17.057
1425	1425	-9.77754
1426	1426	-29.7703
1427	1427	31.4072
1428	1428	0.287087
1429	1429	-24.7348
1430	1430	7.8666
1431	1431	-8.75068
1432	1432	-6.2091
1433	1433	-23.1144
1434	1434	3.17662
1435	1435	8.15803
1436	1436	9.2973
1437	1437	-9.37168
1438	1438	8.49643
1439	1439	-26.5118
1440	1440	-23.6731
1441	1441	-21.6742
1442	1442	-16.767
1443	1443	-3.058
1444	1444	22.0689
1445	1445	-7.48762
1446	1446	4.24964
1447	1447	-0.24491
1448	1448	14.0146
1449	1449	0.0745841
1450	1450	6.62667
1451	1451	-4.82176
1452	1452	1.51293
1453	1453	-0.971377
1454	1454	1.23464
1455	1455	-8.81497
1456	1456	-22.6065
1457	1457	-17.0827
1458	1458	22.9122
1459	1459	15.4146
1460	1460	-20.13
1461	1461	-6.14972
1462	1462	-23.981
1463	1463	-13.5423
1464	1464	-6.08417
1465	1465	5.62366
1466	1466	-2.07943
1467	1467	10.4832
1468	1468	-2.69875
1469	1469	-7.96311
1470	1470	10.9959
1471	1471	-10.8208
1472	1472	-6.6554
1473	1473	-12.6234
1474	1474	5.54543
1475	1475	-28.4485
1476	1476	-27.6715
1477	1477	-13.1904
1478	1478	14.8283
1479	1479	6.12952
1480	1480	23.426
1481	1481	18.0147
1482	1482	12.2917
1483	1483	12.3084
1484	1484	14.005
1485	1485	30.0812
1486	1486	-15.9605
1487	1487	2.76914
1488	1488	-13.849
1489	1489	-12.0218
1490	1490	-4.69869
1491	1491	0.564668
1492	1492	5.90837
1493	1493	-28.927
1494	1494	-27.3286
1495	1495	25.0171
1496	1496	6.63836
1497	1497	-4.20766
1498	1498	-5.88295
1499	1499	-24.0956
1500	1500	15.7994
1501	1501	15.0611
1502	1502	12.2079
1503	1503	-15.4005
1504	1504	3.08196
1505	1505	-17.6572
1506	1506	-2.03588
1507	1507	-21.1364
1508	1508	-4.48461
1509	1509	-0.578087
1510	1510	-7.47447
1511	1511	3.95323
1512	1512	-13.1937
1513	1513	-18.8087
1514	1514	11.2852
1515	1515	1.51844
1516	1516	4.84442
1517	1517	12.9277
1518	1518	15.0413
1519	1519	-14.9062
1520	1520	-22.2927
1521	1521	10.8504
1522	1522	-12.8731
1523	1523	16.5868
1524	1524	-10.4158
1525	1525	0.518279
1526	1526	5.93943
1527	1527	-6.95349
1528	1528	26.2456
1529	1529	-6.29785
1530	1530	31.1429
1531	1531	11.1571
1532	1532	22.5917
1533	1533	-4.75541
1534	1534	0.0992457
1535	1535	1.56562
1536	1536	20.3064
1537	1537	-13.9019
1538	1538	1.41358
1539	1539	10.9324
1540	1540	3.4473
1541	1541	-4.39099
1542	1542	-9.97638
1543	1543	-17.3855
1544	1544	-12.8653
1545	1545	-15.6751
1546	1546	19.2884
1547	1547	-1.68801
1548	1548	17.9139
1549	1549	13.9189
1550	1550	29.5674
1551	1551	3.0211
1552	1552	46.8807
1553	1553	4.70801
1554	1554	36.6481
1555	1555	-14.663
1556	1556	-23.5238
1557	1557	11.3184
1558	1558	11.135
1559	1559	11.2453
1560	1560	-22.0281
1561	1561	-6.84315
1562	1562	0.668719
1563	1563	-13.6711
1564	1564	3.90425
1565	1565	0.617653
1566	1566	-4.56113
1567	1567	15.4554
1568	1568	-17.3719
1569	1569	-35.6438
1570	1570	30.1955
1571	1571	5.69764
1572	1572	-8.77432
1573	1573	7.01681
1574	1574	-23.5928
1575	1575	3.01937
1576	1576	17.9104
1577	1577	-11.2031
1578	1578	5.64438
1579	1579	35.8407
1580	1580	28.2448
1581	1581	10.1556
1582	1582	7.4498
1583	1583	42.8389
1584	1584	-4.99332
1585	1585	22.2254
1586	1586	-5.97664
1587	1587	-3.41791
1588	1588	-5.70225
1589	1589	7.90099
1590	1590	-18.6194
1591	1591	0.555857
1592	1592	1.80605
1593	1593	-15.9188
1594	1594	-6.86196
1595	1595	-7.18777
1596	1596	11.1098
1597	1597	-1.02563
1598	1598	14.5993
1599	1599	-14.7467
1600	1600	-2.16081
1601	1601	-9.02631
1602	1602	-22.3187
1603	1603	14.393
1604	1604	-27.1544
1605	1605	-19.5472
1606	1606	-21.8628
1607	1607	26.0515
1608	1608	-19.777
1609	1609	4.91438
1610	1610	-1.77634
1611	1611	-9.06013
1612	1612	-5.45425
1613	1613	-0.165544
1614	1614	19.0384
1615	1615	7.94962
1616	1616	-5.51315
1617	1617	37.2622
1618	1618	-4.07208
1619	1619	-22.0985
1620	1620	33.0864
1621	1621	16.6976
1622	1622	-30.2904
1623	1623	-21.6032
1624	1624	5.84882
1625	1625	15.8172
1626	1626	4.29677
1627	1627	6.14627
1628	1628	-3.68553
1629	1629	11.4774
1630	1630	10.0367
1631	1631	-15.0026
1632	1632	-18.3245
1633	1633	1.32893
1634	1634	23.5867
1635	1635	4.53398
1636	1636	1.91331
1637	1637	18.1388
1638	1638	-2.10175
1639	1639	27.8987
1640	1640	-6.91539
1641	1641	-9.58846
1642	1642	-13.5667
1643	1643	-18.1764
1644	1644	-15.1356
1645	1645	-17.4184
1646	1646	24.7982
1647	1647	30.2801
1648	1648	18.3223
1649	1649	4.37573
1650	1650	37.5583
1651	1651	6.04804
1652	1652	12.0633
1653	1653	-23.7233
1654	1654	7.10851
1655	1655	-38.1558
1656	1656	5.03964
1657	1657	9.95185
1658	1658	0.443898
1659	1659	24.882
1660	1660	8.22152
1661	1661	-9.7149
1662	1662	-22.4601
1663	1663	2.29078
1664	1664	9.64339
1665	1665	1.78073
1666	1666	23.368
1667	1667	-6.4896
1668	1668	6.36904
1669	1669	-2.28328
1670	1670	-6.2829
1671	1671	13.081
1672	1672	30.2062
1673	1673	-7.79466
1674	1674	36.2665
1675	1675	-17.3191
1676	1676	-15.8889
1677	1677	-8.86741
1678	1678	-15.3863
1679	1679	-7.05164
1680	1680	26.0837
1681	1681	5.23185
1682	1682	-4.51012
1683	1683	-3.74122
1684	1684	-15.5149
1685	1685	-16.701
1686	1686	-6.78891
1687	1687	20.548
1688	1688	-10.1619
1689	1689	0.0968976
1690	1690	23.6722
1691	1691	-11.8935
1692	1692	7.05368
1693	1693	6.3802
1694	1694	1.09358
1695	1695	7.4113
1696	1696	-9.14913
1697	1697	-0.693463
1698	1698	1.23974
1699	1699	-18.5456
1700	1700	-9.02183
1701	1701	-1.94407
1702	1702	-14.7677
1703	1703	8.17564
1704	1704	-17.2035
1705	1705	-5.94658
1706	1706	9.31672
1707	1707	-4.19382
1708	1708	-8.81464
1709	1709	-8.28679
1710	1710	-29.4864
1711	1711	41.025
1712	1712	-36.0226
1713	1713	23.2678
1714	1714	-1.55965
1715	1715	3.32826
1716	1716	-12.0572
1717	1717	-11.2063
1718	1718	4.42641
1719	1719	-9.96872
1720	1720	-25.7202
1721	1721	0.813669
1722	1722	-14.5126
1723	1723	-32.7256
1724	1724	9.025
1725	1725	-7.24981
1726	1726	-14.4933
1727	1727	14.5979
1728	1728	-10.685
1729	1729	-17.7899
1730	1730	15.9041
1731	1731	-30.0989
1732	1732	4.57016
1733	1733	-11.2751
1734	1734	11.6806
1735	1735	-11.6438
1736	1736	15.6736
1737	1737	28.302
1738	1738	-14.2298
1739	1739	22.4856
1740	1740	-29.1616
1741	1741	-37.2855
1742	1742	6.03284
1743	1743	-7.80624
1744	1744	8.88158
1745	1745	12.4441
1746	1746	-6.17393
1747	1747	12.6027
1748	1748	-14.0684
1749	1749	5.63301
1750	1750	16.6999
1751	1751	-13.5649
1752	1752	1.38062
1753	1753	31.1951
1754	1754	-17.9699
1755	1755	-17.5916
1756	1756	10.8095
1757	1757	-29.5113
1758	1758	9.27958
1759	1759	9.79971
1760	1760	14.918
1761	1761	22.0719
1762	1762	-8.3986
1763	1763	-9.59659
1764	1764	-27.8832
1765	1765	3.04703
1766	1766	3.13621
1767	1767	-8.97664
1768	1768	-22.754
1769	1769	29.8845
1770	1770	-22.2951
1771	1771	7.44117
1772	1772	10.6844
1773	1773	-2.14381
1774	1774	19.1661
1775	1775	1.3338
1776	1776	5.78306
1777	1777	-31.6655
1778	1778	-4.20458
1779	1779	42.556
1780	1780	18.2552
1781	1781	3.6872
1782	1782	-7.766
1783	1783	-13.5439
1784	1784	20.0512
1785	1785	43.4328
1786	1786	34.1202
1787	1787	10.1486
1788	1788	8.8215
1789	1789	-24.2246
1790	1790	30.9735
1791	1791	-4.25712
1792	1792	-7.74257
1793	1793	-20.3173
1794	1794	17.0286
1795	1795	2.47625
1796	1796	-14.2838
1797	1797	-3.90731
1798	1798	0.340697
1799	1799	-7.88378
1800	1800	5.01447
1801	1801	-1.88064
1802	1802	5.26004
1803	1803	-8.10815
1804	1804	-16.3238
1805	1805	3.88068
1806	1806	13.0844
1807	1807	-10.6131
1808	1808	19.9584
1809	1809	-39.3395
1810	1810	2.98348
1811	1811	-19.585
1812	1812	34.6217
1813	1813	-1.30871
1814	1814	2.7335
1815	1815	10.5464
1816	1816	8.68795
1817	1817	-20.5532
1818	1818	-2.792
1819	1819	-32.5012
1820	1820	21.4134
1821	1821	-23.3459
1822	1822	-7.85109
1823	1823	5.32027
1824	1824	13.4034
1825	1825	22.5197
1826	1826	-35.9024
1827	1827	8.18799
1828	1828	12.8061
1829	1829	-9.59878
1830	1830	-15.3239
1831	1831	-34.6729
1832	1832	-9.53247
1833	1833	1.44123
1834	1834	20.2917
1835	1835	-21.9052
1836	1836	-5.2379
1837	1837	11.8292
1838	1838	-4.05812
1839	1839	8.77743
1840	1840	-10.3485
1841	1841	3.81865
1842	1842	-20.1829
1843	1843	4.04989
1844	1844	18.1087
1845	1845	-18.7372
1846	1846	-11.3787
1847	1847	-5.23409
1848	1848	3.16676
1849	1849	-3.74314
1850	1850	-12.4273
1851	1851	12.8956
1852	1852	16.1204
1853	1853	-7.00034
1854	1854	-4.85778
1855	1855	30.2395
1856	1856	11.4249
1857	1857	32.9633
1858	1858	30.4664
1859	1859	-19.5517
1860	1860	1.91122
1861	1861	1.69744
1862	1862	-0.616308
1863	1863	-1.76313
1864	1864	7.74278
1865	1865	-26.0884
1866	1866	-6.84765
1867	1867	-23.4887
1868	1868	-0.407015
1869	1869	4.53207
1870	1870	16.4791
1871	1871	-33.9264
1872	1872	11.4326
1873	1873	0.390541
1874	1874	-4.82515
1875	1875	-8.78411
1876	1876	31.214
1877	1877	34.5155
1878	1878	13.1432
1879	1879	-13.5359
1880	1880	7.51795
1881	1881	-12.3427
1882	1882	14.3481
1883	1883	13.2895
1884	1884	-6.09594
1885	1885	3.87796
1886	1886	23.5357
1887	1887	19.3286
1888	1888	-5.52348
1889	1889	-9.47236
1890	1890	12.8438
1891	1891	15.5982
1892	1892	24.73
1893	1893	10.0818
1894	1894	21.6531
1895	1895	-28.5339
1896	1896	-2.51208
1897	1897	-28.1304
1898	1898	-13.0136
1899	1899	9.7439
1900	1900	9.72274
1901	1901	-13.2833
1902	1902	-16.1613
1903	1903	43.8519
1904	1904	-2.63887
1905	1905	-27.6478
1906	1906	16.831
1907	1907	6.39589
1908	1908	-18.5584
1909	1909	-20.0385
1910	1910	-23.1047
1911	1911	-15.032
1912	1912	-8.02095
1913	1913	2.33581
1914	1914	10.8375
1915	1915	17.109
1916	1916	-7.45594
1917	1917	13.5259
1918	1918	20.5114
1919	1919	-15.1133
1920	1920	13.8638
1921	1921	11.9122
1922	1922	-21.3611
1923	1923	-2.41718
1924	1924	13.1951
1925	1925	5.89539
1926	1926	29.3738
1927	1927	-9.99779
1928	1928	15.8823
1929	1929	-18.5488
1930	1930	4.41607
1931	1931	22.4299
1932	1932	-17.8253
1933	1933	-24.6276
1934	1934	12.6864
1935	1935	6.68292
1936	1936	-13.7742
1937	1937	14.7168
1938	1938	-37.5238
1939	1939	-16.2404
1940	1940	-7.74559
1941	1941	6.08266
1942	1942	-26.7989
1943	1943	9.61366
1944	1944	-11.5717
1945	1945	-31.67
1946	1946	3.76487
1947	1947	11.9555
1948	1948	-3.60031
1949	1949	3.02768
1950	1950	-4.20842
1951	1951	4.42792
1952	1952	-9.21888
1953	1953	-8.55453
1954	1954	6.49952
1955	1955	-1.74873
1956	1956	14.7376
1957	1957	-20.2981
1958	1958	2.03905
1959	1959	-11.1761
1960	1960	-40.5061
1961	1961	-7.6014
1962	1962	-12.7568
1963	1963	35.4086
1964	1964	0.280697
1965	1965	26.4195
1966	1966	0.661387
1967	1967	-7.76882
1968	1968	-10.3675
1969	1969	23.6333
1970	1970	15.6768
1971	1971	0.198418
1972	1972	-35.0863
1973	1973	12.5734
1974	1974	-4.51556
1975	1975	6.91873
1976	1976	5.17712
1977	1977	9.34512
1978	1978	44.198
1979	1979	26.1438
1980	1980	29.4653
1981	1981	-26.2367
1982	1982	-13.6104
1983	1983	-21.6541
1984	1984	11.2317
1985	1985	14.6641
1986	1986	-5.07675
1987	1987	2.28205
1988	1988	19.2541
1989	1989	2.60656
1990	1990	12.9619
1991	1991	-12.2054
1992	1992	6.01599
1993	1993	-20.9371
1994	1994	12.1381
1995	1995	-31.7031
1996	1996	23.0983
1997	1997	22.1823
1998	1998	-18.4183
1999	1999	14.1586
2000	2000	-39.6145
2001	2001	-15.5233
2002	2002	-21.6703
2003	2003	-38.3287
2004	2004	-0.18273
2005	2005	14.8155
2006	2006	32.5241
2007	2007	2.09435
2008	2008	10.5334
2009	2009	-0.128247
2010	2010	-13.5746
2011	2011	14.9761
2012	2012	28.641
2013	2013	7.8636
2014	2014	16.7703
2015	2015	-0.0115288
2016	2016	-18.385
2017	2017	-13.1998
2018	2018	27.6012
2019	2019	12.4771
2020	2020	9.62675
2021	2021	3.3579
2022	2022	-7.32889
2023	2023	-14.9827
2024	2024	-4.09582
2025	2025	-10.883
2026	2026	3.10659
2027	2027	-10.0933
2028	2028	10.8562
2029	2029	-28.6353
2030	2030	-24.777
2031	2031	32.0281
2032	2032	25.0959
2033	2033	35.5129
2034	2034	14.3087
2035	2035	35.4378
2036	2036	-11.4624
2037	2037	-34.5925
2038	2038	-18.3206
2039	2039	37.2608
2040	2040	9.52536
2041	2041	3.2543
2042	2042	13.0268
2043	2043	2.97363
2044	2044	3.74666
2045	2045	2.40294
2046	2046	-0.688303
2047	2047	-1.34846
2048	2048	-12.7164
2049	2049	-30.9769
2050	2050	-13.6655
2051	2051	-3.19259
2052	2052	-1.98245
2053	2053	0.604692
2054	2054	4.87359
2055	2055	-0.934097
2056	2056	-10.0829
2057	2057	36.825
2058	2058	-26.7155
2059	2059	-5.55241
2060	2060	-1.93342
2061	2061	13.1411
2062	2062	4.27544
2063	2063	9.30967
2064	2064	1.61653
2065	2065	-2.27175
2066	2066	4.79265
2067	2067	-3.0785
2068	2068	-3.27889
2069	2069	-7.20142
2070	2070	23.1891
2071	2071	6.2801
2072	2072	-28.4878
2073	2073	-18.7257
2074	2074	26.8235
2075	2075	-28.8227
2076	2076	16.9881
2077	2077	-18.9737
2078	2078	45.4161
2079	2079	3.67702
2080	2080	4.43284
2081	2081	-6.1505
2082	2082	-17.7699
2083	2083	-10.352
2084	2084	-0.216721
2085	2085	36.152
2086	2086	-6.07932
2087	2087	5.21156
2088	2088	35.0646
2089	2089	-11.4452
2090	2090	-15.838
2091	2091	8.7974
2092	2092	-27.6174
2093	2093	-2.78218
2094	2094	24.3518
2095	2095	0.429817
2096	2096	19.7438
2097	2097	-4.2284
2098	2098	-16.3132
2099	2099	-3.91027
2100	2100	4.59534
2101	2101	-14.8434
2102	2102	3.47863
2103	2103	9.66184
2104	2104	8.9072
2105	2105	27.2209
2106	2106	7.25121
2107	2107	-13.1614
2108	2108	1.14735
2109	2109	5.65995
2110	2110	7.42167
2111	2111	21.8606
2112	2112	14.2712
2113	2113	-2.92079
2114	2114	12.745
2115	2115	-11.6228
2116	2116	7.38738
2117	2117	11.5283
2118	2118	25.7584
2119	2119	9.68251
2120	2120	-13.9186
2121	2121	-4.14243
2122	2122	-6.41456
2123	2123	29.7177
2124	2124	17.1538
2125	2125	-7.0157
2126	2126	4.4397
2127	2127	-8.27555
2128	2128	-38.0024
2129	2129	-33.3535
2130	2130	-30.4005
2131	2131	-4.80048
2132	2132	-32.3528
2133	2133	-2.8556
2134	2134	4.89155
2135	2135	-13.2862
2136	2136	23.2177
2137	2137	-11.2835
2138	2138	29.3992
2139	2139	-9.77089
2140	2140	-8.29071
2141	2141	-14.0079
2142	2142	-0.430642
2143	2143	-11.9826
2144	2144	-4.79017
2145	2145	-0.580015
2146	2146	-36.9268
2147	2147	9.81969
2148	2148	22.4416
2149	2149	2.15148
2150	2150	-2.06212
2151	2151	-7.91164
2152	2152	7.21834
2153	2153	-1.84128
2154	2154	3.68926
2155	2155	25.3058
2156	2156	-14.4188
2157	2157	10.0549
2158	2158	1.78079
2159	2159	18.3996
2160	2160	16.6303
2161	2161	6.76975
2162	2162	-14.7867
2163	2163	5.04476
2164	2164	4.83591
2165	2165	-17.1816
2166	2166	3.54551
2167	2167	-18.522
2168	2168	-65.8401
2169	2169	7.67197
2170	2170	-5.59648
2171	2171	-26.2889
2172	2172	-2.08377
2173	2173	-14.6381
2174	2174	-26.71
2175	2175	1.68802
2176	2176	0.00157589
2177	2177	-7.40973
2178	2178	-8.00878
2179	2179	-25.9596
2180	2180	-17.8674
2181	2181	3.70036
2182	2182	34.7414
2183	2183	-4.91356
2184	2184	27.528
2185	2185	-13.4603
2186	2186	-4.49845
2187	2187	1.16696
2188	2188	2.72799
2189	2189	3.84107
2190	2190	30.5492
2191	2191	-33.4949
2192	2192	-1.80836
2193	2193	9.77535
2194	2194	9.01501
2195	2195	10.9919
2196	2196	-4.20226
2197	2197	-4.29359
2198	2198	-2.36579
2199	2199	-27.5129
2200	2200	-3.2375
2201	2201	-18.8428
2202	2202	-23.1764
2203	2203	-7.20875
2204	2204	20.3858
2205	2205	-2.90267
2206	2206	-12.1554
2207	2207	16.1277
2208	2208	28.8333
2209	2209	1.70459
2210	2210	1.60684
2211	2211	6.76575
2212	2212	-1.15999
2213	2213	15.0319
2214	2214	18.9872
2215	2215	-2.96445
2216	2216	0.994948
2217	2217	-2.96317
2218	2218	8.27432
2219	2219	33.5398
2220	2220	-4.92159
2221	2221	-6.86065
2222	2222	-4.24
2223	2223	-11.0128
2224	2224	19.1788
2225	2225	-4.17965
2226	2226	27.3733
2227	2227	7.39438
2228	2228	13.6629
2229	2229	-5.99529
2230	2230	41.816
2231	2231	3.9652
2232	2232	0.769684
2233	2233	-17.1697
2234	2234	-14.7548
2235	2235	-17.076
2236	2236	-25.5881
2237	2237	-29.8459
2238	2238	16.0797
2239	2239	-29.3069
2240	2240	-3.16777
2241	2241	36.871
2242	2242	-15.2081
2243	2243	12.0381
2244	2244	4.8149
2245	2245	13.2848
2246	2246	-1.71907
2247	2247	1.20462
2248	2248	4.31347
2249	2249	5.16066
2250	2250	7.97251
2251	2251	18.6822
2252	2252	-9.22378
2253	2253	6.6708
2254	2254	-12.1273
2255	2255	2.12074
2256	2256	-0.589344
2257	2257	-9.08293
2258	2258	-13.6852
2259	2259	12.6392
2260	2260	-24.0789
2261	2261	0.747538
2262	2262	7.85583
2263	2263	-13.1419
2264	2264	-7.66179
2265	2265	-22.6713
2266	2266	8.51798
2267	2267	-0.208811
2268	2268	-5.97246
2269	2269	-22.6427
2270	2270	-17.6397
2271	2271	-17.1821
2272	2272	12.7616
2273	2273	10.1786
2274	2274	45.3559
2275	2275	-17.489
2276	2276	-17.3892
2277	2277	11.0625
2278	2278	7.622
2279	2279	-24.0412
2280	2280	33.8865
2281	2281	20.2288
2282	2282	5.16803
2283	2283	28.2203
2284	2284	20.779
2285	2285	-1.23641
2286	2286	-17.0633
2287	2287	-1.9971
2288	2288	9.69392
2289	2289	17.0885
2290	2290	-2.91246
2291	2291	-19.7193
2292	2292	-23.2057
2293	2293	-5.84682
2294	2294	-42.4926
2295	2295	-16.7724
2296	2296	7.93366
2297	2297	1.08787
2298	2298	-4.62044
2299	2299	-9.79126
2300	2300	25.7476
2301	2301	29.4385
2302	2302	4.00759
2303	2303	23.4295
2304	2304	1.65666
2305	2305	21.3221
2306	2306	15.7243
2307	2307	-20.9147
2308	2308	10.8971
2309	2309	-11.8635
2310	2310	-0.968262
2311	2311	-19.5597
2312	2312	-4.31691
2313	2313	-1.79765
2314	2314	-12.8604
2315	2315	11.7707
2316	2316	-0.245824
2317	2317	-4.86517
2318	2318	33.4064
2319	2319	-11.6393
2320	2320	19.3854
2321	2321	17.7116
2322	2322	-5.86341
2323	2323	-4.12356
2324	2324	-11.9814
2325	2325	-17.9305
2326	2326	-2.89453
2327	2327	-10.7413
2328	2328	9.83638
2329	2329	-15.2072
2330	2330	-21.8491
2331	2331	8.00862
2332	2332	-25.7777
2333	2333	0.825459
2334	2334	-9.22736
2335	2335	-23.0918
2336	2336	2.23484
2337	2337	17.175
2338	2338	19.4601
2339	2339	-17.2081
2340	2340	-6.0301
2341	2341	12.3535
2342	2342	38.2323
2343	2343	-2.12906
2344	2344	-8.22889
2345	2345	-7.24031
2346	2346	-10.6753
2347	2347	-4.17551
2348	2348	-0.045416
2349	2349	-4.43034
2350	2350	10.9444
2351	2351	14.0502
2352	2352	-4.07575
2353	2353	-1.80663
2354	2354	26.3967
2355	2355	-6.33008
2356	2356	13.75
2357	2357	-7.35723
2358	2358	13.7182
2359	2359	-30.8099
2360	2360	-23.5636
2361	2361	3.2387
2362	2362	2.56604
2363	2363	-19.6276
2364	2364	-18.1805
2365	2365	-13.619
2366	2366	-14.8606
2367	2367	-4.31694
2368	2368	-12.2056
2369	2369	-4.95639
2370	2370	13.8456
2371	2371	-5.62752
2372	2372	-15.8826
2373	2373	28.7042
2374	2374	12.5978
2375	2375	-6.74511
2376	2376	-5.29142
2377	2377	20.5434
2378	2378	35.4968
2379	2379	-24.0015
2380	2380	13.5738
2381	2381	-27.4701
2382	2382	17.2979
2383	2383	32.9102
2384	2384	-18.1468
2385	2385	-3.91501
2386	2386	-22.2549
2387	2387	8.80609
2388	2388	-11.1044
2389	2389	22.8876
2390	2390	-8.88162
2391	2391	10.799
2392	2392	-8.41664
2393	2393	19.9983
2394	2394	20.2263
2395	2395	-19.0597
2396	2396	12.1083
2397	2397	-4.67427
2398	2398	21.7085
2399	2399	-9.29493
2400	2400	-13.243
2401	2401	-9.70587
2402	2402	-12.3
2403	2403	-4.7403
2404	2404	14.9661
2405	2405	24.1197
2406	2406	4.00968
2407	2407	-44.5914
2408	2408	17.6288
2409	2409	26.4751
2410	2410	-21.586
2411	2411	14.0538
2412	2412	3.95129
2413	2413	-15.6999
2414	2414	-15.6643
2415	2415	-12.0233
2416	2416	0.670234
2417	2417	26.0799
2418	2418	-3.50121
2419	2419	-2.77951
2420	2420	-11.4986
2421	2421	-14.7064
2422	2422	-11.4464
2423	2423	27.0362
2424	2424	-5.83741
2425	2425	12.1217
2426	2426	11.9803
2427	2427	-1.70785
2428	2428	3.55581
2429	2429	-9.09635
2430	2430	-20.5299
2431	2431	-3.75754
2432	2432	23.8062
2433	2433	16.1021
2434	2434	-23.3767
2435	2435	4.92197
2436	2436	6.56778
2437	2437	14.6871
2438	2438	-19.0219
2439	2439	-9.23851
2440	2440	31.6836
2441	2441	-15.9805
2442	2442	43.776
2443	2443	3.2701
2444	2444	-3.39661
2445	2445	-14.6545
2446	2446	-24.3608
2447	2447	2.73615
2448	2448	10.7937
2449	2449	-4.27197
2450	2450	-23.2356
2451	2451	0.238222
2452	2452	39.8326
2453	2453	-0.88621
2454	2454	-2.60268
2455	2455	13.3081
2456	2456	-0.210763
2457	2457	31.5186
2458	2458	35.2825
2459	2459	6.48859
2460	2460	-21.5713
2461	2461	-11.013
2462	2462	-33.1706
2463	2463	-4.59367
2464	2464	-6.32506
2465	2465	-17.248
2466	2466	-9.55335
2467	2467	-14.9173
2468	2468	-13.2381
2469	2469	-28.2384
2470	2470	5.94854
2471	2471	-14.696
2472	2472	10.7205
2473	2473	-8.96826
2474	2474	14.4393
2475	2475	3.15253
2476	2476	5.14945
2477	2477	-8.43399
2478	2478	-1.06413
2479	2479	20.051
2480	2480	-4.1958
2481	2481	-4.04507
2482	2482	-1.76143
2483	2483	11.0298
2484	2484	16.1616
2485	2485	-8.23649
2486	2486	-8.65345
2487	2487	-13.4336
2488	2488	2.08706
2489	2489	-15.0474
2490	2490	31.1238
2491	2491	4.87968
2492	2492	-5.81047
2493	2493	-5.12308
2494	2494	-23.5097
2495	2495	-49.6849
2496	2496	-9.19055
2497	2497	5.836
2498	2498	6.02476
2499	2499	-20.1396
2500	2500	-25.0547
2501	2501	5.83737
2502	2502	9.41501
2503	2503	-15.1841
2504	2504	11.7189
2505	2505	6.56809
2506	2506	-40.7943
2507	2507	9.33877
2508	2508	-10.722
2509	2509	25.0678
2510	2510	3.26458
2511	2511	-38.4152
2512	2512	4.54988
2513	2513	6.37378
2514	2514	38.7082
2515	2515	-21.8202
2516	2516	16.9988
2517	2517	9.42291
2518	2518	12.8802
2519	2519	33.1598
2520	2520	15.8242
2521	2521	-9.02565
2522	2522	-19.0612
2523	2523	4.95759
2524	2524	-24.7974
2525	2525	24.7361
2526	2526	18.7367
2527	2527	0.517935
2528	2528	-16.9739
2529	2529	-1.30352
2530	2530	4.84725
2531	2531	-5.05639
2532	2532	26.9969
2533	2533	-7.17011
2534	2534	-6.33024
2535	2535	-12.2667
2536	2536	-5.61622
2537	2537	17.6922
2538	2538	-17.3806
2539	2539	16.4251
2540	2540	10.5002
2541	2541	5.8933
2542	2542	25.5428
2543	2543	-25.9027
2544	2544	10.5643
2545	2545	-16.0673
2546	2546	6.95565
2547	2547	-16.086
2548	2548	29.0379
2549	2549	-24.0388
2550	2550	0.422707
2551	2551	-14.3623
2552	2552	-11.8451
2553	2553	-13.7735
2554	2554	-4.61575
2555	2555	15.4307
2556	2556	-3.32325
2557	2557	-11.3281
2558	2558	17.8877
2559	2559	-4.51703
2560	2560	25.4576
2561	2561	10.5927
2562	2562	-2.4755
2563	2563	10.1963
2564	2564	-19.0818
2565	2565	-1.58141
2566	2566	-0.330526
2567	2567	14.2281
2568	2568	-5.55395
2569	2569	-4.54058
2570	2570	-3.47069
2571	2571	-9.49014
2572	2572	-37.3951
2573	2573	-9.98169
2574	2574	3.9072
2575	2575	10.5299
2576	2576	-19.9248
2577	2577	-1.30134
2578	2578	-19.3071
2579	2579	1.23065
2580	2580	9.56969
2581	2581	16.9257
2582	2582	-5.74052
2583	2583	-34.1159
2584	2584	9.61573
2585	2585	0.613137
2586	2586	-30.3704
2587	2587	3.6188
2588	2588	-12.5088
2589	2589	-10.6425
2590	2590	-12.5332
2591	2591	0.269356
2592	2592	-34.4246
2593	2593	-4.6388
2594	2594	-9.52
2595	2595	-14.9267
2596	2596	10.3946
2597	2597	24.1909
2598	2598	14.9736
2599	2599	-10.2913
2600	2600	34.8151
2601	2601	-11.47
2602	2602	16.0549
2603	2603	20.4783
2604	2604	-1.32136
2605	2605	-9.59876
2606	2606	-14.3711
2607	2607	15.4229
2608	2608	-21.5373
2609	2609	-19.0127
2610	2610	23.7012
2611	2611	11.8774
2612	2612	18.4507
2613	2613	-4.58545
2614	2614	18.1973
2615	2615	-25.9384
2616	2616	-23.1913
2617	2617	-23.12
2618	2618	-5.61222
2619	2619	-10.6997
2620	2620	3.9732
2621	2621	3.2919
2622	2622	-0.792553
2623	2623	9.32618
2624	2624	10.7632
2625	2625	19.0581
2626	2626	-12.3889
2627	2627	-15.8705
2628	2628	-5.3629
2629	2629	8.37828
2630	2630	27.2412
2631	2631	-11.9688
2632	2632	-22.2515
2633	2633	24.1492
2634	2634	17.7282
2635	2635	-8.73053
2636	2636	33.1969
2637	2637	-1.63293
2638	2638	-24.8995
2639	2639	-14.2875
2640	2640	10.9167
2641	2641	-2.93361
2642	2642	16.7876
2643	2643	2.33224
2644	2644	-13.3952
2645	2645	1.1427
2646	2646	24.3186
2647	2647	20.5892
2648	2648	-9.62293
2649	2649	8.64318
2650	2650	-18.4127
2651	2651	-15.2908
2652	2652	-5.29185
2653	2653	-4.6155
2654	2654	7.46896
2655	2655	8.37317
2656	2656	10.2033
2657	2657	14.549
2658	2658	41.5737
2659	2659	10.0756
2660	2660	-31.1979
2661	2661	3.79679
2662	2662	-14.7082
2663	2663	8.86428
2664	2664	27.5119
2665	2665	24.4595
2666	2666	-34.6695
2667	2667	-9.38217
2668	2668	-1.60965
2669	2669	-24.2564
2670	2670	-14.2934
2671	2671	-16.9731
2672	2672	22.1924
2673	2673	10.701
2674	2674	6.8317
2675	2675	3.22921
2676	2676	-4.42551
2677	2677	2.0396
2678	2678	17.9651
2679	2679	21.1692
2680	2680	-3.94349
2681	2681	0.110071
2682	2682	40.1741
2683	2683	-4.46704
2684	2684	-26.9011
2685	2685	11.2959
2686	2686	15.4731
2687	2687	-3.94926
2688	2688	-7.4555
2689	2689	-12.6113
2690	2690	-9.79557
2691	2691	-17.7846
2692	2692	-7.92786
2693	2693	-11.0727
2694	2694	34.5104
2695	2695	20.3269
2696	2696	-13.2719
2697	2697	14.0939
2698	2698	-4.97172
2699	2699	-19.9824
2700	2700	-5.94035
2701	2701	-18.1127
2702	2702	-17.2077
2703	2703	1.1585
2704	2704	-39.8066
2705	2705	-13.5411
2706	2706	-24.3885
2707	2707	11.2698
2708	2708	-18.6871
2709	2709	8.73913
2710	2710	25.1082
2711	2711	5.90055
2712	2712	-19.0161
2713	2713	-14.7331
2714	2714	34.8674
2715	2715	-5.3455
2716	2716	-7.01239
2717	2717	12.3563
2718	2718	2.25235
2719	2719	-14.6322
2720	2720	6.00113
2721	2721	-15.2399
2722	2722	-10.0134
2723	2723	18.8946
2724	2724	-19.231
2725	2725	-20.6808
2726	2726	1.75137
2727	2727	11.8027
2728	2728	-4.98128
2729	2729	10.361
2730	2730	-17.9892
2731	2731	16.3224
2732	2732	-5.33913
2733	2733	1.00192
2734	2734	-8.5139
2735	2735	1.45828
2736	2736	-0.315529
2737	2737	2.9453
2738	2738	-1.84531
2739	2739	-2.90246
2740	2740	-6.41168
2741	2741	-28.1972
2742	2742	-3.6513
2743	2743	6.06102
2744	2744	-2.4336
2745	2745	9.03142
2746	2746	-2.78624
2747	2747	14.7402
2748	2748	4.5736
2749	2749	3.03965
2750	2750	-8.93178
2751	2751	-9.50055
2752	2752	19.6228
2753	2753	0.96562
2754	2754	-7.11795
2755	2755	-13.9319
2756	2756	-37.1418
2757	2757	16.0588
2758	2758	3.17102
2759	2759	-2.8335
2760	2760	-10.9562
2761	2761	2.31202
2762	2762	2.65509
2763	2763	3.56338
2764	2764	8.15652
2765	2765	8.54832
2766	2766	-15.744
2767	2767	-12.431
2768	2768	-14.8153
2769	2769	-7.63304
2770	2770	-21.0159
2771	2771	21.2914
2772	2772	-2.63114
2773	2773	-14.0095
2774	2774	-17.3762
2775	2775	13.8353
2776	2776	21.5527
2777	2777	-6.97452
2778	2778	-14.5483
2779	2779	-14.0869
2780	2780	-12.0439
2781	2781	-28.9818
2782	2782	-9.21395
2783	2783	-14.6336
2784	2784	-2.28257
2785	2785	2.5824
2786	2786	23.5715
2787	2787	-7.4619
2788	2788	4.3304
2789	2789	5.05374
2790	2790	0.899755
2791	2791	-4.48548
2792	2792	-17.6691
2793	2793	-18.4252
2794	2794	-0.769143
2795	2795	6.81327
2796	2796	61.8639
2797	2797	-22.0037
2798	2798	5.61094
2799	2799	-1.72213
2800	2800	1.50075
2801	2801	16.4835
2802	2802	22.4031
2803	2803	11.0201
2804	2804	-5.18183
2805	2805	2.08974
2806	2806	8.93835
2807	2807	2.90787
2808	2808	1.44691
2809	2809	43.2406
2810	2810	15.1773
2811	2811	6.87655
2812	2812	-29.3363
2813	2813	-17.622
2814	2814	-23.8849
2815	2815	-16.4922
2816	2816	-11.9024
2817	2817	6.01086
2818	2818	45.3019
2819	2819	-3.0079
2820	2820	15.2087
2821	2821	-11.4898
2822	2822	28.3567
2823	2823	13.1662
2824	2824	27.8279
2825	2825	-19.6375
2826	2826	-16.9006
2827	2827	-14.3471
2828	2828	-4.66447
2829	2829	-13.6821
2830	2830	0.2414
2831	2831	5.5892
2832	2832	-0.0821841
2833	2833	8.8492
2834	2834	-25.0767
2835	2835	-10.3714
2836	2836	10.8776
2837	2837	-10.4548
2838	2838	-3.71775
2839	2839	-16.2513
2840	2840	-8.99154
2841	2841	-13.2586
2842	2842	16.1287
2843	2843	2.07984
2844	2844	24.6503
2845	2845	16.9337
2846	2846	26.0433
2847	2847	-3.42366
2848	2848	39.7793
2849	2849	16.4362
2850	2850	-14.8341
2851	2851	5.23012
2852	2852	32.5989
2853	2853	28.9221
2854	2854	1.89387
2855	2855	-7.15862
2856	2856	-9.34742
2857	2857	-27.6507
2858	2858	13.0584
2859	2859	-4.6571
2860	2860	12.2078
2861	2861	-1.29498
2862	2862	-9.08278
2863	2863	10.9053
2864	2864	8.41387
2865	2865	-6.29129
2866	2866	4.24647
2867	2867	13.5115
2868	2868	10.4727
2869	2869	-0.608683
2870	2870	17.6767
2871	2871	17.4722
2872	2872	15.9751
2873	2873	-7.49392
2874	2874	-3.67345
2875	2875	3.22449
2876	2876	-24.9104
2877	2877	29.6286
2878	2878	-8.99285
2879	2879	7.64597
2880	2880	7.74721
2881	2881	2.48168
2882	2882	21.9444
2883	2883	0.927726
2884	2884	-10.1233
2885	2885	1.45463
2886	2886	-4.25698
2887	2887	-24.7559
2888	2888	6.80282
2889	2889	-7.41571
2890	2890	0.160523
2891	2891	11.2332
2892	2892	12.7262
2893	2893	5.18861
2894	2894	-6.98453
2895	2895	-5.52618
2896	2896	-14.0489
2897	2897	-26.0142
2898	2898	-17.5945
2899	2899	13.9763
2900	2900	-21.1496
2901	2901	-12.4668
2902	2902	-4.08425
2903	2903	-40.2212
2904	2904	-14.6389
2905	2905	8.39434
2906	2906	9.64339
2907	2907	-18.3025
2908	2908	9.87348
2909	2909	-11.9612
2910	2910	-17.5629
2911	2911	-9.72473
2912	2912	5.66347
2913	2913	14.3396
2914	2914	-37.3558
2915	2915	8.40045
2916	2916	6.11184
2917	2917	-10.8791
2918	2918	-17.9959
2919	2919	-13.6306
2920	2920	-8.25944
2921	2921	-1.73686
2922	2922	27.4067
2923	2923	1.88881
2924	2924	-29.7216
2925	2925	-30.2994
2926	2926	3.51425
2927	2927	-17.1439
2928	2928	-30.7262
2929	2929	17.8963
2930	2930	-1.41555
2931	2931	9.65287
2932	2932	-8.9008
2933	2933	-18.4887
2934	2934	10.9043
2935	2935	1.61729
2936	2936	1.41128
2937	2937	0.915641
2938	2938	2.39876
2939	2939	13.5048
2940	2940	18.2528
2941	2941	-1.32715
2942	2942	24.5966
2943	2943	-5.80847
2944	2944	1.94955
2945	2945	-8.85192
2946	2946	7.49758
2947	2947	1.98557
2948	2948	16.8801
2949	2949	7.1588
2950	2950	5.9281
2951	2951	-8.65081
2952	2952	-0.25446
2953	2953	-13.3597
2954	2954	29.6262
2955	2955	-1.38069
2956	2956	-5.69965
2957	2957	-29.4813
2958	2958	5.81181
2959	2959	3.87023
2960	2960	27.4889
2961	2961	-14.591
2962	2962	0.202047
2963	2963	8.95241
2964	2964	-3.2173
2965	2965	49.0999
2966	2966	15.4963
2967	2967	-39.2991
2968	2968	-10.3188
2969	2969	7.2056
2970	2970	5.68301
2971	2971	-12.4943
2972	2972	-10.7729
2973	2973	-19.9832
2974	2974	-7.1969
2975	2975	22.5238
2976	2976	-4.7479
2977	2977	6.66339
2978	2978	-0.177442
2979	2979	-31.9146
2980	2980	-1.4471
2981	2981	16.4332
2982	2982	16.5895
2983	2983	3.95448
2984	2984	8.17435
2985	2985	-0.934634
2986	2986	6.23907
2987	2987	17.6788
2988	2988	2.02941
2989	2989	4.26154
2990	2990	-14.4146
2991	2991	3.28803
2992	2992	9.53578
2993	2993	11.7623
2994	2994	-10.4849
2995	2995	8.0441
2996	2996	-4.0696
2997	2997	-4.07597
2998	2998	-0.287396
2999	2999	-18.735
3000	3000	-8.06041
3001	3001	6.96467
3002	3002	-10.3753
3003	3003	-23.891
3004	3004	20.7216
3005	3005	-34.9792
3006	3006	-1.90556
3007	3007	3.31263
3008	3008	-3.21318
3009	3009	-17.9536
3010	3010	14.3355
3011	3011	27.5084
3012	3012	0.770612
3013	3013	24.1866
3014	3014	2.92754
3015	3015	1.79021
3016	3016	-34.3095
3017	3017	20.3314
3018	3018	21.3033
3019	3019	-18.3112
3020	3020	25.1437
3021	3021	5.70841
3022	3022	-29.9562
3023	3023	-7.24858
3024	3024	-30.3704
3025	3025	15.9687
3026	3026	-19.4753
3027	3027	-2.98786
3028	3028	6.13192
3029	3029	8.34314
3030	3030	18.1657
3031	3031	13.2765
3032	3032	-10.4782
3033	3033	2.04941
3034	3034	-19.3811
3035	3035	8.55868
3036	3036	-12.2862
3037	3037	0.64891
3038	3038	11.9298
3039	3039	-13.3285
3040	3040	22.8526
3041	3041	27.3927
3042	3042	37.6119
3043	3043	15.8195
3044	3044	17.8163
3045	3045	1.95978
3046	3046	-4.21792
3047	3047	-4.27485
3048	3048	-19.0748
3049	3049	-36.4124
3050	3050	17.9092
3051	3051	8.8408
3052	3052	-14.881
3053	3053	1.98421
3054	3054	-20.8634
3055	3055	-18.1015
3056	3056	-3.8313
3057	3057	4.08271
3058	3058	-5.66869
3059	3059	-2.51871
3060	3060	6.51769
3061	3061	-10.6887
3062	3062	-19.3048
3063	3063	21.0341
3064	3064	18.5391
3065	3065	-4.2537
3066	3066	-5.57743
3067	3067	-16.5915
3068	3068	-5.02542
3069	3069	-15.8365
3070	3070	9.4113
3071	3071	33.2939
3072	3072	-13.4215
3073	3073	25.4341
3074	3074	11.11
3075	3075	-5.47375
3076	3076	2.03087
3077	3077	-26.3706
3078	3078	-16.7292
3079	3079	23.8824
3080	3080	-13.7742
3081	3081	16.9142
3082	3082	2.70924
3083	3083	22.5636
3084	3084	-6.65244
3085	3085	14.5137
3086	3086	46.77
3087	3087	12.7019
3088	3088	17.7344
3089	3089	4.27757
3090	3090	-23.0598
3091	3091	15.3018
3092	3092	12.8637
3093	3093	-4.51327
3094	3094	-12.1276
3095	3095	-11.335
3096	3096	15.2413
3097	3097	23.995
3098	3098	1.05685
3099	3099	14.6988
3100	3100	14.3433
3101	3101	25.4854
3102	3102	18.7268
3103	3103	18.5791
3104	3104	-43.1923
3105	3105	3.29952
3106	3106	-30.3573
3107	3107	-25.3915
3108	3108	-13.8316
3109	3109	23.6699
3110	3110	-0.0782414
3111	3111	-11.8315
3112	3112	20.6603
3113	3113	-11.0801
3114	3114	-6.2004
3115	3115	17.8736
3116	3116	-19.4323
3117	3117	16.7512
3118	3118	-12.8278
3119	3119	2.64976
3120	3120	29.3768
3121	3121	1.38639
3122	3122	14.808
3123	3123	-0.181181
3124	3124	4.83412
3125	3125	-6.7775
3126	3126	-5.50878
3127	3127	-18.1943
3128	3128	-7.13146
3129	3129	-14.8625
3130	3130	9.3105
3131	3131	23.6586
3132	3132	-16.9518
3133	3133	10.0617
3134	3134	2.97112
3135	3135	8.20832
3136	3136	8.30665
3137	3137	-20.9823
3138	3138	0.744183
3139	3139	0.391313
3140	3140	-20.2591
3141	3141	4.67463
3142	3142	2.20707
3143	3143	-17.1386
3144	3144	11.8327
3145	3145	26.8516
3146	3146	-38.6421
3147	3147	16.0518
3148	3148	-12.4062
3149	3149	10.3045
3150	3150	7.49153
3151	3151	-8.567
3152	3152	5.88731
3153	3153	13.6032
3154	3154	-1.84392
3155	3155	18.1193
3156	3156	-1.72908
3157	3157	-14.1531
3158	3158	-30.4262
3159	3159	-0.679687
3160	3160	-8.52748
3161	3161	7.08355
3162	3162	0.26383
3163	3163	16.4656
3164	3164	-8.64696
3165	3165	-38.7223
3166	3166	15.2739
3167	3167	-14.5854
3168	3168	20.5975
3169	3169	-12.9267
3170	3170	-8.51864
3171	3171	-6.6686
3172	3172	0.242644
3173	3173	-23.2949
3174	3174	5.12701
3175	3175	-7.56496
3176	3176	11.724
3177	3177	-1.67113
3178	3178	12.6455
3179	3179	4.21993
3180	3180	-23.1665
3181	3181	3.49328
3182	3182	-1.277
3183	3183	2.17035
3184	3184	36.441
3185	3185	-0.578432
3186	3186	-32.7389
3187	3187	-7.89756
3188	3188	-14.1028
3189	3189	2.01876
3190	3190	-24.8216
3191	3191	-8.41465
3192	3192	3.63992
3193	3193	-7.18534
3194	3194	32.5586
3195	3195	-0.890156
3196	3196	8.41676
3197	3197	13.4772
3198	3198	18.5953
3199	3199	-0.683415
3200	3200	7.39393
3201	3201	10.9334
3202	3202	-38.5874
3203	3203	24.3423
3204	3204	22.6743
3205	3205	18.4179
3206	3206	21.2434
3207	3207	-7.51304
3208	3208	40.5984
3209	3209	12.5248
3210	3210	-22.8556
3211	3211	-7.59667
3212	3212	-21.5789
3213	3213	-34.5069
3214	3214	-5.36959
3215	3215	-13.9867
3216	3216	-12.6512
3217	3217	10.1649
3218	3218	-17.0928
3219	3219	6.99474
3220	3220	1.01679
3221	3221	11.1287
3222	3222	11.1347
3223	3223	1.47426
3224	3224	7.68291
3225	3225	-8.38658
3226	3226	-10.4445
3227	3227	1.19778
3228	3228	0.916748
3229	3229	-3.18242
3230	3230	1.92659
3231	3231	-5.32013
3232	3232	15.9852
3233	3233	28.4683
3234	3234	-8.72437
3235	3235	-36.6097
3236	3236	7.40663
3237	3237	9.56225
3238	3238	13.6751
3239	3239	14.4676
3240	3240	21.7239
3241	3241	-2.90082
3242	3242	-9.29854
3243	3243	8.40611
3244	3244	13.5352
3245	3245	18.5499
3246	3246	-7.59446
3247	3247	3.97689
3248	3248	13.3381
3249	3249	-12.0837
3250	3250	-13.8171
3251	3251	12.7481
3252	3252	13.0279
3253	3253	12.1294
3254	3254	7.29297
3255	3255	0.324542
3256	3256	16.4801
3257	3257	4.21255
3258	3258	-26.068
3259	3259	45.9754
3260	3260	17.7319
3261	3261	-15.5748
3262	3262	11.1589
3263	3263	-21.6241
3264	3264	-5.52718
3265	3265	6.34329
3266	3266	-2.47859
3267	3267	8.94704
3268	3268	-3.76916
3269	3269	-15.9341
3270	3270	40.5163
3271	3271	-8.71936
3272	3272	-6.29368
3273	3273	-5.51749
3274	3274	17.8203
3275	3275	-30.9998
3276	3276	17.5136
3277	3277	-5.84649
3278	3278	-0.223199
3279	3279	-22.0039
3280	3280	-4.69042
3281	3281	-15.0126
3282	3282	8.90866
3283	3283	-9.69819
3284	3284	-4.32967
3285	3285	-4.87829
3286	3286	-17.8824
3287	3287	-1.94109
3288	3288	29.8893
3289	3289	7.56691
3290	3290	19.5842
3291	3291	11.9384
3292	3292	-16.7802
3293	3293	-7.84684
3294	3294	-9.01547
3295	3295	1.23317
3296	3296	17.9674
3297	3297	8.09261
3298	3298	6.42319
3299	3299	-22.7791
3300	3300	13.0726
3301	3301	8.04975
3302	3302	-32.2497
3303	3303	-3.10678
3304	3304	-6.21261
3305	3305	-11.6121
3306	3306	8.11386
3307	3307	-33.4455
3308	3308	5.58449
3309	3309	6.32865
3310	3310	34.3067
3311	3311	15.9699
3312	3312	3.67511
3313	3313	-11.6506
3314	3314	8.82009
3315	3315	-14.3706
3316	3316	32.5635
3317	3317	-22.1735
3318	3318	19.7705
3319	3319	-22.0153
3320	3320	-15.037
3321	3321	-11.097
3322	3322	-21.3878
3323	3323	4.27568
3324	3324	12.6159
3325	3325	-5.62268
3326	3326	7.86044
3327	3327	-6.46504
3328	3328	16.316
3329	3329	-24.2417
3330	3330	-12.8804
3331	3331	7.78463
3332	3332	39.181
3333	3333	-14.2302
3334	3334	1.58396
3335	3335	-18.2756
3336	3336	6.36654
3337	3337	31.5774
3338	3338	-13.9848
3339	3339	11.0619
3340	3340	0.48044
3341	3341	-25.4235
3342	3342	-2.10092
3343	3343	3.43362
3344	3344	-7.37615
3345	3345	10.4385
3346	3346	-7.55617
3347	3347	-10.3081
3348	3348	12.6299
3349	3349	22.6938
3350	3350	-23.0785
3351	3351	-6.87465
3352	3352	12.6979
3353	3353	20.6984
3354	3354	-0.358711
3355	3355	12.8862
3356	3356	-21.1872
3357	3357	-1.07946
3358	3358	-5.39485
3359	3359	14.9045
3360	3360	-7.99274
3361	3361	-0.807736
3362	3362	9.95826
3363	3363	-37.0234
3364	3364	-7.70074
3365	3365	-28.3465
3366	3366	-0.799846
3367	3367	-19.1097
3368	3368	5.97567
3369	3369	9.37175
3370	3370	21.4269
3371	3371	-14.4869
3372	3372	-36.0536
3373	3373	2.15176
3374	3374	-4.94694
3375	3375	4.05659
3376	3376	12.9061
3377	3377	-0.944805
3378	3378	18.3135
3379	3379	28.8837
3380	3380	8.23377
3381	3381	9.06573
3382	3382	-25.286
3383	3383	-11.3188
3384	3384	-4.14059
3385	3385	-6.25937
3386	3386	13.9401
3387	3387	-12.8141
3388	3388	-18.5795
3389	3389	-11.9053
3390	3390	32.3374
3391	3391	-4.54351
3392	3392	-18.4398
3393	3393	-12.0618
3394	3394	-24.03
3395	3395	11.3312
3396	3396	-0.148156
3397	3397	2.86675
3398	3398	-44.5017
3399	3399	14.3007
3400	3400	9.20607
3401	3401	16.9371
3402	3402	-6.18174
3403	3403	9.70039
3404	3404	-11.0054
3405	3405	16.5355
3406	3406	-17.91
3407	3407	0.792252
3408	3408	27.1658
3409	3409	-13.7917
3410	3410	-9.36971
3411	3411	-11.9711
3412	3412	8.15692
3413	3413	29.4826
3414	3414	-18.4443
3415	3415	12.2615
3416	3416	4.88872
3417	3417	-10.4966
3418	3418	22.2016
3419	3419	-11.1699
3420	3420	1.54612
3421	3421	-6.07137
3422	3422	15.8666
3423	3423	4.38709
3424	3424	-4.09431
3425	3425	-4.74536
3426	3426	7.54627
3427	3427	27.295
3428	3428	30.8111
3429	3429	-11.5111
3430	3430	3.64353
3431	3431	4.82299
3432	3432	-11.7927
3433	3433	-36.6459
3434	3434	14.5446
3435	3435	6.9455
3436	3436	3.43844
3437	3437	-3.22371
3438	3438	-0.107424
3439	3439	-11.2954
3440	3440	19.7179
3441	3441	-11.9564
3442	3442	-15.6221
3443	3443	12.986
3444	3444	-2.76466
3445	3445	-4.01128
3446	3446	-8.56207
3447	3447	2.35488
3448	3448	-12.6593
3449	3449	3.82522
3450	3450	-7.44695
3451	3451	-31.1138
3452	3452	-21.6631
3453	3453	-11.1833
3454	3454	16.0113
3455	3455	20.4336
3456	3456	15.2168
3457	3457	13.574
3458	3458	-2.19535
3459	3459	-2.78891
3460	3460	-7.47981
3461	3461	-19.3255
3462	3462	-14.6269
3463	3463	5.73687
3464	3464	-20.9654
3465	3465	18.403
3466	3466	1.00217
3467	3467	31.0424
3468	3468	-6.67203
3469	3469	-37.3753
3470	3470	0.324452
3471	3471	-1.5866
3472	3472	23.2243
3473	3473	-2.33904
3474	3474	13.1893
3475	3475	8.49714
3476	3476	-0.111905
3477	3477	-1.88621
3478	3478	-10.7028
3479	3479	11.8519
3480	3480	-2.07034
3481	3481	27.2143
3482	3482	23.4969
3483	3483	-1.48156
3484	3484	-3.92277
3485	3485	-1.08886
3486	3486	17.4518
3487	3487	-7.36086
3488	3488	15.0413
3489	3489	26.4151
3490	3490	-25.3956
3491	3491	7.5955
3492	3492	-9.92647
3493	3493	-8.58991
3494	3494	13.9428
3495	3495	21.1436
3496	3496	-17.8827
3497	3497	10.7359
3498	3498	12.5704
3499	3499	18.5515
3500	3500	-13.2077
3501	3501	-16.0358
3502	3502	9.66027
3503	3503	-5.64349
3504	3504	-7.71973
3505	3505	10.2299
3506	3506	6.03159
3507	3507	7.31888
3508	3508	-14.0295
3509	3509	-9.23556
3510	3510	16.174
3511	3511	18.1286
3512	3512	-1.62983
3513	3513	21.6279
3514	3514	31.8149
3515	3515	-4.61739
3516	3516	3.74505
3517	3517	-5.28878
3518	3518	-12.3816
3519	3519	3.24323
3520	3520	-0.455218
3521	3521	15.384
3522	3522	-3.9906
3523	3523	-19.4483
3524	3524	8.0656
3525	3525	-22.7517
3526	3526	-21.2629
3527	3527	29.3623
3528	3528	-17.141
3529	3529	-11.5359
3530	3530	7.19303
3531	3531	-23.594
3532	3532	9.91491
3533	3533	-9.9178
3534	3534	-2.51431
3535	3535	18.4417
3536	3536	-3.64719
3537	3537	21.2364
3538	3538	-10.6819
3539	3539	0.319235
3540	3540	-25.1659
3541	3541	-7.86917
3542	3542	16.9139
3543	3543	28.2609
3544	3544	-42.4731
3545	3545	1.71633
3546	3546	7.89122
3547	3547	-26.3348
3548	3548	16.6875
3549	3549	-10.503
3550	3550	18.2166
3551	3551	6.82772
3552	3552	4.59119
3553	3553	8.82703
3554	3554	6.56661
3555	3555	25.7032
3556	3556	12.7787
3557	3557	24.6464
3558	3558	7.02889
3559	3559	54.0018
3560	3560	26.0146
3561	3561	3.1901
3562	3562	5.77924
3563	3563	12.2128
3564	3564	9.34882
3565	3565	-11.4219
3566	3566	-7.09639
3567	3567	13.6213
3568	3568	-18.7525
3569	3569	0.563126
3570	3570	-19.3472
3571	3571	-17.6012
3572	3572	-20.2839
3573	3573	-6.44765
3574	3574	-19.6307
3575	3575	-8.67597
3576	3576	20.6893
3577	3577	15.5391
3578	3578	40.3472
3579	3579	19.1569
3580	3580	18.0319
3581	3581	22.4545
3582	3582	-8.38999
3583	3583	-4.02204
3584	3584	4.59773
3585	3585	20.7435
3586	3586	5.80802
3587	3587	-24.0378
3588	3588	11.1606
3589	3589	-2.36904
3590	3590	-10.6704
3591	3591	-9.73105
3592	3592	6.00999
3593	3593	-16.2578
3594	3594	0.185013
3595	3595	7.15714
3596	3596	-5.65471
3597	3597	16.2004
3598	3598	27.1837
3599	3599	-2.89527
3600	3600	8.46582
3601	3601	0.758733
3602	3602	-21.9145
3603	3603	-19.6752
3604	3604	-27.2813
3605	3605	-10.4751
3606	3606	-0.604718
3607	3607	7.72814
3608	3608	-15.7801
3609	3609	13.6244
3610	3610	-6.51656
3611	3611	13.174
3612	3612	0.175645
3613	3613	15.1672
3614	3614	-18.159
3615	3615	-24.0506
3616	3616	11.2437
3617	3617	13.5397
3618	3618	12.0909
3619	3619	6.56815
3620	3620	-18.6573
3621	3621	9.83833
3622	3622	-33.0641
3623	3623	35.9506
3624	3624	-14.402
3625	3625	-4.31702
3626	3626	-31.2403
3627	3627	-16.2446
3628	3628	-1.60697
3629	3629	-9.44325
3630	3630	22.6964
3631	3631	-1.53212
3632	3632	-6.45308
3633	3633	-7.997
3634	3634	10.0346
3635	3635	6.9812
3636	3636	23.0519
3637	3637	27.0986
3638	3638	-21.9927
3639	3639	-6.38407
3640	3640	-0.334288
3641	3641	-11.4126
3642	3642	4.58216
3643	3643	-1.51305
3644	3644	5.72235
3645	3645	-18.102
3646	3646	-6.3453
3647	3647	-9.55495
3648	3648	1.44287
3649	3649	19.2801
3650	3650	-17.0659
3651	3651	7.8161
3652	3652	10.6942
3653	3653	0.921181
3654	3654	-6.02342
3655	3655	24.2136
3656	3656	0.6823
3657	3657	9.3358
3658	3658	-8.65731
3659	3659	-29.2064
3660	3660	-2.30135
3661	3661	22.6962
3662	3662	-8.32916
3663	3663	-19.0855
3664	3664	1.79256
3665	3665	-21.848
3666	3666	-32.7307
3667	3667	0.352317
3668	3668	5.93838
3669	3669	-16.3499
3670	3670	-13.3485
3671	3671	-21.3128
3672	3672	36.209
3673	3673	22.6736
3674	3674	21.64
3675	3675	3.43566
3676	3676	-2.9991
3677	3677	-10.5394
3678	3678	10.9059
3679	3679	-3.81246
3680	3680	-2.59336
3681	3681	18.9844
3682	3682	-27.5091
3683	3683	31.033
3684	3684	-9.74827
3685	3685	-14.1133
3686	3686	-8.25207
3687	3687	-0.765602
3688	3688	-11.4788
3689	3689	29.1445
3690	3690	35.9424
3691	3691	-32.5036
3692	3692	-12.6604
3693	3693	-0.75337
3694	3694	28.2047
3695	3695	4.26178
3696	3696	-0.341984
3697	3697	13.0472
3698	3698	11.8301
3699	3699	-7.16594
3700	3700	32.6329
3701	3701	-33.6257
3702	3702	20.3423
3703	3703	-4.50815
3704	3704	1.86295
3705	3705	23.361
3706	3706	-6.43809
3707	3707	-22.1403
3708	3708	-17.095
3709	3709	-21.7378
3710	3710	5.69439
3711	3711	5.7102
3712	3712	14.3093
3713	3713	-3.05899
3714	3714	-0.658794
3715	3715	-18.0571
3716	3716	6.62958
3717	3717	2.01764
3718	3718	-8.9575
3719	3719	13.1588
3720	3720	-11.6146
3721	3721	-47.2952
3722	3722	-10.2197
3723	3723	-11.6816
3724	3724	14.9309
3725	3725	-4.49054
3726	3726	-11.4114
3727	3727	-8.01472
3728	3728	-4.55332
3729	3729	25.009
3730	3730	9.27938
3731	3731	-21.4616
3732	3732	40.4251
3733	3733	-15.0277
3734	3734	-40.9241
3735	3735	7.39219
3736	3736	6.13578
3737	3737	2.28727
3738	3738	-25.8143
3739	3739	-17.6747
3740	3740	-8.60366
3741	3741	-17.6299
3742	3742	-11.1873
3743	3743	-2.46366
3744	3744	-17.7104
3745	3745	-21.3171
3746	3746	-13.3939
3747	3747	-14.7747
3748	3748	-22.5265
3749	3749	1.84453
3750	3750	-17.6855
3751	3751	-4.39093
3752	3752	6.79409
3753	3753	-2.69262
3754	3754	20.8448
3755	3755	25.341
3756	3756	0.989263
3757	3757	-17.0069
3758	3758	8.6085
3759	3759	16.1599
3760	3760	-0.761266
3761	3761	-9.32034
3762	3762	-15.4472
3763	3763	16.9047
3764	3764	4.78448
3765	3765	-8.95868
3766	3766	0.732411
3767	3767	-2.18676
3768	3768	20.3892
3769	3769	28.8502
3770	3770	-15.792
3771	3771	-4.98421
3772	3772	-3.4518
3773	3773	23.9806
3774	3774	-3.90513
3775	3775	37.2485
3776	3776	-27.5685
3777	3777	-20.9626
3778	3778	7.61749
3779	3779	11.567
3780	3780	4.10151
3781	3781	20.4435
3782	3782	-26.2029
3783	3783	-13.1266
3784	3784	14.596
3785	3785	2.05439
3786	3786	2.40667
3787	3787	-11.8272
3788	3788	8.47064
3789	3789	-5.87971
3790	3790	-36.5807
3791	3791	-27.3788
3792	3792	-23.4895
3793	3793	-10.7984
3794	3794	-0.475706
3795	3795	29.7098
3796	3796	34.8866
3797	3797	22.5198
3798	3798	8.43966
3799	3799	1.93921
3800	3800	0.441851
3801	3801	9.62512
3802	3802	37.1963
3803	3803	-8.34165
3804	3804	6.58324
3805	3805	23.599
3806	3806	3.96813
3807	3807	4.45789
3808	3808	-16.2714
3809	3809	9.11656
3810	3810	-29.2531
3811	3811	-8.35708
3812	3812	3.27875
3813	3813	3.4096
3814	3814	-21.0582
3815	3815	-7.60284
3816	3816	8.4053
3817	3817	-8.55348
3818	3818	-55.3751
3819	3819	4.0048
3820	3820	-14.9337
3821	3821	-6.55147
3822	3822	24.4514
3823	3823	7.78723
3824	3824	41.7857
3825	3825	-11.4499
3826	3826	16.8069
3827	3827	-10.5455
3828	3828	19.5523
3829	3829	20.291
3830	3830	-18.931
3831	3831	-27.3318
3832	3832	-5.5402
3833	3833	4.60318
3834	3834	-2.68509
3835	3835	-18.9849
3836	3836	-8.30248
3837	3837	13.1388
3838	3838	-8.08753
3839	3839	3.25826
3840	3840	6.05509
3841	3841	5.70045
3842	3842	2.57048
3843	3843	-0.22898
3844	3844	-18.2293
3845	3845	15.3822
3846	3846	-22.8125
3847	3847	-0.712282
3848	3848	-6.90729
3849	3849	26.5165
3850	3850	18.6153
3851	3851	-9.76861
3852	3852	2.67481
3853	3853	-1.74618
3854	3854	3.82545
3855	3855	-0.520739
3856	3856	-9.30256
3857	3857	27.0411
3858	3858	-13.6958
3859	3859	17.9465
3860	3860	41.0854
3861	3861	-15.0462
3862	3862	-2.37242
3863	3863	-6.02964
3864	3864	7.3023
3865	3865	35.951
3866	3866	0.18068
3867	3867	1.80465
3868	3868	-27.7677
3869	3869	0.962803
3870	3870	-3.66609
3871	3871	-15.6997
3872	3872	7.21585
3873	3873	8.19927
3874	3874	8.57346
3875	3875	-6.33016
3876	3876	13.0996
3877	3877	24.7966
3878	3878	29.7506
3879	3879	10.598
3880	3880	-1.45194
3881	3881	2.28583
3882	3882	28.917
3883	3883	-0.749601
3884	3884	42.8021
3885	3885	12.6988
3886	3886	-4.57004
3887	3887	-6.59459
3888	3888	4.52878
3889	3889	-1.97634
3890	3890	29.9205
3891	3891	-3.96111
3892	3892	9.67598
3893	3893	16.8813
3894	3894	-11.414
3895	3895	-0.607055
3896	3896	-5.67006
3897	3897	-7.5382
3898	3898	15.4971
3899	3899	-9.56088
3900	3900	14.7576
3901	3901	-1.29121
3902	3902	17.4879
3903	3903	1.08369
3904	3904	0.814212
3905	3905	-1.10252
3906	3906	-17.0628
3907	3907	-28.8172
3908	3908	46.852
3909	3909	-21.6069
3910	3910	-22.7624
3911	3911	-18.4966
3912	3912	-9.74349
3913	3913	-6.41981
3914	3914	-21.2277
3915	3915	-20.2422
3916	3916	-4.18627
3917	3917	-13.3879
3918	3918	0.53224
3919	3919	-22.8307
3920	3920	-17.6018
3921	3921	6.37717
3922	3922	0.85933
3923	3923	-8.42157
3924	3924	-36.068
3925	3925	4.56041
3926	3926	5.31753
3927	3927	-29.1373
3928	3928	18.7075
3929	3929	18.0423
3930	3930	-2.19619
3931	3931	20.3021
3932	3932	0.0776129
3933	3933	-8.58165
3934	3934	-13.3844
3935	3935	6.05595
3936	3936	12.2536
3937	3937	25.5287
3938	3938	-2.94903
3939	3939	22.3686
3940	3940	-31.5193
3941	3941	5.55243
3942	3942	34.1462
3943	3943	23.0769
3944	3944	-17.5771
3945	3945	-0.365445
3946	3946	-22.0448
3947	3947	-18.9822
3948	3948	20.6371
3949	3949	-3.70592
3950	3950	-12.248
3951	3951	-19.1646
3952	3952	-8.04159
3953	3953	-4.49918
3954	3954	-14.8289
3955	3955	-11.222
3956	3956	5.76025
3957	3957	-7.70065
3958	3958	4.90318
3959	3959	-3.36075
3960	3960	14.2924
3961	3961	4.90977
3962	3962	15.169
3963	3963	-12.0526
3964	3964	12.0455
3965	3965	-16.8544
3966	3966	0.952997
3967	3967	-12.0312
3968	3968	4.39218
3969	3969	-13.6892
3970	3970	1.20392
3971	3971	-26.924
3972	3972	18.7712
3973	3973	9.95981
3974	3974	-1.92618
3975	3975	19.8103
3976	3976	7.51422
3977	3977	5.85695
3978	3978	-12.1942
3979	3979	11.7635
3980	3980	13.3862
3981	3981	-24.7853
3982	3982	15.9162
3983	3983	-25.5861
3984	3984	8.61563
3985	3985	4.70603
3986	3986	-10.3149
3987	3987	22.9006
3988	3988	-17.0601
3989	3989	-15.4648
3990	3990	-32.9845
3991	3991	-3.49528
3992	3992	-15.5165
3993	3993	16.0251
3994	3994	-10.3818
3995	3995	-7.23331
3996	3996	-3.15566
3997	3997	-7.99849
3998	3998	13.8245
3999	3999	-26.7279
4000	4000	23.5919
4001	4001	-13.0135
4002	4002	10.3473
4003	4003	4.37566
4004	4004	5.00125
4005	4005	5.18153
4006	4006	-8.98177
4007	4007	0.80705
4008	4008	2.33544
4009	4009	-18.4197
4010	4010	-12.7689
4011	4011	2.92716
4012	4012	25.8323
4013	4013	31.6858
4014	4014	-12.763
4015	4015	-13.4536
4016	4016	-1.3219
4017	4017	5.12321
4018	4018	-12.5334
4019	4019	26.0337
4020	4020	4.68334
4021	4021	-7.25822
4022	4022	-3.21333
4023	4023	6.37951
4024	4024	-25.9104
4025	4025	-12.717
4026	4026	25.1089
4027	4027	-19.5014
4028	4028	-5.23454
4029	4029	26.1714
4030	4030	-25.3108
4031	4031	7.29787
4032	4032	10.7124
4033	4033	-20.7792
4034	4034	5.60833
4035	4035	15.0288
4036	4036	10.4465
4037	4037	-9.53201
4038	4038	13.7678
4039	4039	6.4752
4040	4040	-19.4044
4041	4041	-13.391
4042	4042	-5.67139
4043	4043	-14.946
4044	4044	11.4945
4045	4045	-25.5986
4046	4046	-24.9609
4047	4047	0.187322
4048	4048	-21.1309
4049	4049	-14.3608
4050	4050	-5.59267
4051	4051	22.6239
4052	4052	6.27833
4053	4053	9.82148
4054	4054	-2.15371
4055	4055	-6.2361
4056	4056	-16.81
4057	4057	-16.1666
4058	4058	-0.595277
4059	4059	-11.6753
4060	4060	-7.26911
4061	4061	20.7341
4062	4062	-5.82056
4063	4063	20.7023
4064	4064	7.45538
4065	4065	11.774
4066	4066	27.0572
4067	4067	34.8413
4068	4068	2.7972
4069	4069	-20.4425
4070	4070	26.4254
4071	4071	-13.3757
4072	4072	-5.11126
4073	4073	-0.488887
4074	4074	-12.0035
4075	4075	-15.1739
4076	4076	5.24492
4077	4077	26.7156
4078	4078	-27.3183
4079	4079	-18.0886
4080	4080	13.92
4081	4081	-16.3761
4082	4082	-12.6172
4083	4083	-5.20177
4084	4084	-0.228294
4085	4085	-18.0828
4086	4086	-9.18008
4087	4087	-7.55872
4088	4088	-17.1034
4089	4089	-4.29736
4090	4090	-7.1134
4091	4091	10.4311
4092	4092	34.2988
4093	4093	-19.8564
4094	4094	1.3245
4095	4095	1.24513
4096	4096	1.27958
4097	4097	28.7389
4098	4098	-16.2283
4099	4099	-10.0815
4100	4100	15.0662
4101	4101	14.8036
4102	4102	2.71106
4103	4103	-1.47817
4104	4104	0.487447
4105	4105	17.853
4106	4106	-9.61837
4107	4107	12.058
4108	4108	-0.113856
4109	4109	-26.9077
4110	4110	-1.43842
4111	4111	-13.8649
4112	4112	3.6935
4113	4113	0.39221
4114	4114	-27.7758
4115	4115	4.32984
4116	4116	-26.5379
4117	4117	20.7091
4118	4118	25.9339
4119	4119	24.0348
4120	4120	5.31138
4121	4121	18.4798
4122	4122	-2.46936
4123	4123	-9.15582
4124	4124	28.0697
4125	4125	7.87893
4126	4126	4.98139
4127	4127	23.3697
4128	4128	23.1251
4129	4129	1.75723
4130	4130	-17.2216
4131	4131	0.558496
4132	4132	29.8761
4133	4133	0.447191
4134	4134	2.9006
4135	4135	25.1521
4136	4136	5.87238
4137	4137	-0.128765
4138	4138	14.6011
4139	4139	18.6513
4140	4140	-14.4449
4141	4141	29.0009
4142	4142	13.2149
4143	4143	-8.29845
4144	4144	-14.5251
4145	4145	3.5739
4146	4146	-2.32223
4147	4147	0.0856987
4148	4148	-8.77207
4149	4149	20.1214
4150	4150	11.2268
4151	4151	-0.342762
4152	4152	0.0873805
4153	4153	13.5607
4154	4154	13.3508
4155	4155	-17.5147
4156	4156	19.7263
4157	4157	-26.8918
4158	4158	22.9689
4159	4159	-4.45856
4160	4160	7.43129
4161	4161	-18.5801
4162	4162	-11.8309
4163	4163	-20.4752
4164	4164	-2.24338
4165	4165	-15.1301
4166	4166	-2.56562
4167	4167	33.3558
4168	4168	-13.6485
4169	4169	24.0512
4170	4170	-7.93661
4171	4171	0.455201
4172	4172	-15.5924
4173	4173	20.3091
4174	4174	8.71096
4175	4175	-7.04259
4176	4176	18.5563
4177	4177	-12.5031
4178	4178	10.9189
4179	4179	-21.4761
4180	4180	-40.5196
4181	4181	-0.465391
4182	4182	-20.4937
4183	4183	12.8017
4184	4184	-6.42684
4185	4185	-13.8914
4186	4186	13.4399
4187	4187	-6.44993
4188	4188	8.91939
4189	4189	0.404405
4190	4190	0.48086
4191	4191	14.4581
4192	4192	-15.5071
4193	4193	6.23415
4194	4194	16.236
4195	4195	11.9365
4196	4196	16.1723
4197	4197	22.8732
4198	4198	15.4592
4199	4199	23.1903
4200	4200	27.6853
4201	4201	-4.90291
4202	4202	10.3737
4203	4203	-23.064
4204	4204	45.7793
4205	4205	2.88767
4206	4206	22.7424
4207	4207	-8.98685
4208	4208	3.51061
4209	4209	-9.40069
4210	4210	-10.6479
4211	4211	-0.465154
4212	4212	-34.8111
4213	4213	-21.8967
4214	4214	-10.7763
4215	4215	-16.7207
4216	4216	7.32484
4217	4217	2.47458
4218	4218	-9.53206
4219	4219	-19.1026
4220	4220	17.7648
4221	4221	-7.8331
4222	4222	-17.0563
4223	4223	3.6662
4224	4224	-0.419882
4225	4225	18.3898
4226	4226	24.6811
4227	4227	-14.9355
4228	4228	1.73771
4229	4229	-24.3118
4230	4230	-13.8031
4231	4231	7.04513
4232	4232	1.246
4233	4233	27.5387
4234	4234	7.34176
4235	4235	-10.3025
4236	4236	-6.88913
4237	4237	-7.25635
4238	4238	8.53642
4239	4239	2.27473
4240	4240	-2.24453
4241	4241	-29.0536
4242	4242	-14.6646
4243	4243	0.120848
4244	4244	2.58406
4245	4245	-31.5622
4246	4246	7.38534
4247	4247	-12.3076
4248	4248	13.4164
4249	4249	-2.62954
4250	4250	-5.49879
4251	4251	-5.91977
4252	4252	-2.91514
4253	4253	-30.8558
4254	4254	5.44349
4255	4255	11.1776
4256	4256	20.8141
4257	4257	8.55297
4258	4258	-9.95805
4259	4259	10.8243
4260	4260	7.46902
4261	4261	-5.76353
4262	4262	-19.2009
4263	4263	17.0787
4264	4264	-1.90687
4265	4265	1.72512
4266	4266	16.5289
4267	4267	-8.25402
4268	4268	3.56396
4269	4269	-2.26143
4270	4270	10.8509
4271	4271	4.97858
4272	4272	-2.34144
4273	4273	25.3726
4274	4274	14.6593
4275	4275	10.1624
4276	4276	8.58104
4277	4277	13.9819
4278	4278	-17.8568
4279	4279	6.16453
4280	4280	21.6018
4281	4281	22.3156
4282	4282	-21.2884
4283	4283	-24.765
4284	4284	-18.2487
4285	4285	2.04742
4286	4286	8.62481
4287	4287	-26.9106
4288	4288	19.4789
4289	4289	-25.5394
4290	4290	-2.77198
4291	4291	8.16303
4292	4292	-9.09932
4293	4293	15.5703
4294	4294	18.7782
4295	4295	-0.8577
4296	4296	-16.0389
4297	4297	-0.576358
4298	4298	-0.346016
4299	4299	-19.3353
4300	4300	-16.8928
4301	4301	-10.5044
4302	4302	19.1771
4303	4303	24.6585
4304	4304	-11.5222
4305	4305	9.9772
4306	4306	3.07004
4307	4307	23.2703
4308	4308	-30.2346
4309	4309	16.2906
4310	4310	24.7575
4311	4311	-2.82283
4312	4312	18.5981
4313	4313	-27.7231
4314	4314	3.75152
4315	4315	-7.14326
4316	4316	-8.9331
4317	4317	-4.45685
4318	4318	-20.3053
4319	4319	8.81376
4320	4320	-11.2789
4321	4321	2.63876
4322	4322	13.635
4323	4323	1.18988
4324	4324	6.75817
4325	4325	5.30688
4326	4326	9.406
4327	4327	11.9151
4328	4328	12.231
4329	4329	22.3261
4330	4330	-23.4539
4331	4331	-0.965217
4332	4332	16.0283
4333	4333	24.3712
4334	4334	11.114
4335	4335	-5.95971
4336	4336	0.164804
4337	4337	3.38847
4338	4338	-11.3919
4339	4339	6.59177
4340	4340	33.9994
4341	4341	-12.5945
4342	4342	-16.7587
4343	4343	-6.38604
4344	4344	-3.43776
4345	4345	-3.20736
4346	4346	-29.7588
4347	4347	-29.014
4348	4348	-0.536435
4349	4349	22.1016
4350	4350	-19.9211
4351	4351	27.8264
4352	4352	-12.192
4353	4353	-30.6726
4354	4354	9.90913
4355	4355	2.29136
4356	4356	23.4945
4357	4357	5.25191
4358	4358	19.4679
4359	4359	14.961
4360	4360	-8.33286
4361	4361	-19.6369
4362	4362	-0.567092
4363	4363	-12.5968
4364	4364	7.90971
4365	4365	4.56693
4366	4366	4.42739
4367	4367	11.7725
4368	4368	-6.22872
4369	4369	-8.55307
4370	4370	7.78073
4371	4371	-19.0179
4372	4372	-15.0789
4373	4373	14.1137
4374	4374	-18.2538
4375	4375	-15.5033
4376	4376	-16.9293
4377	4377	-6.19223
4378	4378	5.52592
4379	4379	-22.7812
4380	4380	-20.0601
4381	4381	-5.2394
4382	4382	-21.262
4383	4383	20.522
4384	4384	-27.8783
4385	4385	-8.60672
4386	4386	-10.7449
4387	4387	2.94672
4388	4388	-8.40294
4389	4389	-6.34454
4390	4390	-25.1624
4391	4391	3.53027
4392	4392	-10.2213
4393	4393	11.9686
4394	4394	14.4418
4395	4395	-12.9236
4396	4396	14.6395
4397	4397	-5.51902
4398	4398	4.75105
4399	4399	-19.3978
4400	4400	-2.21517
4401	4401	-11.3172
4402	4402	12.8499
4403	4403	-8.02707
4404	4404	-11.6772
4405	4405	7.46786
4406	4406	1.0506
4407	4407	14.8061
4408	4408	3.41354
4409	4409	14.0384
4410	4410	-0.360251
4411	4411	-7.3732
4412	4412	5.064
4413	4413	-14.7943
4414	4414	18.0411
4415	4415	-1.38665
4416	4416	-24.3428
4417	4417	-27.9383
4418	4418	-21.9637
4419	4419	6.43304
4420	4420	-10.3356
4421	4421	31.7768
4422	4422	8.08986
4423	4423	-39.461
4424	4424	34.2002
4425	4425	35.3725
4426	4426	-4.84752
4427	4427	24.8671
4428	4428	-3.04732
4429	4429	20.4729
4430	4430	-2.32027
4431	4431	33.6814
4432	4432	6.509
4433	4433	3.91819
4434	4434	-18.666
4435	4435	-20.9103
4436	4436	-9.3445
4437	4437	-0.464977
4438	4438	18.0689
4439	4439	19.157
4440	4440	8.58173
4441	4441	-4.69292
4442	4442	-34.4088
4443	4443	4.79723
4444	4444	17.68
4445	4445	15.7131
4446	4446	-8.27536
4447	4447	30.5605
4448	4448	-25.6296
4449	4449	35.1063
4450	4450	-27.3955
4451	4451	-7.86326
4452	4452	-5.94543
4453	4453	-27.4609
4454	4454	-16.2946
4455	4455	-3.50148
4456	4456	20.034
4457	4457	-6.32275
4458	4458	-1.1465
4459	4459	-23.3027
4460	4460	-39.5528
4461	4461	-21.1049
4462	4462	-12.0618
4463	4463	-42.1393
4464	4464	0.757026
4465	4465	-0.842826
4466	4466	0.188034
4467	4467	9.3169
4468	4468	-28.3376
4469	4469	-14.3575
4470	4470	-3.71927
4471	4471	-7.43866
4472	4472	-10.3872
4473	4473	-24.0046
4474	4474	17.8889
4475	4475	8.32972
4476	4476	-17.5125
4477	4477	9.10645
4478	4478	-21.9536
4479	4479	-14.8372
4480	4480	11.9769
4481	4481	4.72806
4482	4482	39.7025
4483	4483	-0.395596
4484	4484	11.4393
4485	4485	-17.4808
4486	4486	-19.5413
4487	4487	24.0686
4488	4488	-11.3751
4489	4489	-14.8556
4490	4490	-7.96603
4491	4491	-4.44639
4492	4492	1.25981
4493	4493	1.03433
4494	4494	-7.83966
4495	4495	-7.79982
4496	4496	13.2552
4497	4497	-4.23801
4498	4498	17.073
4499	4499	-16.3394
4500	4500	17.0324
4501	4501	1.64987
4502	4502	8.26455
4503	4503	-10.7438
4504	4504	12.0223
4505	4505	3.08527
4506	4506	7.20914
4507	4507	-12.4073
4508	4508	-8.35975
4509	4509	-7.85191
4510	4510	0.715004
4511	4511	-29.7987
4512	4512	-20.519
4513	4513	-16.0708
4514	4514	18.9299
4515	4515	26.5938
4516	4516	9.67039
4517	4517	17.1782
4518	4518	-11.4992
4519	4519	19.209
4520	4520	15.9887
4521	4521	-9.08664
4522	4522	3.63464
4523	4523	7.92688
4524	4524	24.0567
4525	4525	-6.20939
4526	4526	-3.70483
4527	4527	-7.43102
4528	4528	4.33984
4529	4529	19.7005
4530	4530	2.11089
4531	4531	-26.044
4532	4532	-20.7633
4533	4533	7.32295
4534	4534	6.85136
4535	4535	4.50293
4536	4536	-22.3724
4537	4537	4.60841
4538	4538	-12.9522
4539	4539	27.4287
4540	4540	3.32528
4541	4541	-15.6995
4542	4542	4.62119
4543	4543	-0.822651
4544	4544	23.6416
4545	4545	17.2103
4546	4546	-9.07634
4547	4547	4.72644
4548	4548	16.6266
4549	4549	-25.6635
4550	4550	13.5051
4551	4551	-8.06833
4552	4552	3.659
4553	4553	10.5414
4554	4554	-16.187
4555	4555	21.7101
4556	4556	8.05376
4557	4557	10.9382
4558	4558	3.81376
4559	4559	-18.9444
4560	4560	8.13004
4561	4561	7.62044
4562	4562	-11.9195
4563	4563	-12.1673
4564	4564	-8.10081
4565	4565	-28.5005
4566	4566	11.8702
4567	4567	21.2401
4568	4568	0.332715
4569	4569	29.9434
4570	4570	7.8758
4571	4571	-14.1965
4572	4572	6.89825
4573	4573	8.9779
4574	4574	-27.6
4575	4575	-0.56722
4576	4576	5.15491
4577	4577	-2.69289
4578	4578	2.51448
4579	4579	3.61712
4580	4580	-12.982
4581	4581	-5.40498
4582	4582	24.2932
4583	4583	-3.34617
4584	4584	-13.8212
4585	4585	-18.6143
4586	4586	-10.8394
4587	4587	16.844
4588	4588	4.6465
4589	4589	-19.3519
4590	4590	-17.8387
4591	4591	6.86963
4592	4592	22.1748
4593	4593	20.8373
4594	4594	12.1221
4595	4595	8.58423
4596	4596	0.75948
4597	4597	-11.2997
4598	4598	-6.68739
4599	4599	-6.04375
4600	4600	-1.78797
4601	4601	-2.03885
4602	4602	15.8163
4603	4603	-24.3284
4604	4604	12.6265
4605	4605	-12.688
4606	4606	26.7858
4607	4607	1.41304
4608	4608	-9.24409
4609	4609	7.09704
4610	4610	9.0091
4611	4611	-10.9556
4612	4612	-12.2561
4613	4613	10.1095
4614	4614	-6.48023
4615	4615	-33.3115
4616	4616	-13.3587
4617	4617	20.7326
4618	4618	3.69092
4619	4619	-7.33274
4620	4620	-4.88777
4621	4621	-7.40628
4622	4622	4.19643
4623	4623	31.5309
4624	4624	12.8049
4625	4625	-10.6627
4626	4626	-12.5281
4627	4627	16.5372
4628	4628	-20.2653
4629	4629	9.24232
4630	4630	-3.8332
4631	4631	3.56529
4632	4632	21.0414
4633	4633	-28.0868
4634	4634	24.0018
4635	4635	3.51285
4636	4636	13.19
4637	4637	-11.5775
4638	4638	25.7778
4639	4639	-7.55205
4640	4640	-8.2919
4641	4641	3.34666
4642	4642	11.636
4643	4643	-5.99131
4644	4644	-23.463
4645	4645	18.2629
4646	4646	-34.7182
4647	4647	0.542235
4648	4648	-18.2301
4649	4649	-18.1548
4650	4650	6.17708
4651	4651	2.32363
4652	4652	16.1649
4653	4653	6.12145
4654	4654	19.5575
4655	4655	-20.6693
4656	4656	28.1947
4657	4657	-24.1648
4658	4658	19.9879
4659	4659	-11.3748
4660	4660	-24.5897
4661	4661	-6.23116
4662	4662	-6.07846
4663	4663	-4.54139
4664	4664	-6.38277
4665	4665	15.933
4666	4666	-6.11777
4667	4667	-2.42115
4668	4668	0.567289
4669	4669	-4.37512
4670	4670	3.83331
4671	4671	32.7313
4672	4672	-0.845382
4673	4673	-5.26871
4674	4674	16.4101
4675	4675	-7.60964
4676	4676	23.4773
4677	4677	-4.12233
4678	4678	-4.7283
4679	4679	3.90214
4680	4680	-11.3624
4681	4681	-2.02261
4682	4682	-36.8922
4683	4683	-6.18894
4684	4684	-21.0084
4685	4685	7.63072
4686	4686	-3.39807
4687	4687	-4.60529
4688	4688	22.6482
4689	4689	9.36546
4690	4690	18.8999
4691	4691	-6.48741
4692	4692	-17.5978
4693	4693	32.9879
4694	4694	11.3652
4695	4695	-20.6542
4696	4696	20.5195
4697	4697	8.64862
4698	4698	-1.43366
4699	4699	19.4733
4700	4700	3.23671
4701	4701	-8.31117
4702	4702	-20.0533
4703	4703	-4.09947
4704	4704	-9.34922
4705	4705	3.03053
4706	4706	8.51086
4707	4707	15.7223
4708	4708	-12.4514
4709	4709	1.00261
4710	4710	-0.0415249
4711	4711	-24.64
4712	4712	-25.7838
4713	4713	-1.4362
4714	4714	-16.6117
4715	4715	-11.8512
4716	4716	24.5425
4717	4717	19.172
4718	4718	33.3538
4719	4719	-24.7601
4720	4720	-2.87114
4721	4721	-1.56148
4722	4722	-22.2571
4723	4723	-55.7213
4724	4724	10.5369
4725	4725	31.1411
4726	4726	-8.4355
4727	4727	6.07418
4728	4728	-13.3219
4729	4729	-18.7773
4730	4730	-15.4716
4731	4731	-10.5639
4732	4732	32.9105
4733	4733	-13.4013
4734	4734	-13.2454
4735	4735	-2.07407
4736	4736	10.6175
4737	4737	-4.34746
4738	4738	13.3601
4739	4739	-31.1861
4740	4740	-14.155
4741	4741	14.9937
4742	4742	-32.8202
4743	4743	18.135
4744	4744	-0.53139
4745	4745	8.64637
4746	4746	12.8882
4747	4747	-16.6322
4748	4748	46.8209
4749	4749	-20.267
4750	4750	-22.4597
4751	4751	-16.6602
4752	4752	6.94696
4753	4753	-14.7844
4754	4754	33.6056
4755	4755	1.97422
4756	4756	8.87073
4757	4757	21.4024
4758	4758	-3.30678
4759	4759	-8.02306
4760	4760	-20.1938
4761	4761	-15.2444
4762	4762	10.1578
4763	4763	12.891
4764	4764	-23.2995
4765	4765	22.9417
4766	4766	6.97109
4767	4767	-0.687289
4768	4768	-27.8575
4769	4769	-7.8645
4770	4770	-7.7881
4771	4771	2.57848
4772	4772	-7.89717
4773	4773	4.04812
4774	4774	-10.6435
4775	4775	20.2334
4776	4776	20.8728
4777	4777	-8.70633
4778	4778	0.200912
4779	4779	-2.48469
4780	4780	4.66786
4781	4781	-1.89034
4782	4782	5.92775
4783	4783	-2.8193
4784	4784	7.72413
4785	4785	-0.0234096
4786	4786	-1.09357
4787	4787	8.38839
4788	4788	-23.4642
4789	4789	-13.4853
4790	4790	-10.5447
4791	4791	7.81724
4792	4792	-15.3558
4793	4793	13.6923
4794	4794	2.38861
4795	4795	-17.605
4796	4796	-0.905659
4797	4797	-9.05681
4798	4798	-22.5078
4799	4799	19.0423
