variant	af	filter-pvalue	lrt-pvalue	beta	beta-std-err	variant_h2	notes
EW033_RS00085	2.92E-01	2.53E-02	2.86E-02	3.04E-01	1.38E-01	1.11E-01	
EW033_RS00135	2.07E-02	2.25E-02	1.32E-01	5.10E-01	3.38E-01	7.67E-02	
EW033_RS00630	1.55E-02	7.79E-01	3.56E-01	-3.64E-01	3.94E-01	4.71E-02	
EW033_RS00650	6.72E-02	9.11E-05	1.83E-01	4.25E-01	3.18E-01	6.79E-02	
EW033_RS00655	1.29E-02	1.56E-02	1.03E-01	8.86E-01	5.41E-01	8.31E-02	
EW033_RS00675	1.81E-02	7.71E-02	2.36E-02	7.53E-01	3.31E-01	1.15E-01	
EW033_RS00690	1.55E-02	2.03E-01	5.03E-02	-8.17E-01	4.16E-01	9.96E-02	
EW033_RS00740	4.65E-01	1.14E-02	2.95E-01	4.47E-01	4.26E-01	5.34E-02	
EW033_RS00770	1.03E-02	3.08E-01	6.26E-01	2.18E-01	4.47E-01	2.49E-02	
EW033_RS00785	9.30E-02	1.63E-08	4.12E-02	-1.03E+00	5.03E-01	1.04E-01	
EW033_RS00790	9.04E-02	3.19E-08	1.25E-01	-9.87E-01	6.41E-01	7.82E-02	
EW033_RS00795	1.55E-02	5.07E-01	5.47E-01	2.53E-01	4.20E-01	3.07E-02	
EW033_RS00800	2.07E-02	5.44E-02	1.57E-01	-7.95E-01	5.60E-01	7.22E-02	
EW033_RS00840	1.03E-02	4.75E-02	1.22E-01	-8.65E-01	5.59E-01	7.87E-02	
EW033_RS00895	1.55E-02	5.30E-07	9.55E-02	6.23E-01	3.73E-01	8.49E-02	
EW033_RS00910	4.91E-02	3.55E-02	6.80E-01	9.89E-02	2.40E-01	2.10E-02	
EW033_RS01025	1.81E-02	5.62E-01	7.38E-01	-1.15E-01	3.44E-01	1.71E-02	
EW033_RS01030	8.53E-02	2.22E-06	5.66E-01	2.12E-01	3.69E-01	2.92E-02	
EW033_RS01040	1.55E-02	2.01E-01	1.98E-01	4.63E-01	3.59E-01	6.55E-02	
EW033_RS01045	1.63E-01	6.04E-01	8.94E-02	2.82E-01	1.66E-01	8.65E-02	
EW033_RS01050	6.20E-02	5.03E-01	2.04E-01	-3.59E-01	2.82E-01	6.47E-02	
EW033_RS01080	1.81E-02	7.26E-01	5.60E-01	2.30E-01	3.94E-01	2.97E-02	
EW033_RS01085	1.06E-01	3.46E-06	3.77E-01	3.63E-01	4.10E-01	4.51E-02	
EW033_RS01100	3.10E-02	5.26E-06	4.90E-05	1.40E+00	3.42E-01	2.05E-01	
EW033_RS01105	1.03E-02	4.18E-05	8.49E-03	-1.14E+00	4.32E-01	1.34E-01	
EW033_RS01115	4.13E-02	4.64E-01	7.94E-01	-5.93E-02	2.27E-01	1.33E-02	
EW033_RS01135	1.03E-02	3.12E-02	3.89E-02	9.05E-01	4.37E-01	1.05E-01	
EW033_RS01145	1.55E-02	1.92E-01	3.44E-01	-3.49E-01	3.68E-01	4.83E-02	
EW033_RS01150	3.62E-02	5.07E-01	3.76E-01	-2.32E-01	2.62E-01	4.52E-02	
EW033_RS01155	1.03E-02	5.06E-02	3.70E-01	4.01E-01	4.46E-01	4.57E-02	
EW033_RS01165	1.81E-02	5.80E-01	7.02E-01	-1.48E-01	3.87E-01	1.95E-02	
EW033_RS01175	1.03E-02	3.74E-01	8.91E-02	-9.37E-01	5.50E-01	8.65E-02	
EW033_RS01265	1.29E-02	2.67E-01	3.68E-01	-7.48E-01	8.31E-01	4.59E-02	
EW033_RS01305	1.03E-02	8.78E-02	9.39E-01	5.07E-02	6.63E-01	3.90E-03	
EW033_RS01330	1.03E-01	1.17E-05	6.03E-01	1.77E-01	3.41E-01	2.65E-02	
EW033_RS01345	1.42E-01	3.22E-01	3.20E-02	3.97E-01	1.85E-01	1.09E-01	
EW033_RS01355	3.13E-01	5.33E-06	9.40E-01	2.03E-02	2.69E-01	3.84E-03	
EW033_RS01360	6.20E-02	3.37E-01	3.83E-03	-7.51E-01	2.58E-01	1.47E-01	
EW033_RS01390	1.19E-01	3.14E-01	7.28E-01	-5.79E-02	1.66E-01	1.78E-02	
EW033_RS01435	2.69E-01	1.80E-03	1.13E-01	2.11E-01	1.33E-01	8.06E-02	
EW033_RS01500	9.30E-02	2.14E-07	2.77E-01	-7.06E-01	6.48E-01	5.54E-02	
EW033_RS01535	1.81E-02	7.44E-01	5.06E-02	-7.09E-01	3.62E-01	9.94E-02	
EW033_RS01555	1.03E-02	2.72E-02	1.10E-01	-7.06E-01	4.40E-01	8.14E-02	
EW033_RS01560	3.88E-02	6.66E-03	8.22E-01	-6.38E-02	2.83E-01	1.15E-02	
EW033_RS01575	9.90E-01	3.60E-01	3.32E-01	-4.23E-01	4.35E-01	4.95E-02	
EW033_RS01590	1.03E-02	8.55E-01	5.20E-01	-3.07E-01	4.77E-01	3.28E-02	
EW033_RS01595	1.55E-02	5.36E-01	8.03E-01	9.52E-02	3.81E-01	1.27E-02	
EW033_RS01690	6.59E-01	1.33E-08	9.82E-01	-7.09E-03	3.22E-01	1.12E-03	
EW033_RS01695	1.03E-02	5.38E-01	7.83E-01	1.38E-01	5.02E-01	1.41E-02	
EW033_RS01700	1.03E-02	5.49E-01	4.34E-01	-3.54E-01	4.52E-01	3.99E-02	
EW033_RS01720	1.96E-01	6.47E-01	7.33E-01	1.10E-01	3.21E-01	1.74E-02	
EW033_RS01725	1.03E-02	9.97E-02	2.78E-01	5.48E-01	5.04E-01	5.53E-02	
EW033_RS01730	8.53E-02	6.92E-04	5.94E-01	4.76E-01	8.94E-01	2.71E-02	
EW033_RS01735	5.17E-02	9.26E-04	6.65E-01	2.31E-01	5.33E-01	2.20E-02	
EW033_RS01750	1.03E-02	5.19E-02	6.46E-01	3.02E-01	6.58E-01	2.34E-02	
EW033_RS01755	6.20E-02	1.36E-03	8.94E-01	4.14E-02	3.10E-01	6.80E-03	
EW033_RS01760	1.81E-02	9.06E-02	4.13E-01	-3.12E-01	3.81E-01	4.17E-02	
EW033_RS01785	1.29E-02	1.42E-02	2.62E-01	4.50E-01	4.00E-01	5.72E-02	
EW033_RS01790	7.98E-01	1.29E-12	7.91E-03	5.00E-01	1.87E-01	1.35E-01	
EW033_RS02125	4.70E-01	8.30E-03	2.39E-01	4.43E-01	3.76E-01	6.00E-02	
EW033_RS02130	2.84E-02	3.32E-04	8.64E-03	9.32E-01	3.53E-01	1.33E-01	
EW033_RS02135	8.53E-02	6.92E-04	5.94E-01	4.76E-01	8.94E-01	2.71E-02	
EW033_RS02200	3.62E-02	1.58E-01	2.17E-01	-6.87E-01	5.56E-01	6.29E-02	
EW033_RS02210	4.13E-02	5.24E-02	8.37E-01	1.28E-01	6.22E-01	1.05E-02	
EW033_RS02220	8.27E-02	1.62E-01	9.97E-01	-2.07E-03	5.90E-01	1.79E-04	
EW033_RS02240	7.93E-01	4.49E-12	5.75E-03	4.99E-01	1.80E-01	1.40E-01	
EW033_RS02245	8.79E-02	1.73E-08	9.70E-02	-1.31E+00	7.86E-01	8.45E-02	
EW033_RS02250	9.30E-02	2.17E-01	6.99E-01	-1.80E-01	4.66E-01	1.97E-02	
EW033_RS02255	2.17E-01	1.04E-04	4.05E-01	2.40E-01	2.88E-01	4.25E-02	
EW033_RS02325	2.07E-01	4.82E-01	9.99E-01	3.17E-04	3.22E-01	5.02E-05	
EW033_RS02380	5.48E-01	6.90E-04	7.81E-01	-7.07E-02	2.54E-01	1.42E-02	
EW033_RS02385	4.86E-01	1.24E-04	5.70E-01	1.69E-01	2.97E-01	2.90E-02	
EW033_RS02390	9.82E-02	6.49E-03	4.11E-02	-7.11E-01	3.47E-01	1.04E-01	
EW033_RS02395	9.82E-02	7.23E-03	4.68E-01	2.78E-01	3.82E-01	3.70E-02	
EW033_RS02410	2.12E-01	1.04E-02	5.57E-01	-2.54E-01	4.32E-01	3.00E-02	
EW033_RS02415	1.16E-01	2.76E-05	3.82E-01	-4.12E-01	4.71E-01	4.46E-02	
EW033_RS02425	2.33E-02	2.28E-01	3.21E-01	-4.50E-01	4.53E-01	5.06E-02	
EW033_RS02435	1.81E-02	8.29E-01	7.90E-01	-1.33E-01	4.99E-01	1.36E-02	
EW033_RS02455	3.36E-02	3.78E-02	3.15E-01	5.91E-01	5.88E-01	5.12E-02	
EW033_RS02460	4.57E-01	8.56E-04	8.76E-01	-4.94E-02	3.17E-01	7.95E-03	
EW033_RS02465	2.20E-01	3.48E-04	6.53E-01	1.28E-01	2.85E-01	2.29E-02	
EW033_RS02700	2.58E-02	1.34E-01	4.90E-01	-2.07E-01	2.99E-01	3.52E-02	
EW033_RS02710	1.06E-01	1.96E-02	5.93E-01	-9.57E-02	1.79E-01	2.72E-02	
EW033_RS02760	8.01E-02	1.97E-02	7.37E-01	1.04E-01	3.09E-01	1.71E-02	
EW033_RS02765	1.55E-02	1.63E-01	6.73E-01	1.55E-01	3.67E-01	2.15E-02	
EW033_RS02770	3.80E-01	8.76E-02	8.32E-01	4.63E-02	2.18E-01	1.08E-02	
EW033_RS02815	2.84E-02	6.85E-01	1.31E-01	-4.61E-01	3.05E-01	7.69E-02	
EW033_RS02820	1.29E-02	3.67E-01	7.22E-01	-1.48E-01	4.15E-01	1.82E-02	
EW033_RS02830	4.65E-02	4.15E-03	7.09E-01	1.86E-01	4.98E-01	1.90E-02	
EW033_RS02835	1.16E-01	3.78E-04	9.26E-01	-3.22E-02	3.46E-01	4.74E-03	
EW033_RS02840	1.03E-02	4.62E-01	7.16E-01	1.61E-01	4.41E-01	1.86E-02	
EW033_RS02870	1.03E-02	7.94E-02	1.08E-01	-8.01E-01	4.97E-01	8.18E-02	
EW033_RS02880	1.55E-02	4.93E-01	6.10E-01	1.96E-01	3.83E-01	2.60E-02	
EW033_RS02895	1.37E-01	1.68E-04	9.79E-01	-6.97E-03	2.63E-01	1.35E-03	
EW033_RS02905	5.53E-01	4.34E-08	1.81E-01	4.60E-01	3.43E-01	6.81E-02	
EW033_RS02910	5.53E-01	4.34E-08	1.81E-01	4.60E-01	3.43E-01	6.81E-02	
EW033_RS02915	4.65E-02	8.10E-03	9.93E-01	-2.12E-03	2.48E-01	4.36E-04	
EW033_RS02965	1.03E-02	6.39E-01	7.85E-01	-1.22E-01	4.46E-01	1.39E-02	
EW033_RS03000	9.82E-02	9.22E-05	3.81E-01	4.64E-01	5.29E-01	4.47E-02	
EW033_RS03025	4.73E-01	4.99E-02	3.10E-01	-2.88E-01	2.83E-01	5.17E-02	
EW033_RS03030	2.84E-02	4.66E-02	5.31E-01	2.59E-01	4.13E-01	3.19E-02	
EW033_RS03110	6.46E-02	6.47E-01	4.03E-01	-3.54E-01	4.23E-01	4.26E-02	
EW033_RS03140	3.88E-02	7.26E-01	5.81E-01	-2.85E-01	5.16E-01	2.81E-02	
EW033_RS03170	1.29E-02	1.08E-01	1.08E-02	-1.07E+00	4.17E-01	1.29E-01	
EW033_RS03180	3.62E-02	4.34E-02	8.69E-01	5.42E-02	3.28E-01	8.41E-03	
EW033_RS03325	2.58E-02	5.43E-01	5.17E-02	-6.62E-01	3.39E-01	9.90E-02	
EW033_RS03400	1.55E-02	4.18E-01	4.64E-01	-4.45E-01	6.06E-01	3.74E-02	
EW033_RS03425	4.39E-02	7.67E-01	1.23E-01	-5.07E-01	3.28E-01	7.86E-02	
EW033_RS03485	2.07E-02	3.33E-01	1.97E-03	-1.05E+00	3.36E-01	1.57E-01	
EW033_RS03490	7.75E-02	1.40E-01	3.94E-01	5.15E-01	6.04E-01	4.35E-02	
EW033_RS03500	1.50E-01	5.52E-02	3.77E-01	1.59E-01	1.80E-01	4.50E-02	
EW033_RS03510	4.13E-02	1.54E-01	1.95E-01	-6.09E-01	4.69E-01	6.60E-02	
EW033_RS03555	2.82E-01	7.56E-01	5.94E-01	-1.56E-01	2.92E-01	2.72E-02	
EW033_RS03615	1.03E-02	5.67E-01	4.65E-01	3.22E-01	4.41E-01	3.72E-02	
EW033_RS03620	2.84E-02	4.85E-01	9.78E-01	1.63E-02	6.01E-01	1.38E-03	
EW033_RS03625	1.29E-02	8.25E-01	4.83E-01	-2.90E-01	4.13E-01	3.58E-02	
EW033_RS03640	2.33E-02	9.27E-01	6.08E-01	-2.84E-01	5.53E-01	2.61E-02	
EW033_RS03735	8.01E-02	1.79E-01	7.63E-01	2.36E-01	7.83E-01	1.54E-02	
EW033_RS03740	1.03E-02	7.00E-02	5.81E-01	2.61E-01	4.72E-01	2.81E-02	
EW033_RS03825	1.03E-02	4.60E-02	4.71E-01	4.97E-01	6.88E-01	3.68E-02	
EW033_RS03855	4.19E-01	9.99E-09	9.13E-01	-3.45E-02	3.16E-01	5.56E-03	
EW033_RS04000	4.39E-02	3.70E-02	5.77E-01	2.83E-01	5.07E-01	2.85E-02	
EW033_RS04165	7.24E-02	8.30E-01	3.26E-01	-2.34E-01	2.38E-01	5.00E-02	
EW033_RS04190	9.04E-02	7.21E-09	1.13E-01	-9.17E-01	5.77E-01	8.07E-02	
EW033_RS04200	1.11E-01	3.09E-07	1.22E-01	-2.66E-01	1.72E-01	7.87E-02	
EW033_RS04230	1.86E-01	1.44E-03	1.74E-02	-8.11E-01	3.39E-01	1.21E-01	
EW033_RS04335	4.13E-02	5.24E-02	8.37E-01	1.28E-01	6.22E-01	1.05E-02	
EW033_RS04350	1.03E-02	4.12E-01	8.94E-01	5.82E-02	4.38E-01	6.78E-03	
EW033_RS04485	2.07E-01	3.27E-04	8.49E-01	7.87E-02	4.13E-01	9.71E-03	
EW033_RS04530	1.55E-02	2.27E-01	2.19E-01	-7.38E-01	5.99E-01	6.27E-02	
EW033_RS04535	1.29E-02	2.67E-01	3.68E-01	-7.48E-01	8.31E-01	4.59E-02	
EW033_RS04565	1.81E-02	2.04E-01	8.05E-01	8.74E-02	3.53E-01	1.26E-02	
EW033_RS04615	1.81E-02	5.44E-01	2.63E-01	3.80E-01	3.39E-01	5.70E-02	
EW033_RS04635	1.06E-01	4.97E-03	9.87E-02	-7.52E-01	4.54E-01	8.41E-02	
EW033_RS04815	5.92E-01	1.80E-10	1.06E-01	2.87E-01	1.77E-01	8.24E-02	
EW033_RS04820	1.09E-01	1.80E-06	8.61E-01	-8.31E-02	4.75E-01	8.91E-03	
EW033_RS04825	4.13E-02	2.86E-01	4.93E-01	-2.88E-01	4.20E-01	3.49E-02	
EW033_RS04835	1.03E-02	2.90E-01	6.98E-01	-1.73E-01	4.46E-01	1.98E-02	
EW033_RS04840	2.71E-01	4.13E-01	3.18E-01	-2.95E-01	2.95E-01	5.09E-02	
EW033_RS04865	2.07E-02	1.78E-01	3.60E-01	4.16E-01	4.54E-01	4.66E-02	
EW033_RS04870	7.75E-02	3.14E-03	5.27E-01	-2.98E-01	4.71E-01	3.23E-02	
EW033_RS04880	1.03E-02	7.70E-02	1.49E-03	1.39E+00	4.35E-01	1.61E-01	
EW033_RS04915	2.07E-02	8.85E-02	8.92E-01	4.24E-02	3.13E-01	6.89E-03	
EW033_RS04945	1.63E-01	5.22E-04	9.19E-01	5.58E-02	5.50E-01	5.17E-03	
EW033_RS05135	3.82E-01	8.68E-01	8.25E-01	-5.72E-02	2.59E-01	1.13E-02	
EW033_RS05140	4.24E-01	4.02E-03	9.92E-01	3.04E-03	3.08E-01	5.02E-04	
EW033_RS05145	1.50E-01	2.31E-03	7.75E-01	8.48E-02	2.97E-01	1.46E-02	
EW033_RS05155	7.75E-02	1.39E-02	6.28E-01	1.81E-01	3.72E-01	2.47E-02	
EW033_RS05200	8.79E-02	1.73E-08	9.70E-02	-1.31E+00	7.86E-01	8.45E-02	
EW033_RS05205	2.07E-02	6.77E-01	3.03E-01	4.52E-01	4.38E-01	5.25E-02	
EW033_RS05395	1.01E-01	3.21E-06	3.52E-01	4.95E-01	5.31E-01	4.74E-02	
EW033_RS05430	2.07E-02	9.20E-01	4.41E-01	-2.67E-01	3.46E-01	3.93E-02	
EW033_RS05440	2.33E-02	8.06E-01	9.00E-01	-9.02E-02	7.15E-01	6.43E-03	
EW033_RS05500	5.97E-01	3.54E-07	5.48E-01	2.51E-01	4.17E-01	3.06E-02	
EW033_RS05515	1.03E-02	3.23E-01	1.86E-01	-6.35E-01	4.79E-01	6.73E-02	
EW033_RS05520	1.60E-01	4.31E-01	4.93E-02	3.27E-01	1.66E-01	1.00E-01	
EW033_RS05530	4.91E-02	7.45E-02	7.05E-01	9.65E-02	2.55E-01	1.93E-02	
EW033_RS05535	1.03E-02	5.68E-01	4.04E-01	-4.22E-01	5.05E-01	4.26E-02	
EW033_RS05565	6.23E-01	8.13E-09	3.26E-01	2.27E-01	2.31E-01	5.01E-02	
EW033_RS05570	1.03E-02	5.96E-01	6.72E-01	-2.48E-01	5.86E-01	2.16E-02	
EW033_RS05650	5.68E-02	1.16E-03	3.99E-01	2.59E-01	3.07E-01	4.30E-02	
EW033_RS05670	6.02E-01	3.55E-07	6.70E-01	2.02E-01	4.74E-01	2.18E-02	
EW033_RS05675	6.02E-01	3.55E-07	6.70E-01	2.02E-01	4.74E-01	2.18E-02	
EW033_RS05715	1.03E-02	2.16E-01	2.90E-01	-4.59E-01	4.33E-01	5.39E-02	
EW033_RS05740	1.50E-01	8.19E-03	4.78E-01	2.65E-01	3.73E-01	3.62E-02	
EW033_RS05745	1.37E-01	1.56E-02	1.80E-01	-3.67E-01	2.74E-01	6.82E-02	
EW033_RS05750	2.84E-02	1.52E-01	9.44E-01	2.63E-02	3.76E-01	3.56E-03	
EW033_RS05755	5.53E-01	4.04E-04	3.16E-01	-2.81E-01	2.80E-01	5.12E-02	
EW033_RS05790	1.03E-01	1.25E-06	6.40E-01	-1.71E-01	3.66E-01	2.38E-02	
EW033_RS05795	1.29E-01	3.08E-03	5.89E-01	2.72E-01	5.02E-01	2.76E-02	
EW033_RS05805	8.79E-02	5.83E-03	3.62E-01	3.11E-01	3.41E-01	4.64E-02	
EW033_RS05815	2.89E-01	8.96E-01	8.47E-01	-1.14E-01	5.92E-01	9.82E-03	
EW033_RS05850	2.84E-02	3.32E-04	8.64E-03	9.32E-01	3.53E-01	1.33E-01	
EW033_RS05870	1.55E-02	8.59E-01	8.63E-01	8.76E-02	5.09E-01	8.77E-03	
EW033_RS05880	2.07E-02	8.45E-01	9.28E-02	5.28E-01	3.13E-01	8.56E-02	
EW033_RS05920	4.32E-01	1.54E-02	9.26E-01	-2.17E-02	2.34E-01	4.72E-03	
EW033_RS05970	1.03E-02	1.47E-01	1.07E-01	-7.02E-01	4.34E-01	8.22E-02	
EW033_RS06020	1.03E-02	3.37E-01	8.94E-01	-6.60E-02	4.95E-01	6.79E-03	
EW033_RS06025	9.04E-02	6.64E-02	4.74E-01	3.15E-01	4.40E-01	3.65E-02	
EW033_RS06195	1.76E-01	1.86E-03	1.09E-01	-7.94E-01	4.95E-01	8.16E-02	
EW033_RS06235	1.94E-01	1.97E-04	4.55E-01	4.53E-01	6.06E-01	3.80E-02	
EW033_RS06320	5.94E-02	5.92E-03	9.44E-01	-3.18E-02	4.49E-01	3.61E-03	
EW033_RS06375	1.27E-01	3.18E-05	4.35E-01	3.27E-01	4.19E-01	3.98E-02	
EW033_RS06420	1.29E-02	3.83E-01	4.69E-04	-1.53E+00	4.34E-01	1.77E-01	
EW033_RS06425	1.03E-02	4.24E-01	6.23E-01	2.41E-01	4.91E-01	2.50E-02	
EW033_RS06430	8.79E-02	4.92E-02	7.07E-02	4.46E-01	2.46E-01	9.20E-02	
EW033_RS06475	6.20E-02	8.43E-01	1.66E-01	-3.63E-01	2.62E-01	7.06E-02	
EW033_RS06485	8.79E-02	3.37E-04	4.89E-01	3.35E-01	4.85E-01	3.53E-02	
EW033_RS06490	8.79E-02	3.37E-04	4.89E-01	3.35E-01	4.85E-01	3.53E-02	
EW033_RS06515	1.03E-02	4.23E-01	1.09E-01	-7.38E-01	4.59E-01	8.16E-02	
EW033_RS06530	1.55E-02	6.05E-01	7.32E-01	-2.05E-01	5.99E-01	1.74E-02	
EW033_RS06540	8.79E-02	9.09E-02	5.52E-01	3.79E-01	6.38E-01	3.03E-02	
EW033_RS06560	1.55E-02	2.58E-02	4.50E-01	-2.69E-01	3.56E-01	3.85E-02	
EW033_RS06640	7.52E-01	7.12E-08	1.45E-01	2.11E-01	1.45E-01	7.42E-02	
EW033_RS06930	6.46E-02	7.44E-02	5.04E-01	-2.04E-01	3.05E-01	3.41E-02	
EW033_RS06940	4.39E-02	7.62E-02	5.98E-01	1.27E-01	2.40E-01	2.69E-02	
EW033_RS06975	8.01E-02	2.87E-07	1.16E-01	4.04E-01	2.56E-01	8.00E-02	
EW033_RS07235	2.33E-02	6.49E-01	1.12E-02	-7.90E-01	3.10E-01	1.29E-01	
EW033_RS07245	1.29E-02	3.63E-04	3.89E-01	5.53E-01	6.41E-01	4.39E-02	
EW033_RS07340	2.84E-02	6.48E-02	8.10E-01	6.56E-02	2.73E-01	1.23E-02	
EW033_RS07360	1.03E-02	1.45E-01	3.43E-02	-9.45E-01	4.45E-01	1.08E-01	
EW033_RS07365	3.36E-02	5.99E-01	2.72E-01	2.98E-01	2.71E-01	5.59E-02	
EW033_RS07420	2.33E-02	2.37E-01	1.18E-04	-1.19E+00	3.07E-01	1.94E-01	
EW033_RS07495	2.09E-01	3.38E-01	9.12E-01	-4.48E-02	4.05E-01	5.65E-03	
EW033_RS07505	2.51E-01	6.27E-01	4.25E-01	-3.80E-01	4.76E-01	4.07E-02	
EW033_RS07570	1.03E-02	5.32E-01	7.84E-01	1.29E-01	4.70E-01	1.40E-02	
EW033_RS07580	1.55E-02	2.63E-01	9.85E-01	7.40E-03	4.05E-01	9.30E-04	
EW033_RS07595	1.81E-02	8.40E-01	7.52E-01	-1.22E-01	3.85E-01	1.61E-02	
EW033_RS07600	1.42E-01	8.98E-03	6.65E-01	-1.63E-01	3.77E-01	2.21E-02	
EW033_RS07605	2.84E-02	9.91E-01	7.96E-01	-7.98E-02	3.09E-01	1.32E-02	
EW033_RS07610	1.03E-02	3.33E-03	4.35E-01	6.72E-01	8.61E-01	3.98E-02	
EW033_RS07615	2.33E-02	2.06E-01	4.39E-01	-2.99E-01	3.86E-01	3.94E-02	
EW033_RS07620	1.03E-02	4.70E-02	4.08E-01	5.46E-01	6.59E-01	4.22E-02	
EW033_RS07640	1.34E-01	5.41E-03	6.75E-01	1.55E-01	3.70E-01	2.14E-02	
EW033_RS07735	1.03E-02	6.93E-01	1.28E-01	-6.86E-01	4.49E-01	7.76E-02	
EW033_RS07755	1.55E-02	1.49E-02	3.60E-03	-1.07E+00	3.65E-01	1.48E-01	
EW033_RS07850	4.91E-01	6.83E-05	3.09E-01	-1.91E-01	1.87E-01	5.19E-02	
EW033_RS07855	1.42E-01	8.37E-04	5.52E-02	3.40E-01	1.77E-01	9.76E-02	
EW033_RS07885	7.29E-01	7.51E-06	1.47E-01	2.01E-01	1.38E-01	7.39E-02	
EW033_RS07925	2.07E-02	4.15E-01	6.34E-01	-1.99E-01	4.17E-01	2.43E-02	
EW033_RS07935	4.91E-02	1.41E-02	2.80E-01	4.38E-01	4.05E-01	5.50E-02	
EW033_RS07955	4.91E-01	2.38E-07	2.33E-03	4.62E-01	1.51E-01	1.54E-01	
EW033_RS07960	5.71E-01	2.65E-04	1.83E-01	5.02E-01	3.76E-01	6.79E-02	
EW033_RS07990	4.91E-02	5.10E-01	1.20E-01	-4.08E-01	2.62E-01	7.91E-02	
EW033_RS08025	4.91E-02	8.03E-04	8.46E-01	-7.53E-02	3.88E-01	9.89E-03	
EW033_RS08040	8.01E-02	1.79E-01	7.63E-01	2.36E-01	7.83E-01	1.54E-02	
EW033_RS08045	3.88E-02	8.36E-02	8.01E-01	-1.36E-01	5.41E-01	1.28E-02	
EW033_RS08200	8.53E-02	1.91E-06	9.64E-01	1.67E-02	3.72E-01	2.29E-03	
EW033_RS08205	9.56E-02	6.19E-03	7.59E-01	-1.09E-01	3.53E-01	1.57E-02	
EW033_RS08330	7.24E-02	9.41E-01	9.23E-01	3.32E-02	3.43E-01	4.94E-03	
EW033_RS08360	1.91E-01	2.13E-01	4.28E-01	-3.16E-01	3.98E-01	4.04E-02	
EW033_RS08490	1.03E-02	6.24E-03	1.39E-01	6.99E-01	4.72E-01	7.53E-02	
EW033_RS08515	1.16E-01	2.19E-02	5.91E-01	-9.77E-02	1.82E-01	2.74E-02	
EW033_RS08520	1.16E-01	2.19E-02	5.91E-01	-9.77E-02	1.82E-01	2.74E-02	
EW033_RS08535	1.29E-02	6.69E-01	5.69E-01	-2.39E-01	4.19E-01	2.90E-02	
EW033_RS08780	1.29E-02	2.88E-04	1.27E-01	6.46E-01	4.22E-01	7.77E-02	
EW033_RS08790	3.36E-02	6.48E-02	1.59E-01	-3.63E-01	2.57E-01	7.17E-02	
EW033_RS08835	2.09E-01	1.89E-05	9.53E-01	-1.73E-02	2.92E-01	3.03E-03	
EW033_RS08860	3.70E-01	1.26E-01	7.82E-01	8.74E-02	3.15E-01	1.41E-02	
EW033_RS08955	1.03E-02	2.02E-01	1.61E-01	-6.13E-01	4.37E-01	7.13E-02	
EW033_RS09010	8.01E-02	2.32E-07	8.25E-01	1.00E-01	4.53E-01	1.12E-02	
EW033_RS09085	8.04E-01	1.21E-11	4.93E-02	3.63E-01	1.84E-01	1.00E-01	
EW033_RS09095	9.90E-01	4.01E-01	4.51E-01	3.30E-01	4.37E-01	3.85E-02	
EW033_RS09160	1.81E-02	8.77E-01	5.62E-01	-1.97E-01	3.40E-01	2.95E-02	
EW033_RS09165	1.81E-02	3.65E-02	3.53E-01	3.29E-01	3.53E-01	4.73E-02	
EW033_RS09190	1.03E-02	7.13E-01	6.66E-01	-2.14E-01	4.94E-01	2.20E-02	
EW033_RS09195	9.04E-02	2.50E-02	1.06E-01	8.36E-01	5.16E-01	8.23E-02	
EW033_RS09250	1.03E-02	4.53E-03	1.06E-04	1.69E+00	4.31E-01	1.96E-01	
EW033_RS09290	8.01E-02	1.79E-01	7.63E-01	2.36E-01	7.83E-01	1.54E-02	
EW033_RS09330	1.29E-02	4.81E-01	5.74E-01	-2.42E-01	4.30E-01	2.87E-02	
EW033_RS09340	8.01E-02	1.79E-01	7.63E-01	2.36E-01	7.83E-01	1.54E-02	
EW033_RS09430	4.06E-01	6.23E-01	4.06E-01	-2.58E-01	3.10E-01	4.24E-02	
EW033_RS09470	1.55E-02	6.16E-03	4.57E-01	4.75E-01	6.37E-01	3.80E-02	
EW033_RS09475	2.61E-01	7.90E-01	2.42E-01	-3.61E-01	3.08E-01	5.97E-02	
EW033_RS09520	3.36E-02	3.78E-02	3.15E-01	5.91E-01	5.88E-01	5.12E-02	
EW033_RS09525	8.53E-02	6.92E-04	5.94E-01	4.76E-01	8.94E-01	2.71E-02	
EW033_RS09560	1.63E-01	3.88E-04	7.25E-01	1.90E-01	5.38E-01	1.79E-02	
EW033_RS09565	1.03E-01	1.37E-01	8.14E-01	4.37E-02	1.86E-01	1.20E-02	
EW033_RS09570	1.09E-01	2.18E-02	2.07E-02	-9.15E-01	3.94E-01	1.18E-01	
EW033_RS09580	3.36E-02	1.09E-01	5.80E-01	1.43E-01	2.59E-01	2.83E-02	
EW033_RS09610	5.01E-01	1.20E-04	8.52E-01	4.70E-02	2.52E-01	9.49E-03	
EW033_RS09645	1.29E-02	2.64E-01	8.69E-01	-7.47E-02	4.54E-01	8.39E-03	
EW033_RS09705	1.81E-02	3.13E-01	5.89E-01	2.10E-01	3.88E-01	2.76E-02	
EW033_RS09710	3.10E-02	5.62E-01	7.15E-01	-1.07E-01	2.93E-01	1.86E-02	
EW033_RS09760	1.11E-01	2.86E-04	7.14E-01	9.17E-02	2.50E-01	1.87E-02	
EW033_RS09790	1.29E-02	2.93E-01	1.06E-02	-1.01E+00	3.95E-01	1.30E-01	
EW033_RS09865	7.24E-01	1.45E-04	1.32E-01	2.15E-01	1.42E-01	7.68E-02	
EW033_RS09875	9.82E-02	5.87E-06	4.93E-01	3.77E-01	5.49E-01	3.49E-02	
EW033_RS09890	1.03E-02	3.30E-02	9.53E-01	2.78E-02	4.76E-01	2.98E-03	
EW033_RS09915	5.17E-02	2.74E-02	9.36E-01	-2.54E-02	3.18E-01	4.08E-03	
EW033_RS09920	8.01E-02	2.32E-07	8.25E-01	1.00E-01	4.53E-01	1.12E-02	
EW033_RS09925	1.03E-02	1.91E-02	2.86E-01	6.10E-01	5.71E-01	5.44E-02	
EW033_RS09930	1.29E-02	3.61E-01	7.23E-01	1.58E-01	4.45E-01	1.81E-02	
EW033_RS09935	5.14E-01	2.76E-05	3.51E-01	3.34E-01	3.58E-01	4.76E-02	
EW033_RS09940	5.63E-01	1.53E-04	4.43E-02	-5.09E-01	2.52E-01	1.02E-01	
EW033_RS10205	4.42E-01	4.19E-01	2.97E-01	-2.26E-01	2.17E-01	5.31E-02	
EW033_RS10210	4.11E-01	4.48E-12	2.55E-01	3.42E-01	3.00E-01	5.80E-02	
EW033_RS10255	4.21E-01	1.83E-03	6.20E-01	1.19E-01	2.39E-01	2.53E-02	
EW033_RS10285	2.95E-01	7.37E-01	4.38E-01	-3.11E-01	4.01E-01	3.95E-02	
EW033_RS10290	1.42E-01	7.14E-03	4.73E-01	2.37E-01	3.30E-01	3.66E-02	
EW033_RS10360	5.94E-02	6.97E-04	4.66E-02	5.05E-01	2.53E-01	1.01E-01	
EW033_RS10575	4.73E-01	2.96E-16	7.91E-02	5.20E-01	2.96E-01	8.94E-02	
EW033_RS10600	1.81E-02	6.75E-01	6.65E-01	-2.87E-01	6.62E-01	2.21E-02	
EW033_RS10715	4.13E-02	9.58E-02	6.06E-01	-2.43E-01	4.71E-01	2.63E-02	
EW033_RS10720	1.47E-01	4.50E-06	1.47E-01	4.44E-01	3.06E-01	7.39E-02	
EW033_RS10825	5.43E-02	8.83E-01	2.88E-01	-2.91E-01	2.74E-01	5.41E-02	
EW033_RS10830	2.30E-01	5.51E-01	8.62E-01	-3.79E-02	2.18E-01	8.86E-03	
EW033_RS10840	8.27E-02	9.26E-02	2.87E-01	6.16E-01	5.78E-01	5.42E-02	
EW033_RS10855	8.27E-02	1.71E-04	4.32E-02	1.29E+00	6.38E-01	1.03E-01	
EW033_RS10870	2.95E-01	3.42E-01	2.29E-01	-4.97E-01	4.12E-01	6.13E-02	
EW033_RS10880	1.03E-02	2.25E-01	7.29E-01	1.54E-01	4.46E-01	1.77E-02	
EW033_RS10945	4.13E-02	5.24E-02	8.37E-01	1.28E-01	6.22E-01	1.05E-02	
EW033_RS10980	8.79E-02	1.73E-08	9.70E-02	-1.31E+00	7.86E-01	8.45E-02	
EW033_RS11005	4.39E-02	6.94E-01	7.58E-02	-5.80E-01	3.26E-01	9.04E-02	
EW033_RS11030	1.09E-01	1.02E-02	4.93E-01	1.11E-01	1.62E-01	3.49E-02	
EW033_RS11035	7.49E-02	7.61E-05	5.51E-01	1.28E-01	2.15E-01	3.04E-02	
EW033_RS11040	3.67E-01	1.39E-01	6.98E-01	4.89E-02	1.26E-01	1.98E-02	
EW033_RS11060	6.49E-01	3.41E-07	6.45E-01	7.71E-02	1.67E-01	2.35E-02	
EW033_RS11095	4.13E-02	3.48E-02	9.01E-01	-3.99E-02	3.20E-01	6.36E-03	
EW033_RS11370	4.65E-02	9.67E-01	2.24E-01	-3.08E-01	2.52E-01	6.20E-02	
EW033_RS11375	1.21E-01	2.42E-03	7.85E-01	6.33E-02	2.31E-01	1.39E-02	
EW033_RS11385	3.36E-02	1.72E-02	4.19E-01	2.68E-01	3.32E-01	4.12E-02	
EW033_RS11455	1.03E-02	1.83E-13	2.46E-01	5.23E-01	4.50E-01	5.91E-02	
EW033_RS11460	1.29E-02	3.76E-01	6.75E-01	-1.79E-01	4.28E-01	2.14E-02	
EW033_RS11480	1.03E-02	1.11E-02	1.01E-01	-7.06E-01	4.29E-01	8.36E-02	
EW033_RS11485	2.84E-02	4.34E-04	2.04E-06	-1.30E+00	2.69E-01	2.39E-01	
EW033_RS11520	1.21E-01	4.90E-03	8.48E-01	-9.28E-02	4.84E-01	9.77E-03	
EW033_RS12280	1.81E-01	2.00E-01	6.87E-01	-1.76E-01	4.37E-01	2.06E-02	
EW033_RS12285	1.81E-02	1.27E-02	1.39E-02	8.10E-01	3.28E-01	1.25E-01	
EW033_RS12315	1.29E-02	6.25E-01	3.82E-01	-3.53E-01	4.03E-01	4.46E-02	
EW033_RS12445	8.53E-02	1.21E-01	5.51E-01	4.38E-01	7.34E-01	3.04E-02	
EW033_RS12450	1.03E-01	5.58E-02	5.84E-01	1.84E-01	3.36E-01	2.79E-02	
EW033_RS12480	1.29E-02	6.41E-01	6.78E-01	-2.28E-01	5.49E-01	2.11E-02	
EW033_RS12535	6.20E-02	6.60E-03	8.73E-01	-5.35E-02	3.34E-01	8.17E-03	
EW033_RS12545	2.02E-01	7.47E-05	2.61E-01	7.11E-01	6.32E-01	5.73E-02	
EW033_RS12560	5.94E-02	1.22E-02	3.69E-01	4.10E-01	4.55E-01	4.58E-02	
EW033_RS12605	1.96E-01	2.81E-04	8.99E-01	6.53E-02	5.16E-01	6.45E-03	
EW033_RS12655	1.63E-01	2.10E-04	2.72E-01	6.00E-01	5.46E-01	5.59E-02	
EW033_RS12675	3.62E-02	4.11E-02	4.14E-01	3.66E-01	4.47E-01	4.17E-02	
EW033_RS12700	9.04E-02	3.49E-04	4.56E-01	5.43E-01	7.28E-01	3.80E-02	
EW033_RS12760	1.24E-01	1.72E-02	9.04E-01	-2.07E-02	1.71E-01	6.15E-03	
EW033_RS12770	1.03E-02	4.53E-03	1.06E-04	1.69E+00	4.31E-01	1.96E-01	
EW033_RS12795	9.82E-02	5.87E-06	4.93E-01	3.77E-01	5.49E-01	3.49E-02	
EW033_RS12815	1.03E-02	4.53E-03	1.06E-04	1.69E+00	4.31E-01	1.96E-01	
EW033_RS12885	1.55E-02	5.40E-01	8.27E-01	-9.19E-02	4.21E-01	1.11E-02	
EW033_RS12905	1.55E-01	2.98E-03	3.00E-01	2.51E-01	2.41E-01	5.28E-02	
EW033_RS12990	4.34E-01	3.99E-09	5.68E-01	-1.20E-01	2.09E-01	2.91E-02	
EW033_RS13000	7.24E-02	9.24E-01	7.11E-02	-5.19E-01	2.87E-01	9.18E-02	
EW033_RS13020	1.71E-01	1.75E-04	3.29E-01	6.76E-01	6.92E-01	4.97E-02	
EW033_RS13055	1.09E-01	1.03E-03	8.00E-01	1.53E-01	6.05E-01	1.29E-02	
EW033_RS13115	1.03E-02	4.53E-03	1.06E-04	1.69E+00	4.31E-01	1.96E-01	
EW033_RS13125	1.03E-02	9.57E-01	4.09E-01	-3.87E-01	4.68E-01	4.21E-02	
EW033_RS13160	3.15E-01	4.24E-01	6.77E-01	-1.03E-01	2.46E-01	2.13E-02	
EW033_RS13180	1.29E-02	2.67E-01	3.68E-01	-7.48E-01	8.31E-01	4.59E-02	
EW033_RS13185	1.55E-02	7.06E-01	4.38E-01	-3.29E-01	4.24E-01	3.96E-02	
EW033_RS13190	2.45E-01	1.61E-02	5.65E-01	1.14E-01	1.99E-01	2.93E-02	
EW033_RS13220	8.79E-02	8.95E-03	6.47E-01	1.51E-01	3.30E-01	2.34E-02	
EW033_RS13270	8.01E-02	1.79E-01	7.63E-01	2.36E-01	7.83E-01	1.54E-02	
EW033_RS13465	1.96E-01	1.71E-04	6.86E-01	2.01E-01	4.97E-01	2.06E-02	
EW033_RS13485	1.03E-02	2.60E-01	9.33E-01	3.88E-02	4.62E-01	4.29E-03	
EW033_RS13520	2.02E-01	3.03E-07	3.90E-01	2.11E-01	2.45E-01	4.38E-02	
EW033_RS13610	8.79E-02	1.73E-08	9.70E-02	-1.31E+00	7.86E-01	8.45E-02	
EW033_RS13620	1.03E-02	3.86E-01	1.56E-01	6.14E-01	4.33E-01	7.22E-02	
EW033_RS13645	8.01E-02	2.32E-07	8.25E-01	1.00E-01	4.53E-01	1.12E-02	
EW033_RS13690	1.03E-02	6.84E-02	5.06E-01	3.00E-01	4.52E-01	3.39E-02	
EW033_RS13700	2.38E-01	1.29E-06	1.64E-01	5.50E-01	3.94E-01	7.09E-02	
EW033_RS13705	1.55E-02	1.74E-01	6.07E-01	2.45E-01	4.77E-01	2.62E-02	
EW033_RS13725	3.95E-01	4.30E-02	8.38E-01	-8.11E-02	3.96E-01	1.04E-02	
EW033_RS13735	1.03E-02	1.79E-02	1.42E-01	-6.61E-01	4.49E-01	7.48E-02	
EW033_RS13800	2.33E-02	5.20E-01	4.69E-01	-2.60E-01	3.58E-01	3.69E-02	
EW033_RS13820	4.91E-02	5.63E-01	2.06E-02	-7.87E-01	3.39E-01	1.18E-01	
EW033_RS13845	1.24E-01	5.29E-03	7.44E-01	1.65E-01	5.04E-01	1.67E-02	
EW033_RS13855	1.29E-02	8.41E-01	5.01E-01	-2.85E-01	4.23E-01	3.43E-02	
EW033_RS13860	4.91E-02	5.63E-01	2.06E-02	-7.87E-01	3.39E-01	1.18E-01	
EW033_RS13905	1.29E-02	4.73E-01	7.18E-01	1.53E-01	4.23E-01	1.84E-02	
EW033_RS13910	1.03E-02	3.33E-03	4.35E-01	6.72E-01	8.61E-01	3.98E-02	
EW033_RS13920	1.29E-02	1.64E-01	6.19E-01	2.37E-01	4.77E-01	2.53E-02	
EW033_RS13940	2.61E-01	5.35E-08	3.19E-01	2.99E-01	2.99E-01	5.08E-02	
EW033_RS13960	1.29E-02	6.52E-01	6.85E-02	7.55E-01	4.13E-01	9.27E-02	
EW033_RS13990	4.08E-01	1.29E-02	4.62E-01	2.55E-01	3.47E-01	3.75E-02	
EW033_RS13995	1.09E-01	1.68E-06	3.82E-01	-4.16E-01	4.75E-01	4.46E-02	
EW033_RS14000	2.61E-01	5.97E-01	3.01E-01	-3.88E-01	3.75E-01	5.27E-02	
EW033_RS14005	1.03E-02	5.33E-01	5.15E-01	-2.85E-01	4.38E-01	3.32E-02	
EW033_RS14040	1.81E-02	9.37E-03	3.93E-02	-6.85E-01	3.31E-01	1.05E-01	
EW033_RS14100	1.03E-02	1.00E-01	9.44E-01	4.74E-02	6.68E-01	3.61E-03	
EW033_RS14140	1.55E-02	6.40E-01	2.03E-01	-4.68E-01	3.67E-01	6.48E-02	
EW033_RS14150	1.29E-02	2.34E-01	4.71E-01	-2.89E-01	4.00E-01	3.67E-02	
EW033_RS14165	2.84E-02	2.94E-01	6.05E-01	1.43E-01	2.76E-01	2.64E-02	
EW033_RS14170	1.81E-02	8.62E-02	9.01E-01	-6.22E-02	5.00E-01	6.34E-03	
EW033_RS14180	5.68E-01	8.60E-06	9.52E-01	1.98E-02	3.30E-01	3.07E-03	
EW033_RS14190	4.91E-02	5.63E-01	2.06E-02	-7.87E-01	3.39E-01	1.18E-01	
EW033_RS14245	1.16E-01	6.14E-02	4.91E-01	4.03E-01	5.83E-01	3.51E-02	
EW033_RS14275	3.77E-01	5.59E-01	7.20E-01	-7.57E-02	2.11E-01	1.83E-02	
EW033_RS14290	4.75E-01	9.09E-04	2.11E-01	2.92E-01	2.33E-01	6.37E-02	
EW033_RS14305	1.55E-02	8.48E-01	3.15E-01	-3.78E-01	3.75E-01	5.12E-02	
EW033_RS14325	1.55E-02	4.32E-01	5.86E-01	-2.02E-01	3.70E-01	2.78E-02	
EW033_RS14350	8.79E-02	7.05E-01	4.96E-01	-2.15E-01	3.16E-01	3.47E-02	
EW033_RS14365	2.66E-01	8.45E-01	9.34E-01	-4.56E-02	5.54E-01	4.20E-03	
EW033_RS14380	2.64E-01	2.01E-01	7.51E-01	-6.53E-02	2.05E-01	1.62E-02	
EW033_RS14385	9.04E-02	8.64E-04	9.74E-01	1.96E-02	5.93E-01	1.69E-03	
EW033_RS14390	2.33E-02	6.76E-05	1.48E-04	1.28E+00	3.33E-01	1.92E-01	
EW033_RS14400	4.13E-02	5.24E-02	8.37E-01	1.28E-01	6.22E-01	1.05E-02	
EW033_RS14415	1.96E-01	3.09E-06	2.63E-01	4.17E-01	3.72E-01	5.70E-02	
EW033_RS14425	1.55E-02	3.49E-01	5.76E-02	-7.03E-01	3.69E-01	9.66E-02	
EW033_RS14430	1.29E-02	4.32E-04	3.25E-01	3.93E-01	3.98E-01	5.02E-02	
EW033_RS14455	1.81E-02	4.69E-03	9.17E-03	8.65E-01	3.30E-01	1.32E-01	
EW033_RS14475	1.03E-02	5.81E-01	1.09E-01	-7.45E-01	4.64E-01	8.15E-02	
EW033_RS14495	2.33E-02	2.91E-01	6.00E-01	1.61E-01	3.08E-01	2.67E-02	
EW033_RS14505	1.03E-02	5.76E-02	2.70E-01	6.60E-01	5.98E-01	5.62E-02	
EW033_RS14550	1.34E-01	2.92E-03	1.66E-01	4.89E-01	3.53E-01	7.05E-02	
EW033_RS14555	2.58E-01	2.19E-01	7.14E-01	-1.28E-01	3.49E-01	1.87E-02	
EW033_RS14560	2.07E-02	1.40E-01	8.32E-01	6.85E-02	3.24E-01	1.08E-02	
EW033_RS14565	1.81E-02	1.98E-02	6.09E-01	2.02E-01	3.96E-01	2.61E-02	
EW033_RS14575	1.55E-02	6.80E-01	7.78E-01	-1.88E-01	6.66E-01	1.43E-02	
EW033_RS14605	2.02E-01	1.26E-07	4.55E-01	2.12E-01	2.84E-01	3.80E-02	
EW033_RS14640	2.33E-02	2.21E-01	9.44E-01	3.93E-02	5.64E-01	3.56E-03	
EW033_RS14655	2.45E-01	4.98E-05	5.09E-01	1.96E-01	2.96E-01	3.37E-02	
EW033_RS14675	5.17E-01	1.59E-05	5.27E-01	1.94E-01	3.07E-01	3.22E-02	
EW033_RS14700	1.03E-02	1.73E-01	4.29E-01	-3.56E-01	4.50E-01	4.03E-02	
EW033_RS14710	1.52E-01	5.35E-01	4.71E-01	-2.03E-01	2.81E-01	3.67E-02	
EW033_RS14720	1.03E-02	4.80E-02	5.76E-01	3.74E-01	6.69E-01	2.85E-02	
EW033_RS14725	1.63E-01	7.72E-05	7.61E-01	1.03E-01	3.37E-01	1.55E-02	
EW033_RS14745	4.39E-02	7.07E-02	7.50E-01	9.04E-02	2.84E-01	1.62E-02	
EW033_RS14755	2.33E-02	9.27E-01	4.63E-01	-3.23E-01	4.40E-01	3.74E-02	
EW033_RS14805	2.58E-02	2.55E-02	6.30E-02	-7.76E-01	4.16E-01	9.46E-02	
EW033_RS14810	4.52E-01	4.06E-04	8.42E-01	4.47E-02	2.25E-01	1.01E-02	
EW033_RS14815	6.23E-01	2.02E-08	4.22E-01	1.93E-01	2.40E-01	4.10E-02	
EW033_RS14830	1.03E-02	4.47E-02	2.66E-01	5.98E-01	5.37E-01	5.67E-02	
EW033_RS14835	8.27E-02	1.37E-01	4.66E-01	4.33E-01	5.93E-01	3.72E-02	
EW033_RS14885	2.82E-01	6.51E-01	8.55E-01	-4.00E-02	2.18E-01	9.35E-03	
EW033_RS14890	1.03E-01	7.70E-02	8.13E-01	1.10E-01	4.64E-01	1.20E-02	
EW033_RS14910	1.55E-02	9.67E-01	2.27E-01	-4.85E-01	4.01E-01	6.16E-02	
EW033_RS14915	2.30E-01	6.34E-09	4.42E-01	2.11E-01	2.75E-01	3.92E-02	
EW033_RS14930	3.36E-02	7.33E-07	5.96E-05	1.16E+00	2.85E-01	2.03E-01	
EW033_RS14940	3.39E-01	5.84E-12	3.73E-01	2.38E-01	2.67E-01	4.54E-02	
EW033_RS14945	4.39E-02	4.18E-03	8.71E-01	9.96E-02	6.13E-01	8.28E-03	
EW033_RS14975	1.11E-01	8.46E-04	7.86E-01	1.51E-01	5.58E-01	1.38E-02	
EW033_RS15015	2.66E-01	8.01E-01	8.47E-01	-7.98E-02	4.12E-01	9.86E-03	
EW033_RS15035	2.33E-02	8.06E-01	9.00E-01	-9.02E-02	7.15E-01	6.43E-03	
EW033_RS15090	2.14E-01	1.93E-01	1.87E-02	-9.50E-01	4.02E-01	1.19E-01	
EW033_RS15100	2.84E-02	3.56E-01	4.12E-01	-2.77E-01	3.38E-01	4.18E-02	
EW033_RS15110	4.13E-02	5.24E-02	8.37E-01	1.28E-01	6.22E-01	1.05E-02	
EW033_RS15120	2.33E-02	4.85E-01	4.91E-01	-2.08E-01	3.02E-01	3.51E-02	
EW033_RS15150	1.03E-02	5.67E-01	8.46E-01	1.38E-01	7.13E-01	9.90E-03	
EW033_RS15155	5.68E-02	4.26E-07	5.66E-06	9.95E-01	2.16E-01	2.28E-01	
EW033_RS15165	3.36E-02	4.38E-01	2.91E-01	-3.72E-01	3.53E-01	5.38E-02	
EW033_RS15175	2.84E-02	8.68E-01	9.32E-01	-2.35E-02	2.76E-01	4.35E-03	
EW033_RS15205	5.68E-01	3.71E-06	3.80E-01	2.85E-01	3.24E-01	4.48E-02	
EW033_RS15215	5.17E-02	3.29E-01	3.45E-01	-3.66E-01	3.87E-01	4.81E-02	
EW033_RS15230	6.46E-02	6.40E-05	1.53E-01	3.09E-01	2.16E-01	7.27E-02	
EW033_RS15245	1.29E-02	2.00E-01	3.45E-01	3.89E-01	4.12E-01	4.81E-02	
EW033_RS15255	7.98E-01	1.29E-12	7.91E-03	5.00E-01	1.87E-01	1.35E-01	
EW033_RS15265	1.03E-02	6.06E-01	7.30E-01	-1.61E-01	4.65E-01	1.76E-02	
EW033_RS15385	1.29E-02	2.37E-01	5.54E-01	3.72E-01	6.29E-01	3.02E-02	
EW033_RS15400	1.29E-02	2.37E-01	5.54E-01	3.72E-01	6.29E-01	3.02E-02	
EW033_RS15425	5.68E-02	5.21E-02	6.82E-01	-2.06E-01	5.02E-01	2.09E-02	
EW033_RS15430	3.23E-01	6.18E-01	7.03E-01	9.96E-02	2.62E-01	1.94E-02	
EW033_RS15435	1.55E-02	4.36E-01	9.94E-01	2.72E-03	3.74E-01	3.71E-04	
EW033_RS15460	1.29E-02	7.26E-04	8.73E-05	1.53E+00	3.85E-01	1.98E-01	
EW033_RS15480	3.62E-02	1.65E-04	4.21E-02	5.94E-01	2.91E-01	1.03E-01	
EW033_RS15510	3.36E-02	3.12E-01	9.76E-01	8.27E-03	2.73E-01	1.54E-03	
EW033_RS15545	1.55E-02	6.42E-04	2.91E-01	3.91E-01	3.70E-01	5.38E-02	
EW033_RS15550	5.66E-01	5.19E-07	1.93E-01	4.01E-01	3.07E-01	6.64E-02	
EW033_RS15580	4.81E-01	4.96E-16	1.65E-01	4.31E-01	3.10E-01	7.07E-02	
EW033_RS15585	1.96E-01	1.46E-01	1.86E-01	-4.55E-01	3.43E-01	6.74E-02	
EW033_RS15605	1.78E-01	4.27E-04	6.71E-01	-1.04E-01	2.45E-01	2.17E-02	
EW033_RS15610	2.84E-02	3.72E-01	3.76E-01	2.41E-01	2.72E-01	4.52E-02	
EW033_RS15655	7.91E-01	4.37E-13	6.63E-03	4.82E-01	1.77E-01	1.38E-01	
EW033_RS15685	8.01E-01	1.18E-11	2.74E-03	4.77E-01	1.58E-01	1.52E-01	
EW033_RS15710	1.29E-02	1.24E-03	1.31E-01	6.05E-01	4.00E-01	7.69E-02	
EW033_RS15755	9.04E-02	3.77E-03	6.22E-02	-3.34E-01	1.79E-01	9.49E-02	
EW033_RS15765	2.84E-02	5.22E-01	6.72E-01	1.18E-01	2.79E-01	2.16E-02	
EW033_RS15770	5.94E-02	7.12E-01	4.87E-01	-2.05E-01	2.94E-01	3.55E-02	
EW033_RS15780	2.33E-02	5.74E-01	6.31E-01	1.46E-01	3.04E-01	2.45E-02	
EW033_RS15800	3.36E-02	2.59E-01	7.38E-01	1.67E-01	4.98E-01	1.70E-02	
EW033_RS15810	1.29E-02	6.09E-01	4.86E-01	-2.71E-01	3.89E-01	3.55E-02	
EW033_RS15815	3.36E-02	3.78E-02	3.15E-01	5.91E-01	5.88E-01	5.12E-02	
EW033_RS15825	1.03E-02	1.37E-01	2.49E-01	5.38E-01	4.66E-01	5.87E-02	
EW033_RS15830	1.29E-02	2.92E-01	8.43E-01	-8.54E-02	4.32E-01	1.01E-02	
EW033_RS15850	1.81E-02	9.54E-01	8.82E-01	5.13E-02	3.44E-01	7.59E-03	
EW033_RS15855	3.62E-02	9.41E-01	3.47E-01	3.55E-01	3.77E-01	4.79E-02	
EW033_RS15860	6.72E-01	1.43E-13	1.97E-05	8.37E-01	1.94E-01	2.15E-01	
EW033_RS15880	8.01E-01	3.97E-12	1.94E-02	4.36E-01	1.86E-01	1.19E-01	
EW033_RS15900	1.03E-02	4.16E-01	3.93E-01	-3.77E-01	4.41E-01	4.35E-02	
EW033_RS15915	4.13E-02	1.71E-02	8.26E-01	-5.13E-02	2.33E-01	1.12E-02	
EW033_RS15920	3.10E-02	2.65E-01	4.69E-01	-2.45E-01	3.39E-01	3.69E-02	
EW033_RS15990	1.55E-02	7.34E-01	4.16E-01	-3.50E-01	4.30E-01	4.15E-02	
EW033_RS16005	1.55E-02	4.46E-01	6.47E-01	-1.97E-01	4.29E-01	2.34E-02	
EW033_RS16020	3.10E-02	6.79E-02	4.33E-01	3.41E-01	4.34E-01	4.00E-02	
EW033_RS16055	1.29E-02	1.73E-03	9.97E-02	-6.45E-01	3.91E-01	8.38E-02	
EW033_RS16305	2.33E-02	1.80E-02	3.94E-01	2.90E-01	3.39E-01	4.35E-02	
EW033_RS16320	1.19E-01	1.19E-04	4.39E-01	2.47E-01	3.18E-01	3.95E-02	
EW033_RS16325	3.93E-01	4.27E-03	1.32E-01	3.32E-01	2.20E-01	7.68E-02	
