sample_id	sample_id2	phensim
zero	zero	-21.7681
1	1	11.9582
2	2	13.5601
3	3	-38.2778
4	4	-10.3579
5	5	6.15349
6	6	9.00618
7	7	4.08828
8	8	-13.6055
9	9	10.8346
10	10	1.79464
11	11	-3.83375
12	12	12.683
13	13	-37.3005
14	14	42.0451
15	15	-17.9546
16	16	-8.11827
17	17	-14.2042
18	18	10.4446
19	19	3.4225
20	20	-15.0835
21	21	6.8197
22	22	24.3274
23	23	-6.85165
24	24	29.529
25	25	31.4008
26	26	1.85169
27	27	13.6422
28	28	24.3035
29	29	2.41227
30	30	6.34165
31	31	2.2497
32	32	-34.3398
33	33	-10.6083
34	34	7.96989
35	35	-8.47617
36	36	13.4319
37	37	-26.9545
38	38	-38.2143
39	39	-45.3602
40	40	12.2273
41	41	-10.9946
42	42	-20.8345
43	43	-10.29
44	44	-38.3374
45	45	-7.36357
46	46	23.6221
47	47	-7.83709
48	48	0.444289
49	49	3.28287
50	50	17.3139
51	51	11.0928
52	52	-10.3112
53	53	-39.7204
54	54	-36.4391
55	55	7.82757
56	56	2.64999
57	57	-2.35611
58	58	-5.49933
59	59	-31.3195
60	60	20.4357
61	61	-22.8565
62	62	22.2743
63	63	31.382
64	64	-5.93781
65	65	19.1038
66	66	-6.36409
67	67	-10.3191
68	68	15.4035
69	69	-16.4321
70	70	-21.4756
71	71	1.35117
72	72	6.71559
73	73	-6.67801
74	74	-4.79658
75	75	11.9762
76	76	8.27516
77	77	-8.40798
78	78	-9.41069
79	79	-0.85767
80	80	17.2361
81	81	8.94514
82	82	-1.31813
83	83	16.3167
84	84	-24.9504
85	85	26.7892
86	86	24.437
87	87	-8.16707
88	88	-11.7772
89	89	6.49488
90	90	-17.4956
91	91	14.4157
92	92	36.1595
93	93	-30.7447
94	94	-20.6475
95	95	49.7825
96	96	-1.93063
97	97	5.79923
98	98	21.4079
99	99	-16.4584
100	100	-9.88741
101	101	9.79551
102	102	16.6772
103	103	-5.13898
104	104	11.1255
105	105	9.91966
106	106	20.0258
107	107	34.7929
108	108	-42.3046
109	109	-39.0152
110	110	14.4511
111	111	0.662094
112	112	-26.3609
113	113	-8.60501
114	114	16.8942
115	115	-25.2375
116	116	-0.45448
117	117	-6.81688
118	118	-35.6069
119	119	4.75269
120	120	-9.61798
121	121	-6.44876
122	122	-28.4241
123	123	-3.24078
124	124	31.2228
125	125	20.1918
126	126	-7.70894
127	127	-21.4615
128	128	-11.1194
129	129	21.1882
130	130	-20.3172
131	131	9.33152
132	132	-4.06519
133	133	20.6584
134	134	22.7941
135	135	8.80255
136	136	-26.9088
137	137	-11.2004
138	138	-13.3584
139	139	11.3135
140	140	48.7547
141	141	-10.8034
142	142	-3.31133
143	143	-11.7177
144	144	15.8031
145	145	36.1306
146	146	-27.1222
147	147	22.9455
148	148	-12.0477
149	149	2.95064
150	150	-17.7716
151	151	-8.77951
152	152	-10.8646
153	153	58.7652
154	154	16.2972
155	155	-36.0266
156	156	8.9344
157	157	2.16757
158	158	10.969
159	159	-22.2859
160	160	-44.2814
161	161	14.7983
162	162	-13.3959
163	163	34.8112
164	164	-1.90539
165	165	-29.8366
166	166	6.74072
167	167	-8.51647
168	168	-9.00523
169	169	45.4092
170	170	-5.53799
171	171	19.4863
172	172	-16.5836
173	173	8.79559
174	174	-17.7249
175	175	5.62986
176	176	-39.0153
177	177	-8.69873
178	178	4.47521
179	179	29.7457
180	180	-38.0126
181	181	-15.5041
182	182	-33.6543
183	183	-1.30676
184	184	-13.4115
185	185	-8.51569
186	186	-5.58097
187	187	2.79294
188	188	-41.0581
189	189	-15.7601
190	190	-27.0134
191	191	4.03662
192	192	1.12012
193	193	36.8726
194	194	-5.11129
195	195	-9.93319
196	196	3.75963
197	197	5.60895
198	198	-31.0744
199	199	-22.7022
200	200	17.5282
201	201	8.21884
202	202	20.8082
203	203	23.2546
204	204	8.96728
205	205	27.0983
206	206	2.07122
207	207	15.2322
208	208	28.7995
209	209	37.2402
210	210	16.8839
211	211	-21.1513
212	212	9.88804
213	213	46.2379
214	214	19.0811
215	215	18.3846
216	216	-47.4191
217	217	-10.1129
218	218	17.3754
219	219	19.6019
220	220	15.4507
221	221	22.6813
222	222	21.3049
223	223	34.1733
224	224	-12.8313
225	225	-1.04835
226	226	25.2311
227	227	9.1492
228	228	-18.3919
229	229	28.1892
230	230	-33.0975
231	231	-20.4782
232	232	13.4986
233	233	20.6014
234	234	6.50339
235	235	-24.5904
236	236	12.307
237	237	-2.70239
238	238	3.63036
239	239	-6.70757
240	240	-16.3713
241	241	-9.17545
242	242	-23.6756
243	243	2.75084
244	244	-51.9711
245	245	23.0849
246	246	10.6439
247	247	37.789
248	248	17.4683
249	249	15.3194
250	250	-9.73224
251	251	-14.8543
252	252	-36.6227
253	253	-5.32449
254	254	-28.177
255	255	-6.95514
256	256	-2.00991
257	257	-7.50011
258	258	-13.1472
259	259	-6.49827
260	260	14.8688
261	261	4.71023
262	262	-22.6195
263	263	-2.40403
264	264	-0.689887
265	265	7.46479
266	266	-31.8757
267	267	-30.7247
268	268	-11.5898
269	269	-6.28315
270	270	1.9391
271	271	-27.0145
272	272	-27.3706
273	273	7.59558
274	274	-0.0393378
275	275	8.40789
276	276	-3.3618
277	277	-24.0164
278	278	-22.8385
279	279	-13.3854
280	280	-0.905695
281	281	-18.2073
282	282	-12.5202
283	283	18.246
284	284	4.00134
285	285	20.2038
286	286	-28.1425
287	287	34.5655
288	288	-17.5796
289	289	-8.55706
290	290	8.60722
291	291	-16.8155
292	292	52.9927
293	293	-11.3762
294	294	2.87378
295	295	33.1743
296	296	-17.0514
297	297	-24.8825
298	298	-18.4317
299	299	3.13629
300	300	41.4452
301	301	-19.1915
302	302	-25.6293
303	303	19.6745
304	304	14.1219
305	305	4.60146
306	306	39.2055
307	307	28.6949
308	308	-6.33083
309	309	-1.85003
310	310	-16.942
311	311	-11.7765
312	312	17.7059
313	313	13.1644
314	314	-9.43937
315	315	-14.0936
316	316	28.9384
317	317	8.66322
318	318	5.74427
319	319	10.0808
320	320	27.462
321	321	-15.6245
322	322	-17.8604
323	323	1.0594
324	324	19.94
325	325	-8.42141
326	326	14.706
327	327	-11.0331
328	328	-42.2504
329	329	12.6972
330	330	1.93967
331	331	29.8954
332	332	-14.1751
333	333	-14.3436
334	334	-6.16547
335	335	21.2505
336	336	23.4034
337	337	-9.08145
338	338	20.8649
339	339	-1.99212
340	340	15.5522
341	341	-6.15242
342	342	32.0196
343	343	5.85589
344	344	-22.4263
345	345	-3.12561
346	346	0.848237
347	347	-3.48987
348	348	-4.14282
349	349	-19.0384
350	350	1.00754
351	351	-36.1736
352	352	-25.0407
353	353	5.87357
354	354	-40.6695
355	355	11.5786
356	356	3.73929
357	357	-16.9309
358	358	-26.1774
359	359	20.8872
360	360	-9.78326
361	361	-13.8076
362	362	22.4612
363	363	-37.0624
364	364	-6.16425
365	365	-37.5568
366	366	-13.9402
367	367	-19.7677
368	368	7.09019
369	369	-13.0171
370	370	3.05651
371	371	4.52187
372	372	11.1588
373	373	-37.4202
374	374	43.5416
375	375	34.3935
376	376	46.3677
377	377	-33.1774
378	378	-29.2961
379	379	-11.1316
380	380	0.404618
381	381	-13.3051
382	382	11.7941
383	383	-27.0096
384	384	-21.66
385	385	-11.7748
386	386	-27.9088
387	387	0.0539763
388	388	-30.1239
389	389	6.59121
390	390	-16.6629
391	391	-6.4389
392	392	-1.4754
393	393	16.0693
394	394	-14.4512
395	395	10.1084
396	396	9.85972
397	397	-20.894
398	398	24.8159
399	399	6.78978
400	400	-14.3128
401	401	12.673
402	402	-4.5451
403	403	16.2657
404	404	14.614
405	405	3.06821
406	406	-33.4344
407	407	-9.5081
408	408	-20.7028
409	409	12.6506
410	410	45.7992
411	411	-15.2135
412	412	12.031
413	413	12.2953
414	414	-18.6525
415	415	-12.9519
416	416	18.8953
417	417	-11.9859
418	418	-16.8307
419	419	3.35298
420	420	-8.66482
421	421	-12.115
422	422	4.77683
423	423	3.82715
424	424	12.1087
425	425	8.72878
426	426	-1.36239
427	427	-0.436814
428	428	-3.48292
429	429	20.831
430	430	-31.8676
431	431	-20.4556
432	432	7.01749
433	433	7.55255
434	434	-4.89606
435	435	24.1873
436	436	28.9897
437	437	1.69819
438	438	12.563
439	439	-0.525749
440	440	25.61
441	441	4.62544
442	442	41.1721
443	443	-8.92328
444	444	-1.04444
445	445	-22.8899
446	446	-7.97447
447	447	12.1297
448	448	6.79292
449	449	-11.7558
450	450	-7.80302
451	451	-7.40765
452	452	3.00809
453	453	18.1605
454	454	-11.5931
455	455	12.3517
456	456	-13.19
457	457	-20.8471
458	458	-25.1781
459	459	13.3788
460	460	13.8908
461	461	-14.4502
462	462	-9.97284
463	463	9.37868
464	464	-18.487
465	465	2.77298
466	466	-48.0091
467	467	-20.3484
468	468	23.0486
469	469	-12.0178
470	470	-5.20552
471	471	29.0821
472	472	-15.6356
473	473	8.07471
474	474	2.19134
475	475	-4.96306
476	476	14.734
477	477	8.82595
478	478	-9.43253
479	479	-14.4837
480	480	1.94341
481	481	26.1627
482	482	12.8937
483	483	1.01517
484	484	-13.6229
485	485	20.7307
486	486	-21.5133
487	487	1.76855
488	488	-7.07249
489	489	-5.48288
490	490	-25.8608
491	491	-41.0881
492	492	-27.2963
493	493	-5.80903
494	494	-19.6067
495	495	21.2073
496	496	5.67153
497	497	0.21347
498	498	2.31663
499	499	-8.47478
500	500	-2.95828
501	501	-14.7154
502	502	-15.6761
503	503	32.6286
504	504	7.00472
505	505	8.02787
506	506	21.5016
507	507	6.31642
508	508	-3.65812
509	509	3.25793
510	510	16.0809
511	511	-13.7851
512	512	26.7962
513	513	-13.9005
514	514	-7.61049
515	515	1.12516
516	516	4.01176
517	517	22.3179
518	518	-6.91209
519	519	8.02183
520	520	-13.8851
521	521	3.15947
522	522	3.41115
523	523	-23.5474
524	524	21.6905
525	525	11.7883
526	526	11.0783
527	527	6.81235
528	528	10.8961
529	529	-28.9959
530	530	-6.05021
531	531	31.5901
532	532	-0.131872
533	533	-4.97393
534	534	-16.9031
535	535	40.9327
536	536	25.9453
537	537	15.0766
538	538	-5.39888
539	539	37.2835
540	540	-29.219
541	541	11.2519
542	542	13.5533
543	543	-19.7697
544	544	4.37855
545	545	13.7884
546	546	2.48229
547	547	33.4608
548	548	-14.1768
549	549	20.9152
550	550	12.1278
551	551	-31.9911
552	552	9.25486
553	553	-1.94008
554	554	5.41467
555	555	20.4317
556	556	3.61331
557	557	-0.753059
558	558	3.89416
559	559	8.83255
560	560	28.8986
561	561	8.01931
562	562	-0.373368
563	563	-13.5737
564	564	0.852917
565	565	-34.4944
566	566	-6.04965
567	567	12.0729
568	568	-11.8315
569	569	27.468
570	570	-20.0108
571	571	-12.6787
572	572	-4.83504
573	573	35.4184
574	574	-8.58939
575	575	20.0732
576	576	1.21109
577	577	-5.10559
578	578	7.64802
579	579	11.3828
580	580	26.9482
581	581	15.5237
582	582	7.97616
583	583	26.707
584	584	-2.0206
585	585	0.404073
586	586	11.9905
587	587	-21.6742
588	588	11.9011
589	589	-41.9766
590	590	-15.9755
591	591	15.3322
592	592	3.94021
593	593	17.6443
594	594	-6.41183
595	595	-2.95992
596	596	-6.57125
597	597	3.99639
598	598	-13.5952
599	599	-5.62435
600	600	23.5809
601	601	-0.397749
602	602	30.6577
603	603	-0.797958
604	604	22.9676
605	605	34.7412
606	606	3.5662
607	607	2.69294
608	608	-38.508
609	609	-14.4838
610	610	-18.6229
611	611	-9.82611
612	612	-12.2855
613	613	-11.1092
614	614	-25.1359
615	615	37.9845
616	616	-9.40363
617	617	-1.63325
618	618	-23.2143
619	619	-7.46257
620	620	-0.927723
621	621	-17.5709
622	622	-3.23823
623	623	-14.1715
624	624	-22.3133
625	625	-4.61962
626	626	-15.557
627	627	43.1844
628	628	-3.37619
629	629	38.4125
630	630	-35.1945
631	631	-25.1945
632	632	-16.4334
633	633	3.47093
634	634	14.504
635	635	-13.4354
636	636	19.3589
637	637	12.9551
638	638	7.09651
639	639	33.3729
640	640	5.7787
641	641	-7.11388
642	642	18.8162
643	643	1.83358
644	644	1.1105
645	645	6.76433
646	646	-12.304
647	647	25.4307
648	648	-12.9476
649	649	4.02011
650	650	34.3311
651	651	-5.31292
652	652	19.2037
653	653	24.0426
654	654	-3.95464
655	655	-31.3028
656	656	-23.4511
657	657	-18.7534
658	658	11.9072
659	659	17.4314
660	660	-1.88481
661	661	4.42579
662	662	-2.45818
663	663	9.61744
664	664	12.5456
665	665	-5.62198
666	666	-27.8227
667	667	-20.0536
668	668	14.6171
669	669	-1.95945
670	670	6.34657
671	671	-16.5469
672	672	-28.485
673	673	-10.687
674	674	5.29046
675	675	41.2362
676	676	25.8355
677	677	-21.4964
678	678	-10.3802
679	679	26.569
680	680	29.9056
681	681	-19.7176
682	682	5.0014
683	683	-20.0152
684	684	11.1071
685	685	13.5566
686	686	30.9033
687	687	16.9319
688	688	16.7223
689	689	-9.36302
690	690	6.97288
691	691	-9.34868
692	692	12.6646
693	693	21.7929
694	694	2.70752
695	695	-41.8256
696	696	-3.07757
697	697	-26.5233
698	698	28.9209
699	699	4.01307
700	700	10.8907
701	701	0.499106
702	702	2.65637
703	703	37.1472
704	704	23.6053
705	705	-36.7126
706	706	-42.0499
707	707	-29.555
708	708	7.42984
709	709	8.56613
710	710	-1.15363
711	711	10.8905
712	712	12.8593
713	713	2.76312
714	714	14.4057
715	715	-0.270901
716	716	-5.48263
717	717	-6.97204
718	718	-4.87232
719	719	-4.17628
720	720	-3.17794
721	721	24.5608
722	722	2.76503
723	723	51.4258
724	724	0.253646
725	725	10.892
726	726	6.2954
727	727	19.3524
728	728	-4.94759
729	729	-18.4855
730	730	-2.29431
731	731	1.84433
732	732	-10.7415
733	733	-21.8421
734	734	-2.483
735	735	-23.0357
736	736	5.80569
737	737	18.7028
738	738	-30.8703
739	739	14.7092
740	740	-15.3722
741	741	-0.0954264
742	742	-0.0380491
743	743	-6.24252
744	744	27.6774
745	745	-40.1115
746	746	8.81513
747	747	23.2334
748	748	30.4284
749	749	-16.6281
750	750	1.67486
751	751	-21.858
752	752	-12.6321
753	753	4.93299
754	754	15.2052
755	755	-13.0894
756	756	4.80594
757	757	3.60375
758	758	20.867
759	759	1.71689
760	760	-31.28
761	761	-27.8152
762	762	18.7695
763	763	30.5839
764	764	32.7011
765	765	-21.7362
766	766	7.04838
767	767	-4.95288
768	768	21.1654
769	769	-28.9997
770	770	7.47143
771	771	-22.2474
772	772	2.01708
773	773	-6.1947
774	774	3.52103
775	775	-7.57592
776	776	-1.13531
777	777	0.182492
778	778	10.2412
779	779	34.1845
780	780	-8.17733
781	781	-3.47261
782	782	19.3025
783	783	8.32186
784	784	20.2442
785	785	-13.4066
786	786	34.5629
787	787	-29.2574
788	788	14.8067
789	789	2.99604
790	790	25.5655
791	791	38.3532
792	792	19.4631
793	793	-5.09656
794	794	-29.7662
795	795	10.6923
796	796	-35.2435
797	797	18.2691
798	798	-22.7177
799	799	-20.7223
800	800	4.20504
801	801	-6.13288
802	802	-11.014
803	803	13.6801
804	804	1.20721
805	805	24.1115
806	806	10.1384
807	807	-13.2961
808	808	1.65817
809	809	-29.6541
810	810	-47.4798
811	811	-6.216
812	812	10.8435
813	813	10.2331
814	814	10.2884
815	815	6.90479
816	816	10.559
817	817	-31.9246
818	818	-8.66411
819	819	23.4456
820	820	5.83544
821	821	26.5225
822	822	-2.507
823	823	-18.5245
824	824	1.57366
825	825	-44.3659
826	826	34.8517
827	827	15.8765
828	828	-1.44916
829	829	22.7572
830	830	29.783
831	831	-12.8673
832	832	32.2645
833	833	28.5985
834	834	-6.18285
835	835	2.8387
836	836	-2.01082
837	837	9.05721
838	838	16.5625
839	839	-11.1917
840	840	1.65912
841	841	18.4011
842	842	-5.55131
843	843	10.0089
844	844	15.5243
845	845	6.42132
846	846	-6.15714
847	847	6.65443
848	848	9.23472
849	849	-0.177635
850	850	15.7944
851	851	-7.61239
852	852	23.3946
853	853	-24.1006
854	854	-9.02812
855	855	-52.2015
856	856	16.2585
857	857	12.8102
858	858	21.5092
859	859	-20.3317
860	860	-14.434
861	861	-3.17302
862	862	-9.66767
863	863	0.566317
864	864	4.49334
865	865	-47.0927
866	866	-20.6983
867	867	2.55059
868	868	9.25684
869	869	-22.7482
870	870	2.56744
871	871	-42.645
872	872	-3.0249
873	873	17.1515
874	874	-14.1085
875	875	30.5192
876	876	3.78259
877	877	1.10226
878	878	-3.05258
879	879	-29.3909
880	880	-9.36432
881	881	6.78869
882	882	2.80146
883	883	0.185999
884	884	-12.807
885	885	-8.98198
886	886	9.85855
887	887	10.869
888	888	67.2517
889	889	20.8368
890	890	-4.53997
891	891	11.1349
892	892	-20.4375
893	893	5.22671
894	894	-17.1116
895	895	1.33132
896	896	11.4162
897	897	-13.2228
898	898	8.60406
899	899	11.495
900	900	-26.7393
901	901	33.4714
902	902	1.0615
903	903	9.33493
904	904	-20.3349
905	905	21.6824
906	906	0.985689
907	907	-12.2643
908	908	-19.2403
909	909	19.4317
910	910	41.9477
911	911	-22.088
912	912	-2.54522
913	913	13.1558
914	914	-8.38875
915	915	-11.3359
916	916	25.1095
917	917	-14.1145
918	918	17.3936
919	919	-5.4785
920	920	4.43901
921	921	13.7029
922	922	-8.83445
923	923	-0.0908864
924	924	7.73474
925	925	-12.3273
926	926	17.2636
927	927	-12.4589
928	928	11.2803
929	929	13.7121
930	930	34.0363
931	931	-17.641
932	932	-4.5434
933	933	14.6941
934	934	2.92713
935	935	-15.9266
936	936	-8.30971
937	937	22.3299
938	938	-19.7182
939	939	-11.0145
940	940	-21.0635
941	941	11.5009
942	942	2.10496
943	943	-28.1503
944	944	1.56213
945	945	22.625
946	946	6.71133
947	947	16.2502
948	948	53.4526
949	949	0.645416
950	950	-34.8373
951	951	-3.73716
952	952	-6.87756
953	953	-5.92801
954	954	-9.9309
955	955	10.7641
956	956	-11.7618
957	957	28.8927
958	958	-0.26603
959	959	-4.48361
960	960	-9.4575
961	961	-11.4453
962	962	-29.2272
963	963	22.0606
964	964	-0.584409
965	965	19.0198
966	966	7.91911
967	967	-5.96801
968	968	29.048
969	969	0.928377
970	970	-13.4207
971	971	0.351569
972	972	-5.81269
973	973	-13.8705
974	974	-10.9747
975	975	17.5528
976	976	13.8549
977	977	4.29102
978	978	-30.8551
979	979	8.47116
980	980	16.9422
981	981	-13.1607
982	982	14.2822
983	983	-3.0614
984	984	-2.34098
985	985	-27.2715
986	986	13.2082
987	987	36.9089
988	988	25.4594
989	989	3.52144
990	990	14.6262
991	991	-1.33844
992	992	-18.3696
993	993	-10.4081
994	994	-18.1332
995	995	38.8275
996	996	-26.3778
997	997	-19.7836
998	998	17.5088
999	999	-11.4796
1000	1000	5.21369
1001	1001	9.96709
1002	1002	11.3411
1003	1003	-1.31304
1004	1004	34.5023
1005	1005	23.9019
1006	1006	19.3053
1007	1007	-15.6499
1008	1008	-0.196534
1009	1009	-40.9587
1010	1010	-29.0359
1011	1011	41.5923
1012	1012	0.526589
1013	1013	10.8758
1014	1014	14.0439
1015	1015	-4.08491
1016	1016	10.3866
1017	1017	-21.6608
1018	1018	21.613
1019	1019	22.3878
1020	1020	-35.5743
1021	1021	14.4565
1022	1022	-2.52498
1023	1023	15.1859
1024	1024	47.7048
1025	1025	-12.1909
1026	1026	-27.8725
1027	1027	15.751
1028	1028	10.014
1029	1029	-18.8116
1030	1030	5.46381
1031	1031	18.8421
1032	1032	-31.1663
1033	1033	12.3002
1034	1034	0.0972081
1035	1035	-30.5028
1036	1036	11.2866
1037	1037	-33.305
1038	1038	19.0922
1039	1039	33.0958
1040	1040	-16.6804
1041	1041	2.78779
1042	1042	-45.246
1043	1043	26.4162
1044	1044	3.31339
1045	1045	-9.97074
1046	1046	-17.9683
1047	1047	9.87374
1048	1048	-35.9367
1049	1049	10.5365
1050	1050	13.3493
1051	1051	-23.753
1052	1052	-14.4332
1053	1053	-37.5767
1054	1054	-44.7857
1055	1055	-5.07951
1056	1056	32.5778
1057	1057	-4.673
1058	1058	12.2923
1059	1059	5.37061
1060	1060	2.87768
1061	1061	-0.51664
1062	1062	21.108
1063	1063	13.2956
1064	1064	-3.40704
1065	1065	-27.2923
1066	1066	20.5364
1067	1067	8.64126
1068	1068	-40.2902
1069	1069	0.755797
1070	1070	-13.8106
1071	1071	-36.8575
1072	1072	-7.78894
1073	1073	-11.4989
1074	1074	10.933
1075	1075	1.07592
1076	1076	9.54685
1077	1077	18.7254
1078	1078	1.72154
1079	1079	-29.7288
1080	1080	-11.9803
1081	1081	8.1201
1082	1082	9.49439
1083	1083	-25.1923
1084	1084	4.52801
1085	1085	5.57374
1086	1086	25.8962
1087	1087	-27.4054
1088	1088	0.147214
1089	1089	-22.0582
1090	1090	-8.43073
1091	1091	13.5042
1092	1092	-1.66183
1093	1093	13.6955
1094	1094	-21.9992
1095	1095	20.3384
1096	1096	5.73438
1097	1097	-37.1055
1098	1098	7.12883
1099	1099	26.4199
1100	1100	-5.7348
1101	1101	-28.8844
1102	1102	-27.3337
1103	1103	7.14883
1104	1104	-24.1499
1105	1105	29.1546
1106	1106	-6.2815
1107	1107	1.87515
1108	1108	-15.3685
1109	1109	27.4792
1110	1110	-1.81727
1111	1111	38.9275
1112	1112	9.44844
1113	1113	8.59448
1114	1114	7.33782
1115	1115	-1.64749
1116	1116	-7.52099
1117	1117	8.20348
1118	1118	-0.973943
1119	1119	-13.7676
1120	1120	-21.645
1121	1121	-25.5972
1122	1122	-11.8069
1123	1123	-7.33134
1124	1124	-20.4936
1125	1125	-6.56444
1126	1126	2.28605
1127	1127	2.93106
1128	1128	32.7999
1129	1129	26.0531
1130	1130	-11.7451
1131	1131	14.2487
1132	1132	-3.08418
1133	1133	-14.4813
1134	1134	-60.6987
1135	1135	-10.2985
1136	1136	40.5149
1137	1137	9.7168
1138	1138	-14.0315
1139	1139	13.1772
1140	1140	39.9832
1141	1141	-4.98264
1142	1142	7.63572
1143	1143	46.1345
1144	1144	-3.88746
1145	1145	8.33003
1146	1146	9.52195
1147	1147	44.5612
1148	1148	-9.05349
1149	1149	-45.4938
1150	1150	-18.6485
1151	1151	21.1188
1152	1152	-30.5828
1153	1153	28.3541
1154	1154	-23.3685
1155	1155	-28.453
1156	1156	-0.183754
1157	1157	-15.9867
1158	1158	-10.6248
1159	1159	8.59981
1160	1160	-39.8244
1161	1161	23.1272
1162	1162	-20.4012
1163	1163	-10.7157
1164	1164	-52.1104
1165	1165	-6.23367
1166	1166	2.94688
1167	1167	-2.77116
1168	1168	-11.5324
1169	1169	-3.46513
1170	1170	-28.1849
1171	1171	-13.7779
1172	1172	-27.8332
1173	1173	-1.72252
1174	1174	-24.1974
1175	1175	27.4636
1176	1176	-11.5028
1177	1177	-14.4572
1178	1178	14.9117
1179	1179	11.4222
1180	1180	2.34721
1181	1181	-12.2246
1182	1182	-2.07111
1183	1183	10.6962
1184	1184	-17.6552
1185	1185	11.447
1186	1186	-12.2492
1187	1187	-15.7625
1188	1188	14.9435
1189	1189	53.3593
1190	1190	-12.5995
1191	1191	-9.57802
1192	1192	19.8552
1193	1193	13.9984
1194	1194	-32.0307
1195	1195	-17.4121
1196	1196	2.13026
1197	1197	-19.735
1198	1198	-10.7991
1199	1199	8.68729
1200	1200	8.54897
1201	1201	27.4374
1202	1202	7.84116
1203	1203	-10.4577
1204	1204	-25.7656
1205	1205	30.9517
1206	1206	-32.0564
1207	1207	-39.4287
1208	1208	21.5414
1209	1209	11.522
1210	1210	5.64485
1211	1211	-12.5453
1212	1212	21.1778
1213	1213	-20.5029
1214	1214	19.3744
1215	1215	-3.4795
1216	1216	-21.5323
1217	1217	-19.9123
1218	1218	5.22726
1219	1219	-1.65997
1220	1220	-1.56588
1221	1221	24.0716
1222	1222	3.65157
1223	1223	-17.3341
1224	1224	10.6623
1225	1225	-26.4362
1226	1226	22.9943
1227	1227	-18.0718
1228	1228	-25.6603
1229	1229	5.96884
1230	1230	6.97877
1231	1231	16.2691
1232	1232	4.47684
1233	1233	-19.5632
1234	1234	10.3005
1235	1235	1.90103
1236	1236	0.40259
1237	1237	6.40999
1238	1238	24.0679
1239	1239	-2.64819
1240	1240	-22.2604
1241	1241	-24.5199
1242	1242	16.8466
1243	1243	28.7812
1244	1244	16.8419
1245	1245	-8.05516
1246	1246	-25.6922
1247	1247	-19.8031
1248	1248	37.77
1249	1249	9.78643
1250	1250	-4.90136
1251	1251	-30.7635
1252	1252	2.61489
1253	1253	-7.38408
1254	1254	15.7215
1255	1255	20.5701
1256	1256	-29.1211
1257	1257	-21.723
1258	1258	2.56871
1259	1259	-8.50329
1260	1260	1.38508
1261	1261	25.2113
1262	1262	-12.0901
1263	1263	10.3704
1264	1264	-11.772
1265	1265	-28.3348
1266	1266	-44.8958
1267	1267	28.4429
1268	1268	2.91541
1269	1269	-13.9208
1270	1270	-13.1774
1271	1271	13.5317
1272	1272	18.2264
1273	1273	-9.58697
1274	1274	5.61513
1275	1275	-10.2492
1276	1276	11.8554
1277	1277	-3.41547
1278	1278	-6.07458
1279	1279	19.9646
1280	1280	-37.2415
1281	1281	30.3793
1282	1282	-7.9357
1283	1283	-13.3587
1284	1284	-18.789
1285	1285	-1.87047
1286	1286	20.1325
1287	1287	3.08446
1288	1288	0.253182
1289	1289	10.0526
1290	1290	19.0908
1291	1291	-25.2631
1292	1292	7.91992
1293	1293	-23.2948
1294	1294	12.9771
1295	1295	-7.64552
1296	1296	6.80383
1297	1297	22.0435
1298	1298	8.0378
1299	1299	-6.65638
1300	1300	0.984048
1301	1301	16.3477
1302	1302	1.55874
1303	1303	-2.70921
1304	1304	-39.3247
1305	1305	-15.8656
1306	1306	12.352
1307	1307	17.1597
1308	1308	-24.6121
1309	1309	12.4273
1310	1310	-42.0838
1311	1311	19.7736
1312	1312	9.10299
1313	1313	-10.1677
1314	1314	-13.7103
1315	1315	11.5462
1316	1316	-17.9025
1317	1317	21.7082
1318	1318	-43.3373
1319	1319	4.70403
1320	1320	-3.77415
1321	1321	10.5181
1322	1322	16.5777
1323	1323	-10.7818
1324	1324	-9.30719
1325	1325	16.3701
1326	1326	-25.0334
1327	1327	-22.6367
1328	1328	-9.94293
1329	1329	19.2103
1330	1330	9.86472
1331	1331	10.1091
1332	1332	14.1786
1333	1333	14.9392
1334	1334	-1.23059
1335	1335	0.0135595
1336	1336	22.7516
1337	1337	-32.5108
1338	1338	-22.6062
1339	1339	7.74196
1340	1340	-24.0378
1341	1341	26.2406
1342	1342	18.1016
1343	1343	-14.1304
1344	1344	16.4759
1345	1345	-16.9449
1346	1346	7.40367
1347	1347	0.232143
1348	1348	-11.928
1349	1349	26.5238
1350	1350	17.5215
1351	1351	14.0831
1352	1352	-18.3521
1353	1353	-32.9472
1354	1354	47.0924
1355	1355	-32.3505
1356	1356	-4.63735
1357	1357	-2.7011
1358	1358	-9.82535
1359	1359	-4.52104
1360	1360	-15.6768
1361	1361	21.2365
1362	1362	9.30067
1363	1363	-10.5053
1364	1364	8.13889
1365	1365	21.0328
1366	1366	-16.4217
1367	1367	39.4214
1368	1368	-10.7888
1369	1369	-32.0011
1370	1370	-2.52284
1371	1371	62.6299
1372	1372	-10.2252
1373	1373	26.9577
1374	1374	-9.69506
1375	1375	-44.1862
1376	1376	10.5231
1377	1377	11.958
1378	1378	17.3935
1379	1379	9.9774
1380	1380	-0.151695
1381	1381	18.5249
1382	1382	27.3236
1383	1383	19.1363
1384	1384	-21.649
1385	1385	1.84153
1386	1386	-5.73016
1387	1387	14.9845
1388	1388	-18.1208
1389	1389	-13.8498
1390	1390	17.6538
1391	1391	-2.40229
1392	1392	47.8409
1393	1393	-10.4147
1394	1394	21.2196
1395	1395	-18.5202
1396	1396	24.2504
1397	1397	-9.46206
1398	1398	22.5877
1399	1399	12.9846
1400	1400	12.1186
1401	1401	1.41199
1402	1402	-9.19751
1403	1403	-13.0203
1404	1404	2.11725
1405	1405	-47.7726
1406	1406	-8.18511
1407	1407	-7.16051
1408	1408	-16.6166
1409	1409	-7.84301
1410	1410	-4.49376
1411	1411	-7.66541
1412	1412	-23.0999
1413	1413	-3.19491
1414	1414	-19.4403
1415	1415	-8.36227
1416	1416	12.9184
1417	1417	18.2
1418	1418	11.4263
1419	1419	-38.1061
1420	1420	-2.43042
1421	1421	-7.22407
1422	1422	21.4431
1423	1423	2.66455
1424	1424	7.80966
1425	1425	12.1005
1426	1426	-8.80606
1427	1427	-14.6402
1428	1428	14.7246
1429	1429	-14.7492
1430	1430	-4.60283
1431	1431	-4.63807
1432	1432	7.05503
1433	1433	-13.4371
1434	1434	-0.810039
1435	1435	4.25202
1436	1436	-13.493
1437	1437	-13.9772
1438	1438	-1.80667
1439	1439	-6.08081
1440	1440	-6.31894
1441	1441	1.02374
1442	1442	-4.24954
1443	1443	-44.8691
1444	1444	-38.2995
1445	1445	-6.97359
1446	1446	-5.27327
1447	1447	0.159176
1448	1448	6.2646
1449	1449	-30.3397
1450	1450	27.3697
1451	1451	-19.0757
1452	1452	9.79783
1453	1453	-24.8872
1454	1454	30.4443
1455	1455	3.82335
1456	1456	15.6872
1457	1457	-10.3401
1458	1458	-20.8184
1459	1459	0.621809
1460	1460	-11.1197
1461	1461	26.9372
1462	1462	-13.9243
1463	1463	27.8874
1464	1464	11.9899
1465	1465	16.4084
1466	1466	0.0457615
1467	1467	40.3681
1468	1468	44.1786
1469	1469	18.6442
1470	1470	-41.2839
1471	1471	42.251
1472	1472	10.003
1473	1473	-3.40491
1474	1474	-5.02475
1475	1475	18.1476
1476	1476	-17.8267
1477	1477	-19.3611
1478	1478	5.39479
1479	1479	15.6924
1480	1480	-29.6508
1481	1481	-18.6292
1482	1482	40.2354
1483	1483	-26.1529
1484	1484	-3.94653
1485	1485	11.5323
1486	1486	-19.347
1487	1487	17.5621
1488	1488	3.38013
1489	1489	-39.805
1490	1490	-0.974275
1491	1491	-1.63924
1492	1492	5.92725
1493	1493	-22.8395
1494	1494	23.2248
1495	1495	-21.0247
1496	1496	10.4271
1497	1497	-0.715461
1498	1498	28.5177
1499	1499	4.79657
1500	1500	-25.6604
1501	1501	2.99118
1502	1502	-2.51584
1503	1503	39.7687
1504	1504	16.2004
1505	1505	-30.9633
1506	1506	19.5901
1507	1507	-47.4587
1508	1508	5.45077
1509	1509	-1.74303
1510	1510	-17.6187
1511	1511	2.86835
1512	1512	-4.65431
1513	1513	-10.7077
1514	1514	-17.309
1515	1515	32.0244
1516	1516	-11.0769
1517	1517	-26.0957
1518	1518	38.1923
1519	1519	-21.6882
1520	1520	-24.5914
1521	1521	22.5771
1522	1522	-8.57167
1523	1523	1.15813
1524	1524	25.8408
1525	1525	-17.75
1526	1526	-15.5769
1527	1527	18.1152
1528	1528	-16.9952
1529	1529	14.8387
1530	1530	12.4763
1531	1531	-15.2905
1532	1532	-15.7969
1533	1533	-3.35885
1534	1534	-23.3892
1535	1535	6.7361
1536	1536	-39.843
1537	1537	17.7758
1538	1538	-10.1107
1539	1539	40.1642
1540	1540	-12.7901
1541	1541	-1.59451
1542	1542	18.5714
1543	1543	8.6861
1544	1544	8.38266
1545	1545	-12.4951
1546	1546	-9.19376
1547	1547	2.91316
1548	1548	17.5529
1549	1549	3.64101
1550	1550	12.6506
1551	1551	29.0516
1552	1552	-6.50967
1553	1553	-12.4557
1554	1554	-3.11465
1555	1555	9.13515
1556	1556	-0.4396
1557	1557	-2.11828
1558	1558	-10.3204
1559	1559	17.2813
1560	1560	17.9675
1561	1561	-7.68098
1562	1562	15.4026
1563	1563	-3.7588
1564	1564	-5.07376
1565	1565	26.6536
1566	1566	10.357
1567	1567	-20.9004
1568	1568	0.179326
1569	1569	-34.0067
1570	1570	16.5567
1571	1571	19.2147
1572	1572	-10.3803
1573	1573	34.4885
1574	1574	48.6079
1575	1575	-28.0252
1576	1576	28.6452
1577	1577	-5.35068
1578	1578	28.7306
1579	1579	-24.9634
1580	1580	-32.7371
1581	1581	28.1314
1582	1582	7.23209
1583	1583	6.95231
1584	1584	24.225
1585	1585	8.60374
1586	1586	30.4296
1587	1587	-6.73251
1588	1588	11.6408
1589	1589	9.80015
1590	1590	17.3695
1591	1591	2.4354
1592	1592	-14.8896
1593	1593	-7.55715
1594	1594	-15.3277
1595	1595	-26.6319
1596	1596	1.69159
1597	1597	-15.6357
1598	1598	35.6965
1599	1599	35.2678
1600	1600	-23.426
1601	1601	-16.0222
1602	1602	5.00551
1603	1603	-19.4326
1604	1604	-17.338
1605	1605	0.468009
1606	1606	-11.1487
1607	1607	2.34389
1608	1608	4.53917
1609	1609	15.277
1610	1610	-12.6283
1611	1611	-38.7839
1612	1612	-3.87268
1613	1613	-17.782
1614	1614	-24.002
1615	1615	-11.104
1616	1616	9.03541
1617	1617	5.74175
1618	1618	-1.11308
1619	1619	-25.847
1620	1620	9.55114
1621	1621	-14.921
1622	1622	-19.2522
1623	1623	-1.91789
1624	1624	-0.0163699
1625	1625	-1.37147
1626	1626	-13.0806
1627	1627	14.4007
1628	1628	-7.42152
1629	1629	5.37476
1630	1630	-13.8175
1631	1631	11.0526
1632	1632	-6.36746
1633	1633	-65.2137
1634	1634	12.4978
1635	1635	-5.83923
1636	1636	11.5244
1637	1637	-33.7593
1638	1638	20.4054
1639	1639	10.4101
1640	1640	-10.6139
1641	1641	-36.0124
1642	1642	-12.4003
1643	1643	2.92874
1644	1644	-20.7163
1645	1645	10.8042
1646	1646	-34.9143
1647	1647	1.62138
1648	1648	-37.2462
1649	1649	16.4981
1650	1650	7.90348
1651	1651	-2.84635
1652	1652	-21.8363
1653	1653	-15.2285
1654	1654	2.54853
1655	1655	-12.9103
1656	1656	-10.1205
1657	1657	4.09358
1658	1658	-37.3169
1659	1659	-29.8324
1660	1660	-8.93556
1661	1661	9.46928
1662	1662	-9.09716
1663	1663	40.2036
1664	1664	-13.8022
1665	1665	14.4277
1666	1666	20.7356
1667	1667	-6.84911
1668	1668	-42.2946
1669	1669	17.1559
1670	1670	-11.7275
1671	1671	-9.88689
1672	1672	2.41821
1673	1673	-18.3597
1674	1674	-15.4382
1675	1675	0.0976129
1676	1676	-9.16966
1677	1677	4.63516
1678	1678	26.1542
1679	1679	-9.96036
1680	1680	9.31042
1681	1681	-13.2488
1682	1682	3.27943
1683	1683	3.61467
1684	1684	-17.1895
1685	1685	-36.7482
1686	1686	-44.492
1687	1687	-4.06513
1688	1688	15.2362
1689	1689	-16.0425
1690	1690	-3.75612
1691	1691	3.23484
1692	1692	3.15911
1693	1693	8.39631
1694	1694	-4.46482
1695	1695	-15.6628
1696	1696	-11.3821
1697	1697	-3.55032
1698	1698	10.1701
1699	1699	-4.68294
1700	1700	-6.35298
1701	1701	22.6358
1702	1702	-15.1985
1703	1703	-3.61617
1704	1704	8.52098
1705	1705	12.5008
1706	1706	-4.91509
1707	1707	13.1977
1708	1708	-1.95085
1709	1709	8.79056
1710	1710	-29.4056
1711	1711	32.8579
1712	1712	-1.94602
1713	1713	-2.68514
1714	1714	16.1227
1715	1715	17.8133
1716	1716	-10.096
1717	1717	10.8755
1718	1718	-14.9224
1719	1719	44.2771
1720	1720	34.3762
1721	1721	11.7965
1722	1722	-14.3144
1723	1723	38.6258
1724	1724	-3.75842
1725	1725	4.70337
1726	1726	9.45686
1727	1727	11.4786
1728	1728	-19.921
1729	1729	-1.55497
1730	1730	-19.7665
1731	1731	-15.8608
1732	1732	11.487
1733	1733	-15.5739
1734	1734	-13.4855
1735	1735	17.6644
1736	1736	19.2546
1737	1737	-0.754313
1738	1738	7.23003
1739	1739	17.3167
1740	1740	3.57786
1741	1741	4.90726
1742	1742	-21.4419
1743	1743	23.5292
1744	1744	-4.55656
1745	1745	-2.50395
1746	1746	-40.6621
1747	1747	-21.2783
1748	1748	23.6008
1749	1749	-9.93121
1750	1750	3.64737
1751	1751	-34.8983
1752	1752	17.0558
1753	1753	31.7815
1754	1754	-27.379
1755	1755	-2.33264
1756	1756	-15.5275
1757	1757	-29.2123
1758	1758	17.1214
1759	1759	39.9815
1760	1760	-31.0597
1761	1761	19.1553
1762	1762	-9.12336
1763	1763	-18.5262
1764	1764	-13.6122
1765	1765	-14.9887
1766	1766	-24.9455
1767	1767	8.381
1768	1768	-22.4832
1769	1769	-14.9526
1770	1770	-15.9434
1771	1771	-13.2864
1772	1772	-0.504485
1773	1773	-29.0108
1774	1774	19.7333
1775	1775	3.82759
1776	1776	1.33253
1777	1777	14.5291
1778	1778	49.5636
1779	1779	2.691
1780	1780	5.02245
1781	1781	10.9915
1782	1782	11.967
1783	1783	9.42287
1784	1784	-14.1432
1785	1785	35.95
1786	1786	16.5263
1787	1787	27.4554
1788	1788	25.1544
1789	1789	14.97
1790	1790	-8.05035
1791	1791	12.3617
1792	1792	60.4979
1793	1793	21.3147
1794	1794	5.76025
1795	1795	-13.8233
1796	1796	1.82604
1797	1797	11.4766
1798	1798	9.16185
1799	1799	-1.14299
1800	1800	23.2812
1801	1801	7.86652
1802	1802	-0.572954
1803	1803	1.25475
1804	1804	0.0845289
1805	1805	-2.67534
1806	1806	1.31752
1807	1807	7.7189
1808	1808	-18.9813
1809	1809	17.262
1810	1810	4.87523
1811	1811	-0.0697339
1812	1812	0.774127
1813	1813	10.7885
1814	1814	8.90928
1815	1815	-1.15282
1816	1816	18.3093
1817	1817	23.7186
1818	1818	24.786
1819	1819	5.57153
1820	1820	27.303
1821	1821	-10.0528
1822	1822	-0.92844
1823	1823	-18.2896
1824	1824	14.1378
1825	1825	-13.8918
1826	1826	-13.5817
1827	1827	2.27703
1828	1828	6.73786
1829	1829	-25.656
1830	1830	-0.452118
1831	1831	-30.1118
1832	1832	-1.70043
1833	1833	19.9172
1834	1834	-18.4181
1835	1835	-19.1408
1836	1836	14.2801
1837	1837	60.1237
1838	1838	30.3516
1839	1839	-22.6203
1840	1840	-3.06385
1841	1841	5.75009
1842	1842	3.44521
1843	1843	2.60884
1844	1844	-3.14571
1845	1845	50.629
1846	1846	-22.7042
1847	1847	50.7062
1848	1848	15.7193
1849	1849	-26.1782
1850	1850	12.6018
1851	1851	-14.6426
1852	1852	-2.61619
1853	1853	5.43848
1854	1854	-53.2693
1855	1855	14.0174
1856	1856	6.48571
1857	1857	-0.779279
1858	1858	-2.40401
1859	1859	-2.79634
1860	1860	13.8193
1861	1861	25.5171
1862	1862	23.1614
1863	1863	-38.2871
1864	1864	6.48467
1865	1865	13.7689
1866	1866	37.585
1867	1867	-16.1947
1868	1868	8.5857
1869	1869	-37.5015
1870	1870	-11.997
1871	1871	6.32655
1872	1872	-5.83816
1873	1873	0.786165
1874	1874	13.3097
1875	1875	-0.311449
1876	1876	-27.1743
1877	1877	34.8125
1878	1878	14.5383
1879	1879	-20.4403
1880	1880	-6.83696
1881	1881	3.57616
1882	1882	11.4915
1883	1883	8.34074
1884	1884	-21.3831
1885	1885	21.3972
1886	1886	-20.01
1887	1887	-5.76778
1888	1888	45.3322
1889	1889	-18.8262
1890	1890	24.6149
1891	1891	-9.72894
1892	1892	-4.50517
1893	1893	7.9879
1894	1894	2.51855
1895	1895	-15.9961
1896	1896	-2.30062
1897	1897	-7.97025
1898	1898	3.04966
1899	1899	21.7462
1900	1900	18.186
1901	1901	-6.48951
1902	1902	-27.2132
1903	1903	-3.48969
1904	1904	8.77314
1905	1905	18.15
1906	1906	-1.56589
1907	1907	-18.4179
1908	1908	27.2454
1909	1909	-20.6821
1910	1910	-2.33159
1911	1911	-1.39789
1912	1912	2.73974
1913	1913	63.2533
1914	1914	4.94012
1915	1915	19.8144
1916	1916	-35.0934
1917	1917	22.3465
1918	1918	-1.06634
1919	1919	22.517
1920	1920	3.03212
1921	1921	3.35102
1922	1922	-0.812142
1923	1923	-12.8485
1924	1924	21.7764
1925	1925	-3.48092
1926	1926	2.68398
1927	1927	9.43162
1928	1928	-25.6372
1929	1929	6.04939
1930	1930	13.3788
1931	1931	-3.25333
1932	1932	13.2028
1933	1933	-14.2534
1934	1934	10.2916
1935	1935	-13.3259
1936	1936	13.3585
1937	1937	-24.7567
1938	1938	12.1769
1939	1939	34.3926
1940	1940	18.6123
1941	1941	26.6871
1942	1942	27.7995
1943	1943	-1.877
1944	1944	13.2848
1945	1945	8.93937
1946	1946	14.3203
1947	1947	1.67615
1948	1948	-40.0075
1949	1949	20.6973
1950	1950	26.5849
1951	1951	8.33795
1952	1952	-18.4121
1953	1953	7.37147
1954	1954	-9.21266
1955	1955	-17.9811
1956	1956	-17.8586
1957	1957	-8.96279
1958	1958	-3.92799
1959	1959	-26.3469
1960	1960	1.86032
1961	1961	-25.7959
1962	1962	-6.66094
1963	1963	6.06322
1964	1964	8.71675
1965	1965	-7.16494
1966	1966	5.61132
1967	1967	11.2852
1968	1968	-7.43267
1969	1969	-14.9298
1970	1970	-11.4189
1971	1971	-17.3729
1972	1972	27.0409
1973	1973	10.1771
1974	1974	18.1727
1975	1975	-15.7265
1976	1976	-11.2039
1977	1977	-21.6422
1978	1978	1.64087
1979	1979	8.08656
1980	1980	-23.1676
1981	1981	-3.79995
1982	1982	-10.2623
1983	1983	5.9609
1984	1984	-14.6366
1985	1985	-21.1913
1986	1986	-0.210953
1987	1987	-25.5388
1988	1988	3.31594
1989	1989	-36.9424
1990	1990	21.8985
1991	1991	-11.4619
1992	1992	-2.683
1993	1993	-12.5409
1994	1994	-47.9987
1995	1995	-27.4678
1996	1996	5.77303
1997	1997	-15.5849
1998	1998	20.3645
1999	1999	13.5441
2000	2000	18.5739
2001	2001	3.97286
2002	2002	21.0278
2003	2003	-3.78626
2004	2004	11.2747
2005	2005	-6.7242
2006	2006	6.54671
2007	2007	-12.3079
2008	2008	-7.85716
2009	2009	-5.88975
2010	2010	-18.0494
2011	2011	16.1439
2012	2012	12.1854
2013	2013	7.40936
2014	2014	-17.4017
2015	2015	28.4119
2016	2016	-10.073
2017	2017	21.0363
2018	2018	6.11627
2019	2019	31.9375
2020	2020	-2.72562
2021	2021	22.2047
2022	2022	21.1526
2023	2023	-35.0501
2024	2024	-2.88162
2025	2025	21.0536
2026	2026	-13.9667
2027	2027	22.2215
2028	2028	12.9255
2029	2029	12.2616
2030	2030	1.44144
2031	2031	8.52247
2032	2032	20.726
2033	2033	7.1332
2034	2034	-10.4704
2035	2035	-0.697581
2036	2036	-12.5112
2037	2037	-23.7353
2038	2038	14.1561
2039	2039	-2.82241
2040	2040	14.2765
2041	2041	31.5259
2042	2042	-34.5909
2043	2043	8.02985
2044	2044	-20.791
2045	2045	8.15553
2046	2046	3.55756
2047	2047	15.9528
2048	2048	-1.94604
2049	2049	25.7741
2050	2050	-19.1489
2051	2051	21.1899
2052	2052	22.3865
2053	2053	-8.91759
2054	2054	18.623
2055	2055	-25.291
2056	2056	-10.8832
2057	2057	22.5935
2058	2058	43.3821
2059	2059	16.1646
2060	2060	-1.32349
2061	2061	28.773
2062	2062	-13.1174
2063	2063	-13.4424
2064	2064	32.7628
2065	2065	4.31639
2066	2066	5.65798
2067	2067	-3.03836
2068	2068	8.07062
2069	2069	13.4811
2070	2070	1.47818
2071	2071	-5.49191
2072	2072	-2.60677
2073	2073	-16.3721
2074	2074	22.5897
2075	2075	-13.1947
2076	2076	-8.40183
2077	2077	-3.67192
2078	2078	60.1427
2079	2079	1.36699
2080	2080	-14.7065
2081	2081	11.4952
2082	2082	-1.57306
2083	2083	-4.02241
2084	2084	-39.1541
2085	2085	20.3926
2086	2086	-15.6844
2087	2087	8.46067
2088	2088	21.002
2089	2089	-2.15449
2090	2090	-6.32748
2091	2091	-1.08895
2092	2092	10.6859
2093	2093	-5.64713
2094	2094	-12.3491
2095	2095	3.42704
2096	2096	-14.1382
2097	2097	19.9534
2098	2098	19.4338
2099	2099	0.81382
2100	2100	-12.5109
2101	2101	4.89837
2102	2102	23.7103
2103	2103	-22.2812
2104	2104	-25.7408
2105	2105	-31.6444
2106	2106	-18.4511
2107	2107	17.5448
2108	2108	42.6286
2109	2109	5.54127
2110	2110	1.13084
2111	2111	-26.0221
2112	2112	26.846
2113	2113	10.7707
2114	2114	-41.1618
2115	2115	-21.4508
2116	2116	11.2074
2117	2117	2.22021
2118	2118	-0.80616
2119	2119	-21.8078
2120	2120	-15.5679
2121	2121	-32.3555
2122	2122	-1.73131
2123	2123	-2.88193
2124	2124	5.7676
2125	2125	-1.6041
2126	2126	5.93551
2127	2127	28.4378
2128	2128	9.86426
2129	2129	-33.3796
2130	2130	-32.6585
2131	2131	-8.11977
2132	2132	-18.4896
2133	2133	12.8218
2134	2134	-0.275024
2135	2135	-25.9706
2136	2136	-7.09293
2137	2137	5.69243
2138	2138	9.32126
2139	2139	9.87705
2140	2140	-21.5166
2141	2141	-3.93637
2142	2142	-33.9367
2143	2143	-36.9903
2144	2144	-3.06616
2145	2145	-13.581
2146	2146	-19.581
2147	2147	12.5632
2148	2148	-15.5822
2149	2149	24.741
2150	2150	-3.82548
2151	2151	15.9282
2152	2152	7.12322
2153	2153	3.41791
2154	2154	22.3293
2155	2155	-11.954
2156	2156	9.37318
2157	2157	34.9407
2158	2158	16.1065
2159	2159	-11.7614
2160	2160	-10.0192
2161	2161	-21.7527
2162	2162	-14.5452
2163	2163	5.37845
2164	2164	5.93535
2165	2165	1.75905
2166	2166	20.3619
2167	2167	-23.9991
2168	2168	-1.30236
2169	2169	-10.6018
2170	2170	6.28319
2171	2171	-19.7177
2172	2172	-6.30781
2173	2173	6.7517
2174	2174	-5.94364
2175	2175	-11.6014
2176	2176	-2.42226
2177	2177	12.1604
2178	2178	4.34641
2179	2179	-9.76407
2180	2180	0.589597
2181	2181	-22.3567
2182	2182	-7.87711
2183	2183	-13.4179
2184	2184	-8.62838
2185	2185	-16.2533
2186	2186	-16.9465
2187	2187	-4.12221
2188	2188	9.92913
2189	2189	-9.39406
2190	2190	-27.4318
2191	2191	-17.0055
2192	2192	13.8464
2193	2193	-32.1195
2194	2194	16.4692
2195	2195	-18.1404
2196	2196	21.9439
2197	2197	-13.6419
2198	2198	20.2674
2199	2199	24.9777
2200	2200	0.134477
2201	2201	-9.03162
2202	2202	27.5705
2203	2203	-1.63154
2204	2204	-6.2729
2205	2205	-30.7906
2206	2206	26.7711
2207	2207	-26.3729
2208	2208	4.59117
2209	2209	15.8874
2210	2210	2.44019
2211	2211	-18.1153
2212	2212	-11.0137
2213	2213	-16.0622
2214	2214	-18.5128
2215	2215	0.686026
2216	2216	-6.56077
2217	2217	-11.3088
2218	2218	-7.67121
2219	2219	13.2025
2220	2220	-6.71386
2221	2221	24.619
2222	2222	30.2335
2223	2223	1.01261
2224	2224	29.9305
2225	2225	18.8018
2226	2226	-32.074
2227	2227	-32.0744
2228	2228	-36.8051
2229	2229	-11.2786
2230	2230	-25.4939
2231	2231	24.9506
2232	2232	-16.3674
2233	2233	9.02006
2234	2234	19.9299
2235	2235	-15.1614
2236	2236	-6.0011
2237	2237	-25.1
2238	2238	11.0212
2239	2239	26.6631
2240	2240	13.9781
2241	2241	-1.0071
2242	2242	-30.1515
2243	2243	-7.57537
2244	2244	-7.65611
2245	2245	2.02604
2246	2246	-12.3872
2247	2247	-4.32329
2248	2248	-14.9634
2249	2249	-25.3863
2250	2250	5.4064
2251	2251	-1.98859
2252	2252	-3.40664
2253	2253	29.2085
2254	2254	28.0453
2255	2255	-5.17533
2256	2256	-3.02215
2257	2257	-0.507837
2258	2258	-2.98158
2259	2259	34.5458
2260	2260	-4.32345
2261	2261	4.97594
2262	2262	-14.5188
2263	2263	-22.735
2264	2264	0.839095
2265	2265	-23.1168
2266	2266	17.7603
2267	2267	18.0042
2268	2268	-7.1813
2269	2269	-7.52328
2270	2270	-27.4858
2271	2271	40.5334
2272	2272	-8.54819
2273	2273	-11.4352
2274	2274	37.8312
2275	2275	-0.740946
2276	2276	-5.93696
2277	2277	-14.5059
2278	2278	-13.7046
2279	2279	30.0885
2280	2280	10.7052
2281	2281	-47.7665
2282	2282	22.4031
2283	2283	-24.6855
2284	2284	16.0604
2285	2285	-3.95934
2286	2286	-2.3661
2287	2287	-21.1443
2288	2288	-13.3497
2289	2289	7.34455
2290	2290	-11.9148
2291	2291	-6.56565
2292	2292	4.49577
2293	2293	-7.08822
2294	2294	-1.78189
2295	2295	8.83126
2296	2296	16.5116
2297	2297	-35.0201
2298	2298	-27.6842
2299	2299	-5.319
2300	2300	16.9645
2301	2301	-25.8479
2302	2302	-12.3854
2303	2303	-17.0663
2304	2304	7.46662
2305	2305	28.336
2306	2306	-27.8305
2307	2307	-24.883
2308	2308	3.40608
2309	2309	7.632
2310	2310	-20.0054
2311	2311	1.815
2312	2312	-26.866
2313	2313	-15.3457
2314	2314	22.5565
2315	2315	-3.55106
2316	2316	-9.30568
2317	2317	-2.62484
2318	2318	-22.0844
2319	2319	-10.8522
2320	2320	-8.28678
2321	2321	-5.56493
2322	2322	21.8226
2323	2323	19.2241
2324	2324	-6.99477
2325	2325	-1.20874
2326	2326	11.4468
2327	2327	32.9921
2328	2328	9.6494
2329	2329	25.1009
2330	2330	3.45744
2331	2331	10.5797
2332	2332	5.50884
2333	2333	10.5408
2334	2334	39.6013
2335	2335	-0.292535
2336	2336	-13.7356
2337	2337	8.33049
2338	2338	7.14022
2339	2339	24.1199
2340	2340	7.06488
2341	2341	-33.7412
2342	2342	-17.5183
2343	2343	-30.1427
2344	2344	24.4446
2345	2345	15.7152
2346	2346	-10.4329
2347	2347	59.4313
2348	2348	13.2345
2349	2349	-7.83694
2350	2350	-38.9774
2351	2351	20.5869
2352	2352	13.4118
2353	2353	-10.3438
2354	2354	-13.5303
2355	2355	-0.0182603
2356	2356	-8.69504
2357	2357	-33.0812
2358	2358	-30.3784
2359	2359	5.66226
2360	2360	21.8119
2361	2361	-3.41711
2362	2362	-14.6072
2363	2363	20.9534
2364	2364	26.7434
2365	2365	1.56698
2366	2366	4.99884
2367	2367	28.9908
2368	2368	-13.7346
2369	2369	-5.47378
2370	2370	-16.1212
2371	2371	-11.539
2372	2372	-29.7594
2373	2373	52.7489
2374	2374	-22.7876
2375	2375	19.0853
2376	2376	17.6416
2377	2377	-1.13275
2378	2378	3.25508
2379	2379	-13.4855
2380	2380	16.3669
2381	2381	-8.2261
2382	2382	15.6201
2383	2383	0.119897
2384	2384	-20.5313
2385	2385	-10.4735
2386	2386	63.541
2387	2387	-7.55017
2388	2388	-10.0794
2389	2389	19.6571
2390	2390	18.0477
2391	2391	25.349
2392	2392	-34.0627
2393	2393	-17.5144
2394	2394	-5.15147
2395	2395	-27.7304
2396	2396	-16.6941
2397	2397	-35.0522
2398	2398	-11.0069
2399	2399	-4.78484
