sample_id	sample_id2	phensim
zero	zero	-13.3262
1	1	22.0384
2	2	39.7799
3	3	5.20379
4	4	6.36361
5	5	-13.5396
6	6	22.6295
7	7	-21.9833
8	8	31.5203
9	9	7.49295
10	10	10.2185
11	11	-4.55021
12	12	12.2896
13	13	-1.6382
14	14	-31.0399
15	15	-14.843
16	16	12.1977
17	17	-33.2748
18	18	-10.7158
19	19	-6.79766
20	20	-7.73512
21	21	35.7049
22	22	17.6029
23	23	0.322922
24	24	9.14129
25	25	17.9446
26	26	19.4807
27	27	3.7791
28	28	-30.8993
29	29	-13.8548
30	30	-19.3789
31	31	4.79918
32	32	-9.79534
33	33	-2.11854
34	34	-0.700178
35	35	2.54132
36	36	-1.79416
37	37	-18.967
38	38	21.9801
39	39	14.6381
40	40	4.26063
41	41	-20.9271
42	42	-21.5963
43	43	-14.3915
44	44	22.5079
45	45	-1.7836
46	46	0.904877
47	47	9.92234
48	48	13.9396
49	49	-19.9156
50	50	17.2431
51	51	-1.96803
52	52	-14.3865
53	53	34.4251
54	54	-9.09113
55	55	20.1176
56	56	2.84527
57	57	-10.3826
58	58	32.931
59	59	22.3132
60	60	-6.56736
61	61	-10.1809
62	62	-6.23112
63	63	10.639
64	64	21.7623
65	65	-5.46415
66	66	-23.0279
67	67	-6.62288
68	68	-32.8105
69	69	-14.9719
70	70	-7.11525
71	71	-23.3296
72	72	-6.70605
73	73	-17.3659
74	74	-9.28214
75	75	-13.0873
76	76	-0.199863
77	77	-11.2518
78	78	-7.28205
79	79	-22.3301
80	80	7.7968
81	81	8.80522
82	82	2.1923
83	83	25.1042
84	84	21.3988
85	85	-1.70033
86	86	11.3259
87	87	6.01388
88	88	1.70626
89	89	-7.30093
90	90	2.39984
91	91	-13.8254
92	92	0.215386
93	93	-6.65061
94	94	8.37724
95	95	24.4794
96	96	-15.9691
97	97	-4.71482
98	98	14.1778
99	99	-15.8567
100	100	-4.24886
101	101	-11.8101
102	102	-7.56712
103	103	-0.680991
104	104	-30.8875
105	105	-3.51116
106	106	-13.8052
107	107	-9.64056
108	108	17.2411
109	109	18.715
110	110	9.68835
111	111	2.80652
112	112	37.9903
113	113	0.0495168
114	114	-16.7903
115	115	24.0893
116	116	-4.66144
117	117	-10.5092
118	118	-12.8005
119	119	-12.8209
120	120	-25.1618
121	121	5.41564
122	122	8.9072
123	123	-37.0552
124	124	-18.3688
125	125	3.83954
126	126	19.5468
127	127	1.39643
128	128	0.565852
129	129	40.2227
130	130	6.45487
131	131	-13.4311
132	132	-17.0303
133	133	4.75417
134	134	-4.48398
135	135	-9.14898
136	136	-0.622507
137	137	-11.9684
138	138	10.4798
139	139	26.4865
140	140	-6.90641
141	141	22.6236
142	142	-6.45604
143	143	-19.7606
144	144	12.2479
145	145	12.2022
146	146	-22.2778
147	147	3.7903
148	148	-7.9308
149	149	-12.9641
150	150	-18.2964
151	151	-5.00864
152	152	0.237888
153	153	6.75789
154	154	-12.0841
155	155	-16.345
156	156	11.7781
157	157	17.635
158	158	27.1564
159	159	-39.4229
160	160	-5.30772
161	161	-18.7935
162	162	-15.4492
163	163	-1.05077
164	164	5.56317
165	165	2.21874
166	166	10.7494
167	167	-5.25358
168	168	0.407355
169	169	25.8816
170	170	-12.0409
171	171	12.4851
172	172	23.0055
173	173	-8.05223
174	174	9.9907
175	175	13.8596
176	176	18.7982
177	177	8.19719
178	178	-8.48922
179	179	-0.593723
180	180	17.8739
181	181	12.9109
182	182	-12.8005
183	183	1.33028
184	184	3.22309
185	185	14.2594
186	186	-10.3478
187	187	-15.3152
188	188	13.3026
189	189	17.8287
190	190	5.41051
191	191	2.33067
192	192	-16.7443
193	193	11.8815
194	194	6.17064
195	195	-19.5639
196	196	-3.38049
197	197	-1.81721
198	198	-12.3373
199	199	-24.1127
200	200	-4.1714
201	201	1.22365
202	202	3.05051
203	203	-5.19389
204	204	25.7351
205	205	28.9925
206	206	14.4958
207	207	18.3074
208	208	1.36491
209	209	-7.17594
210	210	-13.3695
211	211	-1.79764
212	212	21.2442
213	213	23.6702
214	214	26.3588
215	215	-0.0217801
216	216	21.4604
217	217	-14.9559
218	218	-9.19069
219	219	11.0241
220	220	6.69166
221	221	-10.5924
222	222	-21.7217
223	223	6.79622
224	224	-4.07301
225	225	18.3786
226	226	-14.1826
227	227	6.88403
228	228	-7.87223
229	229	-7.67686
230	230	6.85388
231	231	8.95066
232	232	15.0893
233	233	1.77153
234	234	0.149483
235	235	21.4243
236	236	10.6394
237	237	-9.51885
238	238	-31.284
239	239	10.4314
240	240	17.1606
241	241	23.7665
242	242	-13.3371
243	243	5.21929
244	244	-1.09095
245	245	-22.5714
246	246	7.76638
247	247	-29.6354
248	248	14.3687
249	249	9.93113
250	250	7.48739
251	251	-7.13375
252	252	13.9159
253	253	-10.6971
254	254	16.3994
255	255	16.4321
256	256	-12.624
257	257	-12.4801
258	258	12.7818
259	259	-16.7482
260	260	16.6577
261	261	-19.4245
262	262	2.91298
263	263	4.39557
264	264	-3.51099
265	265	-2.18667
266	266	10.9834
267	267	0.0810919
268	268	0.153482
269	269	18.021
270	270	-0.198229
271	271	5.17053
272	272	16.1614
273	273	2.44847
274	274	4.57974
275	275	-17.5527
276	276	5.83904
277	277	2.97405
278	278	-12.5386
279	279	29.2214
280	280	-0.77899
281	281	-7.41175
282	282	-4.73401
283	283	0.865642
284	284	4.63827
285	285	-8.18144
286	286	-2.31407
287	287	-10.9544
288	288	-13.3377
289	289	14.1544
290	290	24.7357
291	291	19.6689
292	292	5.87165
293	293	-33.2941
294	294	8.87225
295	295	0.0863821
296	296	-14.4973
297	297	-16.0769
298	298	12.3984
299	299	2.60185
300	300	-9.74631
301	301	-27.1221
302	302	-16.2293
303	303	-20.6458
304	304	-12.3398
305	305	-1.17385
306	306	11.3708
307	307	-14.5867
308	308	12.261
309	309	-3.48999
310	310	15.1077
311	311	-11.6289
312	312	29.9329
313	313	4.76386
314	314	-9.88449
315	315	1.15836
316	316	-6.48457
317	317	-5.41751
318	318	-9.62177
319	319	-45.0045
320	320	23.2551
321	321	3.3519
322	322	-7.69506
323	323	0.140607
324	324	-0.386997
325	325	-0.999642
326	326	-7.47158
327	327	13.3247
328	328	-6.92752
329	329	8.64105
330	330	30.9492
331	331	13.0077
332	332	14.8057
333	333	0.00908163
334	334	-11.5836
335	335	12.6275
336	336	-6.29247
337	337	24.0821
338	338	19.9376
339	339	4.87897
340	340	5.04994
341	341	22.7048
342	342	-27.1977
343	343	22.1458
344	344	-6.72317
345	345	2.76503
346	346	-10.3001
347	347	9.11945
348	348	7.4683
349	349	-19.2534
350	350	7.6531
351	351	5.74545
352	352	13.9207
353	353	-2.73544
354	354	10.5669
355	355	-14.6651
356	356	6.9086
357	357	-33.0878
358	358	2.21359
359	359	-3.81377
360	360	0.138016
361	361	-1.47434
362	362	8.1107
363	363	-5.73517
364	364	8.29531
365	365	-10.919
366	366	11.0952
367	367	-30.9576
368	368	6.61269
369	369	22.7393
370	370	-22.7024
371	371	13.0724
372	372	4.00208
373	373	2.44377
374	374	0.937635
375	375	-3.27016
376	376	2.32533
377	377	-17.8731
378	378	13.4514
379	379	-19.834
380	380	13.7996
381	381	-8.47132
382	382	-6.09753
383	383	16.9659
384	384	15.5713
385	385	-13.7631
386	386	0.841535
387	387	22.8428
388	388	16.3369
389	389	-9.58231
390	390	17.8909
391	391	-31.4146
392	392	-22.8109
393	393	0.178279
394	394	15.6474
395	395	-13.2527
396	396	-9.76184
397	397	10.613
398	398	-2.50454
399	399	-16.8734
400	400	3.22278
401	401	12.943
402	402	14.1252
403	403	-16.3143
404	404	12.8648
405	405	24.3317
406	406	-15.8819
407	407	-8.30364
408	408	4.25746
409	409	-12.4748
410	410	26.2831
411	411	-9.11147
412	412	-5.76006
413	413	-7.47009
414	414	1.92276
415	415	-13.9684
416	416	-17.0017
417	417	-6.22618
418	418	1.03926
419	419	-3.35012
420	420	4.22479
421	421	-9.82419
422	422	-12.0135
423	423	28.81
424	424	16.5249
425	425	2.83043
426	426	15.5229
427	427	17.0332
428	428	10.038
429	429	2.42125
430	430	14.1519
431	431	-10.244
432	432	7.50969
433	433	13.7157
434	434	-17.7341
435	435	-10.7719
436	436	6.57147
437	437	-12.0344
438	438	23.0609
439	439	3.79193
440	440	-6.85589
441	441	8.51618
442	442	12.7527
443	443	-32.9031
444	444	1.20157
445	445	1.5474
446	446	8.25561
447	447	-2.59688
448	448	2.34152
449	449	-13.3517
450	450	4.4182
451	451	-9.61522
452	452	-16.9704
453	453	-1.61871
454	454	10.966
455	455	-19.811
456	456	-11.5448
457	457	9.08255
458	458	14.9535
459	459	-5.51915
460	460	10.22
461	461	0.978111
462	462	5.52938
463	463	15.4841
464	464	-5.93891
465	465	4.12588
466	466	-8.99037
467	467	-11.1322
468	468	-18.5967
469	469	11.6292
470	470	-7.66366
471	471	10.5714
472	472	3.60186
473	473	17.3204
474	474	10.6462
475	475	-10.8598
476	476	14.5058
477	477	7.3129
478	478	-8.47281
479	479	-8.06718
480	480	36.0688
481	481	-2.42377
482	482	-22.461
483	483	2.86653
484	484	-6.07747
485	485	-20.879
486	486	-30.0965
487	487	-6.71696
488	488	14.7716
489	489	5.07875
490	490	-26.3214
491	491	-7.95528
492	492	3.41272
493	493	-14.5312
494	494	10.8606
495	495	2.19414
496	496	9.37577
497	497	10.6131
498	498	19.0269
499	499	6.46633
500	500	-9.49765
501	501	-28.6087
502	502	-24.6325
503	503	-4.55327
504	504	-5.46931
505	505	-5.9315
506	506	-7.06002
507	507	4.14494
508	508	15.5596
509	509	-24.5218
510	510	20.1424
511	511	-14.9552
512	512	6.75799
513	513	-45.763
514	514	19.6885
515	515	-6.35105
516	516	12.198
517	517	-3.48102
518	518	-13.4168
519	519	19.5829
520	520	12.9458
521	521	-8.16742
522	522	8.49659
523	523	-8.62455
524	524	0.613506
525	525	20.3178
526	526	8.4316
527	527	9.62143
528	528	-15.1402
529	529	6.81474
530	530	-4.74933
531	531	-11.1846
532	532	-26.019
533	533	22.8055
534	534	19.7831
535	535	3.46765
536	536	-17.7505
537	537	-11.9664
538	538	-9.18035
539	539	7.66304
540	540	-0.38941
541	541	-16.9626
542	542	13.2088
543	543	5.25695
544	544	-18.601
545	545	15.1865
546	546	14.2052
547	547	-22.8472
548	548	18.5563
549	549	-10.7144
550	550	-5.0011
551	551	24.1275
552	552	-7.89074
553	553	5.01085
554	554	-1.3343
555	555	-2.35671
556	556	42.0724
557	557	-6.3713
558	558	6.97572
559	559	13.7025
560	560	12.3121
561	561	1.50856
562	562	-14.2738
563	563	43.9677
564	564	2.78141
565	565	2.83934
566	566	-12.4252
567	567	1.22207
568	568	0.0869998
569	569	-22.6396
570	570	4.84169
571	571	-14.9475
572	572	7.34236
573	573	1.77462
574	574	6.84771
575	575	2.26076
576	576	-5.15381
577	577	12.5837
578	578	11.1391
579	579	3.3982
580	580	0.776402
581	581	-15.3888
582	582	-4.09927
583	583	13.6201
584	584	7.99466
585	585	-17.4309
586	586	9.77932
587	587	-1.15512
588	588	-1.24511
589	589	-34.6507
590	590	-0.485337
591	591	9.76041
592	592	8.30169
593	593	11.4741
594	594	19.2053
595	595	25.4278
596	596	22.5932
597	597	7.81056
598	598	-7.68217
599	599	-16.2361
600	600	-7.64568
601	601	-8.31483
602	602	-11.415
603	603	7.31379
604	604	-13.7892
605	605	-10.8712
606	606	6.04999
607	607	1.16227
608	608	12.9574
609	609	-16.3284
610	610	-12.3949
611	611	-6.72009
612	612	4.49431
613	613	-15.8895
614	614	4.97904
615	615	-19.3257
616	616	-12.6097
617	617	-18.5284
618	618	11.0332
619	619	-14.0763
620	620	-29.5582
621	621	6.06402
622	622	2.48557
623	623	-1.60095
624	624	15.5125
625	625	1.64788
626	626	7.56351
627	627	-14.5243
628	628	-5.7168
629	629	-1.03279
630	630	7.484
631	631	7.77108
632	632	1.98823
633	633	23.0824
634	634	-7.45772
635	635	4.82735
636	636	-21.1499
637	637	20.5497
638	638	33.5571
639	639	5.45072
640	640	-22.0074
641	641	-17.0282
642	642	-1.24344
643	643	-16.1689
644	644	27.5513
645	645	-13.5321
646	646	8.32808
647	647	3.72835
648	648	-3.66063
649	649	-18.2593
650	650	-4.36653
651	651	11.2344
652	652	10.5136
653	653	-26.6288
654	654	22.972
655	655	-3.48629
656	656	-16.3969
657	657	-10.2075
658	658	16.1891
659	659	12.8583
660	660	-13.6445
661	661	21.7475
662	662	-21.4557
663	663	6.95084
664	664	-4.31781
665	665	-7.11575
666	666	32.1733
667	667	0.591468
668	668	11.3302
669	669	-18.0731
670	670	-19.8532
671	671	24.154
672	672	-4.46301
673	673	-29.6054
674	674	7.22953
675	675	-3.95864
676	676	-4.29077
677	677	-19.6835
678	678	-11.0911
679	679	44.8883
680	680	-30.4887
681	681	-20.5095
682	682	-2.2477
683	683	13.6288
684	684	-4.68304
685	685	-16.2696
686	686	10.7482
687	687	17.8514
688	688	-14.7462
689	689	-7.38812
690	690	11.9668
691	691	-16.2292
692	692	14.6813
693	693	17.5695
694	694	-1.74619
695	695	0.538605
696	696	7.97273
697	697	12.2558
698	698	-1.33141
699	699	32.8029
700	700	-7.16576
701	701	12.2935
702	702	1.37413
703	703	-5.01326
704	704	23.2139
705	705	-11.2189
706	706	-24.6845
707	707	14.4212
708	708	-17.1937
709	709	-1.47237
710	710	-15.4371
711	711	-2.09528
712	712	-0.709212
713	713	-19.7236
714	714	6.4953
715	715	1.25384
716	716	3.5458
717	717	-0.864474
718	718	28.1112
719	719	-19.5324
720	720	14.6238
721	721	37.0728
722	722	-17.2742
723	723	-5.83912
724	724	25.8704
725	725	1.01449
726	726	9.78417
727	727	19.2039
728	728	-11.4551
729	729	-36.5456
730	730	-8.64682
731	731	-2.29561
732	732	0.0663064
733	733	-19.9306
734	734	9.72002
735	735	16.9331
736	736	-21.6175
737	737	3.21581
738	738	21.1804
739	739	15.0164
740	740	5.57664
741	741	-5.58828
742	742	9.61489
743	743	5.897
744	744	8.45677
745	745	-14.1047
746	746	-21.2285
747	747	14.7596
748	748	20.9008
749	749	16.2251
750	750	-3.90727
751	751	-21.417
752	752	22.3323
753	753	-30.4906
754	754	2.31577
755	755	-8.02957
756	756	-15.7296
757	757	-24.0136
758	758	11.9994
759	759	21.186
760	760	6.61525
761	761	-21.7186
762	762	22.7353
763	763	16.3828
764	764	-10.6964
765	765	-6.56969
766	766	-4.33412
767	767	12.3493
768	768	-7.29812
769	769	8.65696
770	770	17.3986
771	771	1.59292
772	772	18.4133
773	773	11.4882
774	774	-6.0979
775	775	-1.80041
776	776	17.1687
777	777	-13.6771
778	778	-7.9413
779	779	4.55212
780	780	-7.55185
781	781	9.95868
782	782	-5.38905
783	783	0.306699
784	784	-9.5268
785	785	-3.12198
786	786	23.029
787	787	8.1443
788	788	-6.83326
789	789	1.05347
790	790	-4.66337
791	791	-0.443421
792	792	4.97259
793	793	-15.4011
794	794	-35.8347
795	795	-1.75264
796	796	7.41516
797	797	9.55163
798	798	11.6563
799	799	6.77391
800	800	9.84811
801	801	12.0577
802	802	-17.4846
803	803	13.7217
804	804	-4.11765
805	805	8.21736
806	806	17.9864
807	807	-12.0127
808	808	4.02483
809	809	-41.6345
810	810	-10.1658
811	811	-10.5739
812	812	-2.17965
813	813	28.9191
814	814	-1.37548
815	815	-19.7856
816	816	-0.556731
817	817	-4.10815
818	818	-18.1449
819	819	-22.652
820	820	-22.6934
821	821	2.23906
822	822	-5.09751
823	823	-6.9685
824	824	-5.02714
825	825	4.75595
826	826	-10.0722
827	827	-6.61287
828	828	-10.7048
829	829	11.0607
830	830	6.55729
831	831	-7.34585
832	832	-5.22551
833	833	20.693
834	834	16.6358
835	835	-8
836	836	36.1268
837	837	-9.57736
838	838	-19.7751
839	839	8.38569
840	840	-26.4725
841	841	-8.029
842	842	-3.92092
843	843	-2.74795
844	844	25.7972
845	845	-15.119
846	846	-5.84178
847	847	-18.0498
848	848	-12.777
849	849	6.28955
850	850	7.69849
851	851	-10.1978
852	852	10.3531
853	853	3.28939
854	854	-2.01707
855	855	-3.28907
856	856	-19.139
857	857	0.188209
858	858	-5.76584
859	859	9.48109
860	860	13.7005
861	861	-7.70221
862	862	10.5443
863	863	13.2506
864	864	-26.877
865	865	-5.67845
866	866	-13.8472
867	867	-17.7003
868	868	10.3933
869	869	-7.17747
870	870	15.3806
871	871	34.6094
872	872	-2.97651
873	873	-12.2638
874	874	-21.8689
875	875	19.8886
876	876	-7.17994
877	877	0.611901
878	878	8.63603
879	879	-5.29744
880	880	19.7096
881	881	-10.7521
882	882	-12.4756
883	883	2.69378
884	884	-2.21428
885	885	7.14179
886	886	-5.49315
887	887	15.4198
888	888	0.740088
889	889	-9.01513
890	890	-13.3932
891	891	9.35116
892	892	-4.19833
893	893	1.88011
894	894	7.33973
895	895	-9.13521
896	896	-24.0883
897	897	17.64
898	898	3.06484
899	899	-8.46044
900	900	-12.6517
901	901	5.68352
902	902	-23.0476
903	903	0.398599
904	904	3.76862
905	905	-26.7562
906	906	-5.63691
907	907	-0.184699
908	908	-20.5876
909	909	-19.2956
910	910	10.1467
911	911	-5.59578
912	912	2.41662
913	913	-10.5847
914	914	3.87114
915	915	11.9902
916	916	10.8817
917	917	2.92909
918	918	-5.73263
919	919	8.84911
920	920	6.24386
921	921	10.0797
922	922	25.9008
923	923	-11.8912
924	924	7.0517
925	925	8.85411
926	926	-14.8389
927	927	-2.53847
928	928	-9.80285
929	929	-13.8805
930	930	9.4618
931	931	4.27109
932	932	19.8552
933	933	-28.0772
934	934	-5.52859
935	935	-4.26049
936	936	6.10517
937	937	26.5829
938	938	0.623514
939	939	-7.71662
940	940	18.8164
941	941	-8.495
942	942	21.7817
943	943	2.7864
944	944	3.4709
945	945	-14.7812
946	946	-6.52833
947	947	-2.27511
948	948	13.8482
949	949	-5.99739
950	950	-13.1605
951	951	9.31566
952	952	19.621
953	953	-8.56452
954	954	-6.9631
955	955	1.62239
956	956	7.5257
957	957	-14.6485
958	958	4.76833
959	959	-5.59542
960	960	1.03157
961	961	-7.17021
962	962	13.0223
963	963	-0.0797547
964	964	15.3712
965	965	-10.4056
966	966	-21.0672
967	967	7.07064
968	968	18.8998
969	969	-7.12389
970	970	-5.14843
971	971	7.26647
972	972	-9.87617
973	973	-4.73981
974	974	23.9744
975	975	-7.43075
976	976	-10.7516
977	977	19.075
978	978	23.1597
979	979	-12.9335
980	980	-7.35281
981	981	14.3748
982	982	10.7323
983	983	-9.86074
984	984	27.3656
985	985	-11.8038
986	986	9.59515
987	987	-14.2309
988	988	-5.25561
989	989	7.40447
990	990	-33.8909
991	991	-4.51059
992	992	13.188
993	993	-11.3836
994	994	-5.72712
995	995	-27.2076
996	996	-6.34333
997	997	7.14261
998	998	-2.9331
999	999	20.0203
1000	1000	2.96819
1001	1001	-4.6363
1002	1002	5.04234
1003	1003	15.9406
1004	1004	-8.53647
1005	1005	0.883497
1006	1006	13.7336
1007	1007	9.74684
1008	1008	-12.0715
1009	1009	-2.96981
1010	1010	19.035
1011	1011	3.55444
1012	1012	-7.66228
1013	1013	-5.53263
1014	1014	-10.0477
1015	1015	-11.6749
1016	1016	-15.3733
1017	1017	-5.77494
1018	1018	-0.236668
1019	1019	11.6665
1020	1020	11.5955
1021	1021	10.8916
1022	1022	-28.1348
1023	1023	21.7197
1024	1024	4.47385
1025	1025	10.7318
1026	1026	28.1988
1027	1027	8.88858
1028	1028	36.812
1029	1029	17.5293
1030	1030	13.4555
1031	1031	3.83143
1032	1032	0.236858
1033	1033	6.41018
1034	1034	-1.7873
1035	1035	3.42698
1036	1036	1.99837
1037	1037	14.2794
1038	1038	-10.6717
1039	1039	-17.4446
1040	1040	-6.46443
1041	1041	9.62438
1042	1042	-2.27117
1043	1043	-4.3765
1044	1044	-28.9353
1045	1045	-3.10097
1046	1046	-12.3221
1047	1047	6.70339
1048	1048	8.7046
1049	1049	1.91691
1050	1050	5.14447
1051	1051	-18.1162
1052	1052	-13.2401
1053	1053	13.0308
1054	1054	-11.1372
1055	1055	-22.3532
1056	1056	-1.22594
1057	1057	-5.17075
1058	1058	-16.5967
1059	1059	-0.249869
1060	1060	-30.4202
1061	1061	-5.4773
1062	1062	8.37852
1063	1063	8.82215
1064	1064	18.9675
1065	1065	-6.5624
1066	1066	4.70397
1067	1067	-12.5778
1068	1068	6.40242
1069	1069	-6.4023
1070	1070	-6.61061
1071	1071	-16.0411
1072	1072	-16.275
1073	1073	31.6313
1074	1074	-19.7419
1075	1075	24.7859
1076	1076	5.30759
1077	1077	7.04644
1078	1078	3.83762
1079	1079	6.02392
1080	1080	18.1534
1081	1081	-11.3007
1082	1082	4.43381
1083	1083	12.2234
1084	1084	13.4815
1085	1085	9.37691
1086	1086	30.5192
1087	1087	-22.5828
1088	1088	22.2403
1089	1089	17.2858
1090	1090	5.58252
1091	1091	-27.9494
1092	1092	8.40359
1093	1093	-14.5399
1094	1094	1.07061
1095	1095	-12.8658
1096	1096	-23.3309
1097	1097	-0.0569821
1098	1098	5.48175
1099	1099	-4.3672
1100	1100	-2.38561
1101	1101	-32.6522
1102	1102	9.96197
1103	1103	-13.1145
1104	1104	-5.39183
1105	1105	-6.60802
1106	1106	-11.0416
1107	1107	-1.33208
1108	1108	11.8081
1109	1109	-7.37241
1110	1110	3.62884
1111	1111	-4.98785
1112	1112	0.755292
1113	1113	2.5848
1114	1114	-21.519
1115	1115	-17.3619
1116	1116	-6.43491
1117	1117	10.2241
1118	1118	3.08658
1119	1119	-20.6056
1120	1120	8.8367
1121	1121	-0.0776439
1122	1122	2.40203
1123	1123	-4.37312
1124	1124	9.79225
1125	1125	11.5084
1126	1126	-23.5516
1127	1127	10.2989
1128	1128	-18.1119
1129	1129	-18.6689
1130	1130	16.465
1131	1131	20.9208
1132	1132	6.38916
1133	1133	-0.562709
1134	1134	26.3635
1135	1135	3.96568
1136	1136	24.3417
1137	1137	-10.0586
1138	1138	-5.76009
1139	1139	21.9382
1140	1140	-21.5675
1141	1141	-1.81322
1142	1142	12.9453
1143	1143	18.8483
1144	1144	18.7117
1145	1145	12.319
1146	1146	-23.8035
1147	1147	3.08384
1148	1148	5.33461
1149	1149	11.0156
1150	1150	-11.7182
1151	1151	-6.69471
1152	1152	-8.71791
1153	1153	6.60094
1154	1154	-8.07796
1155	1155	5.75961
1156	1156	-12.7122
1157	1157	-12.7892
1158	1158	25.3977
1159	1159	4.18096
1160	1160	-19.5259
1161	1161	0.261414
1162	1162	18.2772
1163	1163	-27.2488
1164	1164	-20.7648
1165	1165	-4.98045
1166	1166	1.72486
1167	1167	-22.1764
1168	1168	-22.2317
1169	1169	2.41659
1170	1170	1.16304
1171	1171	7.17769
1172	1172	-12.3171
1173	1173	-23.8816
1174	1174	-10.2072
1175	1175	6.96758
1176	1176	11.162
1177	1177	12.0503
1178	1178	-8.37601
1179	1179	1.3105
1180	1180	-1.42048
1181	1181	-17.2907
1182	1182	-18.1107
1183	1183	9.24293
1184	1184	10.0302
1185	1185	-5.76129
1186	1186	-9.20596
1187	1187	-4.43422
1188	1188	30.4071
1189	1189	15.4944
1190	1190	7.95699
1191	1191	0.0275319
1192	1192	-20.6089
1193	1193	-14.638
1194	1194	-5.94228
1195	1195	-19.3041
1196	1196	12.649
1197	1197	-11.8554
1198	1198	-30.4443
1199	1199	-25.6404
1200	1200	-1.29233
1201	1201	-1.85113
1202	1202	-1.4398
1203	1203	20.9632
1204	1204	-17.7535
1205	1205	-0.97062
1206	1206	22.9301
1207	1207	2.03803
1208	1208	15.176
1209	1209	-5.05605
1210	1210	4.04776
1211	1211	-3.80778
1212	1212	15.0833
1213	1213	-30.6486
1214	1214	-11.8715
1215	1215	-4.52825
1216	1216	-13.302
1217	1217	-13.1351
1218	1218	0.6667
1219	1219	10.7716
1220	1220	16.3659
1221	1221	4.03237
1222	1222	-40.8469
1223	1223	-13.0905
1224	1224	-4.36247
1225	1225	27.8295
1226	1226	11.462
1227	1227	-6.31006
1228	1228	0.567535
1229	1229	17.4204
1230	1230	-27.9573
1231	1231	-20.1615
1232	1232	-15.4011
1233	1233	29.403
1234	1234	-15.5259
1235	1235	-14.8768
1236	1236	-6.78916
1237	1237	4.86518
1238	1238	10.8842
1239	1239	2.08235
1240	1240	-35.1172
1241	1241	14.3399
1242	1242	4.64005
1243	1243	11.8167
1244	1244	-23.1976
1245	1245	-4.5005
1246	1246	-3.73865
1247	1247	-33.7905
1248	1248	-40.4176
1249	1249	-13.244
1250	1250	-16.8587
1251	1251	-10.4701
1252	1252	-13.3541
1253	1253	-29.714
1254	1254	-17.5458
1255	1255	-11.3278
1256	1256	10.8929
1257	1257	10.862
1258	1258	-5.73984
1259	1259	12.7876
1260	1260	20.0098
1261	1261	-14.8459
1262	1262	6.52525
1263	1263	-13.412
1264	1264	4.50128
1265	1265	1.91665
1266	1266	3.84126
1267	1267	8.21573
1268	1268	3.40026
1269	1269	24.4085
1270	1270	-5.02582
1271	1271	-12.8108
1272	1272	7.43861
1273	1273	-8.65599
1274	1274	13.2886
1275	1275	-18.7168
1276	1276	29.1755
1277	1277	-10.3775
1278	1278	14.4452
1279	1279	16.8551
1280	1280	15.0533
1281	1281	1.63589
1282	1282	-12.3587
1283	1283	-0.334134
1284	1284	13.0691
1285	1285	28.0161
1286	1286	4.37403
1287	1287	-7.36765
1288	1288	15.5751
1289	1289	20.5714
1290	1290	-8.63963
1291	1291	25.5748
1292	1292	23.4856
1293	1293	1.17432
1294	1294	13.0068
1295	1295	15.9812
1296	1296	24.7276
1297	1297	10.4217
1298	1298	-4.71803
1299	1299	-3.06067
1300	1300	2.64223
1301	1301	-5.4078
1302	1302	15.8418
1303	1303	-19.7741
1304	1304	10.7891
1305	1305	-10.0915
1306	1306	5.74763
1307	1307	-2.09571
1308	1308	2.82785
1309	1309	3.34308
1310	1310	-10.9051
1311	1311	15.6077
1312	1312	13.8333
1313	1313	-29.1873
1314	1314	-10.5154
1315	1315	-16.5836
1316	1316	-1.31061
1317	1317	-3.95832
1318	1318	-20.1955
1319	1319	-7.35582
1320	1320	12.0879
1321	1321	2.79798
1322	1322	13.3035
1323	1323	-12.8727
1324	1324	6.27315
1325	1325	-12.3415
1326	1326	-3.01038
1327	1327	5.52437
1328	1328	-9.35761
1329	1329	1.7979
1330	1330	-4.18538
1331	1331	23.5866
1332	1332	-2.29784
1333	1333	-35.4695
1334	1334	15.8091
1335	1335	-12.0111
1336	1336	9.79526
1337	1337	8.74106
1338	1338	26.0089
1339	1339	8.26062
1340	1340	8.4108
1341	1341	8.93609
1342	1342	2.67021
1343	1343	9.80047
1344	1344	-0.11451
1345	1345	11.9517
1346	1346	14.7119
1347	1347	-23.6316
1348	1348	10.5575
1349	1349	2.548
1350	1350	28.5006
1351	1351	-19.1686
1352	1352	17.6379
1353	1353	-6.69888
1354	1354	16.572
1355	1355	-7.47695
1356	1356	22.5648
1357	1357	-2.78836
1358	1358	18.3392
1359	1359	-34.3618
1360	1360	-11.905
1361	1361	-8.20793
1362	1362	-10.348
1363	1363	-3.80979
1364	1364	-2.15496
1365	1365	0.622601
1366	1366	-2.58268
1367	1367	-0.856556
1368	1368	-0.437663
1369	1369	3.96172
1370	1370	-7.40589
1371	1371	23.3017
1372	1372	-2.09564
1373	1373	25.7978
1374	1374	16.8932
1375	1375	-8.83989
1376	1376	17.4923
1377	1377	9.0482
1378	1378	9.88684
1379	1379	12.4433
1380	1380	-35.2409
1381	1381	18.6655
1382	1382	-1.44655
1383	1383	5.34559
1384	1384	-19.1565
1385	1385	2.26731
1386	1386	3.49262
1387	1387	-1.28669
1388	1388	-12.6066
1389	1389	17.8368
1390	1390	-15.9269
1391	1391	2.22054
1392	1392	-13.0718
1393	1393	-3.44769
1394	1394	1.59134
1395	1395	3.3911
1396	1396	-30.6659
1397	1397	11.7438
1398	1398	8.76892
1399	1399	-7.9683
1400	1400	-10.2885
1401	1401	-3.39706
1402	1402	-1.80905
1403	1403	1.3786
1404	1404	-9.13144
1405	1405	6.46453
1406	1406	-2.13705
1407	1407	-10.0304
1408	1408	7.63336
1409	1409	2.16901
1410	1410	-25.0327
1411	1411	-10.0275
1412	1412	21.3206
1413	1413	10.0981
1414	1414	-15.6963
1415	1415	-5.74695
1416	1416	-28.7598
1417	1417	-9.90721
1418	1418	-23.1975
1419	1419	-5.0572
1420	1420	-13.1667
1421	1421	-7.62662
1422	1422	-8.16495
1423	1423	5.49026
1424	1424	-0.569651
1425	1425	-14.5985
1426	1426	-21.7992
1427	1427	-0.040366
1428	1428	-4.84342
1429	1429	-19.5831
1430	1430	-3.29059
1431	1431	1.51735
1432	1432	25.9392
1433	1433	-4.32284
1434	1434	-5.17948
1435	1435	0.0440862
1436	1436	-15.8559
1437	1437	15.254
1438	1438	2.22904
1439	1439	25.6157
1440	1440	-6.85475
1441	1441	-19.5248
1442	1442	-13.8248
1443	1443	-6.00423
1444	1444	8.67168
1445	1445	32.3156
1446	1446	-10.1476
1447	1447	-2.33242
1448	1448	14.9552
1449	1449	-23.9054
1450	1450	-15.4798
1451	1451	7.29022
1452	1452	-15.1429
1453	1453	18.6666
1454	1454	6.46768
1455	1455	7.57834
1456	1456	-34.0566
1457	1457	17.8839
1458	1458	-20.809
1459	1459	6.21248
1460	1460	4.85679
1461	1461	12.1273
1462	1462	-13.5491
1463	1463	8.77019
1464	1464	0.5094
1465	1465	4.56473
1466	1466	9.86781
1467	1467	-9.13233
1468	1468	19.4801
1469	1469	-8.7589
1470	1470	-13.1899
1471	1471	16.4519
1472	1472	20.827
1473	1473	22.1373
1474	1474	22.0064
1475	1475	26.3881
1476	1476	-33.2089
1477	1477	-24.136
1478	1478	9.0024
1479	1479	-12.4752
1480	1480	5.83419
1481	1481	-6.84039
1482	1482	-6.66358
1483	1483	-2.34096
1484	1484	-4.81873
1485	1485	4.9477
1486	1486	12.6804
1487	1487	-24.5419
1488	1488	21.6823
1489	1489	-5.3655
1490	1490	2.63409
1491	1491	-0.38293
1492	1492	0.471239
1493	1493	28.6768
1494	1494	-6.06935
1495	1495	-30.0425
1496	1496	4.9629
1497	1497	-2.90124
1498	1498	3.99485
1499	1499	-4.45684
1500	1500	13.2691
1501	1501	-9.80034
1502	1502	17.0763
1503	1503	0.701445
1504	1504	16.1336
1505	1505	-6.15411
1506	1506	-6.46177
1507	1507	9.80757
1508	1508	-1.72975
1509	1509	19.8417
1510	1510	12.5799
1511	1511	10.2044
1512	1512	-16.2933
1513	1513	5.12878
1514	1514	-31.8153
1515	1515	-9.18458
1516	1516	3.74927
1517	1517	-9.64475
1518	1518	-5.46037
1519	1519	-5.40364
1520	1520	-18.6468
1521	1521	-16.0541
1522	1522	-7.1369
1523	1523	4.55936
1524	1524	20.5667
1525	1525	6.71762
1526	1526	8.45066
1527	1527	2.4963
1528	1528	-1.88379
1529	1529	17.466
1530	1530	14.3371
1531	1531	11.5251
1532	1532	13.5239
1533	1533	16.4323
1534	1534	0.164773
1535	1535	25.4666
1536	1536	-13.1442
1537	1537	13.8908
1538	1538	-0.868164
1539	1539	-28.2326
1540	1540	27.4332
1541	1541	-14.7585
1542	1542	-0.599049
1543	1543	-11.84
1544	1544	10.2264
1545	1545	-0.108759
1546	1546	10.7312
1547	1547	28.1997
1548	1548	-9.03788
1549	1549	11.0773
1550	1550	-4.47394
1551	1551	13.3103
1552	1552	-6.72324
1553	1553	-11.6564
1554	1554	-12.4864
1555	1555	-7.73272
1556	1556	15.3422
1557	1557	-17.0891
1558	1558	-10.3896
1559	1559	4.02253
1560	1560	-36.658
1561	1561	3.23211
1562	1562	2.02354
1563	1563	35.5649
1564	1564	6.20589
1565	1565	26.7445
1566	1566	7.48648
1567	1567	-0.905469
1568	1568	16.1215
1569	1569	13.1144
1570	1570	-9.63232
1571	1571	-10.0978
1572	1572	-29.769
1573	1573	7.81985
1574	1574	12.4576
1575	1575	-5.4941
1576	1576	15.564
1577	1577	-23.7316
1578	1578	-6.85536
1579	1579	-13.5655
1580	1580	13.6792
1581	1581	6.71763
1582	1582	-1.71498
1583	1583	-11.9252
1584	1584	-2.35848
1585	1585	3.96539
1586	1586	-8.69664
1587	1587	26.4003
1588	1588	14.0401
1589	1589	-13.2201
1590	1590	-1.37671
1591	1591	-18.1683
1592	1592	2.304
1593	1593	-8.43709
1594	1594	15.9036
1595	1595	12.3042
1596	1596	-23.3798
1597	1597	12.9606
1598	1598	0.594295
1599	1599	-9.16917
1600	1600	21.4194
1601	1601	19.4394
1602	1602	-5.67441
1603	1603	17.6136
1604	1604	5.96252
1605	1605	-7.94757
1606	1606	17.7176
1607	1607	-4.74392
1608	1608	8.51044
1609	1609	-19.2416
1610	1610	-8.94201
1611	1611	-26.7214
1612	1612	-4.15735
1613	1613	0.307246
1614	1614	7.44122
1615	1615	0.3056
1616	1616	-7.76527
1617	1617	-11.8008
1618	1618	-1.51077
1619	1619	-17.9088
1620	1620	-23.8921
1621	1621	27.0012
1622	1622	-4.4251
1623	1623	-24.8647
1624	1624	14.3228
1625	1625	-15.7743
1626	1626	-14.6559
1627	1627	16.6574
1628	1628	-18.2279
1629	1629	14.3161
1630	1630	-3.04092
1631	1631	-7.64465
1632	1632	-9.84865
1633	1633	3.03731
1634	1634	-15.3593
1635	1635	2.27755
1636	1636	-12.2763
1637	1637	-1.46062
1638	1638	-6.70991
1639	1639	24.3632
1640	1640	-3.65704
1641	1641	-34.9619
1642	1642	17.7844
1643	1643	-18.1406
1644	1644	1.76689
1645	1645	-1.86139
1646	1646	-7.84615
1647	1647	-13.6747
1648	1648	-17.8801
1649	1649	3.2513
1650	1650	-7.03906
1651	1651	-7.60879
1652	1652	-31.8033
1653	1653	6.29487
1654	1654	17.1171
1655	1655	-23.2529
1656	1656	11.7364
1657	1657	-25.325
1658	1658	26.0098
1659	1659	10.0788
1660	1660	6.67282
1661	1661	17.9275
1662	1662	-11.8496
1663	1663	4.04025
1664	1664	-0.771422
1665	1665	14.6687
1666	1666	-3.59604
1667	1667	-4.10201
1668	1668	-4.60576
1669	1669	-18.489
1670	1670	10.7741
1671	1671	3.04795
1672	1672	3.87302
1673	1673	10.9225
1674	1674	-9.97603
1675	1675	-17.5949
1676	1676	-16.0698
1677	1677	-42.6418
1678	1678	5.10877
1679	1679	7.98267
1680	1680	3.43009
1681	1681	10.8339
1682	1682	1.00876
1683	1683	4.58199
1684	1684	-10.5896
1685	1685	19.031
1686	1686	11.3343
1687	1687	-28.0979
1688	1688	-4.76405
1689	1689	14.9625
1690	1690	-21.4276
1691	1691	-2.11522
1692	1692	-18.42
1693	1693	-5.39872
1694	1694	-12.4247
1695	1695	-2.96135
1696	1696	25.0025
1697	1697	-21.9582
1698	1698	0.588841
1699	1699	6.0066
1700	1700	-5.23204
1701	1701	-6.66107
1702	1702	2.69334
1703	1703	-3.80741
1704	1704	-23.1475
1705	1705	-7.3258
1706	1706	2.5303
1707	1707	5.43277
1708	1708	-15.0519
1709	1709	14.4432
1710	1710	0.959944
1711	1711	17.1065
1712	1712	-24.6832
1713	1713	16.0231
1714	1714	8.54782
1715	1715	-9.53282
1716	1716	-13.7302
1717	1717	-6.65863
1718	1718	-8.58504
1719	1719	3.31009
1720	1720	3.49708
1721	1721	-3.11874
1722	1722	-4.0347
1723	1723	34.7071
1724	1724	-8.43428
1725	1725	-12.0098
1726	1726	26.7063
1727	1727	7.38727
1728	1728	-11.7519
1729	1729	11.9931
1730	1730	0.581227
1731	1731	-5.7709
1732	1732	0.96439
1733	1733	30.7347
1734	1734	-12.8277
1735	1735	-9.16992
1736	1736	8.08863
1737	1737	-22.4608
1738	1738	-4.76806
1739	1739	3.7929
1740	1740	14.2116
1741	1741	-28.5604
1742	1742	-1.90154
1743	1743	16.7881
1744	1744	3.07267
1745	1745	9.32974
1746	1746	23.5336
1747	1747	-23.7883
1748	1748	-3.95143
1749	1749	27.4132
1750	1750	12.1022
1751	1751	8.66853
1752	1752	-4.95902
1753	1753	-19.1814
1754	1754	-14.7526
1755	1755	-7.52293
1756	1756	-5.65532
1757	1757	-2.04171
1758	1758	17.7721
1759	1759	5.37181
1760	1760	11.0533
1761	1761	3.27873
1762	1762	7.3296
1763	1763	-11.8082
1764	1764	30.0184
1765	1765	-0.0769975
1766	1766	15.313
1767	1767	-9.36806
1768	1768	1.81019
1769	1769	-21.4748
1770	1770	12.7954
1771	1771	-9.00534
1772	1772	-9.3713
1773	1773	15.6283
1774	1774	-10.5031
1775	1775	10.6346
1776	1776	-25.6338
1777	1777	16.6654
1778	1778	9.42445
1779	1779	-25.1697
1780	1780	4.48724
1781	1781	-0.429091
1782	1782	35.0473
1783	1783	-7.69674
1784	1784	-6.02135
1785	1785	10.0114
1786	1786	-2.40245
1787	1787	-2.07405
1788	1788	10.1488
1789	1789	-4.84252
1790	1790	0.144504
1791	1791	-7.05992
1792	1792	-19.3511
1793	1793	23.9603
1794	1794	6.15623
1795	1795	-5.95536
1796	1796	-3.12641
1797	1797	-9.55517
1798	1798	2.192
1799	1799	-8.32862
1800	1800	-9.1396
1801	1801	19.1182
1802	1802	15.1305
1803	1803	1.50475
1804	1804	-25.4438
1805	1805	-0.789375
1806	1806	16.6345
1807	1807	-0.749257
1808	1808	10.5245
1809	1809	-8.77236
1810	1810	36.2992
1811	1811	9.06181
1812	1812	-1.54813
1813	1813	-4.51193
1814	1814	16.7425
1815	1815	-12.5275
1816	1816	7.33432
1817	1817	16.1235
1818	1818	-4.21088
1819	1819	-16.5234
1820	1820	-2.51308
1821	1821	-11.1172
1822	1822	18.7341
1823	1823	-15.8382
1824	1824	-2.83111
1825	1825	-6.48203
1826	1826	-27.3838
1827	1827	-1.35129
1828	1828	-10.08
1829	1829	-0.82784
1830	1830	13.6588
1831	1831	19.9083
1832	1832	10.7462
1833	1833	-27.8787
1834	1834	17.6872
1835	1835	4.9074
1836	1836	-11.8466
1837	1837	-17.3512
1838	1838	0.953837
1839	1839	-12.6377
1840	1840	3.15747
1841	1841	2.34906
1842	1842	18.5607
1843	1843	-3.45751
1844	1844	-29.4061
1845	1845	-38.3714
1846	1846	-7.72339
1847	1847	14.9528
1848	1848	0.0480318
1849	1849	-2.15894
1850	1850	9.90556
1851	1851	15.8132
1852	1852	-12.3822
1853	1853	-12.0924
1854	1854	-4.61653
1855	1855	-8.90786
1856	1856	6.06341
1857	1857	-23.5293
1858	1858	-27.7523
1859	1859	-13.3976
1860	1860	3.72375
1861	1861	7.10326
1862	1862	-13.6729
1863	1863	-2.21052
1864	1864	8.69778
1865	1865	-21.6555
1866	1866	6.63911
1867	1867	2.60063
1868	1868	-4.54841
1869	1869	-4.15918
1870	1870	3.5634
1871	1871	8.97986
1872	1872	6.98269
1873	1873	1.20771
1874	1874	-19.4036
1875	1875	-8.49302
1876	1876	-31.291
1877	1877	-15.6946
1878	1878	2.28848
1879	1879	13.6131
1880	1880	7.31482
1881	1881	9.8851
1882	1882	-27.1551
1883	1883	-12.058
1884	1884	-21.2123
1885	1885	-1.56828
1886	1886	-17.289
1887	1887	-1.40322
1888	1888	0.347898
1889	1889	7.25783
1890	1890	12.6434
1891	1891	28.9495
1892	1892	-12.1539
1893	1893	-29.0173
1894	1894	3.87251
1895	1895	31.575
1896	1896	-26.0619
1897	1897	-27.8152
1898	1898	-30.7108
1899	1899	3.9421
1900	1900	-10.7163
1901	1901	-25.9424
1902	1902	-28.0081
1903	1903	-14.81
1904	1904	-17.2078
1905	1905	22.1679
1906	1906	0.750633
1907	1907	-6.66803
1908	1908	-5.91286
1909	1909	6.77433
1910	1910	1.6123
1911	1911	-7.95915
1912	1912	-6.67194
1913	1913	14.4992
1914	1914	8.14703
1915	1915	-8.98028
1916	1916	-1.72964
1917	1917	3.30515
1918	1918	-3.60212
1919	1919	1.8916
1920	1920	-6.27148
1921	1921	25.6415
1922	1922	-13.6589
1923	1923	-6.93287
1924	1924	21.6918
1925	1925	27.7357
1926	1926	7.69812
1927	1927	21.1556
1928	1928	27.7191
1929	1929	-11.8753
1930	1930	17.2827
1931	1931	-18.77
1932	1932	-26.3089
1933	1933	-18.6557
1934	1934	4.38095
1935	1935	-16.6413
1936	1936	-17.0417
1937	1937	32.0423
1938	1938	20.3054
1939	1939	-4.66939
1940	1940	-19.6248
1941	1941	1.05549
1942	1942	-12.4438
1943	1943	13.3828
1944	1944	-17.3141
1945	1945	16.2648
1946	1946	-14.2121
1947	1947	-4.50343
1948	1948	-9.56651
1949	1949	21.5947
1950	1950	-12.5861
1951	1951	0.717903
1952	1952	-1.14661
1953	1953	16.9088
1954	1954	-13.0407
1955	1955	-5.77048
1956	1956	-9.26516
1957	1957	0.263481
1958	1958	-17.4521
1959	1959	0.0416059
1960	1960	-32.7266
1961	1961	23.5414
1962	1962	-24.9728
1963	1963	-0.815027
1964	1964	-4.24805
1965	1965	-20.0633
1966	1966	13.9427
1967	1967	-5.2289
1968	1968	7.52685
1969	1969	8.68485
1970	1970	-18.4035
1971	1971	2.44326
1972	1972	-29.0219
1973	1973	7.468
1974	1974	6.29857
1975	1975	-18.7864
1976	1976	-3.45482
1977	1977	-9.13991
1978	1978	-7.40787
1979	1979	7.28953
1980	1980	0.392547
1981	1981	7.20217
1982	1982	2.7904
1983	1983	-10.1324
1984	1984	6.91366
1985	1985	20.3011
1986	1986	-8.68489
1987	1987	-10.89
1988	1988	-24.2028
1989	1989	-6.34386
1990	1990	30.1617
1991	1991	9.46091
1992	1992	-12.4749
1993	1993	18.7484
1994	1994	-14.9026
1995	1995	-13.6737
1996	1996	-5.50276
1997	1997	-21.5487
1998	1998	-10.0179
1999	1999	-5.81063
2000	2000	-3.93228
2001	2001	-9.6935
2002	2002	24.0772
2003	2003	-13.2224
2004	2004	9.74588
2005	2005	10.1673
2006	2006	-6.97129
2007	2007	1.72065
2008	2008	6.39072
2009	2009	15.8117
2010	2010	-13.3774
2011	2011	-5.24797
2012	2012	10.6582
2013	2013	19.3248
2014	2014	-2.82877
2015	2015	5.82223
2016	2016	3.88171
2017	2017	-1.89961
2018	2018	13.3117
2019	2019	2.6232
2020	2020	-9.94168
2021	2021	14.9833
2022	2022	13.232
2023	2023	-10.0665
2024	2024	-7.90478
2025	2025	6.85404
2026	2026	-16.1279
2027	2027	20.9061
2028	2028	12.4785
2029	2029	29.9172
2030	2030	3.82487
2031	2031	-1.82655
2032	2032	-15.4623
2033	2033	-19.3761
2034	2034	2.33127
2035	2035	7.30761
2036	2036	20.1507
2037	2037	-6.56377
2038	2038	13.941
2039	2039	-9.98713
2040	2040	-1.79605
2041	2041	22.2361
2042	2042	4.67897
2043	2043	12.9878
2044	2044	-4.28358
2045	2045	20.8176
2046	2046	11.0785
2047	2047	9.26218
2048	2048	16.1722
2049	2049	2.5238
2050	2050	-17.1487
2051	2051	11.7558
2052	2052	-24.6912
2053	2053	-19.6602
2054	2054	6.92046
2055	2055	18.3126
2056	2056	18.3697
2057	2057	-19.2643
2058	2058	6.07771
2059	2059	2.81352
2060	2060	2.50716
2061	2061	6.15876
2062	2062	-15.3456
2063	2063	5.92774
2064	2064	15.8265
2065	2065	3.68876
2066	2066	27.5968
2067	2067	-4.38075
2068	2068	-1.28316
2069	2069	-18.1248
2070	2070	-13.7158
2071	2071	3.29682
2072	2072	-35.6496
2073	2073	4.71043
2074	2074	0.165489
2075	2075	-36.2086
2076	2076	-15.2091
2077	2077	18.1906
2078	2078	-13.9352
2079	2079	5.60212
2080	2080	0.237541
2081	2081	7.35868
2082	2082	-1.47242
2083	2083	14.8117
2084	2084	-14.4773
2085	2085	-12.7238
2086	2086	6.6413
2087	2087	26.8835
2088	2088	-16.8741
2089	2089	-11.7473
2090	2090	7.79611
2091	2091	-6.35773
2092	2092	-18.889
2093	2093	-15.1585
2094	2094	-12.3972
2095	2095	25.1437
2096	2096	-4.1115
2097	2097	-8.95729
2098	2098	19.9419
2099	2099	-3.24164
2100	2100	-12.0967
2101	2101	11.6729
2102	2102	-23.3503
2103	2103	-15.594
2104	2104	-5.74156
2105	2105	-6.51759
2106	2106	3.85608
2107	2107	12.6978
2108	2108	22.2731
2109	2109	0.289109
2110	2110	6.87165
2111	2111	-7.59885
2112	2112	3.56735
2113	2113	-2.62737
2114	2114	-12.4447
2115	2115	1.30113
2116	2116	-15.7456
2117	2117	20.1283
2118	2118	-10.9542
2119	2119	-9.42715
2120	2120	7.83762
2121	2121	31.6747
2122	2122	11.2679
2123	2123	20.5868
2124	2124	-13.0985
2125	2125	3.81802
2126	2126	-9.25297
2127	2127	8.92479
2128	2128	-20.8525
2129	2129	-7.7595
2130	2130	21.4899
2131	2131	-2.22366
2132	2132	-31.5531
2133	2133	20.0756
2134	2134	-2.80845
2135	2135	26.0531
2136	2136	-6.32174
2137	2137	-21.675
2138	2138	-1.92602
2139	2139	8.11674
2140	2140	1.15089
2141	2141	28.456
2142	2142	-12.1284
2143	2143	-8.86428
2144	2144	-11.7116
2145	2145	-7.59413
2146	2146	-4.54583
2147	2147	8.03838
2148	2148	16.3011
2149	2149	-6.73439
2150	2150	-22.3394
2151	2151	3.89416
2152	2152	2.8128
2153	2153	-5.01825
2154	2154	-3.59645
2155	2155	-20.1367
2156	2156	-32.5921
2157	2157	7.46613
2158	2158	-5.91387
2159	2159	-5.15371
2160	2160	-19.2359
2161	2161	-7.07221
2162	2162	18.6594
2163	2163	-10.8498
2164	2164	-7.97028
2165	2165	10.7238
2166	2166	12.2697
2167	2167	8.98991
2168	2168	-38.1876
2169	2169	15.6746
2170	2170	23.2739
2171	2171	-42.6468
2172	2172	18.329
2173	2173	2.35372
2174	2174	37.1738
2175	2175	-20.702
2176	2176	-14.004
2177	2177	9.65633
2178	2178	0.83637
2179	2179	17.107
2180	2180	-20.9489
2181	2181	-5.29549
2182	2182	13.7524
2183	2183	1.65744
2184	2184	-4.41927
2185	2185	-0.926389
2186	2186	-1.40143
2187	2187	2.54967
2188	2188	-7.09114
2189	2189	-5.32344
2190	2190	-10.8347
2191	2191	-5.0231
2192	2192	-11.9355
2193	2193	8.84076
2194	2194	-9.00532
2195	2195	-1.41948
2196	2196	14.6419
2197	2197	-9.64126
2198	2198	-6.62285
2199	2199	18.3908
2200	2200	24.6416
2201	2201	-3.02169
2202	2202	-10.3302
2203	2203	5.66643
2204	2204	6.42513
2205	2205	6.91163
2206	2206	-0.424039
2207	2207	11.0248
2208	2208	11.8068
2209	2209	8.22082
2210	2210	-7.61075
2211	2211	13.6074
2212	2212	25.6486
2213	2213	15.1967
2214	2214	26.8232
2215	2215	10.4181
2216	2216	-0.6896
2217	2217	0.809713
2218	2218	-14.7521
2219	2219	3.70857
2220	2220	-19.1895
2221	2221	1.94891
2222	2222	-2.68336
2223	2223	31.3853
2224	2224	22.1251
2225	2225	-14.98
2226	2226	10.6068
2227	2227	-1.77944
2228	2228	-1.41108
2229	2229	3.25507
2230	2230	-6.08238
2231	2231	-2.48746
2232	2232	-7.26308
2233	2233	-1.06992
2234	2234	-6.28576
2235	2235	-11.5114
2236	2236	-16.5092
2237	2237	-17.8119
2238	2238	16.4444
2239	2239	7.32357
2240	2240	16.5257
2241	2241	8.69657
2242	2242	-15.7092
2243	2243	14.6495
2244	2244	3.72905
2245	2245	-19.2736
2246	2246	-3.42961
2247	2247	12.6049
2248	2248	-27.8755
2249	2249	10.96
2250	2250	-6.43051
2251	2251	-13.7359
2252	2252	16.6244
2253	2253	-29.3781
2254	2254	5.31206
2255	2255	0.46646
2256	2256	-2.57781
2257	2257	0.508084
2258	2258	-9.92833
2259	2259	-14.7848
2260	2260	-24.4128
2261	2261	-8.25169
2262	2262	11.0933
2263	2263	-3.67581
2264	2264	18.0217
2265	2265	-27.9914
2266	2266	3.64124
2267	2267	26.2076
2268	2268	8.88437
2269	2269	11.1018
2270	2270	15.9549
2271	2271	-21.233
2272	2272	11.1103
2273	2273	20.5019
2274	2274	-5.24626
2275	2275	17.6267
2276	2276	-12.076
2277	2277	-8.81108
2278	2278	7.60424
2279	2279	-18.54
2280	2280	-18.1366
2281	2281	-5.81624
2282	2282	-8.63239
2283	2283	-17.2462
2284	2284	17.6575
2285	2285	3.51149
2286	2286	-9.38664
2287	2287	-12.4468
2288	2288	22.4385
2289	2289	-16.3648
2290	2290	12.5312
2291	2291	-5.53658
2292	2292	-14.6662
2293	2293	2.73574
2294	2294	9.30303
2295	2295	3.21934
2296	2296	-7.92909
2297	2297	8.0324
2298	2298	-16.6349
2299	2299	13.1649
2300	2300	29.2869
2301	2301	-22.2613
2302	2302	22.1151
2303	2303	-24.5616
2304	2304	-3.31773
2305	2305	12.9514
2306	2306	10.1017
2307	2307	-28.3261
2308	2308	-1.31744
2309	2309	1.4593
2310	2310	6.87013
2311	2311	-0.494802
2312	2312	23.7065
2313	2313	10.984
2314	2314	-9.01273
2315	2315	1.43646
2316	2316	5.71153
2317	2317	13.0078
2318	2318	-18.0847
2319	2319	-17.1538
2320	2320	1.90359
2321	2321	-23.6053
2322	2322	15.7821
2323	2323	-13.0377
2324	2324	-10.8545
2325	2325	1.31408
2326	2326	5.47326
2327	2327	26.7247
2328	2328	21.7879
2329	2329	-14.8922
2330	2330	20.1429
2331	2331	-2.55897
2332	2332	10.0186
2333	2333	9.45467
2334	2334	15.3301
2335	2335	11.082
2336	2336	1.40674
2337	2337	22.7348
2338	2338	-16.759
2339	2339	-23.8804
2340	2340	-10.9489
2341	2341	-16.1521
2342	2342	12.1122
2343	2343	1.34775
2344	2344	-18.0211
2345	2345	20.1924
2346	2346	-8.80724
2347	2347	19.6451
2348	2348	35.7703
2349	2349	8.98677
2350	2350	-8.92557
2351	2351	-8.73961
2352	2352	-14.1187
2353	2353	15.311
2354	2354	-11.6658
2355	2355	5.58117
2356	2356	2.74935
2357	2357	3.40938
2358	2358	8.39396
2359	2359	-29.5537
2360	2360	5.83037
2361	2361	-6.11374
2362	2362	5.92296
2363	2363	32.1577
2364	2364	22.8689
2365	2365	5.68232
2366	2366	-8.29934
2367	2367	0.909504
2368	2368	15.7238
2369	2369	14.7668
2370	2370	3.7888
2371	2371	5.31501
2372	2372	9.01996
2373	2373	6.8675
2374	2374	2.41863
2375	2375	20.1384
2376	2376	19.8769
2377	2377	8.65328
2378	2378	4.07248
2379	2379	-21.732
2380	2380	-20.334
2381	2381	-1.32784
2382	2382	-12.3348
2383	2383	-7.31578
2384	2384	-20.0064
2385	2385	13.5515
2386	2386	-2.36127
2387	2387	-7.54625
2388	2388	-14.8128
2389	2389	-1.03651
2390	2390	5.50153
2391	2391	5.80537
2392	2392	20.8629
2393	2393	-28.8909
2394	2394	8.18746
2395	2395	16.2753
2396	2396	1.64513
2397	2397	2.62821
2398	2398	26.3541
2399	2399	-21.6499
2400	2400	10.3971
2401	2401	31.3401
2402	2402	0.0647682
2403	2403	-0.6588
2404	2404	-5.17804
2405	2405	-9.54925
2406	2406	18.5144
2407	2407	-3.99397
2408	2408	14.1986
2409	2409	7.68202
2410	2410	8.41633
2411	2411	16.1632
2412	2412	-12.5824
2413	2413	26.8156
2414	2414	-0.208141
2415	2415	10.8085
2416	2416	21.9379
2417	2417	-1.55102
2418	2418	-23.1796
2419	2419	-4.814
2420	2420	-1.28323
2421	2421	24.2558
2422	2422	7.04335
2423	2423	-6.27788
2424	2424	-1.67676
2425	2425	0.19725
2426	2426	1.96448
2427	2427	10.4573
2428	2428	-3.15686
2429	2429	7.6561
2430	2430	-42.0354
2431	2431	27.3717
2432	2432	-9.34454
2433	2433	-0.456598
2434	2434	-11.0756
2435	2435	-20.3988
2436	2436	-9.76329
2437	2437	11.4474
2438	2438	-10.1927
2439	2439	-3.96495
2440	2440	-3.62338
2441	2441	22.6451
2442	2442	-23.5959
2443	2443	8.1243
2444	2444	6.09952
2445	2445	-1.93582
2446	2446	8.98095
2447	2447	7.4008
2448	2448	3.1848
2449	2449	-22.366
2450	2450	13.3802
2451	2451	-9.06954
2452	2452	-2.9401
2453	2453	9.96309
2454	2454	-1.26873
2455	2455	-14.5208
2456	2456	5.94317
2457	2457	-10.5672
2458	2458	-5.82479
2459	2459	3.0122
2460	2460	27.378
2461	2461	14.825
2462	2462	2.45241
2463	2463	-16.1915
2464	2464	30.9509
2465	2465	10.2371
2466	2466	-3.12387
2467	2467	12.1343
2468	2468	-0.267044
2469	2469	20.6982
2470	2470	-1.73033
2471	2471	6.55111
2472	2472	13.7512
2473	2473	6.7739
2474	2474	-9.18989
2475	2475	4.62861
2476	2476	-4.86732
2477	2477	6.81352
2478	2478	-16.2377
2479	2479	-28.5183
2480	2480	-8.23107
2481	2481	32.3399
2482	2482	-12.3217
2483	2483	-15.2448
2484	2484	-15.4342
2485	2485	8.73507
2486	2486	-9.81287
2487	2487	-4.44662
2488	2488	-14.2845
2489	2489	12.9056
2490	2490	-15.7998
2491	2491	35.4068
2492	2492	25.1811
2493	2493	17.2735
2494	2494	4.6325
2495	2495	24.4406
2496	2496	-8.3007
2497	2497	8.75226
2498	2498	4.6738
2499	2499	14.0562
2500	2500	-14.7969
2501	2501	-13.3048
2502	2502	-20.3773
2503	2503	-26.07
2504	2504	11.6096
2505	2505	16.3314
2506	2506	-27.755
2507	2507	-12.1114
2508	2508	27.6243
2509	2509	-15.3288
2510	2510	22.2988
2511	2511	12.1428
2512	2512	13.1779
2513	2513	19.4
2514	2514	-20.9296
2515	2515	14.3699
2516	2516	13.191
2517	2517	-4.96719
2518	2518	11.7174
2519	2519	-0.987025
2520	2520	3.38485
2521	2521	25.5732
2522	2522	32.0222
2523	2523	-11.6063
2524	2524	-0.531663
2525	2525	7.70014
2526	2526	13.0175
2527	2527	12.0254
2528	2528	23.018
2529	2529	0.862548
2530	2530	-9.55523
2531	2531	-12.3072
2532	2532	-12.7274
2533	2533	22.8019
2534	2534	19.7711
2535	2535	-11.5167
2536	2536	-5.27892
2537	2537	-0.980025
2538	2538	-27.9975
2539	2539	2.38961
2540	2540	-1.52779
2541	2541	21.3765
2542	2542	-1.4064
2543	2543	-3.72049
2544	2544	12.7293
2545	2545	-17.5144
2546	2546	2.83291
2547	2547	7.82565
2548	2548	2.05748
2549	2549	-1.52507
2550	2550	-2.04763
2551	2551	17.6996
2552	2552	5.84708
2553	2553	23.2679
2554	2554	6.20375
2555	2555	-6.5111
2556	2556	17.8545
2557	2557	-0.393162
2558	2558	-1.28175
2559	2559	9.48261
2560	2560	8.00308
2561	2561	3.93548
2562	2562	4.46861
2563	2563	6.11781
2564	2564	10.8022
2565	2565	-9.63027
2566	2566	-32.4299
2567	2567	3.74487
2568	2568	-25.3981
2569	2569	-13.3657
2570	2570	19.9222
2571	2571	11.6692
2572	2572	-26.3235
2573	2573	-16.0057
2574	2574	5.89278
2575	2575	2.11541
2576	2576	-27.8222
2577	2577	-15.9314
2578	2578	-0.864254
2579	2579	13.849
2580	2580	-9.07712
2581	2581	-12.0339
2582	2582	18.6169
2583	2583	-25.969
2584	2584	0.792169
2585	2585	43.7698
2586	2586	21.2523
2587	2587	31.9683
2588	2588	12.5647
2589	2589	17.2932
2590	2590	-1.04836
2591	2591	-2.05002
2592	2592	-33.6166
2593	2593	27.6262
2594	2594	-14.9671
2595	2595	17.5657
2596	2596	-5.29429
2597	2597	-3.68631
2598	2598	-13.8501
2599	2599	10.866
2600	2600	6.59917
2601	2601	15.696
2602	2602	4.80393
2603	2603	-26.4098
2604	2604	0.337369
2605	2605	10.891
2606	2606	1.64798
2607	2607	-6.41978
2608	2608	-9.75828
2609	2609	-14.3132
2610	2610	-8.62111
2611	2611	-16.8175
2612	2612	-16.6015
2613	2613	2.87134
2614	2614	-4.65229
2615	2615	25.2609
2616	2616	-7.9561
2617	2617	15.9329
2618	2618	-9.93124
2619	2619	32.9029
2620	2620	-2.88755
2621	2621	-13.3123
2622	2622	-4.76731
2623	2623	10.1053
2624	2624	-2.22314
2625	2625	-16.3161
2626	2626	-11.9949
2627	2627	-21.2998
2628	2628	8.03733
2629	2629	14.5487
2630	2630	-6.81044
2631	2631	-11.6564
2632	2632	-1.38902
2633	2633	9.15672
2634	2634	7.20515
2635	2635	-15.3756
2636	2636	-11.8072
2637	2637	8.40098
2638	2638	4.77214
2639	2639	-4.04464
2640	2640	7.82757
2641	2641	24.1421
2642	2642	5.08289
2643	2643	7.58379
2644	2644	-34.0386
2645	2645	-9.2584
2646	2646	6.69282
2647	2647	-0.749628
2648	2648	6.16955
2649	2649	-1.78398
2650	2650	15.0236
2651	2651	25.6264
2652	2652	2.34205
2653	2653	-27.16
2654	2654	-16.7124
2655	2655	24.4202
2656	2656	-3.84281
2657	2657	-1.79629
2658	2658	-27.5817
2659	2659	-3.5011
2660	2660	19.4009
2661	2661	4.4074
2662	2662	-17.2499
2663	2663	-10.6161
2664	2664	-1.14128
2665	2665	-1.21722
2666	2666	25.7896
2667	2667	-31.682
2668	2668	25.8802
2669	2669	-23.5788
2670	2670	3.70989
2671	2671	26.8636
2672	2672	10.1811
2673	2673	-9.53833
2674	2674	33.6518
2675	2675	-16.7413
2676	2676	5.67136
2677	2677	-19.6766
2678	2678	-11.3517
2679	2679	-16.6821
2680	2680	0.952466
2681	2681	16.1525
2682	2682	-27.2711
2683	2683	28.8208
2684	2684	-37.4122
2685	2685	-20.7362
2686	2686	1.85022
2687	2687	3.16892
2688	2688	5.97425
2689	2689	-18.4284
2690	2690	21.4024
2691	2691	12.1853
2692	2692	16.7246
2693	2693	-7.39777
2694	2694	-0.397806
2695	2695	11.9733
2696	2696	7.61471
2697	2697	1.36657
2698	2698	24.7818
2699	2699	-13.6763
2700	2700	14.1284
2701	2701	35.1225
2702	2702	-13.2814
2703	2703	-11.7688
2704	2704	12.6702
2705	2705	3.94935
2706	2706	7.65698
2707	2707	-7.16052
2708	2708	3.13455
2709	2709	6.64348
2710	2710	-0.137522
2711	2711	-17.1793
2712	2712	-26.454
2713	2713	-0.89614
2714	2714	-31.0234
2715	2715	-3.79731
2716	2716	3.91892
2717	2717	-11.3723
2718	2718	7.20182
2719	2719	-15.3089
2720	2720	-2.89071
2721	2721	-6.04075
2722	2722	-1.90216
2723	2723	-14.2225
2724	2724	12.9609
2725	2725	9.94048
2726	2726	-10.3381
2727	2727	12.3585
2728	2728	7.82233
2729	2729	-11.833
2730	2730	-1.6657
2731	2731	8.00296
2732	2732	22.0731
2733	2733	-1.91097
2734	2734	1.26875
2735	2735	-13.9662
2736	2736	16.1781
2737	2737	-26.9528
2738	2738	8.85668
2739	2739	-15.6682
2740	2740	20.8539
2741	2741	26.235
2742	2742	13.9593
2743	2743	8.37907
2744	2744	-11.3521
2745	2745	-2.33493
2746	2746	-8.97228
2747	2747	-21.0665
2748	2748	-14.5584
2749	2749	4.0293
2750	2750	9.30267
2751	2751	-9.12444
2752	2752	13.9157
2753	2753	-23.2864
2754	2754	-22.0198
2755	2755	-12.2507
2756	2756	-22.4572
2757	2757	-14.3013
2758	2758	9.57602
2759	2759	19.1781
2760	2760	3.73217
2761	2761	29.724
2762	2762	9.17425
2763	2763	9.18557
2764	2764	-10.611
2765	2765	8.31549
2766	2766	-10.5603
2767	2767	-13.7288
2768	2768	-28.4402
2769	2769	29.4315
2770	2770	5.23765
2771	2771	20.2083
2772	2772	-24.8788
2773	2773	-29.6477
2774	2774	8.84377
2775	2775	-3.51937
2776	2776	-7.21432
2777	2777	-4.13162
2778	2778	-4.58347
2779	2779	26.2525
2780	2780	9.68924
2781	2781	31.1505
2782	2782	-6.05801
2783	2783	3.48424
2784	2784	1.05085
2785	2785	6.81811
2786	2786	-13.9898
2787	2787	-16.9304
2788	2788	-24.3298
2789	2789	-10.0146
2790	2790	-6.64825
2791	2791	7.42258
2792	2792	26.2341
2793	2793	27.7233
2794	2794	-3.80412
2795	2795	-18.1064
2796	2796	-16.781
2797	2797	1.95114
2798	2798	6.56445
2799	2799	-17.5763
2800	2800	-15.5495
2801	2801	-12.1399
2802	2802	0.383075
2803	2803	9.78759
2804	2804	9.82313
2805	2805	-0.0806518
2806	2806	-3.45226
2807	2807	10.3068
2808	2808	-3.03905
2809	2809	2.46327
2810	2810	7.66693
2811	2811	-3.2886
2812	2812	9.97262
2813	2813	-10.2222
2814	2814	-29.956
2815	2815	31.4457
2816	2816	14.7768
2817	2817	11.2031
2818	2818	-12.4534
2819	2819	0.915798
2820	2820	-7.32387
2821	2821	-1.8008
2822	2822	7.73832
2823	2823	12.5187
2824	2824	8.19371
2825	2825	-11.8139
2826	2826	34.8287
2827	2827	-7.28301
2828	2828	5.68841
2829	2829	-16.3377
2830	2830	-12.6887
2831	2831	6.55352
2832	2832	4.89091
2833	2833	-7.53573
2834	2834	-21.461
2835	2835	1.70442
2836	2836	-5.59027
2837	2837	13.4803
2838	2838	-19.1427
2839	2839	4.97833
2840	2840	7.84501
2841	2841	-15.8504
2842	2842	5.64193
2843	2843	-18.4016
2844	2844	-20.0912
2845	2845	5.06533
2846	2846	-10.5043
2847	2847	-12.0587
2848	2848	-4.00579
2849	2849	-6.35601
2850	2850	-18.4068
2851	2851	26.2479
2852	2852	-12.8737
2853	2853	-12.8227
2854	2854	-3.55771
2855	2855	-4.11721
2856	2856	-23.0486
2857	2857	29.5323
2858	2858	-4.66437
2859	2859	13.8728
2860	2860	-5.14231
2861	2861	-4.6122
2862	2862	23.4572
2863	2863	1.02065
2864	2864	-3.82866
2865	2865	17.271
2866	2866	-12.333
2867	2867	15.5787
2868	2868	-0.722974
2869	2869	-3.29264
2870	2870	-32.7247
2871	2871	-12.1139
2872	2872	22.5982
2873	2873	10.2289
2874	2874	7.79882
2875	2875	17.784
2876	2876	-19.4624
2877	2877	-17.3475
2878	2878	16.2495
2879	2879	2.75975
2880	2880	-37.2676
2881	2881	2.42184
2882	2882	21.8903
2883	2883	11.6375
2884	2884	9.49081
2885	2885	-3.60003
2886	2886	2.84323
2887	2887	-8.12769
2888	2888	2.93217
2889	2889	14.6664
2890	2890	7.22138
2891	2891	43.9353
2892	2892	4.19872
2893	2893	-4.48303
2894	2894	-12.0839
2895	2895	-25.3455
2896	2896	-19.5509
2897	2897	-18.2698
2898	2898	-22.3335
2899	2899	0.280681
2900	2900	-14.3106
2901	2901	-4.08288
2902	2902	18.3632
2903	2903	-22.588
2904	2904	44.4358
2905	2905	7.18332
2906	2906	18.2843
2907	2907	13.8215
2908	2908	-14.0351
2909	2909	-12.5019
2910	2910	2.25897
2911	2911	-8.16212
2912	2912	-2.83037
2913	2913	-6.1625
2914	2914	-25.8733
2915	2915	2.79547
2916	2916	-23.6796
2917	2917	29.8178
2918	2918	-9.68409
2919	2919	2.92409
2920	2920	1.56927
2921	2921	-5.13317
2922	2922	-5.03837
2923	2923	-25.8676
2924	2924	-21.0287
2925	2925	-31.3019
2926	2926	-14.3609
2927	2927	-32.0666
2928	2928	-7.80121
2929	2929	-36.6954
2930	2930	21.8849
2931	2931	-13.4609
2932	2932	26.4204
2933	2933	-11.8534
2934	2934	0.726051
2935	2935	-3.99884
2936	2936	3.9734
2937	2937	-4.0018
2938	2938	18.6881
2939	2939	-6.34629
2940	2940	3.99251
2941	2941	6.9164
2942	2942	-5.1539
2943	2943	-23.6831
2944	2944	29.0191
2945	2945	-16.0307
2946	2946	-3.30578
2947	2947	2.50845
2948	2948	-6.47868
2949	2949	-0.847183
2950	2950	10.2122
2951	2951	-5.93535
2952	2952	14.797
2953	2953	1.86871
2954	2954	-5.77674
2955	2955	7.72513
2956	2956	0.636265
2957	2957	28.5227
2958	2958	27.7994
2959	2959	3.68281
2960	2960	-24.2148
2961	2961	22.8406
2962	2962	6.96509
2963	2963	-9.5286
2964	2964	6.02202
2965	2965	4.70636
2966	2966	9.26504
2967	2967	-13.364
2968	2968	10.728
2969	2969	-6.74744
2970	2970	-7.63309
2971	2971	-7.47912
2972	2972	-10.7762
2973	2973	-2.06888
2974	2974	9.34508
2975	2975	3.38045
2976	2976	-8.352
2977	2977	-7.59895
2978	2978	17.3713
2979	2979	-29.1962
2980	2980	-5.61866
2981	2981	-14.031
2982	2982	10.5851
2983	2983	-11.1448
2984	2984	24.3567
2985	2985	-10.7107
2986	2986	3.04875
2987	2987	16.2245
2988	2988	-12.1884
2989	2989	7.27477
2990	2990	33.3682
2991	2991	34.5866
2992	2992	-3.52197
2993	2993	-19.2857
2994	2994	-6.03124
2995	2995	-4.8519
2996	2996	-9.72231
2997	2997	-0.626513
2998	2998	-14.4089
2999	2999	1.03963
3000	3000	-2.53152
3001	3001	-3.14668
3002	3002	-6.06158
3003	3003	5.34686
3004	3004	-3.84428
3005	3005	-8.13265
3006	3006	-7.75469
3007	3007	0.0973835
3008	3008	16.0804
3009	3009	15.7623
3010	3010	7.28069
3011	3011	2.92321
3012	3012	12.0668
3013	3013	-24.9781
3014	3014	14.2615
3015	3015	22.1586
3016	3016	-25.9862
3017	3017	-8.87498
3018	3018	18.0158
3019	3019	-14.1809
3020	3020	-9.10126
3021	3021	-42.1017
3022	3022	-41.6473
3023	3023	20.4952
3024	3024	-27.9846
3025	3025	-32.0213
3026	3026	1.23484
3027	3027	4.21141
3028	3028	-16.6344
3029	3029	-1.43531
3030	3030	9.27468
3031	3031	2.61963
3032	3032	3.79918
3033	3033	1.87597
3034	3034	33.8419
3035	3035	-11.431
3036	3036	7.87303
3037	3037	-1.40358
3038	3038	11.3802
3039	3039	-9.17288
3040	3040	-2.34702
3041	3041	-1.31101
3042	3042	6.34
3043	3043	-8.59053
3044	3044	-5.75164
3045	3045	9.42795
3046	3046	9.78101
3047	3047	-11.8533
3048	3048	-21.7473
3049	3049	-16.3681
3050	3050	-2.19596
3051	3051	6.96225
3052	3052	-11.1613
3053	3053	10.3535
3054	3054	-7.27569
3055	3055	11.1168
3056	3056	21.8942
3057	3057	-16.4844
3058	3058	-5.89239
3059	3059	23.692
3060	3060	4.47561
3061	3061	9.68016
3062	3062	36.5392
3063	3063	-8.77517
3064	3064	-14.0957
3065	3065	20.2835
3066	3066	-0.749904
3067	3067	4.40785
3068	3068	-3.79888
3069	3069	10.4494
3070	3070	-16.8027
3071	3071	-14.9211
3072	3072	6.37378
3073	3073	9.90585
3074	3074	5.65595
3075	3075	-3.26803
3076	3076	-2.27491
3077	3077	-9.96481
3078	3078	22.3922
3079	3079	-18.4149
3080	3080	-5.77937
3081	3081	4.80047
3082	3082	5.10697
3083	3083	-1.91449
3084	3084	-10.5687
3085	3085	18.7684
3086	3086	-4.26777
3087	3087	-13.6576
3088	3088	3.64799
3089	3089	-10.7532
3090	3090	-6.63847
3091	3091	8.26988
3092	3092	-15.0722
3093	3093	-10.2838
3094	3094	-14.4942
3095	3095	-7.38642
3096	3096	-0.720624
3097	3097	4.96027
3098	3098	-11.6016
3099	3099	-17.9581
3100	3100	14.3183
3101	3101	14.1052
3102	3102	15.0141
3103	3103	-25.3252
3104	3104	-9.18417
3105	3105	4.16536
3106	3106	7.02077
3107	3107	19.1974
3108	3108	5.76444
3109	3109	-1.84205
3110	3110	-7.39005
3111	3111	14.1018
3112	3112	-18.6846
3113	3113	22.5825
3114	3114	16.881
3115	3115	3.29008
3116	3116	-3.50844
3117	3117	8.44903
3118	3118	-18.6373
3119	3119	10.2505
3120	3120	-12.5001
3121	3121	4.84825
3122	3122	5.86791
3123	3123	2.29706
3124	3124	19.4304
3125	3125	-14.1833
3126	3126	16.4475
3127	3127	8.50105
3128	3128	32.0836
3129	3129	-31.0702
3130	3130	6.67703
3131	3131	10.3231
3132	3132	6.50054
3133	3133	-12.439
3134	3134	4.70178
3135	3135	-0.699308
3136	3136	3.3717
3137	3137	-17.8226
3138	3138	-23.9109
3139	3139	4.14848
3140	3140	13.0262
3141	3141	5.34857
3142	3142	-5.81475
3143	3143	-1.63078
3144	3144	-4.89648
3145	3145	-24.1815
3146	3146	14.4632
3147	3147	6.773
3148	3148	2.60196
3149	3149	7.01761
3150	3150	-7.63258
3151	3151	-6.00192
3152	3152	-5.18693
3153	3153	-7.71102
3154	3154	-0.15238
3155	3155	-2.10215
3156	3156	-2.86509
3157	3157	-5.48142
3158	3158	0.506473
3159	3159	-3.88645
3160	3160	2.94611
3161	3161	-4.24947
3162	3162	27.5092
3163	3163	1.67501
3164	3164	2.22988
3165	3165	-16.5272
3166	3166	-4.80372
3167	3167	-10.4781
3168	3168	-17.6731
3169	3169	-4.04667
3170	3170	-13.083
3171	3171	23.7068
3172	3172	7.64359
3173	3173	-9.42752
3174	3174	-1.23955
3175	3175	1.70852
3176	3176	5.17449
3177	3177	14.6109
3178	3178	-14.3936
3179	3179	-22.4859
3180	3180	13.6449
3181	3181	10.725
3182	3182	-15.8893
3183	3183	15.1056
3184	3184	-0.849709
3185	3185	-8.82629
3186	3186	-31.9139
3187	3187	-15.258
3188	3188	-26.5224
3189	3189	17.1786
3190	3190	-4.60147
3191	3191	11.7314
3192	3192	-39.1018
3193	3193	-17.0226
3194	3194	20.75
3195	3195	-1.58913
3196	3196	-15.1428
3197	3197	15.6123
3198	3198	-14.1117
3199	3199	-1.89408
3200	3200	-18.9237
3201	3201	-1.72513
3202	3202	17.4539
3203	3203	12.1693
3204	3204	-19.9779
3205	3205	-12.0114
3206	3206	-8.78633
3207	3207	38.8332
3208	3208	5.28975
3209	3209	-6.68417
3210	3210	-16.4861
3211	3211	0.165213
3212	3212	-7.58213
3213	3213	2.87693
3214	3214	35.8875
3215	3215	-1.4437
3216	3216	21.7231
3217	3217	-17.9482
3218	3218	-15.2638
3219	3219	20.1941
3220	3220	-0.776279
3221	3221	-42.2902
3222	3222	5.73296
3223	3223	-8.79162
3224	3224	-1.96328
3225	3225	-16.6895
3226	3226	0.00744596
3227	3227	0.891225
3228	3228	-4.50577
3229	3229	4.74497
3230	3230	-21.3074
3231	3231	-16.3397
3232	3232	-15.7561
3233	3233	-5.75885
3234	3234	-2.48226
3235	3235	0.384061
3236	3236	12.0933
3237	3237	-1.97614
3238	3238	-0.965406
3239	3239	12.0574
3240	3240	-3.15044
3241	3241	1.61943
3242	3242	21.074
3243	3243	-6.82915
3244	3244	6.4583
3245	3245	-13.8396
3246	3246	-3.88512
3247	3247	9.25654
3248	3248	17.9431
3249	3249	14.8645
3250	3250	-7.36387
3251	3251	-8.45577
3252	3252	-5.59826
3253	3253	-13.15
3254	3254	22.7886
3255	3255	-9.28579
3256	3256	12.4623
3257	3257	-8.10106
3258	3258	-10.9086
3259	3259	-1.93111
3260	3260	23.7477
3261	3261	10.1592
3262	3262	-6.14895
3263	3263	-1.29777
3264	3264	-16.0501
3265	3265	8.28545
3266	3266	15.9371
3267	3267	17.9391
3268	3268	-7.12547
3269	3269	-11.7271
3270	3270	-20.9462
3271	3271	23.6554
3272	3272	8.16685
3273	3273	-4.66976
3274	3274	24.2849
3275	3275	-2.98026
3276	3276	-7.16913
3277	3277	-16.886
3278	3278	-19.5146
3279	3279	9.77715
3280	3280	9.00772
3281	3281	-3.88639
3282	3282	-12.8808
3283	3283	12.709
3284	3284	-1.84822
3285	3285	1.72498
3286	3286	-5.50873
3287	3287	-21.0245
3288	3288	-3.22667
3289	3289	9.48817
3290	3290	1.97767
3291	3291	-4.90179
3292	3292	-28.9621
3293	3293	-9.85668
3294	3294	6.41152
3295	3295	5.67563
3296	3296	-8.15061
3297	3297	21.2126
3298	3298	-13.0313
3299	3299	23.3509
3300	3300	5.31143
3301	3301	2.64928
3302	3302	-10.4534
3303	3303	15.6863
3304	3304	-7.22155
3305	3305	7.5656
3306	3306	-8.21618
3307	3307	20.8806
3308	3308	-23.3543
3309	3309	42.8774
3310	3310	12.9814
3311	3311	-1.16211
3312	3312	13.5043
3313	3313	24.6866
3314	3314	-9.85879
3315	3315	-20.2068
3316	3316	-6.78057
3317	3317	-28.3192
3318	3318	-15.9482
3319	3319	-7.23937
3320	3320	8.89113
3321	3321	8.01434
3322	3322	4.94117
3323	3323	-6.80868
3324	3324	-18.0926
3325	3325	11.6795
3326	3326	11.0064
3327	3327	17.9884
3328	3328	-4.15041
3329	3329	-29.7945
3330	3330	8.38632
3331	3331	26.4182
3332	3332	-9.4023
3333	3333	22.8627
3334	3334	4.80985
3335	3335	21.9257
3336	3336	15.7941
3337	3337	1.10399
3338	3338	19.0884
3339	3339	-10.8308
3340	3340	21.9975
3341	3341	-22.5981
3342	3342	-1.61343
3343	3343	27.6258
3344	3344	-10.0258
3345	3345	0.902436
3346	3346	6.27167
3347	3347	-49.2619
3348	3348	-22.2143
3349	3349	3.15382
3350	3350	19.0625
3351	3351	11.3807
3352	3352	17.4306
3353	3353	-10.7944
3354	3354	19.1903
3355	3355	6.54521
3356	3356	15.5638
3357	3357	-3.4199
3358	3358	-9.09013
3359	3359	6.14733
3360	3360	-16.8224
3361	3361	6.71918
3362	3362	13.0286
3363	3363	0.566213
3364	3364	3.03204
3365	3365	18.0921
3366	3366	-7.00166
3367	3367	-2.55778
3368	3368	0.0977461
3369	3369	7.20397
3370	3370	-9.21912
3371	3371	20.0641
3372	3372	-2.64048
3373	3373	15.8383
3374	3374	-14.5622
3375	3375	-1.62882
3376	3376	0.716823
3377	3377	-26.8503
3378	3378	14.8444
3379	3379	1.99668
3380	3380	-12.6252
3381	3381	-1.37422
3382	3382	5.85332
3383	3383	-3.98348
3384	3384	-4.53029
3385	3385	-3.23834
3386	3386	0.873968
3387	3387	-19.1019
3388	3388	24.2123
3389	3389	-8.97015
3390	3390	37.0376
3391	3391	-0.918116
3392	3392	47.2281
3393	3393	-38.1154
3394	3394	-28.0627
3395	3395	14.1862
3396	3396	-3.87591
3397	3397	-35.5212
3398	3398	-8.981
3399	3399	-0.368434
3400	3400	-15.5179
3401	3401	-32.9252
3402	3402	23.8779
3403	3403	-17.3595
3404	3404	7.88425
3405	3405	-29.1421
3406	3406	-6.85041
3407	3407	-9.70849
3408	3408	-4.81617
3409	3409	6.52256
3410	3410	-24.4663
3411	3411	-12.6599
3412	3412	1.63587
3413	3413	-5.28107
3414	3414	-22.4174
3415	3415	14.8164
3416	3416	-9.82758
3417	3417	10.4886
3418	3418	-31.5826
3419	3419	13.9834
3420	3420	-22.8262
3421	3421	-2.45301
3422	3422	-13.1293
3423	3423	-22.303
3424	3424	-10.6086
3425	3425	14.003
3426	3426	13.4902
3427	3427	4.68476
3428	3428	-27.9466
3429	3429	24.7432
3430	3430	-19.3339
3431	3431	14.21
3432	3432	-12.1726
3433	3433	15.1542
3434	3434	6.47178
3435	3435	3.33268
3436	3436	9.4732
3437	3437	-26.2879
3438	3438	23.906
3439	3439	-6.84246
3440	3440	9.63836
3441	3441	21.3097
3442	3442	-30.3819
3443	3443	2.28687
3444	3444	-5.01489
3445	3445	9.1772
3446	3446	35.4799
3447	3447	21.7995
3448	3448	-27.2307
3449	3449	-3.73177
3450	3450	14.4614
3451	3451	-28.9621
3452	3452	-39.836
3453	3453	-10.5166
3454	3454	35.8015
3455	3455	0.938046
3456	3456	-1.30346
3457	3457	-7.02859
3458	3458	5.24658
3459	3459	-6.97219
3460	3460	27.5742
3461	3461	-0.83616
3462	3462	19.8412
3463	3463	6.23425
3464	3464	28.6387
3465	3465	9.45662
3466	3466	25.6915
3467	3467	19.0223
3468	3468	12.8104
3469	3469	-31.3313
3470	3470	16.7118
3471	3471	13.8713
3472	3472	-11.5691
3473	3473	24.1911
3474	3474	-6.37894
3475	3475	-27.0264
3476	3476	3.25763
3477	3477	17.5716
3478	3478	7.40691
3479	3479	-6.35336
3480	3480	4.83217
3481	3481	-25.3801
3482	3482	17.975
3483	3483	9.12905
3484	3484	9.71468
3485	3485	23.2288
3486	3486	-22.5494
3487	3487	8.907
3488	3488	2.11553
3489	3489	1.74915
3490	3490	3.48695
3491	3491	3.93936
3492	3492	7.92781
3493	3493	8.07745
3494	3494	-3.96751
3495	3495	-11.4019
3496	3496	-22.342
3497	3497	13.9222
3498	3498	5.18614
3499	3499	-6.83499
3500	3500	7.49148
3501	3501	-27.5438
3502	3502	-7.50256
3503	3503	7.42989
3504	3504	27.4451
3505	3505	-19.0497
3506	3506	-14.1117
3507	3507	-13.5176
3508	3508	5.40941
3509	3509	-8.99012
3510	3510	-5.66867
3511	3511	-12.101
3512	3512	-1.56909
3513	3513	-6.69757
3514	3514	-33.3668
3515	3515	-4.1406
3516	3516	-11.6816
3517	3517	-8.29292
3518	3518	-28.8169
3519	3519	-15.8526
3520	3520	-21.1123
3521	3521	-5.97596
3522	3522	-18.6054
3523	3523	6.02346
3524	3524	7.78907
3525	3525	-9.05482
3526	3526	1.68622
3527	3527	3.26522
3528	3528	-8.55321
3529	3529	-22.6899
3530	3530	9.72261
3531	3531	30.4675
3532	3532	11.0197
3533	3533	-21.5544
3534	3534	7.71246
3535	3535	13.5302
3536	3536	-1.74732
3537	3537	2.22067
3538	3538	15.1269
3539	3539	-26.4369
3540	3540	-2.80521
3541	3541	-6.17023
3542	3542	-14.847
3543	3543	5.47754
3544	3544	-24.6719
3545	3545	2.31732
3546	3546	-14.1664
3547	3547	14.7957
3548	3548	-7.89138
3549	3549	16.3145
3550	3550	-15.1035
3551	3551	29.8058
3552	3552	29.5837
3553	3553	9.46976
3554	3554	-3.19144
3555	3555	-7.59302
3556	3556	-15.8349
3557	3557	-7.26754
3558	3558	-7.70826
3559	3559	-10.9814
3560	3560	-17.3412
3561	3561	1.13484
3562	3562	12.2331
3563	3563	-10.3052
3564	3564	-3.77677
3565	3565	-2.30197
3566	3566	-19.9886
3567	3567	18.5658
3568	3568	15.4726
3569	3569	9.7562
3570	3570	-16.5564
3571	3571	20.3264
3572	3572	16.4999
3573	3573	12.828
3574	3574	0.33287
3575	3575	-5.28305
3576	3576	-23.3861
3577	3577	9.78477
3578	3578	-8.58401
3579	3579	-16.1355
3580	3580	13.1193
3581	3581	8.22512
3582	3582	4.94297
3583	3583	45.0321
3584	3584	23.4041
3585	3585	-16.0308
3586	3586	4.4865
3587	3587	-5.88125
3588	3588	6.98719
3589	3589	-1.66853
3590	3590	22.2944
3591	3591	10.3396
3592	3592	-5.62457
3593	3593	5.87603
3594	3594	11.2225
3595	3595	-0.96808
3596	3596	19.2814
3597	3597	-8.45475
3598	3598	15.4191
3599	3599	24.2846
3600	3600	1.7118
3601	3601	-1.20785
3602	3602	41.7455
3603	3603	14.7378
3604	3604	-0.171374
3605	3605	-9.17265
3606	3606	-10.3889
3607	3607	19.4176
3608	3608	-11.4172
3609	3609	-16.4752
3610	3610	8.85715
3611	3611	-6.15518
3612	3612	5.09511
3613	3613	-9.38646
3614	3614	35.0343
3615	3615	-20.2924
3616	3616	-26.7364
3617	3617	-11.928
3618	3618	-2.55969
3619	3619	6.68557
3620	3620	7.61677
3621	3621	-5.51723
3622	3622	-7.81984
3623	3623	-12.9714
3624	3624	14.6803
3625	3625	-18.558
3626	3626	9.86371
3627	3627	-6.93922
3628	3628	23.4784
3629	3629	27.3244
3630	3630	-4.988
3631	3631	18.3103
3632	3632	-4.17462
3633	3633	-24.2358
3634	3634	19.8987
3635	3635	-1.92067
3636	3636	5.7926
3637	3637	6.75161
3638	3638	-12.863
3639	3639	22.7983
3640	3640	18.0901
3641	3641	-2.11157
3642	3642	13.9599
3643	3643	-22.4075
3644	3644	20.4809
3645	3645	36.0735
3646	3646	1.33961
3647	3647	-4.63204
3648	3648	-18.038
3649	3649	-16.642
3650	3650	16.1292
3651	3651	-19.1821
3652	3652	-0.0704192
3653	3653	6.27511
3654	3654	22.3534
3655	3655	23.2567
3656	3656	17.8931
3657	3657	-1.23781
3658	3658	4.34111
3659	3659	-20.7964
3660	3660	15.2471
3661	3661	-3.73036
3662	3662	8.1747
3663	3663	-7.18888
3664	3664	-0.72409
3665	3665	-30.0819
3666	3666	-21.1199
3667	3667	28.3556
3668	3668	-13.1116
3669	3669	12.8193
3670	3670	9.13622
3671	3671	1.25825
3672	3672	-26.1509
3673	3673	11.0589
3674	3674	-8.72863
3675	3675	-1.07938
3676	3676	-0.66758
3677	3677	-26.1706
3678	3678	-2.7241
3679	3679	9.66547
3680	3680	-10.047
3681	3681	-12.0751
3682	3682	36.3042
3683	3683	8.17108
3684	3684	-4.81404
3685	3685	-5.25079
3686	3686	-3.17037
3687	3687	-14.6919
3688	3688	-8.44221
3689	3689	-1.95387
3690	3690	-19.5379
3691	3691	-16.4354
3692	3692	-11.685
3693	3693	7.43826
3694	3694	13.5716
3695	3695	-15.8093
3696	3696	-4.43124
3697	3697	-11.5023
3698	3698	10.7609
3699	3699	8.14801
3700	3700	1.1094
3701	3701	-16.6449
3702	3702	-2.82767
3703	3703	29.0745
3704	3704	4.76131
3705	3705	-4.97454
3706	3706	-6.99766
3707	3707	-12.459
3708	3708	18.3911
3709	3709	-30.3221
3710	3710	12.6809
3711	3711	-5.82109
3712	3712	4.61299
3713	3713	-29.7025
3714	3714	-28.8033
3715	3715	-18.4837
3716	3716	-12.4034
3717	3717	19.7261
3718	3718	2.26362
3719	3719	7.63189
3720	3720	24.5559
3721	3721	-35.7853
3722	3722	2.83635
3723	3723	23.6152
3724	3724	10.2554
3725	3725	-4.43682
3726	3726	-4.82604
3727	3727	-23.4555
3728	3728	-0.108595
3729	3729	26.6295
3730	3730	-13.7747
3731	3731	29.1145
3732	3732	-0.517231
3733	3733	14.093
3734	3734	17.4171
3735	3735	-2.94466
3736	3736	1.7252
3737	3737	-12.9222
3738	3738	11.5313
3739	3739	3.56888
3740	3740	-10.1487
3741	3741	-27.7688
3742	3742	12.7005
3743	3743	-6.05557
3744	3744	9.0266
3745	3745	31.6348
3746	3746	-1.65229
3747	3747	-7.64286
3748	3748	13.1364
3749	3749	18.1483
3750	3750	-8.13734
3751	3751	-0.244575
3752	3752	-2.60632
3753	3753	0.590545
3754	3754	-8.67036
3755	3755	-20.904
3756	3756	13.8384
3757	3757	-3.43874
3758	3758	-17.193
3759	3759	13.8121
3760	3760	6.44855
3761	3761	12.9177
3762	3762	4.75001
3763	3763	-3.97741
3764	3764	4.66582
3765	3765	7.68559
3766	3766	2.07176
3767	3767	-11.6373
3768	3768	8.98664
3769	3769	-6.66517
3770	3770	-2.29505
3771	3771	-0.173827
3772	3772	6.97987
3773	3773	1.87615
3774	3774	13.5412
3775	3775	-18.4331
3776	3776	23.2132
3777	3777	-10.0172
3778	3778	15.5644
3779	3779	-25.1026
3780	3780	-16.695
3781	3781	4.87939
3782	3782	-18.9934
3783	3783	1.2444
3784	3784	-0.184621
3785	3785	15.4266
3786	3786	-16.846
3787	3787	-9.35278
3788	3788	-9.18702
3789	3789	7.82476
3790	3790	-23.3811
3791	3791	8.8271
3792	3792	-3.55047
3793	3793	22.0393
3794	3794	-20.4825
3795	3795	-22.3606
3796	3796	-26.8104
3797	3797	3.70726
3798	3798	14.0992
3799	3799	-0.659905
3800	3800	3.07801
3801	3801	2.13693
3802	3802	2.69175
3803	3803	3.35882
3804	3804	-19.1849
3805	3805	-8.71738
3806	3806	-1.95832
3807	3807	1.0353
3808	3808	16.7755
3809	3809	7.25979
3810	3810	14.1397
3811	3811	9.41121
3812	3812	-0.743174
3813	3813	2.27177
3814	3814	5.75052
3815	3815	19.1546
3816	3816	18.2502
3817	3817	33.929
3818	3818	-40.6543
3819	3819	-9.59503
3820	3820	6.45065
3821	3821	-1.52058
3822	3822	-5.41483
3823	3823	-10.1992
3824	3824	-9.3875
3825	3825	-2.1128
3826	3826	-25.8813
3827	3827	6.69931
3828	3828	-17.3993
3829	3829	-10.6117
3830	3830	-22.917
3831	3831	-4.2749
3832	3832	29.012
3833	3833	5.54992
3834	3834	25.0995
3835	3835	-5.02729
3836	3836	29.4721
3837	3837	11.6987
3838	3838	-3.12053
3839	3839	36.5431
3840	3840	-10.7572
3841	3841	6.72222
3842	3842	8.32878
3843	3843	38.6224
3844	3844	-15.893
3845	3845	10.3031
3846	3846	2.88329
3847	3847	-15.4522
3848	3848	14.4541
3849	3849	-5.70254
3850	3850	4.38897
3851	3851	-18.9752
3852	3852	23.9047
3853	3853	-25.1918
3854	3854	19.9122
3855	3855	-26.4307
3856	3856	17.7762
3857	3857	-23.0102
3858	3858	4.07246
3859	3859	-25.7828
3860	3860	-5.83014
3861	3861	-1.46257
3862	3862	14.4601
3863	3863	-30.7652
3864	3864	13.5035
3865	3865	-2.31699
3866	3866	-14.9054
3867	3867	-26.0075
3868	3868	17.7173
3869	3869	6.30445
3870	3870	-11.0875
3871	3871	0.371088
3872	3872	9.64545
3873	3873	1.34805
3874	3874	-1.46833
3875	3875	13.5842
3876	3876	34.9996
3877	3877	1.36257
3878	3878	7.28175
3879	3879	1.48255
3880	3880	-11.0555
3881	3881	-1.62974
3882	3882	13.2925
3883	3883	-19.9524
3884	3884	-10.7116
3885	3885	28.7607
3886	3886	14.3799
3887	3887	0.813554
3888	3888	1.64122
3889	3889	3.9368
3890	3890	6.21754
3891	3891	8.0592
3892	3892	-2.6965
3893	3893	-0.236711
3894	3894	33.3642
3895	3895	-14.6751
3896	3896	19.1704
3897	3897	-3.19829
3898	3898	13.575
3899	3899	-11.4916
3900	3900	-8.29995
3901	3901	-4.24179
3902	3902	18.6199
3903	3903	21.724
3904	3904	1.6629
3905	3905	15.7722
3906	3906	-14.0135
3907	3907	3.83156
3908	3908	0.892131
3909	3909	9.42468
3910	3910	17.352
3911	3911	-0.838246
3912	3912	2.48714
3913	3913	16.5202
3914	3914	5.96258
3915	3915	19.3602
3916	3916	-8.70537
3917	3917	-1.2718
3918	3918	23.6316
3919	3919	-21.075
3920	3920	-20.1909
3921	3921	27.7936
3922	3922	-8.06903
3923	3923	15.1772
3924	3924	4.87171
3925	3925	8.07688
3926	3926	-5.71986
3927	3927	10.4888
3928	3928	2.99044
3929	3929	-4.65846
3930	3930	20.3247
3931	3931	-27.9373
3932	3932	21.0431
3933	3933	18.0881
3934	3934	26.7286
3935	3935	-13.514
3936	3936	10.3681
3937	3937	8.85996
3938	3938	23.2687
3939	3939	-2.58133
3940	3940	4.12014
3941	3941	-4.63944
3942	3942	-18.3745
3943	3943	-1.69278
3944	3944	5.13045
3945	3945	-1.10792
3946	3946	-22.4303
3947	3947	-0.945908
3948	3948	24.5442
3949	3949	1.64798
3950	3950	-27.7359
3951	3951	-18.6825
3952	3952	-21.4352
3953	3953	11.6426
3954	3954	22.3345
3955	3955	14.188
3956	3956	15.5694
3957	3957	4.2657
3958	3958	-7.40462
3959	3959	-5.39768
3960	3960	0.447846
3961	3961	-10.6337
3962	3962	-8.75675
3963	3963	10.2082
3964	3964	0.505506
3965	3965	-8.91958
3966	3966	11.7493
3967	3967	20.3615
3968	3968	13.0235
3969	3969	9.08399
3970	3970	-17.8936
3971	3971	1.39758
3972	3972	-19.365
3973	3973	11.2319
3974	3974	12.4949
3975	3975	12.9327
3976	3976	-8.64142
3977	3977	9.05007
3978	3978	-1.95928
3979	3979	14.8894
3980	3980	-27.1541
3981	3981	15.9099
3982	3982	7.09771
3983	3983	20.2013
3984	3984	-5.05434
3985	3985	-4.88121
3986	3986	2.26559
3987	3987	-6.36682
3988	3988	7.9736
3989	3989	16.8941
3990	3990	3.57034
3991	3991	15.4022
3992	3992	13.6562
3993	3993	-20.7577
3994	3994	9.45752
3995	3995	18.4437
3996	3996	0.186127
3997	3997	29.8117
3998	3998	0.935679
3999	3999	18.4206
4000	4000	16.6283
4001	4001	-16.4674
4002	4002	10.4763
4003	4003	1.48103
4004	4004	-12.4464
4005	4005	-13.2502
4006	4006	14.5215
4007	4007	6.9113
4008	4008	-7.62639
4009	4009	-24.9236
4010	4010	-12.6295
4011	4011	0.698421
4012	4012	-2.4546
4013	4013	-9.21155
4014	4014	11.5058
4015	4015	8.20993
4016	4016	-10.845
4017	4017	-8.93172
4018	4018	27.8307
4019	4019	-14.1972
4020	4020	-2.10598
4021	4021	24.5142
4022	4022	-15.6612
4023	4023	17.6229
4024	4024	-21.1402
4025	4025	1.30377
4026	4026	18.6854
4027	4027	39.4222
4028	4028	17.4593
4029	4029	-34.0962
4030	4030	-9.58863
4031	4031	-1.89244
4032	4032	-5.76239
4033	4033	0.106515
4034	4034	6.61173
4035	4035	-21.3187
4036	4036	13.8547
4037	4037	12.7563
4038	4038	-15.3564
4039	4039	-19.4071
4040	4040	-10.0076
4041	4041	-5.17452
4042	4042	2.61098
4043	4043	19.9481
4044	4044	-2.10549
4045	4045	-7.88035
4046	4046	-13.7937
4047	4047	5.27894
4048	4048	-2.61941
4049	4049	39.0301
4050	4050	11.414
4051	4051	-6.92218
4052	4052	5.79634
4053	4053	36.506
4054	4054	-13.4362
4055	4055	10.0759
4056	4056	11.1422
4057	4057	-10.0635
4058	4058	-10.1849
4059	4059	-9.52955
4060	4060	28.1661
4061	4061	-16.2051
4062	4062	11.8254
4063	4063	-20.7104
4064	4064	12.8617
4065	4065	-2.61698
4066	4066	-6.41181
4067	4067	-22.3696
4068	4068	-9.26202
4069	4069	26.5255
4070	4070	-15.873
4071	4071	3.30684
4072	4072	18.199
4073	4073	-10.0979
4074	4074	15.1914
4075	4075	19.0462
4076	4076	2.24657
4077	4077	3.29749
4078	4078	0.9482
4079	4079	1.77954
4080	4080	8.27449
4081	4081	-14.7214
4082	4082	-5.7588
4083	4083	-19.4449
4084	4084	21.0013
4085	4085	11.1719
4086	4086	1.22627
4087	4087	-11.6205
4088	4088	-26.5332
4089	4089	-7.91971
4090	4090	-19.0292
4091	4091	-2.17862
4092	4092	-6.20348
4093	4093	-26.6203
4094	4094	18.7099
4095	4095	9.86522
4096	4096	-12.5123
4097	4097	-12.2183
4098	4098	0.0398643
4099	4099	0.0643404
4100	4100	13.5001
4101	4101	-13.642
4102	4102	14.9694
4103	4103	12.2107
4104	4104	20.4579
4105	4105	12.0362
4106	4106	-14.9808
4107	4107	-10.9724
4108	4108	-25.0652
4109	4109	-31.6806
4110	4110	12.4932
4111	4111	17.712
4112	4112	-0.222037
4113	4113	-4.42295
4114	4114	-26.9463
4115	4115	24.6472
4116	4116	-7.92825
4117	4117	12.9817
4118	4118	4.63603
4119	4119	1.66709
4120	4120	-4.08652
4121	4121	3.39173
4122	4122	-17.8864
4123	4123	-14.1608
4124	4124	-8.23583
4125	4125	-18.9313
4126	4126	6.30706
4127	4127	13.305
4128	4128	-9.48049
4129	4129	-11.513
4130	4130	7.33725
4131	4131	-6.40891
4132	4132	4.18108
4133	4133	5.23461
4134	4134	5.27459
4135	4135	-20.6277
4136	4136	-0.869792
4137	4137	11.5092
4138	4138	11.4678
4139	4139	-2.00297
4140	4140	-14.7586
4141	4141	-9.99651
4142	4142	23.5234
4143	4143	8.24149
4144	4144	-30.9434
4145	4145	9.79835
4146	4146	15.9844
4147	4147	4.64203
4148	4148	27.1582
4149	4149	-25.3751
4150	4150	-1.5689
4151	4151	-8.05997
4152	4152	3.19445
4153	4153	-6.37106
4154	4154	-4.2176
4155	4155	-1.58673
4156	4156	-8.5239
4157	4157	-11.9665
4158	4158	-1.10456
4159	4159	11.0375
4160	4160	-26.2541
4161	4161	-2.69117
4162	4162	-1.98443
4163	4163	-27.2472
4164	4164	21.085
4165	4165	-20.3774
4166	4166	17.8215
4167	4167	20.7367
4168	4168	14.5983
4169	4169	-3.41817
4170	4170	-14.2043
4171	4171	-8.46801
4172	4172	1.97468
4173	4173	-4.35119
4174	4174	-3.89417
4175	4175	5.41414
4176	4176	-9.34835
4177	4177	-36.6932
4178	4178	0.645595
4179	4179	5.40546
4180	4180	-20.4221
4181	4181	-21.1215
4182	4182	23.4466
4183	4183	-29.6245
4184	4184	-18.5657
4185	4185	0.426945
4186	4186	19.2841
4187	4187	9.73777
4188	4188	-1.39659
4189	4189	26.5113
4190	4190	9.96778
4191	4191	-12.0883
4192	4192	12.8378
4193	4193	4.00014
4194	4194	-8.52017
4195	4195	8.71904
4196	4196	0.00848546
4197	4197	-29.4813
4198	4198	0.335402
4199	4199	-11.9404
4200	4200	-30.259
4201	4201	8.86637
4202	4202	-9.52484
4203	4203	-34.7857
4204	4204	-6.78212
4205	4205	-10.6143
4206	4206	-16.26
4207	4207	-12.3029
4208	4208	6.22707
4209	4209	42.9148
4210	4210	18.3959
4211	4211	8.6568
4212	4212	-24.993
4213	4213	15.3072
4214	4214	5.42506
4215	4215	-21.702
4216	4216	-13.2566
4217	4217	15.3531
4218	4218	32.5493
4219	4219	-15.2226
4220	4220	-17.2755
4221	4221	6.96864
4222	4222	-36.5696
4223	4223	-4.38229
4224	4224	23.4378
4225	4225	16.1819
4226	4226	-7.48481
4227	4227	-1.40597
4228	4228	-3.82577
4229	4229	21.2662
4230	4230	13.2149
4231	4231	8.32944
4232	4232	-16.0366
4233	4233	4.5503
4234	4234	-7.14763
4235	4235	10.2858
4236	4236	-17.6528
4237	4237	24.7531
4238	4238	12.8074
4239	4239	17.0115
4240	4240	-15.8337
4241	4241	-1.35733
4242	4242	1.04146
4243	4243	10.4171
4244	4244	-13.955
4245	4245	-4.35759
4246	4246	9.09164
4247	4247	-28.1468
4248	4248	-0.418943
4249	4249	3.80299
4250	4250	-28.5705
4251	4251	18.6365
4252	4252	2.47445
4253	4253	-22.7327
4254	4254	5.75665
4255	4255	12.4195
4256	4256	-13.194
4257	4257	7.79571
4258	4258	3.30808
4259	4259	26.4957
4260	4260	-0.435882
4261	4261	-16.973
4262	4262	2.6819
4263	4263	3.18499
4264	4264	12.1564
4265	4265	-28.1799
4266	4266	6.27595
4267	4267	18.9997
4268	4268	13.2768
4269	4269	7.59377
4270	4270	-8.79697
4271	4271	27.2176
4272	4272	-8.08779
4273	4273	-6.12982
4274	4274	-15.9312
4275	4275	6.59136
4276	4276	-11.03
4277	4277	-9.25124
4278	4278	5.91571
4279	4279	-10.749
4280	4280	3.72885
4281	4281	-0.72815
4282	4282	14.1348
4283	4283	6.64369
4284	4284	-42.9774
4285	4285	-2.08657
4286	4286	10.8313
4287	4287	4.93012
4288	4288	-19.3637
4289	4289	-18.6703
4290	4290	-6.34307
4291	4291	-6.44124
4292	4292	-6.29219
4293	4293	-14.3489
4294	4294	17.2506
4295	4295	-8.83626
4296	4296	9.49756
4297	4297	15.8192
4298	4298	21.0466
4299	4299	-5.14756
4300	4300	13.8244
4301	4301	-26.2199
4302	4302	-5.67466
4303	4303	21.6396
4304	4304	-20.779
4305	4305	9.29077
4306	4306	5.44715
4307	4307	-28.5057
4308	4308	-0.668477
4309	4309	5.91857
4310	4310	1.25603
4311	4311	-4.35203
4312	4312	-3.1005
4313	4313	-22.5987
4314	4314	-8.91768
4315	4315	-3.52964
4316	4316	-4.60599
4317	4317	0.502404
4318	4318	-22.8026
4319	4319	1.79702
4320	4320	-30.1157
4321	4321	-21.5891
4322	4322	-3.73523
4323	4323	-1.52963
4324	4324	13.2619
4325	4325	-5.79002
4326	4326	-2.03752
4327	4327	15.5798
4328	4328	-0.834447
4329	4329	2.23366
4330	4330	16.6101
4331	4331	-3.54389
4332	4332	-8.32014
4333	4333	-8.078
4334	4334	-0.0933653
4335	4335	1.30042
4336	4336	-2.74801
4337	4337	-4.28487
4338	4338	7.5266
4339	4339	0.808656
4340	4340	-5.25761
4341	4341	15.1055
4342	4342	23.7311
4343	4343	12.0034
4344	4344	0.0567859
4345	4345	18.4745
4346	4346	0.919451
4347	4347	6.57352
4348	4348	9.66289
4349	4349	16.9859
4350	4350	-25.1403
4351	4351	4.54649
4352	4352	4.77358
4353	4353	3.18603
4354	4354	3.58359
4355	4355	-8.78795
4356	4356	-10.4227
4357	4357	-11.8777
4358	4358	-2.50692
4359	4359	-0.387591
4360	4360	1.31019
4361	4361	-9.24233
4362	4362	2.82072
4363	4363	20.7431
4364	4364	14.7286
4365	4365	0.788681
4366	4366	-15.7929
4367	4367	6.63129
4368	4368	-4.45425
4369	4369	22.7655
4370	4370	-11.0627
4371	4371	10.1192
4372	4372	-8.49541
4373	4373	-3.06461
4374	4374	-0.070542
4375	4375	8.51587
4376	4376	26.5369
4377	4377	16.2167
4378	4378	-3.81913
4379	4379	-9.77451
4380	4380	-22.7203
4381	4381	-10.1121
4382	4382	1.31979
4383	4383	-7.49216
4384	4384	-43.8198
4385	4385	-1.91627
4386	4386	6.18089
4387	4387	1.16711
4388	4388	2.05445
4389	4389	-3.80949
4390	4390	5.41936
4391	4391	-0.473535
4392	4392	-16.4346
4393	4393	7.34908
4394	4394	12.8911
4395	4395	16.2176
4396	4396	-5.66072
4397	4397	11.2843
4398	4398	-1.96865
4399	4399	3.79147
4400	4400	-22.4859
4401	4401	10.7235
4402	4402	2.76886
4403	4403	-12.9661
4404	4404	8.23645
4405	4405	1.12358
4406	4406	-5.25107
4407	4407	-2.83941
4408	4408	-13.6269
4409	4409	-2.75132
4410	4410	32.3631
4411	4411	3.34246
4412	4412	17.9972
4413	4413	-11.8479
4414	4414	1.96245
4415	4415	3.79235
4416	4416	14.238
4417	4417	-12.8415
4418	4418	-11.3759
4419	4419	-1.47801
4420	4420	-0.666441
4421	4421	-13.0924
4422	4422	-2.56464
4423	4423	15.3676
4424	4424	-18.701
4425	4425	-12.307
4426	4426	-14.8961
4427	4427	5.53776
4428	4428	-15.9541
4429	4429	-23.5199
4430	4430	10.5339
4431	4431	-5.51054
4432	4432	2.5186
4433	4433	-16.5697
4434	4434	16.4183
4435	4435	-31.6413
4436	4436	-16.0383
4437	4437	3.57689
4438	4438	4.15836
4439	4439	0.694298
4440	4440	12.3062
4441	4441	3.22407
4442	4442	-16.52
4443	4443	-2.53005
4444	4444	6.02382
4445	4445	22.6845
4446	4446	-5.79603
4447	4447	10.7195
4448	4448	-27.6594
4449	4449	-15.9891
4450	4450	3.40214
4451	4451	-10.3932
4452	4452	-13.8664
4453	4453	-0.086478
4454	4454	3.09778
4455	4455	18.7414
4456	4456	4.06024
4457	4457	-17.1238
4458	4458	-12.6827
4459	4459	-13.3393
4460	4460	-19.5168
4461	4461	-21.1539
4462	4462	1.51497
4463	4463	-22.871
4464	4464	22.4056
4465	4465	-0.484973
4466	4466	4.77267
4467	4467	2.31179
4468	4468	-34.9198
4469	4469	5.92017
4470	4470	21.5861
4471	4471	6.74385
4472	4472	6.82878
4473	4473	-3.53212
4474	4474	9.54548
4475	4475	-4.30567
4476	4476	19.415
4477	4477	-15.4226
4478	4478	-10.9543
4479	4479	4.35933
4480	4480	22.2355
4481	4481	-15.3649
4482	4482	-4.15228
4483	4483	-5.04786
4484	4484	3.16061
4485	4485	-22.5119
4486	4486	-2.98806
4487	4487	-5.58153
4488	4488	5.09498
4489	4489	-15.4596
4490	4490	-15.7735
4491	4491	-21.8996
4492	4492	22.8639
4493	4493	12.6534
4494	4494	-24.068
4495	4495	2.03601
4496	4496	29.8623
4497	4497	4.66182
4498	4498	1.04938
4499	4499	16.5299
4500	4500	16.1321
4501	4501	-6.14466
4502	4502	24.3223
4503	4503	22.8903
4504	4504	4.61065
4505	4505	30.6132
4506	4506	12.6874
4507	4507	-23.2369
4508	4508	-0.256736
4509	4509	10.2621
4510	4510	-15.6273
4511	4511	-35.3615
4512	4512	-6.73224
4513	4513	-9.78512
4514	4514	-10.4377
4515	4515	-16.7052
4516	4516	-3.16716
4517	4517	1.81463
4518	4518	-47.0509
4519	4519	0.13713
4520	4520	-5.36339
4521	4521	-7.55783
4522	4522	9.94524
4523	4523	10.4397
4524	4524	13.5493
4525	4525	3.38169
4526	4526	2.59138
4527	4527	5.84003
4528	4528	-2.43938
4529	4529	-20.2362
4530	4530	-28.1146
4531	4531	-26.4293
4532	4532	24.6931
4533	4533	-17.8347
4534	4534	5.64557
4535	4535	14.4584
4536	4536	-24.2674
4537	4537	-9.14816
4538	4538	10.7942
4539	4539	1.93026
4540	4540	20.9633
4541	4541	-13.4022
4542	4542	-0.892901
4543	4543	5.25533
4544	4544	-10.7989
4545	4545	-10.06
4546	4546	13.0937
4547	4547	19.0753
4548	4548	-19.3688
4549	4549	19.7317
4550	4550	-1.51128
4551	4551	21.6459
4552	4552	-18.4182
4553	4553	3.76752
4554	4554	12.4969
4555	4555	26.5264
4556	4556	-5.20067
4557	4557	19.8756
4558	4558	-1.33711
4559	4559	22.4241
4560	4560	31.5731
4561	4561	8.71338
4562	4562	10.9241
4563	4563	-12.8257
4564	4564	-12.1069
4565	4565	11.0964
4566	4566	16.1106
4567	4567	4.44904
4568	4568	23.5705
4569	4569	19.2264
4570	4570	14.0435
4571	4571	-5.90011
4572	4572	22.1803
4573	4573	12.0899
4574	4574	29.6611
4575	4575	16.9466
4576	4576	-1.23524
4577	4577	5.11275
4578	4578	-1.99322
4579	4579	6.61212
4580	4580	25.7178
4581	4581	19.6141
4582	4582	-15.1352
4583	4583	-9.31721
4584	4584	18.0385
4585	4585	16.9346
4586	4586	26.7192
4587	4587	12.3625
4588	4588	32.394
4589	4589	4.7098
4590	4590	-3.28265
4591	4591	-0.747172
4592	4592	3.68785
4593	4593	22.6368
4594	4594	2.40236
4595	4595	32.1916
4596	4596	12.1325
4597	4597	24.8578
4598	4598	3.78915
4599	4599	-26.4736
4600	4600	4.09377
4601	4601	23.6194
4602	4602	10.0311
4603	4603	11.0424
4604	4604	-16.1813
4605	4605	28.0342
4606	4606	2.26548
4607	4607	-18.1294
4608	4608	-28.8831
4609	4609	4.71407
4610	4610	15.4752
4611	4611	-7.78327
4612	4612	0.86309
4613	4613	3.76237
4614	4614	13.8691
4615	4615	17.2478
4616	4616	3.65735
4617	4617	-9.63918
4618	4618	14.8865
4619	4619	1.45033
4620	4620	9.16844
4621	4621	-29.0626
4622	4622	-5.65655
4623	4623	-19.7795
4624	4624	3.04677
4625	4625	7.61262
4626	4626	33.2285
4627	4627	-17.7146
4628	4628	18.6834
4629	4629	-21.808
4630	4630	-7.14668
4631	4631	-4.49494
4632	4632	13.9401
4633	4633	-12.0085
4634	4634	-11.1645
4635	4635	-21.6347
4636	4636	1.92215
4637	4637	-31.0385
4638	4638	-8.46907
4639	4639	4.13238
4640	4640	-19.3439
4641	4641	-9.93428
4642	4642	23.4602
4643	4643	-10.0801
4644	4644	-36.3085
4645	4645	-8.06354
4646	4646	-7.03823
4647	4647	-11.7986
4648	4648	-12.0481
4649	4649	17.1327
4650	4650	9.73895
4651	4651	-4.36945
4652	4652	-15.5664
4653	4653	-2.26835
4654	4654	-12.899
4655	4655	10.4589
4656	4656	-3.39541
4657	4657	-4.98097
4658	4658	-4.71938
4659	4659	19.7256
4660	4660	28.0844
4661	4661	10.6772
4662	4662	2.43051
4663	4663	8.11781
4664	4664	-24.5031
4665	4665	-17.1499
4666	4666	-8.6648
4667	4667	12.9046
4668	4668	17.6809
4669	4669	9.36294
4670	4670	19.2418
4671	4671	13.9947
4672	4672	4.00838
4673	4673	12.4987
4674	4674	19.8826
4675	4675	3.39001
4676	4676	4.62258
4677	4677	9.38671
4678	4678	3.84078
4679	4679	14.1204
4680	4680	25.2483
4681	4681	-3.60046
4682	4682	20.6507
4683	4683	12.3142
4684	4684	-3.52674
4685	4685	16.8038
4686	4686	-19.1555
4687	4687	-24.197
4688	4688	-10.0167
4689	4689	0.923557
4690	4690	16.7568
4691	4691	-4.49629
4692	4692	-5.49437
4693	4693	-28.2728
4694	4694	12.5686
4695	4695	-8.49612
4696	4696	12.6692
4697	4697	3.96455
4698	4698	-14.5217
4699	4699	-20.8246
4700	4700	24.76
4701	4701	-3.60709
4702	4702	-3.89817
4703	4703	-34.1554
4704	4704	-23.7085
4705	4705	13.2921
4706	4706	-1.37705
4707	4707	-3.84685
4708	4708	-13.1889
4709	4709	26.4629
4710	4710	-16.6586
4711	4711	24.3393
4712	4712	-22.0157
4713	4713	-7.19261
4714	4714	16.7646
4715	4715	-17.8301
4716	4716	6.31608
4717	4717	-14.8431
4718	4718	20.4061
4719	4719	30.2548
4720	4720	-9.3552
4721	4721	12.3965
4722	4722	-17.1403
4723	4723	-12.4038
4724	4724	-25.2421
4725	4725	2.80217
4726	4726	-17.6659
4727	4727	8.76864
4728	4728	0.103079
4729	4729	-24.8235
4730	4730	-16.9893
4731	4731	-2.18636
4732	4732	-23.2027
4733	4733	-25.5129
4734	4734	-9.00083
4735	4735	4.07115
4736	4736	6.40459
4737	4737	-7.09013
4738	4738	-0.216879
4739	4739	-1.80659
4740	4740	8.66726
4741	4741	-8.16445
4742	4742	-13.5511
4743	4743	5.30706
4744	4744	-5.72714
4745	4745	-21.4672
4746	4746	14.5645
4747	4747	3.5176
4748	4748	-1.80631
4749	4749	17.6522
4750	4750	5.65957
4751	4751	5.24282
4752	4752	-6.26085
4753	4753	11.4015
4754	4754	-18.1398
4755	4755	5.91033
4756	4756	32.3724
4757	4757	8.78147
4758	4758	-5.00108
4759	4759	22.4071
4760	4760	13.2843
4761	4761	20.4592
4762	4762	-15.5392
4763	4763	8.1811
4764	4764	11.2591
4765	4765	2.61769
4766	4766	-4.73254
4767	4767	0.808026
4768	4768	-6.03557
4769	4769	-0.796138
4770	4770	-12.85
4771	4771	-2.30954
4772	4772	-17.9997
4773	4773	15.9214
4774	4774	6.98123
4775	4775	17.8759
4776	4776	-7.52442
4777	4777	5.39126
4778	4778	-45.5873
4779	4779	-11.5657
4780	4780	-18.7427
4781	4781	11.6236
4782	4782	0.0981861
4783	4783	12.9023
4784	4784	16.7672
4785	4785	25.2175
4786	4786	3.23372
4787	4787	-0.188616
4788	4788	-31.3834
4789	4789	-3.51144
4790	4790	0.263968
4791	4791	-12.2455
4792	4792	0.797931
4793	4793	25.7369
4794	4794	11.1292
4795	4795	11.8543
4796	4796	-26.3417
4797	4797	11.3891
4798	4798	32.3492
4799	4799	-14.9438
