sample_id	sample_id2	phensim
zero	zero	-19.2902
1	1	39.0589
2	2	32.5257
3	3	22.3443
4	4	-3.40924
5	5	-2.99214
6	6	-13.8247
7	7	3.43212
8	8	-5.92594
9	9	1.14989
10	10	-1.02941
11	11	-14.5223
12	12	21.8172
13	13	21.3187
14	14	-15.1909
15	15	38.7499
16	16	8.88778
17	17	7.36279
18	18	25.0986
19	19	-12.0808
20	20	35.3609
21	21	22.1526
22	22	17.0158
23	23	-24.1595
24	24	31.3422
25	25	34.2819
26	26	17.4149
27	27	-7.02993
28	28	-26.9114
29	29	-0.0607884
30	30	-22.0209
31	31	-8.99469
32	32	-9.37968
33	33	-12.438
34	34	-8.10455
35	35	1.52271
36	36	18.7975
37	37	33.1163
38	38	-3.85957
39	39	-6.96334
40	40	-7.5692
41	41	-1.42293
42	42	-14.1023
43	43	-22.7229
44	44	-16.178
45	45	-23.6517
46	46	36.9576
47	47	20.3609
48	48	-34.8294
49	49	20.4346
50	50	23.5244
51	51	-12.4648
52	52	-20.2098
53	53	1.9486
54	54	15.575
55	55	-9.28631
56	56	5.6613
57	57	-38.2957
58	58	-1.33759
59	59	7.85406
60	60	11.6286
61	61	5.61552
62	62	34.9702
63	63	5.49403
64	64	-7.97333
65	65	20.282
66	66	-10.2314
67	67	29.1683
68	68	-10.6572
69	69	28.7708
70	70	-14.3022
71	71	-3.74731
72	72	5.37563
73	73	2.9928
74	74	-26.2526
75	75	-6.99557
76	76	11.4776
77	77	-5.41879
78	78	-22.7666
79	79	14.2334
80	80	-1.38462
81	81	31.7294
82	82	-15.7027
83	83	-30.7133
84	84	-5.52221
85	85	16.3832
86	86	-1.85558
87	87	2.05482
88	88	6.44392
89	89	9.87259
90	90	-12.4703
91	91	4.11593
92	92	-24.897
93	93	15.0305
94	94	1.93593
95	95	4.14969
96	96	37.1594
97	97	-11.2014
98	98	2.34534
99	99	-4.48455
100	100	2.59225
101	101	-9.57331
102	102	-11.5651
103	103	-12.166
104	104	0.417037
105	105	-13.4328
106	106	-3.8646
107	107	17.5817
108	108	-3.04009
109	109	-7.81731
110	110	-0.155749
111	111	16.5752
112	112	13.5985
113	113	7.67114
114	114	-8.37695
115	115	25.4704
116	116	26.9459
117	117	-35.5249
118	118	-1.54531
119	119	-4.52899
120	120	-7.22945
121	121	11.6969
122	122	-5.7725
123	123	5.1462
124	124	9.12053
125	125	25.6588
126	126	-8.27113
127	127	4.4486
128	128	-10.2206
129	129	-21.34
130	130	19.1821
131	131	-10.4959
132	132	-27.2356
133	133	-12.1061
134	134	-16.5295
135	135	-16.3883
136	136	-15.9745
137	137	12.0658
138	138	-4.94343
139	139	4.15956
140	140	14.4769
141	141	1.56295
142	142	9.88719
143	143	4.19822
144	144	31.6807
145	145	5.42183
146	146	-16.6912
147	147	16.7004
148	148	21.2034
149	149	-9.7603
150	150	-8.33436
151	151	7.51122
152	152	-19.0213
153	153	12.8793
154	154	27.9232
155	155	-0.835084
156	156	9.83329
157	157	12.9916
158	158	-24.0636
159	159	-18.0439
160	160	21.534
161	161	-19.8668
162	162	2.36737
163	163	-25.417
164	164	-19.3415
165	165	25.3351
166	166	-17.1415
167	167	1.3955
168	168	4.78956
169	169	2.30409
170	170	15.3945
171	171	-5.20435
172	172	14.2154
173	173	-8.8743
174	174	-20.903
175	175	-17.0708
176	176	37.6328
177	177	-16.9669
178	178	1.57969
179	179	-3.11161
180	180	5.75896
181	181	-29.1476
182	182	24.0794
183	183	30.4414
184	184	-1.54774
185	185	9.05432
186	186	2.08947
187	187	1.44236
188	188	25.2533
189	189	-14.4903
190	190	24.0897
191	191	-6.04598
192	192	-21.7408
193	193	-9.72431
194	194	26.3016
195	195	-15.0603
196	196	-6.746
197	197	-4.33025
198	198	22.3295
199	199	-9.54454
200	200	30.3937
201	201	24.9714
202	202	-5.72713
203	203	-15.4439
204	204	8.49402
205	205	-17.2265
206	206	-19.8507
207	207	-6.98107
208	208	-36.3758
209	209	21.8165
210	210	6.7663
211	211	-1.30036
212	212	-3.60692
213	213	4.14303
214	214	-19.3104
215	215	-9.94427
216	216	-4.85168
217	217	-1.30151
218	218	-13.1793
219	219	-1.90369
220	220	25.1634
221	221	-24.1721
222	222	8.826
223	223	-1.58717
224	224	10.3838
225	225	-13.1119
226	226	31.5737
227	227	-21.3471
228	228	8.32323
229	229	-6.78159
230	230	27.9812
231	231	-0.695771
232	232	-19.1224
233	233	-4.19805
234	234	-8.97452
235	235	7.87061
236	236	6.00351
237	237	-12.5552
238	238	-11.47
239	239	-6.31529
240	240	3.0066
241	241	36.8437
242	242	-10.5341
243	243	18.5186
244	244	-11.3772
245	245	6.80866
246	246	11.2718
247	247	-9.1732
248	248	-24.4663
249	249	24.1171
250	250	27.3028
251	251	-9.64754
252	252	18.129
253	253	-14.6775
254	254	-27.6345
255	255	-2.42559
256	256	-2.85652
257	257	-3.5958
258	258	-8.25934
259	259	7.6493
260	260	3.31249
261	261	-14.0096
262	262	15.7712
263	263	-15.2182
264	264	-26.1525
265	265	-16.5734
266	266	34.14
267	267	-0.45861
268	268	-8.27261
269	269	-33.4758
270	270	-16.7519
271	271	-12.3048
272	272	30.3746
273	273	-12.8338
274	274	-11.5192
275	275	10.7429
276	276	15.6378
277	277	-4.87162
278	278	2.77019
279	279	-1.46755
280	280	-31.5585
281	281	-26.0336
282	282	-12.9603
283	283	-39.813
284	284	13.2341
285	285	5.62859
286	286	20.7019
287	287	7.27338
288	288	21.9268
289	289	32.7921
290	290	-10.5223
291	291	46.5438
292	292	-11.1353
293	293	-9.60626
294	294	2.56076
295	295	9.90606
296	296	-11.3185
297	297	31.0029
298	298	-4.97437
299	299	-9.14861
300	300	23.6463
301	301	1.4635
302	302	9.14427
303	303	0.387479
304	304	-8.36103
305	305	-1.3708
306	306	26.4173
307	307	-24.6285
308	308	5.78058
309	309	-32.5083
310	310	19.9993
311	311	2.45173
312	312	11.8505
313	313	27.8225
314	314	-2.01183
315	315	-19.2611
316	316	25.2821
317	317	-13.4229
318	318	-15.1948
319	319	11.3517
320	320	15.7536
321	321	-12.2399
322	322	-2.07126
323	323	-20.8309
324	324	-0.448141
325	325	4.92335
326	326	8.12591
327	327	-25.7742
328	328	1.77674
329	329	-2.30059
330	330	17.437
331	331	-16.327
332	332	-9.04311
333	333	-0.574213
334	334	-4.08486
335	335	-1.47675
336	336	15.6438
337	337	-25.9598
338	338	20.6909
339	339	8.07892
340	340	20.4267
341	341	-23.3584
342	342	-11.2625
343	343	17.6698
344	344	5.29147
345	345	18.0867
346	346	11.2045
347	347	-12.9479
348	348	-19.2903
349	349	-6.57303
350	350	-22.9435
351	351	-10.1205
352	352	3.65609
353	353	25.8059
354	354	-29.4535
355	355	-37.8287
356	356	0.369616
357	357	0.325388
358	358	-13.3287
359	359	-3.06202
360	360	34.262
361	361	23.0091
362	362	1.9238
363	363	-6.8043
364	364	-20.4267
365	365	17.7001
366	366	24.7234
367	367	-5.45833
368	368	-28.1605
369	369	13.4993
370	370	-2.8242
371	371	-3.83387
372	372	13.8718
373	373	-22.463
374	374	-17.4604
375	375	4.63143
376	376	-0.588212
377	377	-4.48079
378	378	-4.82964
379	379	-10.1416
380	380	22.9361
381	381	3.08751
382	382	-22.9306
383	383	25.2438
384	384	30.5135
385	385	1.36342
386	386	-8.89725
387	387	9.2029
388	388	5.35474
389	389	-6.69061
390	390	21.2729
391	391	-4.84605
392	392	-23.2906
393	393	-22.637
394	394	-5.81908
395	395	34.108
396	396	-20.6478
397	397	-12.0467
398	398	-6.76359
399	399	-15.5514
400	400	-14.5541
401	401	22.5097
402	402	-22.2926
403	403	-4.75541
404	404	13.7444
405	405	12.8614
406	406	4.10647
407	407	-28.9511
408	408	-24.7866
409	409	-16.2523
410	410	-21.8067
411	411	-35.0909
412	412	-16.3345
413	413	0.360226
414	414	3.44807
415	415	-20.7667
416	416	-11.8721
417	417	-0.168713
418	418	33.1237
419	419	-20.4284
420	420	18.5643
421	421	-4.74219
422	422	18.9881
423	423	-0.946223
424	424	-8.09142
425	425	-17.9411
426	426	-2.51389
427	427	22.9285
428	428	-15.43
429	429	38.2205
430	430	21.174
431	431	-9.87215
432	432	8.31132
433	433	25.4936
434	434	21.2227
435	435	-12.2033
436	436	-25.2412
437	437	9.00832
438	438	-1.98406
439	439	-8.63743
440	440	-15.2854
441	441	26.8471
442	442	-2.49132
443	443	7.63112
444	444	-7.6313
445	445	17.218
446	446	-10.2385
447	447	-12.8085
448	448	-12.6667
449	449	-4.91156
450	450	-19.2421
451	451	8.13942
452	452	-3.64558
453	453	5.9848
454	454	14.2179
455	455	18.3689
456	456	32.7657
457	457	25.2365
458	458	-2.16467
459	459	19.4667
460	460	-15.0999
461	461	7.10367
462	462	-19.4185
463	463	8.89493
464	464	3.07332
465	465	-8.2015
466	466	-27.0888
467	467	24.7651
468	468	-0.887676
469	469	12.8988
470	470	9.03486
471	471	-5.40906
472	472	12.649
473	473	8.24219
474	474	10.178
475	475	-9.61375
476	476	-29.1308
477	477	-3.40916
478	478	-5.19655
479	479	5.75357
480	480	29.9697
481	481	-24.9977
482	482	11.2686
483	483	11.0719
484	484	5.33289
485	485	-4.98176
486	486	2.15518
487	487	9.49483
488	488	-4.53582
489	489	1.01054
490	490	17.1828
491	491	16.2218
492	492	-5.36374
493	493	31.7584
494	494	0.436961
495	495	35.3284
496	496	-8.38747
497	497	13.4642
498	498	12.2297
499	499	4.15071
500	500	4.49461
501	501	12.8153
502	502	-22.2855
503	503	27.9221
504	504	25.3665
505	505	5.68662
506	506	4.50416
507	507	19.6502
508	508	26.18
509	509	0.828073
510	510	-25.8435
511	511	-24.6256
512	512	20.6966
513	513	13.0205
514	514	-15.1229
515	515	-4.42375
516	516	-20.0373
517	517	36.8862
518	518	28.5508
519	519	-1.04058
520	520	-4.92639
521	521	6.96431
522	522	23.5335
523	523	1.25643
524	524	-26.1149
525	525	-8.74647
526	526	-5.8562
527	527	15.0324
528	528	-4.59158
529	529	-7.60664
530	530	-21.5105
531	531	11.0327
532	532	-5.20163
533	533	-38.4935
534	534	4.12782
535	535	31.2082
536	536	-25.5438
537	537	6.22909
538	538	-19.6323
539	539	-16.0824
540	540	14.9093
541	541	9.99426
542	542	9.39161
543	543	23.7029
544	544	-14.8211
545	545	16.262
546	546	8.48927
547	547	18.6192
548	548	-18.6107
549	549	-26.8767
550	550	-3.09913
551	551	7.39951
552	552	-20.1166
553	553	-16.9533
554	554	3.74417
555	555	-22.051
556	556	-2.80434
557	557	15.5478
558	558	7.43124
559	559	-31.1002
560	560	16.6773
561	561	21.8471
562	562	2.95469
563	563	-32.6082
564	564	18.3334
565	565	-6.5214
566	566	-13.7177
567	567	-15.4645
568	568	-2.14069
569	569	4.57618
570	570	13.614
571	571	-3.66364
572	572	-18.7795
573	573	16.7704
574	574	17.5842
575	575	25.5587
576	576	-1.60576
577	577	-7.50983
578	578	10.1631
579	579	-23.6176
580	580	32.2641
581	581	1.20243
582	582	-42.3743
583	583	8.4758
584	584	-19.7016
585	585	-20.711
586	586	5.42678
587	587	-10.8514
588	588	-2.81916
589	589	-15.1053
590	590	-0.955059
591	591	1.1848
592	592	-1.01743
593	593	31.1649
594	594	-11.8771
595	595	11.5809
596	596	4.76753
597	597	39.8617
598	598	15.1576
599	599	16.7918
600	600	-8.37851
601	601	9.85083
602	602	-8.04136
603	603	-13.2403
604	604	15.1194
605	605	-9.16188
606	606	-10.2994
607	607	13.9505
608	608	1.04603
609	609	6.04518
610	610	-10.2887
611	611	-22.1099
612	612	-19.0691
613	613	-3.44791
614	614	14.3776
615	615	-23.7276
616	616	-17.2743
617	617	29.0375
618	618	-17.1973
619	619	1.81565
620	620	14.3594
621	621	12.6404
622	622	-8.48026
623	623	15.6037
624	624	-1.93409
625	625	-18.6589
626	626	3.1523
627	627	-16.5224
628	628	-3.88139
629	629	-44.0041
630	630	-26.3253
631	631	-4.96839
632	632	1.83629
633	633	13.0517
634	634	1.29857
635	635	11.396
636	636	-5.61895
637	637	-17.898
638	638	-0.856167
639	639	-4.54233
640	640	22.0989
641	641	-29.3033
642	642	-9.81673
643	643	20.3404
644	644	-2.7912
645	645	-4.73396
646	646	-8.01142
647	647	1.76289
648	648	13.4944
649	649	7.34404
650	650	-27.5863
651	651	-5.78462
652	652	16.0278
653	653	3.51015
654	654	0.311644
655	655	-13.3446
656	656	-8.0761
657	657	-30.5274
658	658	-13.492
659	659	-2.83079
660	660	39.0161
661	661	15.6097
662	662	-11.7637
663	663	2.32706
664	664	10.7177
665	665	0.632797
666	666	-1.8777
667	667	1.41015
668	668	-28.9744
669	669	-22.6991
670	670	6.16004
671	671	2.04394
672	672	31.3854
673	673	-7.15356
674	674	7.13351
675	675	15.3578
676	676	8.35681
677	677	-22.2076
678	678	6.039
679	679	10.9157
680	680	-14.3325
681	681	24.2922
682	682	36.7735
683	683	17.8866
684	684	-12.1374
685	685	20.9942
686	686	20.3914
687	687	27.3423
688	688	12.1399
689	689	-3.68418
690	690	18.345
691	691	2.29583
692	692	-26.3775
693	693	37.5226
694	694	-24.2422
695	695	2.48216
696	696	0.0287224
697	697	5.39302
698	698	-0.944562
699	699	-4.29886
700	700	-7.85098
701	701	3.04662
702	702	-12.6997
703	703	13.8047
704	704	-10.5909
705	705	1.81286
706	706	26.3308
707	707	3.10455
708	708	-21.4616
709	709	3.00634
710	710	6.69653
711	711	0.259567
712	712	30.2211
713	713	7.15321
714	714	11.3669
715	715	24.0849
716	716	24.931
717	717	-11.8228
718	718	-8.58823
719	719	-2.39996
720	720	31.2553
721	721	5.19961
722	722	-12.9054
723	723	6.11223
724	724	16.6576
725	725	0.31634
726	726	14.8967
727	727	-8.15604
728	728	-1.30624
729	729	-3.12595
730	730	-1.12124
731	731	13.2688
732	732	8.92583
733	733	17.0933
734	734	-4.85778
735	735	-2.09996
736	736	-3.31635
737	737	-18.3914
738	738	12.4478
739	739	-32.7072
740	740	20.3948
741	741	-6.86467
742	742	25.9852
743	743	27.3714
744	744	-22.0808
745	745	-11.767
746	746	9.6381
747	747	-12.1996
748	748	-1.08772
749	749	-3.79091
750	750	2.0773
751	751	-20.2882
752	752	-7.29344
753	753	14.6075
754	754	-5.36002
755	755	12.2789
756	756	-11.7177
757	757	-10.976
758	758	28.0191
759	759	12.3226
760	760	35.6446
761	761	2.21313
762	762	-4.11143
763	763	-3.67863
764	764	-29.6565
765	765	-0.0102142
766	766	-12.9449
767	767	-3.35157
768	768	-22.966
769	769	-3.15987
770	770	-29.6206
771	771	-6.36219
772	772	0.0217036
773	773	-16.1931
774	774	-7.97966
775	775	-1.64483
776	776	-11.941
777	777	45.8304
778	778	-3.06852
779	779	7.77912
780	780	-10.0613
781	781	-15.2886
782	782	4.19969
783	783	-9.0751
784	784	18.2446
785	785	21.3732
786	786	-7.66584
787	787	11.026
788	788	4.60186
789	789	37.0366
790	790	13.8721
791	791	18.0146
792	792	34.6082
793	793	-20.1329
794	794	17.6372
795	795	-16.8143
796	796	-28.1655
797	797	-10.2316
798	798	27.0209
799	799	38.064
800	800	-20.9938
801	801	-26.3311
802	802	-16.4186
803	803	15.8624
804	804	1.85939
805	805	16.8226
806	806	48.3116
807	807	-2.42083
808	808	-0.809774
809	809	-9.78623
810	810	-18.666
811	811	12.7372
812	812	-5.1131
813	813	11.1012
814	814	-6.27579
815	815	22.1744
816	816	17.2355
817	817	24.5378
818	818	-1.99629
819	819	18.876
820	820	17.0188
821	821	12.5732
822	822	-17.9267
823	823	-8.7428
824	824	-4.45665
825	825	-4.76195
826	826	-1.11099
827	827	2.66188
828	828	-0.0913549
829	829	32.9547
830	830	-6.20573
831	831	-15.152
832	832	25.3256
833	833	-8.67936
834	834	-12.0802
835	835	-10.2713
836	836	-1.40583
837	837	-0.290272
838	838	56.2895
839	839	-3.0536
840	840	-8.50666
841	841	-18.6502
842	842	-9.94274
843	843	1.01248
844	844	23.3963
845	845	16.4983
846	846	12.71
847	847	-0.17903
848	848	-7.75624
849	849	3.35787
850	850	-3.03499
851	851	8.80602
852	852	-23.9356
853	853	-4.90297
854	854	-26.0313
855	855	22.9924
856	856	27.0042
857	857	41.933
858	858	-19.2518
859	859	14.8814
860	860	-23.4558
861	861	25.2457
862	862	-10.8177
863	863	-17.2818
864	864	-10.8389
865	865	-9.38453
866	866	2.964
867	867	-15.9149
868	868	-4.2694
869	869	-34.3699
870	870	17.0369
871	871	-8.35406
872	872	-3.9334
873	873	-2.00359
874	874	-7.24224
875	875	-12.2219
876	876	-35.3432
877	877	21.0362
878	878	23.1754
879	879	1.00329
880	880	2.58457
881	881	28.9901
882	882	-11.1642
883	883	-6.64562
884	884	-14.825
885	885	17.1046
886	886	-16.1154
887	887	3.68557
888	888	-18.5233
889	889	16.8561
890	890	9.54782
891	891	0.712904
892	892	0.300853
893	893	4.90488
894	894	3.4291
895	895	-1.68102
896	896	-10.0852
897	897	-8.63598
898	898	-18.1744
899	899	8.385
900	900	33.9175
901	901	-23.9586
902	902	1.24867
903	903	-10.2369
904	904	-8.04242
905	905	-14.7465
906	906	-12.4507
907	907	22.9436
908	908	-5.86592
909	909	2.16783
910	910	-16.7383
911	911	-3.55023
912	912	2.59469
913	913	3.01765
914	914	3.91512
915	915	-13.6654
916	916	8.02818
917	917	16.9407
918	918	-6.3029
919	919	4.60161
920	920	1.20952
921	921	-10.828
922	922	7.5361
923	923	-7.45659
924	924	17.4126
925	925	-16.4447
926	926	-25.9413
927	927	11.9454
928	928	0.40265
929	929	22.1243
930	930	23.1482
931	931	-13.9677
932	932	-14.483
933	933	-0.0425426
934	934	30.268
935	935	-7.76972
936	936	-20.3261
937	937	30.4066
938	938	2.65022
939	939	-4.63737
940	940	-7.35622
941	941	9.07114
942	942	16.3146
943	943	-20.4313
944	944	5.54544
945	945	23.82
946	946	0.531776
947	947	-7.76871
948	948	22.967
949	949	3.44283
950	950	-20.0759
951	951	-8.42505
952	952	-3.52825
953	953	-34.2773
954	954	-5.40256
955	955	-45.2481
956	956	-11.526
957	957	3.44751
958	958	0.924387
959	959	28.9983
960	960	-7.72334
961	961	31.3691
962	962	-13.4024
963	963	12.1088
964	964	35.8647
965	965	-4.3746
966	966	-9.65032
967	967	42.3026
968	968	2.26509
969	969	9.48274
970	970	3.46706
971	971	-1.19153
972	972	-8.07729
973	973	26.0663
974	974	0.371895
975	975	-7.4713
976	976	-10.6845
977	977	-16.4389
978	978	5.35597
979	979	-5.72479
980	980	15.7669
981	981	-20.4845
982	982	30.8227
983	983	-5.65523
984	984	-24.1619
985	985	-36.1131
986	986	46.4704
987	987	-6.4334
988	988	-6.00278
989	989	-1.58242
990	990	30.9959
991	991	-33.1251
992	992	-5.51507
993	993	-30.4643
994	994	3.10727
995	995	-6.75545
996	996	-17.7406
997	997	-12.8346
998	998	-9.43076
999	999	-21.1955
1000	1000	-10.1099
1001	1001	-14.2392
1002	1002	8.4679
1003	1003	1.85454
1004	1004	4.5366
1005	1005	-7.13735
1006	1006	-17.0534
1007	1007	33.6754
1008	1008	3.12968
1009	1009	-17.7025
1010	1010	-0.241953
1011	1011	22.5708
1012	1012	-21.237
1013	1013	23.4264
1014	1014	-20.69
1015	1015	4.80627
1016	1016	4.21442
1017	1017	19.5814
1018	1018	10.1105
1019	1019	24.0603
1020	1020	18.4121
1021	1021	-1.26117
1022	1022	-17.9301
1023	1023	-2.29371
1024	1024	-4.79181
1025	1025	-2.90951
1026	1026	-22.3727
1027	1027	-10.1271
1028	1028	-14.9531
1029	1029	-2.19624
1030	1030	-4.56581
1031	1031	13.8524
1032	1032	-22.1024
1033	1033	-0.227951
1034	1034	-6.12703
1035	1035	7.76792
1036	1036	40.1127
1037	1037	14.0092
1038	1038	5.09552
1039	1039	-14.555
1040	1040	-17.1629
1041	1041	12.7364
1042	1042	-3.08147
1043	1043	17.9848
1044	1044	17.915
1045	1045	12.8326
1046	1046	-13.1311
1047	1047	40.9408
1048	1048	-0.601981
1049	1049	-30.564
1050	1050	-16.5546
1051	1051	-11.5641
1052	1052	15.6061
1053	1053	18.231
1054	1054	-9.22904
1055	1055	-0.472718
1056	1056	2.41419
1057	1057	19.5384
1058	1058	14.9793
1059	1059	31.8468
1060	1060	-25.9205
1061	1061	-2.51211
1062	1062	-24.4266
1063	1063	-0.30247
1064	1064	20.381
1065	1065	-4.02552
1066	1066	-14.9672
1067	1067	16.4573
1068	1068	12.5923
1069	1069	18.1378
1070	1070	4.47292
1071	1071	29.9619
1072	1072	-15.8163
1073	1073	-15.7166
1074	1074	-2.72479
1075	1075	2.99159
1076	1076	-20.1206
1077	1077	11.3755
1078	1078	-5.22769
1079	1079	10.7542
1080	1080	2.15167
1081	1081	-2.87748
1082	1082	12.8619
1083	1083	-5.34123
1084	1084	22.1951
1085	1085	0.824586
1086	1086	-7.89205
1087	1087	2.33295
1088	1088	-7.68071
1089	1089	25.7412
1090	1090	22.5276
1091	1091	-13.2596
1092	1092	-8.0845
1093	1093	13.1386
1094	1094	-5.96522
1095	1095	7.26938
1096	1096	-24.9409
1097	1097	-17.7904
1098	1098	16.2223
1099	1099	29.7768
1100	1100	-12.7745
1101	1101	12.1929
1102	1102	-10.6193
1103	1103	-11.0987
1104	1104	17.5075
1105	1105	27.7731
1106	1106	-13.9644
1107	1107	33.8195
1108	1108	15.3192
1109	1109	-17.7011
1110	1110	-11.833
1111	1111	-34.8055
1112	1112	-12.5321
1113	1113	-16.5666
1114	1114	22.9662
1115	1115	-8.98602
1116	1116	19.9909
1117	1117	-13.8927
1118	1118	-3.13355
1119	1119	21.7867
1120	1120	-9.25383
1121	1121	-11.9081
1122	1122	32.4775
1123	1123	-6.84125
1124	1124	19.6235
1125	1125	-7.28271
1126	1126	-7.97995
1127	1127	-19.1354
1128	1128	25.85
1129	1129	21.8507
1130	1130	-16.3257
1131	1131	42.5335
1132	1132	21.48
1133	1133	23.3924
1134	1134	-21.2842
1135	1135	-23.8489
1136	1136	35.4843
1137	1137	-18.5711
1138	1138	-8.95898
1139	1139	6.5518
1140	1140	5.63939
1141	1141	-10.4045
1142	1142	11.4932
1143	1143	-3.77469
1144	1144	7.84393
1145	1145	-11.6806
1146	1146	6.4804
1147	1147	-2.90258
1148	1148	-2.03711
1149	1149	-7.67216
1150	1150	5.98086
1151	1151	-21.5557
1152	1152	2.32206
1153	1153	-17.8488
1154	1154	-8.33396
1155	1155	-16.3582
1156	1156	9.98295
1157	1157	2.64807
1158	1158	7.70542
1159	1159	-13.3012
1160	1160	10.8102
1161	1161	18.5359
1162	1162	-26.5997
1163	1163	-1.08369
1164	1164	-15.0852
1165	1165	-21.0025
1166	1166	2.34017
1167	1167	-40.0369
1168	1168	8.02376
1169	1169	-11.2053
1170	1170	15.1185
1171	1171	-31.9775
1172	1172	-17.2983
1173	1173	-2.37425
1174	1174	27.3257
1175	1175	1.45418
1176	1176	-2.25934
1177	1177	16.3633
1178	1178	27.6478
1179	1179	-3.67589
1180	1180	14.4434
1181	1181	-8.9185
1182	1182	-28.5471
1183	1183	2.4187
1184	1184	1.35029
1185	1185	-23.3663
1186	1186	8.89483
1187	1187	-4.54159
1188	1188	1.21337
1189	1189	-14.7549
1190	1190	19.8724
1191	1191	5.49595
1192	1192	9.29088
1193	1193	3.73127
1194	1194	16.6632
1195	1195	28.5618
1196	1196	-21.0553
1197	1197	-5.46056
1198	1198	8.52211
1199	1199	14.1154
1200	1200	9.54842
1201	1201	2.25307
1202	1202	-1.32777
1203	1203	56.4213
1204	1204	6.14939
1205	1205	-28.6196
1206	1206	-11.9851
1207	1207	2.22176
1208	1208	34.8554
1209	1209	-31.3648
1210	1210	22.5152
1211	1211	45.855
1212	1212	29.7052
1213	1213	1.20496
1214	1214	2.13542
1215	1215	-17.4983
1216	1216	-9.59249
1217	1217	-4.6746
1218	1218	8.64879
1219	1219	-27.439
1220	1220	19.4478
1221	1221	6.23373
1222	1222	6.14618
1223	1223	-17.4066
1224	1224	45.5637
1225	1225	-18.4742
1226	1226	8.56408
1227	1227	54.0839
1228	1228	-22.101
1229	1229	-11.7032
1230	1230	8.53954
1231	1231	5.83509
1232	1232	-10.8892
1233	1233	-34.402
1234	1234	-2.2021
1235	1235	-30.9399
1236	1236	-17.7166
1237	1237	6.42897
1238	1238	-19.7403
1239	1239	-4.68238
1240	1240	-3.31697
1241	1241	-23.6951
1242	1242	3.58747
1243	1243	1.29509
1244	1244	-25.5225
1245	1245	10.6218
1246	1246	-3.78112
1247	1247	21.4512
1248	1248	-9.94212
1249	1249	-21.612
1250	1250	1.4615
1251	1251	18.9304
1252	1252	12.5408
1253	1253	-2.86539
1254	1254	-11.417
1255	1255	-14.8433
1256	1256	-9.88494
1257	1257	-14.758
1258	1258	36.9364
1259	1259	-4.99423
1260	1260	10.3286
1261	1261	-14.7587
1262	1262	-25.2286
1263	1263	-30.1813
1264	1264	18.6821
1265	1265	12.0602
1266	1266	-1.09307
1267	1267	36.8702
1268	1268	-4.92449
1269	1269	13.8922
1270	1270	-37.2747
1271	1271	-27.2635
1272	1272	-17.3858
1273	1273	-13.6035
1274	1274	-3.88037
1275	1275	-2.63742
1276	1276	-4.83325
1277	1277	-1.55526
1278	1278	9.40526
1279	1279	-7.5657
1280	1280	-3.25188
1281	1281	15.5354
1282	1282	-13.8742
1283	1283	2.04861
1284	1284	-22.1888
1285	1285	27.6093
1286	1286	3.0374
1287	1287	21.2736
1288	1288	7.21991
1289	1289	-16.9945
1290	1290	-13.4763
1291	1291	13.9943
1292	1292	3.72853
1293	1293	-27.4286
1294	1294	-29.4102
1295	1295	-5.3486
1296	1296	-11.5018
1297	1297	36.3982
1298	1298	-1.36335
1299	1299	-7.68837
1300	1300	1.51603
1301	1301	18.6047
1302	1302	-15.8689
1303	1303	-19.246
1304	1304	-2.99922
1305	1305	10.5957
1306	1306	30.6708
1307	1307	2.39539
1308	1308	34.8713
1309	1309	-0.239103
1310	1310	-1.54261
1311	1311	12.1835
1312	1312	19.3259
1313	1313	7.41587
1314	1314	-20.0903
1315	1315	-11.1486
1316	1316	9.27859
1317	1317	5.40061
1318	1318	-13.0098
1319	1319	3.15882
1320	1320	-12.441
1321	1321	9.12503
1322	1322	-7.069
1323	1323	14.9343
1324	1324	-7.36155
1325	1325	-25.9966
1326	1326	2.99781
1327	1327	12.4223
1328	1328	19.6315
1329	1329	-25.0666
1330	1330	29.2694
1331	1331	6.40337
1332	1332	1.18703
1333	1333	1.28658
1334	1334	-2.94783
1335	1335	-2.47304
1336	1336	-8.95921
1337	1337	6.98346
1338	1338	-9.81964
1339	1339	-16.2783
1340	1340	12.2019
1341	1341	39.3398
1342	1342	-39.6341
1343	1343	-6.12834
1344	1344	-22.8423
1345	1345	8.43453
1346	1346	-20.0941
1347	1347	13.3647
1348	1348	-11.5261
1349	1349	-4.35542
1350	1350	14.39
1351	1351	-14.5046
1352	1352	38.2877
1353	1353	-11.5861
1354	1354	-10.6276
1355	1355	22.3905
1356	1356	-7.34356
1357	1357	9.2748
1358	1358	-6.36065
1359	1359	12.5133
1360	1360	14.2381
1361	1361	-12.841
1362	1362	6.08065
1363	1363	14.1526
1364	1364	4.17447
1365	1365	-26.2677
1366	1366	-8.16677
1367	1367	19.9966
1368	1368	-9.37959
1369	1369	-23.2452
1370	1370	-18.9828
1371	1371	8.81872
1372	1372	-6.04338
1373	1373	-19.7101
1374	1374	7.44459
1375	1375	-30.2332
1376	1376	2.17823
1377	1377	23.1469
1378	1378	-26.1231
1379	1379	-10.4859
1380	1380	9.71542
1381	1381	9.72519
1382	1382	-14.3361
1383	1383	3.93873
1384	1384	7.8801
1385	1385	4.06723
1386	1386	43.9325
1387	1387	-17.9167
1388	1388	-25.9289
1389	1389	15.7899
1390	1390	10.4471
1391	1391	-11.614
1392	1392	37.099
1393	1393	-10.3395
1394	1394	15.839
1395	1395	3.2434
1396	1396	3.57005
1397	1397	14.8202
1398	1398	18.8372
1399	1399	-5.04071
1400	1400	30.0507
1401	1401	0.818199
1402	1402	10.4497
1403	1403	-24.8862
1404	1404	-8.7263
1405	1405	12.6715
1406	1406	-19.2662
1407	1407	-10.8361
1408	1408	18.8623
1409	1409	-23.3373
1410	1410	12.4731
1411	1411	12.4894
1412	1412	13.2136
1413	1413	-4.62755
1414	1414	-13.1836
1415	1415	3.23727
1416	1416	2.93503
1417	1417	15.7841
1418	1418	-22.6164
1419	1419	25.9067
1420	1420	-21.5247
1421	1421	19.18
1422	1422	-20.0103
1423	1423	11.1857
1424	1424	-5.35331
1425	1425	-5.72204
1426	1426	4.62516
1427	1427	-26.9269
1428	1428	1.63954
1429	1429	2.87914
1430	1430	-24.2273
1431	1431	-2.6106
1432	1432	-11.23
1433	1433	-4.73215
1434	1434	-7.11692
1435	1435	-23.9868
1436	1436	-7.54251
1437	1437	-27.3825
1438	1438	39.8429
1439	1439	-11.9012
1440	1440	42.727
1441	1441	-21.8074
1442	1442	-8.0192
1443	1443	-8.04589
1444	1444	3.08127
1445	1445	2.04217
1446	1446	23.9157
1447	1447	12.4157
1448	1448	-11.4813
1449	1449	26.6404
1450	1450	10.1901
1451	1451	24.8535
1452	1452	13.2906
1453	1453	6.45919
1454	1454	4.74021
1455	1455	-7.58196
1456	1456	10.9239
1457	1457	-7.24403
1458	1458	-19.2476
1459	1459	-14.6598
1460	1460	12.94
1461	1461	-23.0808
1462	1462	5.49398
1463	1463	13.0361
1464	1464	5.25049
1465	1465	31.427
1466	1466	21.3368
1467	1467	16.4756
1468	1468	2.80874
1469	1469	37.4789
1470	1470	-15.179
1471	1471	-23.8517
1472	1472	6.6416
1473	1473	14.7983
1474	1474	1.95982
1475	1475	10.7297
1476	1476	-3.43664
1477	1477	45.8182
1478	1478	-7.80432
1479	1479	0.408577
1480	1480	-11.4093
1481	1481	-16.5329
1482	1482	-27.0467
1483	1483	-2.61403
1484	1484	0.630257
1485	1485	17.5922
1486	1486	-6.63261
1487	1487	-0.548958
1488	1488	30.0968
1489	1489	19.0051
1490	1490	12.2523
1491	1491	4.90975
1492	1492	14.5883
1493	1493	-3.10013
1494	1494	-18.6762
1495	1495	3.26409
1496	1496	8.06238
1497	1497	28.8302
1498	1498	-12.6642
1499	1499	-10.3461
1500	1500	-5.74022
1501	1501	4.57622
1502	1502	-4.69231
1503	1503	12.4839
1504	1504	15.7527
1505	1505	-19.3564
1506	1506	0.991507
1507	1507	3.69833
1508	1508	-15.3647
1509	1509	-3.53858
1510	1510	-22.8291
1511	1511	-5.09667
1512	1512	27.9912
1513	1513	-6.94598
1514	1514	7.05221
1515	1515	-20.2628
1516	1516	-9.68032
1517	1517	7.99751
1518	1518	-11.2233
1519	1519	-10.4735
1520	1520	-1.1619
1521	1521	-1.58057
1522	1522	-37.4914
1523	1523	2.85538
1524	1524	-1.11346
1525	1525	11.24
1526	1526	-0.352354
1527	1527	-3.7456
1528	1528	19.8586
1529	1529	-23.8172
1530	1530	-13.4508
1531	1531	26.0786
1532	1532	17.8113
1533	1533	-32.7555
1534	1534	26.2539
1535	1535	-6.41849
1536	1536	6.61336
1537	1537	-6.8996
1538	1538	-13.1373
1539	1539	5.15008
1540	1540	14.7684
1541	1541	-4.29481
1542	1542	-4.85913
1543	1543	-8.88625
1544	1544	-36.2706
1545	1545	-9.95378
1546	1546	5.12073
1547	1547	19.8135
1548	1548	-15.4616
1549	1549	11.6201
1550	1550	6.6892
1551	1551	-0.597746
1552	1552	-24.2203
1553	1553	-16.7503
1554	1554	0.432546
1555	1555	17.5329
1556	1556	-8.50272
1557	1557	-24.8665
1558	1558	36.0316
1559	1559	19.7342
1560	1560	2.17218
1561	1561	-11.6929
1562	1562	31.2347
1563	1563	-13.9935
1564	1564	9.44261
1565	1565	-29.5235
1566	1566	13.8529
1567	1567	18.6516
1568	1568	-7.31066
1569	1569	-16.1876
1570	1570	-13.5794
1571	1571	-2.32117
1572	1572	-16.1329
1573	1573	42.9332
1574	1574	23.8934
1575	1575	-3.57525
1576	1576	1.1803
1577	1577	3.31224
1578	1578	-2.10995
1579	1579	-9.64094
1580	1580	-2.49103
1581	1581	3.91956
1582	1582	15.8639
1583	1583	-17.9481
1584	1584	1.29743
1585	1585	-6.74264
1586	1586	16.9015
1587	1587	-7.79457
1588	1588	-24.8663
1589	1589	-24.9782
1590	1590	-27.2055
1591	1591	14.0651
1592	1592	-11.1061
1593	1593	-12.9234
1594	1594	-9.00366
1595	1595	-8.53296
1596	1596	10.9808
1597	1597	-9.00693
1598	1598	-4.38234
1599	1599	8.7169
1600	1600	-8.90037
1601	1601	-3.61349
1602	1602	-19.5373
1603	1603	6.04527
1604	1604	22.0107
1605	1605	-0.140722
1606	1606	-15.068
1607	1607	-17.4612
1608	1608	-6.9424
1609	1609	-3.76971
1610	1610	32.1408
1611	1611	-0.306848
1612	1612	17.8515
1613	1613	-18.7852
1614	1614	10.8835
1615	1615	-0.356907
1616	1616	-14.0658
1617	1617	-11.5577
1618	1618	22.0493
1619	1619	21.0149
1620	1620	4.46284
1621	1621	17.2491
1622	1622	7.62867
1623	1623	17.5674
1624	1624	0.853283
1625	1625	-9.29874
1626	1626	15.8394
1627	1627	1.14352
1628	1628	-23.5396
1629	1629	-4.63862
1630	1630	24.8622
1631	1631	30.4409
1632	1632	31.6095
1633	1633	10.9727
1634	1634	5.23829
1635	1635	5.84556
1636	1636	30.0703
1637	1637	4.12597
1638	1638	11.1742
1639	1639	-0.36555
1640	1640	31.824
1641	1641	14.4603
1642	1642	21.0485
1643	1643	-2.86827
1644	1644	-38.6703
1645	1645	24.9893
1646	1646	14.4556
1647	1647	20.9813
1648	1648	-8.6042
1649	1649	3.1646
1650	1650	9.26348
1651	1651	1.35169
1652	1652	-29.981
1653	1653	12.6732
1654	1654	-10.8352
1655	1655	0.511094
1656	1656	-17.9934
1657	1657	-17.7289
1658	1658	-12.2092
1659	1659	30.502
1660	1660	15.0576
1661	1661	10.5536
1662	1662	-11.5231
1663	1663	21.4471
1664	1664	-19.0975
1665	1665	13.8056
1666	1666	-4.784
1667	1667	0.904627
1668	1668	-0.538011
1669	1669	0.788131
1670	1670	-11.8898
1671	1671	-9.75011
1672	1672	-19.9457
1673	1673	-6.65292
1674	1674	-14.97
1675	1675	-25.6974
1676	1676	-9.53991
1677	1677	-25.6672
1678	1678	-9.72983
1679	1679	15.5546
1680	1680	-22.1296
1681	1681	13.8874
1682	1682	-7.50588
1683	1683	26.1366
1684	1684	-1.95788
1685	1685	6.91281
1686	1686	-18.8604
1687	1687	0.406735
1688	1688	-14.8734
1689	1689	-14.2685
1690	1690	13.9925
1691	1691	12.0242
1692	1692	16.0763
1693	1693	4.43695
1694	1694	-15.5403
1695	1695	13.249
1696	1696	-16.7555
1697	1697	15.6126
1698	1698	-13.005
1699	1699	25.5106
1700	1700	-1.31727
1701	1701	24.7258
1702	1702	-18.965
1703	1703	-0.321071
1704	1704	22.828
1705	1705	-37.6398
1706	1706	-42.0421
1707	1707	-0.626263
1708	1708	2.26928
1709	1709	50.3866
1710	1710	10.5903
1711	1711	19.8594
1712	1712	2.08262
1713	1713	0.404108
1714	1714	21.6587
1715	1715	-18.8491
1716	1716	-12.564
1717	1717	2.94216
1718	1718	12.7629
1719	1719	19.7238
1720	1720	-15.1722
1721	1721	-19.3221
1722	1722	2.52333
1723	1723	-15.9789
1724	1724	3.66434
1725	1725	-6.28309
1726	1726	-22.0405
1727	1727	5.78014
1728	1728	20.0556
1729	1729	15.3038
1730	1730	-0.95746
1731	1731	-11.3422
1732	1732	-14.5829
1733	1733	-14.1005
1734	1734	23.3162
1735	1735	-20.7288
1736	1736	-8.83541
1737	1737	12.4517
1738	1738	-9.07069
1739	1739	16.1998
1740	1740	-2.09205
1741	1741	-23.8624
1742	1742	-11.4714
1743	1743	5.9407
1744	1744	15.0043
1745	1745	2.44926
1746	1746	19.1592
1747	1747	-9.44734
1748	1748	3.06277
1749	1749	8.93881
1750	1750	-16.7852
1751	1751	-13.1508
1752	1752	-23.0173
1753	1753	17.5663
1754	1754	22.4705
1755	1755	-6.05483
1756	1756	-11.7401
1757	1757	31.4904
1758	1758	-23.8087
1759	1759	32.2499
1760	1760	-9.71067
1761	1761	-12.6372
1762	1762	-25.8145
1763	1763	-8.44311
1764	1764	-1.81503
1765	1765	22.2398
1766	1766	-6.83184
1767	1767	36.0343
1768	1768	-4.75784
1769	1769	15.3025
1770	1770	10.9386
1771	1771	4.67329
1772	1772	18.5432
1773	1773	-19.1009
1774	1774	-5.72782
1775	1775	-11.5419
1776	1776	-11.024
1777	1777	-17.134
1778	1778	-17.9398
1779	1779	-23.58
1780	1780	-2.75886
1781	1781	-12.6993
1782	1782	-5.67101
1783	1783	29.1485
1784	1784	15.0846
1785	1785	8.41775
1786	1786	-2.07666
1787	1787	-8.34601
1788	1788	21.052
1789	1789	-1.98082
1790	1790	-2.39764
1791	1791	-15.0907
1792	1792	4.11715
1793	1793	11.449
1794	1794	10.5431
1795	1795	18.5415
1796	1796	27.4687
1797	1797	-14.958
1798	1798	-2.48939
1799	1799	-14.8211
1800	1800	-12.6894
1801	1801	-9.13584
1802	1802	-27.3281
1803	1803	-10.9305
1804	1804	-17.3539
1805	1805	-10.6168
1806	1806	1.21196
1807	1807	20.6654
1808	1808	8.17546
1809	1809	-1.62354
1810	1810	13.3664
1811	1811	-9.83381
1812	1812	-17.111
1813	1813	-10.4913
1814	1814	2.15206
1815	1815	-8.04965
1816	1816	-0.860002
1817	1817	11.5735
1818	1818	-9.92893
1819	1819	12.7627
1820	1820	-25.4963
1821	1821	5.08708
1822	1822	-9.21323
1823	1823	-11.9559
1824	1824	30.8473
1825	1825	18.0576
1826	1826	11.3476
1827	1827	17.5528
1828	1828	21.3417
1829	1829	1.01999
1830	1830	-6.6462
1831	1831	-0.871853
1832	1832	2.33971
1833	1833	-3.46413
1834	1834	-8.35919
1835	1835	2.65148
1836	1836	-6.40735
1837	1837	-10.3554
1838	1838	8.26066
1839	1839	-17.8408
1840	1840	20.324
1841	1841	-25.0857
1842	1842	31.2082
1843	1843	24.0199
1844	1844	-19.8215
1845	1845	-30.9865
1846	1846	21.5329
1847	1847	30.5732
1848	1848	-18.6981
1849	1849	-15.1504
1850	1850	18.3989
1851	1851	7.25417
1852	1852	-2.66015
1853	1853	-7.19529
1854	1854	-16.0234
1855	1855	-23.731
1856	1856	-20.2369
1857	1857	-8.18236
1858	1858	-28.708
1859	1859	9.28887
1860	1860	12.9335
1861	1861	15.7069
1862	1862	12.5356
1863	1863	2.25451
1864	1864	6.67232
1865	1865	2.39875
1866	1866	4.71546
1867	1867	-14.9181
1868	1868	-9.03542
1869	1869	-1.38446
1870	1870	4.14996
1871	1871	-12.4563
1872	1872	-6.9481
1873	1873	-17.5756
1874	1874	11.4747
1875	1875	3.50535
1876	1876	-17.5787
1877	1877	-28.9365
1878	1878	-21.9564
1879	1879	-7.51091
1880	1880	-21.3483
1881	1881	-1.75386
1882	1882	27.8344
1883	1883	28.3719
1884	1884	-9.35678
1885	1885	-1.7406
1886	1886	0.193606
1887	1887	-12.7706
1888	1888	4.71575
1889	1889	21.5638
1890	1890	3.48684
1891	1891	-25.6812
1892	1892	34.4663
1893	1893	-7.20341
1894	1894	-0.124009
1895	1895	-1.87682
1896	1896	21.7369
1897	1897	-19.4658
1898	1898	-17.4937
1899	1899	29.4879
1900	1900	37.6381
1901	1901	-17.4137
1902	1902	1.88566
1903	1903	-4.21644
1904	1904	47.3285
1905	1905	-5.25076
1906	1906	-39.5183
1907	1907	14.1434
1908	1908	-4.72033
1909	1909	7.57345
1910	1910	24.3366
1911	1911	8.81001
1912	1912	35.8497
1913	1913	-42.8597
1914	1914	-8.43461
1915	1915	5.55818
1916	1916	-4.76031
1917	1917	-12.6088
1918	1918	-9.38046
1919	1919	30.2171
1920	1920	-31.5676
1921	1921	-5.90612
1922	1922	0.327174
1923	1923	-25.7097
1924	1924	1.31282
1925	1925	4.52273
1926	1926	-15.5848
1927	1927	-0.685018
1928	1928	29.0395
1929	1929	34.6114
1930	1930	8.08597
1931	1931	-51.5792
1932	1932	-19.8177
1933	1933	3.0133
1934	1934	5.37722
1935	1935	-12.1585
1936	1936	6.93086
1937	1937	9.5257
1938	1938	-14.8321
1939	1939	32.4477
1940	1940	-3.53406
1941	1941	-16.0365
1942	1942	11.843
1943	1943	8.1845
1944	1944	-15.137
1945	1945	-2.53682
1946	1946	-29.5338
1947	1947	-15.8707
1948	1948	8.0393
1949	1949	8.66487
1950	1950	-5.21966
1951	1951	8.50817
1952	1952	-12.6047
1953	1953	19.0611
1954	1954	11.1455
1955	1955	19.4402
1956	1956	-7.97443
1957	1957	-8.29972
1958	1958	6.97192
1959	1959	-29.028
1960	1960	-11.1291
1961	1961	15.716
1962	1962	9.52362
1963	1963	1.7309
1964	1964	7.34877
1965	1965	21.2827
1966	1966	8.83353
1967	1967	-30.5805
1968	1968	-2.88551
1969	1969	23.8013
1970	1970	-15.9161
1971	1971	27.2023
1972	1972	2.11709
1973	1973	2.7964
1974	1974	3.21984
1975	1975	1.42162
1976	1976	-8.3462
1977	1977	-6.93098
1978	1978	-3.60294
1979	1979	-14.7741
1980	1980	2.20029
1981	1981	6.90958
1982	1982	29.8458
1983	1983	-11.3591
1984	1984	5.57989
1985	1985	-8.58566
1986	1986	2.03521
1987	1987	-16.2837
1988	1988	22.4617
1989	1989	13.1843
1990	1990	-20.6505
1991	1991	-34.1328
1992	1992	36.9775
1993	1993	7.3278
1994	1994	-20.2804
1995	1995	9.57808
1996	1996	2.81286
1997	1997	-13.8851
1998	1998	-12.719
1999	1999	-33.6352
2000	2000	3.52801
2001	2001	-12.3746
2002	2002	25.7719
2003	2003	7.25572
2004	2004	6.76916
2005	2005	-22.3785
2006	2006	0.523016
2007	2007	-18.5797
2008	2008	1.9945
2009	2009	20.9781
2010	2010	-12.9499
2011	2011	-2.91412
2012	2012	-23.5287
2013	2013	-9.97371
2014	2014	-14.7172
2015	2015	-1.30147
2016	2016	31.7018
2017	2017	3.67836
2018	2018	-15.2325
2019	2019	-7.25882
2020	2020	-1.30914
2021	2021	-21.7054
2022	2022	2.28773
2023	2023	-25.5652
2024	2024	13.7785
2025	2025	-8.43853
2026	2026	9.2743
2027	2027	-24.0136
2028	2028	3.12154
2029	2029	-6.88961
2030	2030	4.86375
2031	2031	-12.8116
2032	2032	-1.83994
2033	2033	-0.706248
2034	2034	11.0367
2035	2035	-10.3095
2036	2036	-7.21494
2037	2037	-0.863624
2038	2038	-16.5358
2039	2039	-4.57218
2040	2040	21.1005
2041	2041	1.35248
2042	2042	-7.121
2043	2043	14.4806
2044	2044	-6.33533
2045	2045	-2.37974
2046	2046	-3.48076
2047	2047	9.11688
2048	2048	9.60922
2049	2049	6.15007
2050	2050	-31.2836
2051	2051	-1.8662
2052	2052	12.5746
2053	2053	8.44845
2054	2054	-15.362
2055	2055	45.9132
2056	2056	-10.3679
2057	2057	-17.3313
2058	2058	4.18038
2059	2059	-6.54516
2060	2060	3.40496
2061	2061	-9.16054
2062	2062	2.3437
2063	2063	-28.7649
2064	2064	13.411
2065	2065	-3.62511
2066	2066	-23.0699
2067	2067	-22.3531
2068	2068	16.2939
2069	2069	3.29667
2070	2070	20.225
2071	2071	1.29033
2072	2072	7.17389
2073	2073	-2.03472
2074	2074	-4.95846
2075	2075	2.16403
2076	2076	-10.4545
2077	2077	-15.0165
2078	2078	-20.5502
2079	2079	13.1589
2080	2080	-6.01596
2081	2081	-8.23779
2082	2082	19.6893
2083	2083	-0.467846
2084	2084	3.32528
2085	2085	5.14148
2086	2086	0.708827
2087	2087	-11.3718
2088	2088	16.3646
2089	2089	8.73728
2090	2090	8.82591
2091	2091	15.8086
2092	2092	-9.65969
2093	2093	-7.20455
2094	2094	-34.7821
2095	2095	-15.5971
2096	2096	-1.21044
2097	2097	19.2581
2098	2098	6.46022
2099	2099	-34.622
2100	2100	-9.0929
2101	2101	30.2598
2102	2102	18.3556
2103	2103	1.84092
2104	2104	0.365379
2105	2105	25.9959
2106	2106	-17.2536
2107	2107	3.13783
2108	2108	-14.7912
2109	2109	-12.4808
2110	2110	14.2946
2111	2111	-12.0386
2112	2112	-11.3248
2113	2113	-10.205
2114	2114	-12.6083
2115	2115	28.9591
2116	2116	-6.92538
2117	2117	-11.6593
2118	2118	-13.8301
2119	2119	-3.72064
2120	2120	17.6698
2121	2121	11.7681
2122	2122	19.7918
2123	2123	3.20192
2124	2124	-32.6676
2125	2125	9.73974
2126	2126	-4.4356
2127	2127	-13.5702
2128	2128	-7.60613
2129	2129	9.62417
2130	2130	-7.6258
2131	2131	19.142
2132	2132	-0.0153347
2133	2133	33.6871
2134	2134	4.60927
2135	2135	-30.1395
2136	2136	1.54784
2137	2137	-1.85431
2138	2138	-9.46369
2139	2139	-6.55807
2140	2140	1.52165
2141	2141	-13.6125
2142	2142	-17.6173
2143	2143	-12.3402
2144	2144	-16.4091
2145	2145	-12.1884
2146	2146	-15.8973
2147	2147	-20.1835
2148	2148	-9.8877
2149	2149	4.48241
2150	2150	-8.30968
2151	2151	49.644
2152	2152	2.97137
2153	2153	7.64408
2154	2154	21.7619
2155	2155	22.8438
2156	2156	-25.2773
2157	2157	-19.3064
2158	2158	21.4702
2159	2159	9.42286
2160	2160	2.76576
2161	2161	6.60579
2162	2162	-17.6668
2163	2163	1.65879
2164	2164	-20.3761
2165	2165	-2.88693
2166	2166	-4.1787
2167	2167	-23.3558
2168	2168	-22.0174
2169	2169	-15.2136
2170	2170	-13.767
2171	2171	-23.4566
2172	2172	-4.19649
2173	2173	26.865
2174	2174	9.70356
2175	2175	-10.3094
2176	2176	-14.7103
2177	2177	6.05407
2178	2178	-23.8218
2179	2179	-24.439
2180	2180	12.188
2181	2181	-25.3585
2182	2182	-23.9712
2183	2183	-2.70907
2184	2184	7.98639
2185	2185	-11.0697
2186	2186	-29.1332
2187	2187	33.1944
2188	2188	-6.60327
2189	2189	-15.0808
2190	2190	-4.42752
2191	2191	-1.4998
2192	2192	-7.00313
2193	2193	-12.9205
2194	2194	20.1424
2195	2195	-2.97169
2196	2196	9.32362
2197	2197	-0.795706
2198	2198	1.51065
2199	2199	-30.4734
2200	2200	23.3643
2201	2201	10.3529
2202	2202	-15.1485
2203	2203	2.45701
2204	2204	23.1866
2205	2205	-1.85958
2206	2206	17.0701
2207	2207	1.0546
2208	2208	-18.4498
2209	2209	-6.51123
2210	2210	5.02578
2211	2211	-9.45643
2212	2212	12.9819
2213	2213	34.0308
2214	2214	2.95052
2215	2215	-14.4952
2216	2216	-37.4947
2217	2217	-4.14657
2218	2218	-4.98849
2219	2219	-18.686
2220	2220	-5.45852
2221	2221	-11.6867
2222	2222	27.9172
2223	2223	-6.42467
2224	2224	-10.8105
2225	2225	-21.1048
2226	2226	-5.08091
2227	2227	-8.61289
2228	2228	16.9131
2229	2229	24.208
2230	2230	23.378
2231	2231	42.6792
2232	2232	-10.7279
2233	2233	7.30823
2234	2234	6.38377
2235	2235	20.3786
2236	2236	-21.9357
2237	2237	-4.86866
2238	2238	12.9799
2239	2239	5.23719
2240	2240	11.301
2241	2241	-6.83147
2242	2242	-8.71799
2243	2243	-13.3361
2244	2244	20.0007
2245	2245	-14.6816
2246	2246	6.84619
2247	2247	-16.0995
2248	2248	-8.37553
2249	2249	-6.10186
2250	2250	-3.35342
2251	2251	12.0358
2252	2252	3.5714
2253	2253	-10.5225
2254	2254	-12.7907
2255	2255	39.587
2256	2256	-9.5681
2257	2257	-12.9659
2258	2258	14.9977
2259	2259	-12.6162
2260	2260	-12.7881
2261	2261	-6.19539
2262	2262	-14.9945
2263	2263	15.9467
2264	2264	27.0122
2265	2265	-6.66778
2266	2266	6.95239
2267	2267	-4.06064
2268	2268	29.0764
2269	2269	-3.62376
2270	2270	32.0549
2271	2271	-9.16312
2272	2272	12.6432
2273	2273	-26.7932
2274	2274	1.72659
2275	2275	16.8196
2276	2276	24.892
2277	2277	1.69072
2278	2278	0.905112
2279	2279	-6.68739
2280	2280	-10.4486
2281	2281	-20.7533
2282	2282	-4.3908
2283	2283	-8.72202
2284	2284	-1.353
2285	2285	-26.9924
2286	2286	16.2651
2287	2287	9.61508
2288	2288	2.59329
2289	2289	10.4686
2290	2290	8.7419
2291	2291	-8.2976
2292	2292	-7.44963
2293	2293	31.3443
2294	2294	-15.6806
2295	2295	4.80573
2296	2296	-16.3227
2297	2297	5.71944
2298	2298	0.760444
2299	2299	2.86499
2300	2300	-21.0568
2301	2301	39.003
2302	2302	20.0746
2303	2303	3.14621
2304	2304	-11.8849
2305	2305	-20.7771
2306	2306	9.25323
2307	2307	-11.5303
2308	2308	-14.859
2309	2309	7.85264
2310	2310	15.5184
2311	2311	6.88991
2312	2312	4.69919
2313	2313	-16.5178
2314	2314	0.535882
2315	2315	-26.7293
2316	2316	-15.147
2317	2317	-8.02039
2318	2318	-17.1481
2319	2319	-2.93154
2320	2320	-1.76572
2321	2321	36.9556
2322	2322	20.8678
2323	2323	2.90446
2324	2324	11.5615
2325	2325	18.2398
2326	2326	22.9014
2327	2327	13.9461
2328	2328	-23.9581
2329	2329	-17.084
2330	2330	8.53871
2331	2331	-7.83662
2332	2332	-13.9841
2333	2333	-21.0956
2334	2334	18.3835
2335	2335	9.37627
2336	2336	-0.350652
2337	2337	4.16912
2338	2338	-0.731412
2339	2339	-1.6135
2340	2340	2.37428
2341	2341	-1.36738
2342	2342	-3.77677
2343	2343	10.7522
2344	2344	-9.66649
2345	2345	8.30868
2346	2346	-18.2473
2347	2347	-13.6039
2348	2348	8.99573
2349	2349	-9.8308
2350	2350	0.403624
2351	2351	-5.05147
2352	2352	-8.24661
2353	2353	7.6602
2354	2354	-24.0018
2355	2355	-20.8901
2356	2356	-27.643
2357	2357	6.26811
2358	2358	8.38641
2359	2359	-31.5508
2360	2360	16.2242
2361	2361	24.9773
2362	2362	14.0482
2363	2363	-8.22396
2364	2364	-18.5515
2365	2365	1.37357
2366	2366	-10.213
2367	2367	0.282987
2368	2368	-0.675527
2369	2369	6.21246
2370	2370	13.646
2371	2371	26.2199
2372	2372	-24.1175
2373	2373	4.92367
2374	2374	20.5882
2375	2375	-11.5373
2376	2376	-7.65011
2377	2377	27.9594
2378	2378	-9.86508
2379	2379	34.5805
2380	2380	6.25574
2381	2381	-19.6014
2382	2382	-16.1135
2383	2383	-13.0078
2384	2384	-5.7425
2385	2385	-12.562
2386	2386	3.04674
2387	2387	-20.7257
2388	2388	39.7686
2389	2389	-20.8188
2390	2390	7.31553
2391	2391	24.6896
2392	2392	-3.28378
2393	2393	-11.7954
2394	2394	8.61553
2395	2395	-7.82907
2396	2396	1.11012
2397	2397	1.10662
2398	2398	-17.9735
2399	2399	-17.4938
2400	2400	3.08359
2401	2401	-11.493
2402	2402	-13.3104
2403	2403	-23.7454
2404	2404	5.16004
2405	2405	-11.4832
2406	2406	9.2486
2407	2407	27.8474
2408	2408	-16.6939
2409	2409	-15.6736
2410	2410	1.65205
2411	2411	-29.9969
2412	2412	-12.5193
2413	2413	-4.34904
2414	2414	16.4932
2415	2415	23.8819
2416	2416	-8.87898
2417	2417	-12.9542
2418	2418	31.0238
2419	2419	-12.4316
2420	2420	0.164483
2421	2421	-0.915879
2422	2422	-4.30931
2423	2423	-13.0136
2424	2424	-2.80667
2425	2425	15.2708
2426	2426	41.2104
2427	2427	-13.6091
2428	2428	13.53
2429	2429	-12.3262
2430	2430	-14.0174
2431	2431	1.73308
2432	2432	14.7677
2433	2433	4.80847
2434	2434	-1.51337
2435	2435	-12.2036
2436	2436	-11.7862
2437	2437	14.391
2438	2438	32.4803
2439	2439	-7.02177
2440	2440	30.6071
2441	2441	-4.03312
2442	2442	11.5455
2443	2443	-0.269022
2444	2444	12.6801
2445	2445	1.12733
2446	2446	-10.6364
2447	2447	7.50272
2448	2448	-19.5945
2449	2449	11.1371
2450	2450	10.6479
2451	2451	2.60352
2452	2452	-10.5408
2453	2453	-1.9077
2454	2454	-2.08528
2455	2455	-4.64252
2456	2456	-7.55629
2457	2457	-11.7356
2458	2458	-21.6023
2459	2459	-12.6648
2460	2460	18.6485
2461	2461	-34.163
2462	2462	-15.7456
2463	2463	12.4715
2464	2464	-3.12242
2465	2465	-24.6218
2466	2466	-10.9187
2467	2467	-5.2038
2468	2468	3.22683
2469	2469	-24.6505
2470	2470	36.2787
2471	2471	18.6001
2472	2472	12.2946
2473	2473	26.9196
2474	2474	-20.3574
2475	2475	-5.58422
2476	2476	25.7426
2477	2477	-3.10797
2478	2478	-30.4501
2479	2479	-32.8494
2480	2480	23.5547
2481	2481	-18.86
2482	2482	-28.0078
2483	2483	13.1571
2484	2484	-6.28955
2485	2485	21.7451
2486	2486	-7.30578
2487	2487	10.9033
2488	2488	13.1717
2489	2489	2.64203
2490	2490	-16.6726
2491	2491	17.7585
2492	2492	-19.8476
2493	2493	21.2235
2494	2494	25.2968
2495	2495	4.53408
2496	2496	2.59768
2497	2497	-32.4451
2498	2498	-27.4391
2499	2499	9.17258
2500	2500	-7.28635
2501	2501	-19.8654
2502	2502	-17.7554
2503	2503	-16.6802
2504	2504	38.6726
2505	2505	17.7404
2506	2506	-12.4783
2507	2507	-31.0829
2508	2508	1.69233
2509	2509	9.38396
2510	2510	-18.2412
2511	2511	6.59613
2512	2512	15.3595
2513	2513	12.6125
2514	2514	-10.094
2515	2515	-20.7394
2516	2516	1.47144
2517	2517	-9.20319
2518	2518	3.11564
2519	2519	4.66579
2520	2520	17.4158
2521	2521	12.2608
2522	2522	3.9254
2523	2523	15.7795
2524	2524	5.73858
2525	2525	2.99464
2526	2526	33.1502
2527	2527	37.6705
2528	2528	13.3043
2529	2529	14.3337
2530	2530	1.60284
2531	2531	-0.557663
2532	2532	-3.70949
2533	2533	-1.74662
2534	2534	22.8556
2535	2535	-25.531
2536	2536	-14.23
2537	2537	-18.7337
2538	2538	-9.14753
2539	2539	13.832
2540	2540	1.37455
2541	2541	-15.2503
2542	2542	-20.3813
2543	2543	-13.8463
2544	2544	-6.13732
2545	2545	-3.13814
2546	2546	-16.0681
2547	2547	10.731
2548	2548	11.3984
2549	2549	12.4657
2550	2550	-10.9265
2551	2551	-3.86117
2552	2552	-10.335
2553	2553	-9.15777
2554	2554	-8.26677
2555	2555	-9.84195
2556	2556	-9.34615
2557	2557	10.2316
2558	2558	-4.18873
2559	2559	-22.8961
2560	2560	31.131
2561	2561	-4.08152
2562	2562	28.1537
2563	2563	-3.16733
2564	2564	0.776856
2565	2565	7.64826
2566	2566	35.0834
2567	2567	-19.5438
2568	2568	10.9737
2569	2569	-25.0335
2570	2570	3.01212
2571	2571	-4.80995
2572	2572	11.1776
2573	2573	26.8441
2574	2574	-6.66545
2575	2575	9.39835
2576	2576	-44.2915
2577	2577	-0.0785471
2578	2578	0.475786
2579	2579	6.58122
2580	2580	19.2732
2581	2581	-4.68654
2582	2582	-0.39729
2583	2583	-6.99563
2584	2584	-0.0483954
2585	2585	-9.09128
2586	2586	19.5387
2587	2587	6.82436
2588	2588	25.3408
2589	2589	-21.9971
2590	2590	11.9586
2591	2591	3.14273
2592	2592	-2.75664
2593	2593	19.1076
2594	2594	-12.4313
2595	2595	1.64328
2596	2596	18.6612
2597	2597	-36.337
2598	2598	40.6156
2599	2599	11.6524
2600	2600	-13.3956
2601	2601	1.80427
2602	2602	-1.82501
2603	2603	13.1394
2604	2604	-0.637306
2605	2605	28.7694
2606	2606	-3.98556
2607	2607	-9.7998
2608	2608	3.87753
2609	2609	-7.59291
2610	2610	2.18343
2611	2611	16.1273
2612	2612	38.2283
2613	2613	9.62312
2614	2614	-21.4187
2615	2615	16.6366
2616	2616	0.337082
2617	2617	-7.34725
2618	2618	12.7953
2619	2619	4.82279
2620	2620	11.52
2621	2621	2.47882
2622	2622	-4.01003
2623	2623	-10.9208
2624	2624	-26.943
2625	2625	8.96877
2626	2626	-10.6205
2627	2627	-7.36
2628	2628	-25.2171
2629	2629	-11.847
2630	2630	25.5499
2631	2631	-16.7795
2632	2632	-15.6982
2633	2633	-3.88412
2634	2634	-32.9485
2635	2635	3.33278
2636	2636	-18.3395
2637	2637	7.21904
2638	2638	12.8241
2639	2639	-12.9986
2640	2640	22.6271
2641	2641	-1.88662
2642	2642	34.6773
2643	2643	-9.27435
2644	2644	-17.3014
2645	2645	9.53019
2646	2646	17.962
2647	2647	-7.59694
2648	2648	-37.899
2649	2649	-8.7517
2650	2650	13.0857
2651	2651	-2.85262
2652	2652	-14.3583
2653	2653	4.1224
2654	2654	7.37439
2655	2655	-9.59662
2656	2656	15.9021
2657	2657	-16.2379
2658	2658	-16.7563
2659	2659	-6.71438
2660	2660	33.8508
2661	2661	-0.00606948
2662	2662	-22.1046
2663	2663	-7.28695
2664	2664	-14.2509
2665	2665	-26.1501
2666	2666	-9.14933
2667	2667	-8.92566
2668	2668	-23.6074
2669	2669	-10.1884
2670	2670	2.84342
2671	2671	5.16752
2672	2672	-3.04872
2673	2673	0.0809333
2674	2674	21.8408
2675	2675	4.45704
2676	2676	-22.5427
2677	2677	-7.71875
2678	2678	-5.57375
2679	2679	-14.0945
2680	2680	6.43932
2681	2681	-48.6781
2682	2682	-9.43905
2683	2683	-2.63615
2684	2684	-33.2296
2685	2685	-13.0755
2686	2686	14.3754
2687	2687	40.2923
2688	2688	-34.5835
2689	2689	-22.9165
2690	2690	-29.9948
2691	2691	-20.8002
2692	2692	-16.5213
2693	2693	41.0644
2694	2694	8.13113
2695	2695	-7.00846
2696	2696	-39.3543
2697	2697	-23.5704
2698	2698	-2.48839
2699	2699	-0.348591
2700	2700	25.2775
2701	2701	-3.45042
2702	2702	24.309
2703	2703	9.80505
2704	2704	-8.67219
2705	2705	35.0186
2706	2706	-1.73214
2707	2707	4.02784
2708	2708	7.56588
2709	2709	-6.68182
2710	2710	-5.26475
2711	2711	-6.10345
2712	2712	-11.604
2713	2713	5.66671
2714	2714	-8.69783
2715	2715	-1.63122
2716	2716	-29.2773
2717	2717	-20.2415
2718	2718	7.67052
2719	2719	1.96243
2720	2720	27.7525
2721	2721	-13.9523
2722	2722	4.2817
2723	2723	11.9417
2724	2724	48.3924
2725	2725	-13.5314
2726	2726	-14.2079
2727	2727	-32.0089
2728	2728	-37.5519
2729	2729	5.67698
2730	2730	-26.6383
2731	2731	-13.7775
2732	2732	-16.9092
2733	2733	-16.9097
2734	2734	4.84208
2735	2735	6.35201
2736	2736	3.9701
2737	2737	5.23725
2738	2738	-17.765
2739	2739	1.98019
2740	2740	14.2364
2741	2741	15.7412
2742	2742	18.9935
2743	2743	23.8741
2744	2744	-12.3351
2745	2745	0.032071
2746	2746	-23.0063
2747	2747	-32.4462
2748	2748	-5.36126
2749	2749	-3.819
2750	2750	-5.05835
2751	2751	-3.47487
2752	2752	8.83278
2753	2753	-30.8662
2754	2754	-11.9297
2755	2755	6.60162
2756	2756	-28.6048
2757	2757	-23.7877
2758	2758	-17.4119
2759	2759	-7.60539
2760	2760	22.6751
2761	2761	10.4327
2762	2762	25.997
2763	2763	-6.74343
2764	2764	11.0698
2765	2765	-4.82311
2766	2766	-23.1838
2767	2767	-18.8592
2768	2768	16.0534
2769	2769	13.8415
2770	2770	8.66748
2771	2771	31.0313
2772	2772	1.57837
2773	2773	-10.7607
2774	2774	17.0036
2775	2775	-26.9226
2776	2776	5.28123
2777	2777	37.0043
2778	2778	-0.679907
2779	2779	1.41944
2780	2780	-21.009
2781	2781	8.4266
2782	2782	1.85998
2783	2783	-6.7464
2784	2784	21.6471
2785	2785	9.00134
2786	2786	-13.6061
2787	2787	-4.7126
2788	2788	29.007
2789	2789	14.1635
2790	2790	35.0454
2791	2791	-6.3431
2792	2792	-4.28432
2793	2793	-11.297
2794	2794	16.428
2795	2795	19.357
2796	2796	-0.205462
2797	2797	-17.8198
2798	2798	-10.6048
2799	2799	4.77646
2800	2800	-20.3627
2801	2801	0.2326
2802	2802	-7.9716
2803	2803	-31.3704
2804	2804	19.4316
2805	2805	3.64501
2806	2806	-16.3442
2807	2807	-12.7226
2808	2808	1.27478
2809	2809	27.9288
2810	2810	-19.618
2811	2811	34.3436
2812	2812	-8.19777
2813	2813	22.3233
2814	2814	-8.5598
2815	2815	6.61631
2816	2816	-5.26115
2817	2817	25.9426
2818	2818	8.22266
2819	2819	-13.9165
2820	2820	-0.822421
2821	2821	-0.799669
2822	2822	-0.952774
2823	2823	5.21869
2824	2824	-0.615129
2825	2825	-23.4095
2826	2826	-5.69821
2827	2827	8.31579
2828	2828	-20.6351
2829	2829	11.6005
2830	2830	25.4866
2831	2831	-2.46489
2832	2832	-11.0556
2833	2833	-3.95325
2834	2834	24.3058
2835	2835	6.50849
2836	2836	-18.2796
2837	2837	-4.71302
2838	2838	-11.3265
2839	2839	-4.83472
2840	2840	-20.2066
2841	2841	12.9976
2842	2842	20.2009
2843	2843	10.4487
2844	2844	-6.91212
2845	2845	-11.0589
2846	2846	9.16259
2847	2847	-19.7168
2848	2848	-15.2397
2849	2849	28.7328
2850	2850	19.5649
2851	2851	14.8883
2852	2852	-2.03489
2853	2853	12.6298
2854	2854	-29.8218
2855	2855	-6.40917
2856	2856	6.96767
2857	2857	-23.0931
2858	2858	6.68304
2859	2859	10.8428
2860	2860	-11.4091
2861	2861	15.1528
2862	2862	-15.4384
2863	2863	-6.43107
2864	2864	42.3796
2865	2865	8.08278
2866	2866	-6.17741
2867	2867	-20.018
2868	2868	3.10604
2869	2869	-3.10764
2870	2870	-0.00478806
2871	2871	-8.58741
2872	2872	-12.8087
2873	2873	15.9345
2874	2874	-26.931
2875	2875	22.0435
2876	2876	6.02478
2877	2877	-2.20318
2878	2878	-0.482332
2879	2879	18.3825
2880	2880	-29.4629
2881	2881	-15.2014
2882	2882	-1.77202
2883	2883	-5.55121
2884	2884	22.1682
2885	2885	1.87213
2886	2886	10.4172
2887	2887	15.0521
2888	2888	37.5587
2889	2889	-7.90688
2890	2890	-23.5723
2891	2891	-16.633
2892	2892	-18.157
2893	2893	23.3803
2894	2894	19.9931
2895	2895	2.00975
2896	2896	-1.34384
2897	2897	-40.1825
2898	2898	20.9732
2899	2899	-32.6766
2900	2900	4.63329
2901	2901	24.5496
2902	2902	-16.1866
2903	2903	-10.0167
2904	2904	-24.2625
2905	2905	-20.9774
2906	2906	16.6316
2907	2907	-16.2698
2908	2908	-9.17886
2909	2909	4.53395
2910	2910	-2.06763
2911	2911	27.8612
2912	2912	-19.5949
2913	2913	-0.130378
2914	2914	-10.47
2915	2915	-28.3205
2916	2916	8.37825
2917	2917	0.283664
2918	2918	-4.62014
2919	2919	-8.31851
2920	2920	-17.5367
2921	2921	-20.7882
2922	2922	-4.87259
2923	2923	10.7644
2924	2924	15.9282
2925	2925	-21.2991
2926	2926	-19.8515
2927	2927	8.98855
2928	2928	1.40977
2929	2929	-3.11357
2930	2930	-21.5062
2931	2931	1.40367
2932	2932	5.60222
2933	2933	-24.1522
2934	2934	-3.83189
2935	2935	-2.14835
2936	2936	8.00709
2937	2937	-22.0544
2938	2938	-3.53577
2939	2939	-3.19809
2940	2940	-11.6004
2941	2941	24.0999
2942	2942	-30.4561
2943	2943	-5.71894
2944	2944	-32.2736
2945	2945	43.2589
2946	2946	-3.64726
2947	2947	-25.256
2948	2948	-4.30887
2949	2949	6.96078
2950	2950	-3.81121
2951	2951	-0.918433
2952	2952	20.1642
2953	2953	-13.253
2954	2954	-16.124
2955	2955	6.91626
2956	2956	-12.5578
2957	2957	-24.8061
2958	2958	19.7642
2959	2959	-4.75677
2960	2960	17.0325
2961	2961	18.6983
2962	2962	11.9354
2963	2963	-9.69106
2964	2964	-4.20411
2965	2965	4.61216
2966	2966	5.41782
2967	2967	-19.6457
2968	2968	5.42974
2969	2969	33.8849
2970	2970	-12.2425
2971	2971	3.79005
2972	2972	19.9664
2973	2973	11.841
2974	2974	-8.64281
2975	2975	9.46491
2976	2976	-32.0634
2977	2977	28.005
2978	2978	-20.6663
2979	2979	4.09415
2980	2980	6.95661
2981	2981	-1.28481
2982	2982	-6.03137
2983	2983	29.8532
2984	2984	-25.7688
2985	2985	-19.3668
2986	2986	-8.37763
2987	2987	-11.5016
2988	2988	6.26731
2989	2989	29.2765
2990	2990	-6.0455
2991	2991	17.3807
2992	2992	1.01062
2993	2993	19.384
2994	2994	24.17
2995	2995	-16.9525
2996	2996	11.1033
2997	2997	19.2873
2998	2998	-2.42386
2999	2999	-2.80833
3000	3000	-33.2789
3001	3001	37.9874
3002	3002	-26.4412
3003	3003	28.9174
3004	3004	-11.9424
3005	3005	6.58107
3006	3006	-11.4946
3007	3007	21.9673
3008	3008	-6.44381
3009	3009	23.8723
3010	3010	8.55861
3011	3011	4.58965
3012	3012	-32.0103
3013	3013	6.96354
3014	3014	-1.89533
3015	3015	4.29478
3016	3016	-33.449
3017	3017	39.2022
3018	3018	24.6092
3019	3019	0.4527
3020	3020	0.214581
3021	3021	-12.4016
3022	3022	-7.7598
3023	3023	2.02591
3024	3024	4.88616
3025	3025	-14.4285
3026	3026	-17.9531
3027	3027	-18.7465
3028	3028	15.7034
3029	3029	-6.33788
3030	3030	5.17537
3031	3031	-10.1003
3032	3032	-5.48584
3033	3033	-7.12826
3034	3034	3.30055
3035	3035	-23.4362
3036	3036	2.02269
3037	3037	9.29571
3038	3038	-6.08239
3039	3039	13.4366
3040	3040	-5.43041
3041	3041	22.1039
3042	3042	-11.724
3043	3043	33.3606
3044	3044	-12.487
3045	3045	-11.7417
3046	3046	-28.8958
3047	3047	-7.65558
3048	3048	-13.1553
3049	3049	-10.5692
3050	3050	1.87027
3051	3051	-3.23251
3052	3052	-16.8522
3053	3053	-0.0414224
3054	3054	6.47438
3055	3055	4.19289
3056	3056	-0.0694203
3057	3057	-10.8528
3058	3058	-8.34892
3059	3059	-7.24123
3060	3060	32.3554
3061	3061	41.6252
3062	3062	2.87844
3063	3063	-36.2293
3064	3064	5.0643
3065	3065	8.48689
3066	3066	31.5798
3067	3067	8.13222
3068	3068	-4.12639
3069	3069	12.1424
3070	3070	-15.4822
3071	3071	8.65293
3072	3072	16.3583
3073	3073	-27.2931
3074	3074	26.0635
3075	3075	-13.6832
3076	3076	16.1466
3077	3077	-4.67166
3078	3078	9.3514
3079	3079	29.7708
3080	3080	-8.44942
3081	3081	-11.2364
3082	3082	-8.02214
3083	3083	-21.5159
3084	3084	-4.46534
3085	3085	12.1332
3086	3086	-0.765574
3087	3087	7.15797
3088	3088	-1.13102
3089	3089	-3.24333
3090	3090	4.39903
3091	3091	40.3922
3092	3092	-1.87256
3093	3093	22.3367
3094	3094	5.97458
3095	3095	-22.0188
3096	3096	31.7014
3097	3097	-15.3362
3098	3098	10.2531
3099	3099	8.69152
3100	3100	-9.72536
3101	3101	18.4825
3102	3102	-7.49882
3103	3103	17.8096
3104	3104	-8.26789
3105	3105	19.038
3106	3106	-16.0119
3107	3107	-13.5875
3108	3108	10.178
3109	3109	-7.07959
3110	3110	9.59955
3111	3111	-3.7172
3112	3112	0.583722
3113	3113	-2.85746
3114	3114	16.9176
3115	3115	-14.9016
3116	3116	-8.87609
3117	3117	2.73668
3118	3118	12.6701
3119	3119	-7.61941
3120	3120	-2.45195
3121	3121	7.44492
3122	3122	3.7976
3123	3123	-21.5224
3124	3124	-18.1432
3125	3125	10.1156
3126	3126	32.2304
3127	3127	32.9014
3128	3128	-18.9765
3129	3129	-5.48046
3130	3130	35.0287
3131	3131	26.4627
3132	3132	-9.67152
3133	3133	-8.64241
3134	3134	-3.98416
3135	3135	-2.09868
3136	3136	13.6128
3137	3137	41.7745
3138	3138	15.035
3139	3139	-5.97435
3140	3140	-1.86445
3141	3141	11.9719
3142	3142	15.2876
3143	3143	-8.95573
3144	3144	9.63005
3145	3145	-38.4477
3146	3146	-14.7786
3147	3147	37.3092
3148	3148	15.352
3149	3149	10.4394
3150	3150	-7.65253
3151	3151	-15.1381
3152	3152	-36.7144
3153	3153	13.7546
3154	3154	8.45013
3155	3155	7.12935
3156	3156	-9.51307
3157	3157	4.69211
3158	3158	-22.3158
3159	3159	-5.23895
3160	3160	38.7511
3161	3161	30.0825
3162	3162	16.8372
3163	3163	5.38372
3164	3164	25.0783
3165	3165	11.2495
3166	3166	-21.2084
3167	3167	18.6363
3168	3168	0.788274
3169	3169	44.7241
3170	3170	2.6448
3171	3171	10.923
3172	3172	11.2434
3173	3173	0.17629
3174	3174	-33.576
3175	3175	-5.64893
3176	3176	-6.23021
3177	3177	-2.40691
3178	3178	-40.2566
3179	3179	3.25516
3180	3180	-3.32195
3181	3181	0.748387
3182	3182	38.4204
3183	3183	7.72734
3184	3184	-7.42882
3185	3185	25.9326
3186	3186	-7.39293
3187	3187	-10.4128
3188	3188	-16.057
3189	3189	-7.83323
3190	3190	2.21849
3191	3191	16.1624
3192	3192	-21.9999
3193	3193	-4.37124
3194	3194	-0.420032
3195	3195	22.657
3196	3196	4.74622
3197	3197	-1.47749
3198	3198	-14.2645
3199	3199	1.58953
3200	3200	0.741292
3201	3201	-11.3947
3202	3202	12.4275
3203	3203	0.886521
3204	3204	-19.3539
3205	3205	-18.4615
3206	3206	-39.275
3207	3207	-12.9637
3208	3208	-5.13734
3209	3209	10.3416
3210	3210	-13.8635
3211	3211	-25.5283
3212	3212	29.3202
3213	3213	-4.57967
3214	3214	-3.52932
3215	3215	30.9573
3216	3216	0.833884
3217	3217	5.23526
3218	3218	0.0320819
3219	3219	-12.9734
3220	3220	-7.43067
3221	3221	28.8396
3222	3222	26.8803
3223	3223	0.916277
3224	3224	-28.2234
3225	3225	21.02
3226	3226	10.0172
3227	3227	-8.8781
3228	3228	-16.6996
3229	3229	-14.866
3230	3230	4.02665
3231	3231	8.36913
3232	3232	8.57022
3233	3233	-22.5637
3234	3234	-9.80241
3235	3235	33.3669
3236	3236	21.4813
3237	3237	-6.76449
3238	3238	11.8755
3239	3239	-5.89574
3240	3240	3.01478
3241	3241	23.4846
3242	3242	-7.59145
3243	3243	1.71565
3244	3244	-10.4593
3245	3245	-2.00138
3246	3246	32.4529
3247	3247	-27.1459
3248	3248	0.415957
3249	3249	18.0343
3250	3250	12.8122
3251	3251	24.1201
3252	3252	-36.3713
3253	3253	30.2967
3254	3254	18.683
3255	3255	-23.3054
3256	3256	0.545085
3257	3257	-14.2912
3258	3258	6.12877
3259	3259	-23.5346
3260	3260	-0.650495
3261	3261	-12.4691
3262	3262	-17.4602
3263	3263	0.0033385
3264	3264	-4.42722
3265	3265	18.8593
3266	3266	-8.84189
3267	3267	-1.11353
3268	3268	-6.53581
3269	3269	-8.84129
3270	3270	-11.3673
3271	3271	-6.93034
3272	3272	-19.8927
3273	3273	-3.88489
3274	3274	-3.83312
3275	3275	-8.51526
3276	3276	32.8335
3277	3277	18.7808
3278	3278	-5.93936
3279	3279	22.7801
3280	3280	6.94222
3281	3281	-4.12674
3282	3282	-12.613
3283	3283	-5.51544
3284	3284	5.21847
3285	3285	-19.9234
3286	3286	-8.87447
3287	3287	3.64371
3288	3288	7.73353
3289	3289	26.0096
3290	3290	14.7987
3291	3291	-11.4652
3292	3292	-15.7449
3293	3293	1.81416
3294	3294	-8.27317
3295	3295	3.47372
3296	3296	-30.4697
3297	3297	-6.19294
3298	3298	-17.1745
3299	3299	-2.89198
3300	3300	-18.8807
3301	3301	-10.7702
3302	3302	-11.8903
3303	3303	13.1005
3304	3304	3.00511
3305	3305	-22.6206
3306	3306	-4.40499
3307	3307	-4.6894
3308	3308	7.45523
3309	3309	-3.61351
3310	3310	-11.9107
3311	3311	4.65355
3312	3312	11.7667
3313	3313	-8.54546
3314	3314	-30.0053
3315	3315	27.064
3316	3316	-20.1949
3317	3317	-20.1877
3318	3318	-25.4435
3319	3319	31.9677
3320	3320	11.5024
3321	3321	20.3854
3322	3322	-1.23829
3323	3323	4.45329
3324	3324	3.67939
3325	3325	3.99707
3326	3326	-9.90551
3327	3327	-11.0547
3328	3328	-9.96964
3329	3329	-24.2479
3330	3330	-23.6833
3331	3331	27.7572
3332	3332	-30.1546
3333	3333	16.6531
3334	3334	-27.7186
3335	3335	-8.40978
3336	3336	-0.492996
3337	3337	-15.1892
3338	3338	-6.66071
3339	3339	-9.12878
3340	3340	42.6054
3341	3341	-16.9957
3342	3342	-16.7569
3343	3343	-6.75446
3344	3344	18.2409
3345	3345	-3.22703
3346	3346	9.56752
3347	3347	16.5991
3348	3348	-20.7768
3349	3349	-12.5936
3350	3350	-17.312
3351	3351	-11.6299
3352	3352	4.79885
3353	3353	25.9667
3354	3354	-12.3019
3355	3355	25.4741
3356	3356	-2.86362
3357	3357	24.7977
3358	3358	21.7215
3359	3359	13.9764
3360	3360	0.618748
3361	3361	-17.6088
3362	3362	7.09981
3363	3363	37.1789
3364	3364	-7.74994
3365	3365	28.345
3366	3366	21.6236
3367	3367	22.718
3368	3368	7.23107
3369	3369	-19.7654
3370	3370	16.2659
3371	3371	13.0911
3372	3372	7.5696
3373	3373	-5.72126
3374	3374	18.4984
3375	3375	-2.1843
3376	3376	8.75442
3377	3377	-20.0947
3378	3378	-1.09028
3379	3379	22.8381
3380	3380	-3.96271
3381	3381	-8.59853
3382	3382	9.00961
3383	3383	-16.5572
3384	3384	11.4121
3385	3385	18.8752
3386	3386	14.781
3387	3387	-25.4651
3388	3388	5.45519
3389	3389	-20.7952
3390	3390	8.28637
3391	3391	-23.6205
3392	3392	7.28746
3393	3393	-5.22506
3394	3394	-17.2312
3395	3395	-7.73414
3396	3396	-22.2309
3397	3397	-16.5637
3398	3398	-19.8103
3399	3399	-11.2692
3400	3400	-6.29975
3401	3401	10.6837
3402	3402	-4.02014
3403	3403	23.4455
3404	3404	-17.5782
3405	3405	-3.94025
3406	3406	-5.81937
3407	3407	32.3133
3408	3408	-14.5594
3409	3409	4.3673
3410	3410	1.67306
3411	3411	-38.8757
3412	3412	2.06147
3413	3413	17.4092
3414	3414	-6.56605
3415	3415	19.5168
3416	3416	9.12989
3417	3417	11.3893
3418	3418	-21.839
3419	3419	13.0628
3420	3420	-6.3262
3421	3421	-16.7063
3422	3422	-21.2496
3423	3423	-4.81399
3424	3424	-7.08835
3425	3425	-8.30474
3426	3426	-14.4084
3427	3427	5.23213
3428	3428	-12.3066
3429	3429	-0.90827
3430	3430	21.8606
3431	3431	27.5365
3432	3432	18.7961
3433	3433	14.2628
3434	3434	-16.0837
3435	3435	8.37041
3436	3436	-28.8147
3437	3437	4.11178
3438	3438	-4.14291
3439	3439	22.5628
3440	3440	-4.95239
3441	3441	15.2734
3442	3442	-8.0262
3443	3443	37.8819
3444	3444	-5.03835
3445	3445	31.7066
3446	3446	-7.95746
3447	3447	-3.30647
3448	3448	-5.41648
3449	3449	9.65267
3450	3450	1.10409
3451	3451	-24.3225
3452	3452	-18.2911
3453	3453	6.61981
3454	3454	-19.1775
3455	3455	21.7413
3456	3456	-23.2073
3457	3457	-3.90319
3458	3458	-17.3706
3459	3459	-36.198
3460	3460	-2.68078
3461	3461	7.73135
3462	3462	28.9597
3463	3463	4.07374
3464	3464	15.4046
3465	3465	-5.31333
3466	3466	-14.031
3467	3467	27.3617
3468	3468	-18.7534
3469	3469	-18.0182
3470	3470	28.1007
3471	3471	-0.973615
3472	3472	-13.0584
3473	3473	1.71981
3474	3474	-2.87225
3475	3475	-21.082
3476	3476	-10.0813
3477	3477	-0.290625
3478	3478	-14.4851
3479	3479	-9.57457
3480	3480	-20.1537
3481	3481	15.3387
3482	3482	14.9748
3483	3483	-8.22373
3484	3484	28.5381
3485	3485	3.48715
3486	3486	5.56881
3487	3487	-20.9276
3488	3488	-19.0693
3489	3489	-6.63398
3490	3490	24.838
3491	3491	12.7252
3492	3492	21.2744
3493	3493	13.0974
3494	3494	15.5835
3495	3495	-27.4801
3496	3496	-3.16892
3497	3497	-29.9097
3498	3498	0.742203
3499	3499	10.7575
3500	3500	16.4779
3501	3501	-6.74295
3502	3502	-8.88756
3503	3503	-0.454602
3504	3504	11.2443
3505	3505	-27.7178
3506	3506	13.3661
3507	3507	-2.30988
3508	3508	-14.5191
3509	3509	-10.7342
3510	3510	-16.1043
3511	3511	13.5068
3512	3512	-0.567232
3513	3513	-4.91271
3514	3514	19.302
3515	3515	4.01931
3516	3516	7.30687
3517	3517	-5.22091
3518	3518	7.4269
3519	3519	-3.41493
3520	3520	15.1093
3521	3521	-0.829421
3522	3522	19.2723
3523	3523	-5.54032
3524	3524	-9.13014
3525	3525	26.2994
3526	3526	4.26184
3527	3527	6.99933
3528	3528	-16.6029
3529	3529	-14.5533
3530	3530	-14.2368
3531	3531	-13.2935
3532	3532	4.52704
3533	3533	-21.9454
3534	3534	7.58391
3535	3535	-4.4766
3536	3536	14.7566
3537	3537	-8.34326
3538	3538	-7.26433
3539	3539	2.89569
3540	3540	10.8905
3541	3541	23.6645
3542	3542	-17.7151
3543	3543	-11.9311
3544	3544	-42.2684
3545	3545	6.83577
3546	3546	-1.21221
3547	3547	-18.1357
3548	3548	11.1822
3549	3549	2.95846
3550	3550	-22.7794
3551	3551	-19.9878
3552	3552	0.958794
3553	3553	12.5176
3554	3554	4.83695
3555	3555	-12.5013
3556	3556	-2.08508
3557	3557	8.17245
3558	3558	-6.00233
3559	3559	5.02181
3560	3560	13.8081
3561	3561	-10.574
3562	3562	-9.04743
3563	3563	-30.2289
3564	3564	29.5078
3565	3565	6.60814
3566	3566	21.922
3567	3567	21.0606
3568	3568	-5.25465
3569	3569	11.1395
3570	3570	-14.5868
3571	3571	1.04975
3572	3572	4.00348
3573	3573	18.5136
3574	3574	9.08424
3575	3575	3.36272
3576	3576	-8.87965
3577	3577	22.3707
3578	3578	-4.47194
3579	3579	-20.9989
3580	3580	-7.47735
3581	3581	-1.28103
3582	3582	17.2069
3583	3583	-11.8967
3584	3584	-2.06116
3585	3585	22.7281
3586	3586	34.211
3587	3587	6.72921
3588	3588	-12.0058
3589	3589	38.865
3590	3590	-7.3537
3591	3591	30.6339
3592	3592	-4.4433
3593	3593	-0.671898
3594	3594	10.0456
3595	3595	-20.9203
3596	3596	17.9154
3597	3597	18.9379
3598	3598	-10.2191
3599	3599	-19.967
3600	3600	4.07326
3601	3601	10.9224
3602	3602	-3.2228
3603	3603	-7.44904
3604	3604	41.8414
3605	3605	6.27602
3606	3606	-1.83373
3607	3607	-17.5907
3608	3608	24.7926
3609	3609	-9.05739
3610	3610	-5.32972
3611	3611	1.59833
3612	3612	2.78949
3613	3613	-11.409
3614	3614	-11.688
3615	3615	27.7125
3616	3616	19.1735
3617	3617	-3.02127
3618	3618	1.0005
3619	3619	3.60401
3620	3620	-34.9464
3621	3621	3.542
3622	3622	6.01114
3623	3623	-15.7005
3624	3624	21.7146
3625	3625	21.9352
3626	3626	-21.0374
3627	3627	-17.46
3628	3628	19.4543
3629	3629	25.2222
3630	3630	-27.8477
3631	3631	6.10112
3632	3632	-4.87013
3633	3633	16.0252
3634	3634	11.5044
3635	3635	-13.3954
3636	3636	-17.4861
3637	3637	36.0952
3638	3638	31.4826
3639	3639	-14.049
3640	3640	-24.5909
3641	3641	0.395795
3642	3642	12.6236
3643	3643	6.70711
3644	3644	12.7836
3645	3645	-15.6874
3646	3646	19.8962
3647	3647	-6.01204
3648	3648	10.6186
3649	3649	-9.46944
3650	3650	-27.7242
3651	3651	18.4258
3652	3652	0.118628
3653	3653	25.3101
3654	3654	-12.3207
3655	3655	-4.57801
3656	3656	8.72923
3657	3657	-25.1622
3658	3658	-24.0864
3659	3659	39.4106
3660	3660	3.33676
3661	3661	28.8692
3662	3662	25.8492
3663	3663	-11.297
3664	3664	28.4141
3665	3665	-24.7286
3666	3666	-23.7025
3667	3667	-10.2687
3668	3668	-14.3651
3669	3669	-8.8385
3670	3670	2.63938
3671	3671	19.7137
3672	3672	0.839171
3673	3673	9.17352
3674	3674	-4.54868
3675	3675	-2.36914
3676	3676	18.1433
3677	3677	6.86335
3678	3678	7.2248
3679	3679	3.20605
3680	3680	-4.62641
3681	3681	-1.97081
3682	3682	-8.7765
3683	3683	13.4866
3684	3684	32.1001
3685	3685	31.6499
3686	3686	24.0249
3687	3687	10.1531
3688	3688	-11.0561
3689	3689	-11.8781
3690	3690	-6.17303
3691	3691	18.5449
3692	3692	-30.0012
3693	3693	-21.8721
3694	3694	-13.4671
3695	3695	-13.7881
3696	3696	17.9726
3697	3697	-8.37375
3698	3698	-21.5868
3699	3699	-7.73851
3700	3700	7.90463
3701	3701	15.828
3702	3702	13.1377
3703	3703	-12.133
3704	3704	-24.3199
3705	3705	-2.28493
3706	3706	14.5964
3707	3707	-23.4274
3708	3708	25.0813
3709	3709	-2.2166
3710	3710	17.0393
3711	3711	-14.6792
3712	3712	-24.4277
3713	3713	-15.1623
3714	3714	11.1673
3715	3715	-17.6553
3716	3716	24.6458
3717	3717	-12.2492
3718	3718	11.051
3719	3719	-6.40107
3720	3720	13.1075
3721	3721	-22.2305
3722	3722	-26.1601
3723	3723	-6.43094
3724	3724	9.07895
3725	3725	10.6889
3726	3726	-24.9027
3727	3727	-26.4334
3728	3728	1.76846
3729	3729	7.29741
3730	3730	22.5353
3731	3731	-4.67923
3732	3732	1.46141
3733	3733	30.7117
3734	3734	14.5289
3735	3735	-5.75025
3736	3736	2.31758
3737	3737	-25.0634
3738	3738	20.8731
3739	3739	-26.0045
3740	3740	18.4522
3741	3741	10.5872
3742	3742	11.6743
3743	3743	16.2504
3744	3744	-13.4392
3745	3745	-5.84571
3746	3746	-5.71471
3747	3747	17.8855
3748	3748	20.1466
3749	3749	34.2184
3750	3750	-10.4691
3751	3751	-12.1705
3752	3752	-7.89377
3753	3753	13.0114
3754	3754	19.7666
3755	3755	15.1025
3756	3756	27.0287
3757	3757	-6.30297
3758	3758	21.3098
3759	3759	-6.12721
3760	3760	-8.99642
3761	3761	0.725974
3762	3762	29.3677
3763	3763	-3.64082
3764	3764	-17.6577
3765	3765	-0.138733
3766	3766	-11.4695
3767	3767	24.8268
3768	3768	-8.23524
3769	3769	-29.6019
3770	3770	19.9307
3771	3771	38.3862
3772	3772	-1.1768
3773	3773	20.6958
3774	3774	16.0603
3775	3775	-5.29542
3776	3776	9.21618
3777	3777	-16.9798
3778	3778	-17.9412
3779	3779	-6.86921
3780	3780	-23.1781
3781	3781	-19.1475
3782	3782	2.9938
3783	3783	-26.288
3784	3784	11.0155
3785	3785	-20.6949
3786	3786	26.3095
3787	3787	-3.27089
3788	3788	15.9047
3789	3789	-5.87579
3790	3790	15.1302
3791	3791	16.8361
3792	3792	-11.6771
3793	3793	5.73009
3794	3794	5.84574
3795	3795	-2.1477
3796	3796	18.4732
3797	3797	-22.7812
3798	3798	-23.2031
3799	3799	13.0385
3800	3800	0.352589
3801	3801	-39.4568
3802	3802	-2.73262
3803	3803	-0.383245
3804	3804	-11.2744
3805	3805	10.1835
3806	3806	20.4014
3807	3807	-28.4159
3808	3808	22.3176
3809	3809	3.03485
3810	3810	29.783
3811	3811	-5.97097
3812	3812	4.14362
3813	3813	-10.476
3814	3814	-0.254639
3815	3815	25.6476
3816	3816	-18.0095
3817	3817	-7.97072
3818	3818	-2.19453
3819	3819	-5.45196
3820	3820	25.8105
3821	3821	-23.8796
3822	3822	26.5967
3823	3823	2.36736
3824	3824	-26.4188
3825	3825	-14.0298
3826	3826	-5.59829
3827	3827	24.3687
3828	3828	-6.39511
3829	3829	8.30806
3830	3830	-16.0195
3831	3831	-22.0613
3832	3832	-3.99989
3833	3833	28.4531
3834	3834	-0.183894
3835	3835	28.0141
3836	3836	-5.22613
3837	3837	14.6709
3838	3838	0.656311
3839	3839	3.24522
3840	3840	9.02036
3841	3841	-14.754
3842	3842	-2.25768
3843	3843	-19.8376
3844	3844	8.55894
3845	3845	-20.1647
3846	3846	-17.4442
3847	3847	-0.0409884
3848	3848	1.24426
3849	3849	-10.0782
3850	3850	-6.54044
3851	3851	-9.61731
3852	3852	-4.09404
3853	3853	-7.61502
3854	3854	-7.679
3855	3855	3.32851
3856	3856	-0.898211
3857	3857	-7.70674
3858	3858	-1.27375
3859	3859	-11.9832
3860	3860	-14.5275
3861	3861	26.2686
3862	3862	-1.63381
3863	3863	-13.6692
3864	3864	-0.120315
3865	3865	2.00597
3866	3866	11.9533
3867	3867	-2.02367
3868	3868	45.9855
3869	3869	-34.8023
3870	3870	-6.75571
3871	3871	1.61354
3872	3872	-8.2414
3873	3873	11.9849
3874	3874	-0.455823
3875	3875	-9.13636
3876	3876	-8.04957
3877	3877	9.73486
3878	3878	13.1399
3879	3879	15.4763
3880	3880	9.09891
3881	3881	45.2281
3882	3882	0.113022
3883	3883	-9.3435
3884	3884	-12.3631
3885	3885	6.69994
3886	3886	-12.7475
3887	3887	10.0633
3888	3888	-21.0453
3889	3889	-9.21904
3890	3890	-17.1707
3891	3891	11.1224
3892	3892	-14.0093
3893	3893	-10.7225
3894	3894	-1.2471
3895	3895	-20.8329
3896	3896	-6.16559
3897	3897	-2.31053
3898	3898	8.70277
3899	3899	-12.1661
3900	3900	-0.567055
3901	3901	-15.1463
3902	3902	-2.10444
3903	3903	6.9727
3904	3904	-15.5975
3905	3905	12.6289
3906	3906	13.4285
3907	3907	-3.4103
3908	3908	3.74574
3909	3909	-5.25822
3910	3910	-4.10298
3911	3911	1.17186
3912	3912	35.8456
3913	3913	-3.93382
3914	3914	37.5506
3915	3915	-3.94818
3916	3916	21.5597
3917	3917	-11.5811
3918	3918	-0.137978
3919	3919	-14.273
3920	3920	17.1709
3921	3921	-4.72102
3922	3922	-6.62199
3923	3923	-5.97991
3924	3924	18.613
3925	3925	15.4238
3926	3926	-4.1857
3927	3927	-1.59647
3928	3928	6.7474
3929	3929	12.2278
3930	3930	15.7058
3931	3931	-10.5305
3932	3932	-10.2055
3933	3933	25.8233
3934	3934	-5.91715
3935	3935	21.354
3936	3936	29.5576
3937	3937	6.54167
3938	3938	-3.78862
3939	3939	-11.9576
3940	3940	18.8593
3941	3941	-25.6868
3942	3942	-7.10335
3943	3943	4.58098
3944	3944	12.3584
3945	3945	-20.3265
3946	3946	7.4763
3947	3947	-15.0654
3948	3948	11.2164
3949	3949	42.1552
3950	3950	7.34424
3951	3951	-8.46363
3952	3952	-14.4797
3953	3953	-0.513304
3954	3954	-5.92449
3955	3955	-9.41357
3956	3956	-12.0922
3957	3957	4.2711
3958	3958	-16.2825
3959	3959	47.0978
3960	3960	-13.2348
3961	3961	40.38
3962	3962	2.44943
3963	3963	-14.2828
3964	3964	-16.0098
3965	3965	21.993
3966	3966	-32.9015
3967	3967	-3.07975
3968	3968	13.6428
3969	3969	11.6494
3970	3970	7.4992
3971	3971	-14.484
3972	3972	-7.20496
3973	3973	-19.4979
3974	3974	9.43721
3975	3975	6.77027
3976	3976	3.36974
3977	3977	-13.5728
3978	3978	-8.91312
3979	3979	2.80983
3980	3980	20.0647
3981	3981	-1.9451
3982	3982	3.42347
3983	3983	11.0645
3984	3984	-22.6919
3985	3985	-19.8604
3986	3986	9.71708
3987	3987	-5.03946
3988	3988	0.167772
3989	3989	0.120839
3990	3990	2.90619
3991	3991	18.5227
3992	3992	19.1814
3993	3993	-3.73678
3994	3994	38.0638
3995	3995	-8.32151
3996	3996	17.0185
3997	3997	13.7058
3998	3998	-14.4446
3999	3999	1.09928
4000	4000	-12.0299
4001	4001	-9.73973
4002	4002	21.2622
4003	4003	-12.1429
4004	4004	-13.9087
4005	4005	11.069
4006	4006	34.6675
4007	4007	8.9434
4008	4008	-11.6272
4009	4009	0.564636
4010	4010	11.0025
4011	4011	11.7409
4012	4012	18.9664
4013	4013	-11.8595
4014	4014	-3.36235
4015	4015	-23.1221
4016	4016	-24.2983
4017	4017	1.19126
4018	4018	2.60264
4019	4019	-41.4089
4020	4020	-18.36
4021	4021	37.1857
4022	4022	-23.51
4023	4023	-35.1147
4024	4024	-25.9871
4025	4025	-20.8407
4026	4026	-1.79018
4027	4027	-1.66468
4028	4028	7.63615
4029	4029	-5.56302
4030	4030	-10.6671
4031	4031	13.0985
4032	4032	1.72897
4033	4033	-9.96861
4034	4034	-8.37181
4035	4035	5.30206
4036	4036	0.366823
4037	4037	-14.5397
4038	4038	-5.81946
4039	4039	-11.6727
4040	4040	-17.6249
4041	4041	15.4682
4042	4042	3.32099
4043	4043	-10.4253
4044	4044	25.0481
4045	4045	6.18742
4046	4046	-5.3088
4047	4047	26.7353
4048	4048	-7.45736
4049	4049	6.89195
4050	4050	-4.00521
4051	4051	2.18255
4052	4052	-4.75782
4053	4053	-12.914
4054	4054	20.7275
4055	4055	12.7101
4056	4056	-20.3587
4057	4057	30.2911
4058	4058	4.83417
4059	4059	-4.60532
4060	4060	-12.3524
4061	4061	37.7442
4062	4062	19.232
4063	4063	-4.69391
4064	4064	32.0427
4065	4065	-19.8527
4066	4066	32.4649
4067	4067	-25.7259
4068	4068	25.9101
4069	4069	7.94998
4070	4070	-10.486
4071	4071	-21.6698
4072	4072	14.4271
4073	4073	-14.1627
4074	4074	29.7073
4075	4075	12.3843
4076	4076	0.892066
4077	4077	-32.5136
4078	4078	17.8083
4079	4079	26.02
4080	4080	14.0082
4081	4081	22.8415
4082	4082	44.3918
4083	4083	-11.0315
4084	4084	1.95554
4085	4085	9.97767
4086	4086	41.9357
4087	4087	-15.562
4088	4088	22.0878
4089	4089	22.0828
4090	4090	-11.72
4091	4091	-22.3519
4092	4092	3.62724
4093	4093	4.4758
4094	4094	-17.9208
4095	4095	-7.2998
4096	4096	-14.2588
4097	4097	-13.8273
4098	4098	7.87942
4099	4099	16.9594
4100	4100	5.35013
4101	4101	13.6911
4102	4102	-7.73868
4103	4103	-10.1865
4104	4104	-21.8888
4105	4105	3.62661
4106	4106	1.26435
4107	4107	15.5568
4108	4108	51.3052
4109	4109	-9.66937
4110	4110	-28.6123
4111	4111	16.3801
4112	4112	6.50727
4113	4113	-0.346979
4114	4114	-5.40148
4115	4115	6.46794
4116	4116	-42.7681
4117	4117	24.0665
4118	4118	-28.9068
4119	4119	-2.52784
4120	4120	3.0335
4121	4121	-18.5349
4122	4122	-1.16837
4123	4123	11.854
4124	4124	-3.29412
4125	4125	-22.8683
4126	4126	3.21742
4127	4127	15.661
4128	4128	-11.9791
4129	4129	35.6371
4130	4130	21.4894
4131	4131	33.7902
4132	4132	-7.48564
4133	4133	2.90247
4134	4134	11.6755
4135	4135	-16.2859
4136	4136	-3.27148
4137	4137	-10.9635
4138	4138	22.9732
4139	4139	-7.17566
4140	4140	-5.97339
4141	4141	-14.1557
4142	4142	12.6847
4143	4143	-8.43735
4144	4144	4.79528
4145	4145	14.3043
4146	4146	-13.4172
4147	4147	19.851
4148	4148	-19.5935
4149	4149	-20.9895
4150	4150	4.09976
4151	4151	4.81193
4152	4152	18.911
4153	4153	59.9513
4154	4154	-9.09677
4155	4155	16.879
4156	4156	12.8174
4157	4157	-15.8124
4158	4158	9.33359
4159	4159	-10.4073
4160	4160	-5.24344
4161	4161	-16.6952
4162	4162	-9.22436
4163	4163	2.93172
4164	4164	-28.415
4165	4165	0.0979969
4166	4166	-25.8404
4167	4167	20.6058
4168	4168	19.6712
4169	4169	-11.5974
4170	4170	-12.919
4171	4171	-3.69353
4172	4172	-0.657315
4173	4173	8.59568
4174	4174	14.7728
4175	4175	21.3244
4176	4176	-1.69099
4177	4177	-15.914
4178	4178	3.00938
4179	4179	16.7767
4180	4180	-9.8994
4181	4181	4.29924
4182	4182	12.9723
4183	4183	-3.48308
4184	4184	-5.9586
4185	4185	-12.345
4186	4186	8.75568
4187	4187	-21.8465
4188	4188	-8.05296
4189	4189	18.6215
4190	4190	-5.68857
4191	4191	2.47156
4192	4192	-14.582
4193	4193	8.2221
4194	4194	-20.039
4195	4195	20.4636
4196	4196	-31.5076
4197	4197	-27.8667
4198	4198	11.5406
4199	4199	-26.7844
4200	4200	-25.1253
4201	4201	-11.04
4202	4202	4.34494
4203	4203	-7.16107
4204	4204	-11.4036
4205	4205	22.5827
4206	4206	-11.5396
4207	4207	11.3385
4208	4208	10.9018
4209	4209	9.90053
4210	4210	48.3472
4211	4211	25.1017
4212	4212	-19.1236
4213	4213	-5.25614
4214	4214	0.234977
4215	4215	-6.19717
4216	4216	35.6932
4217	4217	3.7744
4218	4218	-3.87672
4219	4219	-8.6376
4220	4220	21.3922
4221	4221	-12.636
4222	4222	-8.23569
4223	4223	8.54705
4224	4224	-7.32978
4225	4225	30.4853
4226	4226	-22.941
4227	4227	2.25052
4228	4228	-0.0584598
4229	4229	-17.2371
4230	4230	27.2984
4231	4231	-18.769
4232	4232	15.4143
4233	4233	-7.6859
4234	4234	-8.9116
4235	4235	-28.4876
4236	4236	20.9427
4237	4237	6.31817
4238	4238	-18.6631
4239	4239	1.29663
4240	4240	0.667116
4241	4241	-12.003
4242	4242	22.3137
4243	4243	-3.82322
4244	4244	1.69814
4245	4245	0.753924
4246	4246	-0.740465
4247	4247	-28.5744
4248	4248	3.13074
4249	4249	34.8845
4250	4250	-8.33123
4251	4251	-14.0838
4252	4252	-24.3694
4253	4253	9.36825
4254	4254	-29.4258
4255	4255	-16.9375
4256	4256	-5.53963
4257	4257	5.52523
4258	4258	29.7009
4259	4259	7.55886
4260	4260	-18.0539
4261	4261	-1.6569
4262	4262	-6.72721
4263	4263	-20.0163
4264	4264	-2.37331
4265	4265	-17.3538
4266	4266	13.5059
4267	4267	-13.1471
4268	4268	6.39517
4269	4269	-1.81219
4270	4270	-0.0160958
4271	4271	-13.574
4272	4272	-15.0254
4273	4273	-20.731
4274	4274	-25.8292
4275	4275	27.4035
4276	4276	11.4669
4277	4277	-16.9094
4278	4278	10.8413
4279	4279	-6.76543
4280	4280	-0.56616
4281	4281	-34.1584
4282	4282	2.78891
4283	4283	-5.67388
4284	4284	-30.3497
4285	4285	5.20559
4286	4286	11.4021
4287	4287	-6.26913
4288	4288	-8.96761
4289	4289	-13.2697
4290	4290	-8.95368
4291	4291	-7.92695
4292	4292	-11.6348
4293	4293	18.0526
4294	4294	-9.25165
4295	4295	24.2526
4296	4296	27.2634
4297	4297	10.8807
4298	4298	23.2939
4299	4299	-9.76023
4300	4300	1.02649
4301	4301	-7.1694
4302	4302	29.2094
4303	4303	-3.33552
4304	4304	3.93169
4305	4305	-31.6281
4306	4306	-19.8749
4307	4307	7.48008
4308	4308	-5.88203
4309	4309	-10.8054
4310	4310	-8.87473
4311	4311	-6.8955
4312	4312	-7.09478
4313	4313	31.6792
4314	4314	-13.4876
4315	4315	25.3233
4316	4316	-8.31538
4317	4317	8.52579
4318	4318	14.2242
4319	4319	29.9975
4320	4320	29.3742
4321	4321	10.3243
4322	4322	-14.7643
4323	4323	8.94332
4324	4324	-11.0697
4325	4325	0.133061
4326	4326	21.9881
4327	4327	-11.5988
4328	4328	42.0532
4329	4329	19.5223
4330	4330	8.85061
4331	4331	-16.1851
4332	4332	-12.966
4333	4333	-6.37979
4334	4334	-22.7607
4335	4335	-18.1457
4336	4336	17.4339
4337	4337	13.3474
4338	4338	2.44493
4339	4339	-3.49365
4340	4340	-17.5916
4341	4341	-13.485
4342	4342	10.1925
4343	4343	-4.30897
4344	4344	-10.2351
4345	4345	-1.79073
4346	4346	-9.83545
4347	4347	-28.6878
4348	4348	-15.3444
4349	4349	-35.1951
4350	4350	-13.7879
4351	4351	20.569
4352	4352	14.1534
4353	4353	-4.71816
4354	4354	3.27286
4355	4355	10.4354
4356	4356	6.36501
4357	4357	12.8175
4358	4358	1.45097
4359	4359	-14.4087
4360	4360	-28.9675
4361	4361	12.1062
4362	4362	28.2981
4363	4363	4.49168
4364	4364	2.29555
4365	4365	-1.6616
4366	4366	-41.2921
4367	4367	-11.1247
4368	4368	22.0973
4369	4369	-6.77262
4370	4370	-17.8278
4371	4371	-12.6072
4372	4372	-15.3843
4373	4373	-7.96661
4374	4374	-20.767
4375	4375	-33.4018
4376	4376	7.37412
4377	4377	-1.10823
4378	4378	-25.0702
4379	4379	-21.3534
4380	4380	11.0146
4381	4381	13.2016
4382	4382	-1.29094
4383	4383	-12.9728
4384	4384	-7.40937
4385	4385	-17.758
4386	4386	1.34617
4387	4387	-8.10351
4388	4388	6.77519
4389	4389	11.4286
4390	4390	-3.16616
4391	4391	14.1276
4392	4392	43.8426
4393	4393	-32.9754
4394	4394	-13.4185
4395	4395	22.1403
4396	4396	-19.375
4397	4397	7.93168
4398	4398	-1.88835
4399	4399	-5.91009
4400	4400	-7.39546
4401	4401	35.9716
4402	4402	-5.06501
4403	4403	-0.0586503
4404	4404	4.78894
4405	4405	8.67492
4406	4406	-14.5036
4407	4407	10.3125
4408	4408	-49.0787
4409	4409	-24.7492
4410	4410	8.75017
4411	4411	31.0592
4412	4412	11.059
4413	4413	-31.1445
4414	4414	-18.5851
4415	4415	-12.7511
4416	4416	-1.54619
4417	4417	4.22178
4418	4418	-16.0509
4419	4419	-27.3046
4420	4420	-13.756
4421	4421	-6.6819
4422	4422	16.3638
4423	4423	5.82972
4424	4424	-14.4572
4425	4425	8.14133
4426	4426	-15.749
4427	4427	35.5087
4428	4428	-0.0544686
4429	4429	-15.2969
4430	4430	28.0759
4431	4431	-19.747
4432	4432	15.6844
4433	4433	-11.3911
4434	4434	19.1147
4435	4435	20.4817
4436	4436	6.56946
4437	4437	25.2412
4438	4438	9.19111
4439	4439	-25.6627
4440	4440	-22.613
4441	4441	5.89293
4442	4442	11.7257
4443	4443	-5.90928
4444	4444	-20.1175
4445	4445	-0.0957199
4446	4446	23.3276
4447	4447	-8.83839
4448	4448	-0.0885817
4449	4449	-6.38328
4450	4450	-4.59543
4451	4451	-20.7472
4452	4452	-3.78637
4453	4453	40.3817
4454	4454	-34.3906
4455	4455	-21.9107
4456	4456	26.7362
4457	4457	5.87346
4458	4458	-28.3543
4459	4459	-7.44026
4460	4460	3.8604
4461	4461	-0.496761
4462	4462	17.7651
4463	4463	-4.37409
4464	4464	-1.04295
4465	4465	-16.3836
4466	4466	22.9457
4467	4467	7.87159
4468	4468	-6.9272
4469	4469	21.0576
4470	4470	14.1269
4471	4471	12.9585
4472	4472	4.4962
4473	4473	2.63877
4474	4474	-8.1074
4475	4475	-8.87856
4476	4476	9.52213
4477	4477	-20.3207
4478	4478	21.632
4479	4479	-12.7942
4480	4480	6.13906
4481	4481	10.7011
4482	4482	14.0046
4483	4483	14.9019
4484	4484	-25.1287
4485	4485	-4.35927
4486	4486	-14.7415
4487	4487	9.28295
4488	4488	35.7505
4489	4489	1.1018
4490	4490	26.1044
4491	4491	-11.7697
4492	4492	-16.0192
4493	4493	6.26664
4494	4494	1.03676
4495	4495	8.41555
4496	4496	-30.397
4497	4497	-20.3248
4498	4498	24.2345
4499	4499	-0.18788
4500	4500	6.83557
4501	4501	-23.1143
4502	4502	-7.60765
4503	4503	-16.7505
4504	4504	-1.50743
4505	4505	0.967543
4506	4506	-14.0107
4507	4507	29.2618
4508	4508	-12.6102
4509	4509	-17.1972
4510	4510	-20.343
4511	4511	-2.86771
4512	4512	-10.6251
4513	4513	8.30491
4514	4514	10.1284
4515	4515	-8.02013
4516	4516	26.9887
4517	4517	21.3798
4518	4518	7.62476
4519	4519	1.78053
4520	4520	-13.0829
4521	4521	-6.86428
4522	4522	12.4521
4523	4523	-23.7354
4524	4524	6.01332
4525	4525	28.1174
4526	4526	9.96887
4527	4527	7.04317
4528	4528	27.0051
4529	4529	1.80183
4530	4530	35.6126
4531	4531	-23.0716
4532	4532	-11.347
4533	4533	-2.97747
4534	4534	-15.5297
4535	4535	8.67084
4536	4536	2.53406
4537	4537	15.792
4538	4538	8.16525
4539	4539	-6.86995
4540	4540	5.86767
4541	4541	-0.0745322
4542	4542	-19.3165
4543	4543	9.83512
4544	4544	-15.0155
4545	4545	-7.74931
4546	4546	17.4468
4547	4547	-22.6791
4548	4548	-9.25458
4549	4549	-8.09291
4550	4550	-10.7164
4551	4551	-17.47
4552	4552	6.74636
4553	4553	0.499378
4554	4554	2.7229
4555	4555	10.8234
4556	4556	2.92723
4557	4557	-4.27868
4558	4558	-3.51835
4559	4559	1.5496
4560	4560	-14.0121
4561	4561	8.95067
4562	4562	22.8388
4563	4563	-2.64682
4564	4564	-4.55451
4565	4565	-4.79178
4566	4566	30.7584
4567	4567	4.39293
4568	4568	-32.5809
4569	4569	-8.66707
4570	4570	-4.198
4571	4571	-25.2532
4572	4572	-16.1726
4573	4573	4.07107
4574	4574	-2.83757
4575	4575	-14.8504
4576	4576	-7.84579
4577	4577	18.9426
4578	4578	14.921
4579	4579	-11.8827
4580	4580	-31.8176
4581	4581	-12.8214
4582	4582	-0.262445
4583	4583	34.5983
4584	4584	-22.0993
4585	4585	-1.17815
4586	4586	15.3584
4587	4587	12.1003
4588	4588	-8.57573
4589	4589	23.4638
4590	4590	-11.3328
4591	4591	3.92243
4592	4592	-16.5165
4593	4593	-17.1132
4594	4594	8.00068
4595	4595	8.33152
4596	4596	25.1486
4597	4597	-0.278703
4598	4598	-1.5052
4599	4599	-0.23865
4600	4600	16.7301
4601	4601	-4.37999
4602	4602	12.8306
4603	4603	-18.0857
4604	4604	25.8758
4605	4605	-3.04006
4606	4606	2.16981
4607	4607	10.2032
4608	4608	25.0678
4609	4609	19.3097
4610	4610	-28.2461
4611	4611	-2.55931
4612	4612	-25.0764
4613	4613	6.9265
4614	4614	4.27367
4615	4615	13.9237
4616	4616	-37.0106
4617	4617	16.4499
4618	4618	-6.66098
4619	4619	-7.10351
4620	4620	-7.92015
4621	4621	-10.7086
4622	4622	-22.8514
4623	4623	20.7666
4624	4624	0.533594
4625	4625	-8.28199
4626	4626	-35.1364
4627	4627	-11.9148
4628	4628	-5.44137
4629	4629	6.23628
4630	4630	6.81712
4631	4631	28.9535
4632	4632	-8.02331
4633	4633	10.6112
4634	4634	-6.66476
4635	4635	-6.14047
4636	4636	7.22586
4637	4637	-15.2274
4638	4638	7.83739
4639	4639	30.1052
4640	4640	-29.6131
4641	4641	16.8655
4642	4642	5.09562
4643	4643	-26.21
4644	4644	18.7629
4645	4645	-18.7686
4646	4646	34.6715
4647	4647	2.0206
4648	4648	0.329064
4649	4649	15.4227
4650	4650	3.12818
4651	4651	-3.39819
4652	4652	7.7223
4653	4653	-5.44932
4654	4654	-15.3535
4655	4655	-19.2672
4656	4656	-6.60842
4657	4657	-30.9932
4658	4658	22.5583
4659	4659	-15.9789
4660	4660	-8.15858
4661	4661	1.61866
4662	4662	-18.1052
4663	4663	-15.8459
4664	4664	30.7572
4665	4665	23.374
4666	4666	1.76778
4667	4667	6.48336
4668	4668	16.0345
4669	4669	-28.2546
4670	4670	-22.6307
4671	4671	-25.7785
4672	4672	9.68366
4673	4673	2.42216
4674	4674	-30.6868
4675	4675	-16.7715
4676	4676	-3.25986
4677	4677	12.9297
4678	4678	39.7494
4679	4679	-10.656
4680	4680	19.8478
4681	4681	12.9406
4682	4682	-8.02588
4683	4683	-4.09965
4684	4684	25.5049
4685	4685	17.3439
4686	4686	43.8312
4687	4687	11.4603
4688	4688	-7.46865
4689	4689	0.859908
4690	4690	33.066
4691	4691	-3.7085
4692	4692	-9.67343
4693	4693	-0.463569
4694	4694	-26.5557
4695	4695	8.30743
4696	4696	2.02012
4697	4697	1.03832
4698	4698	-0.0923352
4699	4699	-6.45451
4700	4700	-2.11374
4701	4701	8.54803
4702	4702	-4.9161
4703	4703	-15.5618
4704	4704	18.6771
4705	4705	35.4527
4706	4706	-6.22013
4707	4707	-20.9275
4708	4708	-13.9796
4709	4709	-12.2155
4710	4710	11.1946
4711	4711	6.85771
4712	4712	4.04253
4713	4713	2.83306
4714	4714	-23.0442
4715	4715	-12.22
4716	4716	4.75073
4717	4717	-4.69363
4718	4718	12.8401
4719	4719	5.3511
4720	4720	-25.5009
4721	4721	15.102
4722	4722	40.6652
4723	4723	-31.5974
4724	4724	-4.50265
4725	4725	32.7803
4726	4726	-24.6953
4727	4727	-18.5084
4728	4728	-12.9471
4729	4729	9.81286
4730	4730	4.75678
4731	4731	15.0356
4732	4732	38.152
4733	4733	-17.2206
4734	4734	34.9761
4735	4735	4.53214
4736	4736	17.079
4737	4737	-23.3522
4738	4738	-22.4735
4739	4739	6.88417
4740	4740	12.1212
4741	4741	-15.2848
4742	4742	-3.16328
4743	4743	33.2747
4744	4744	0.768709
4745	4745	15.6193
4746	4746	29.0635
4747	4747	4.86525
4748	4748	-8.82863
4749	4749	11.7829
4750	4750	-4.92809
4751	4751	9.45526
4752	4752	10.442
4753	4753	-16.7181
4754	4754	-8.34372
4755	4755	8.6187
4756	4756	-27.1099
4757	4757	25.0012
4758	4758	10.2482
4759	4759	21.0565
4760	4760	15.4893
4761	4761	-27.8236
4762	4762	-1.93139
4763	4763	32.1329
4764	4764	-10.7616
4765	4765	-29.6617
4766	4766	-8.99281
4767	4767	16.8624
4768	4768	23.7607
4769	4769	-17.239
4770	4770	9.11593
4771	4771	-24.3195
4772	4772	-8.60609
4773	4773	-7.66603
4774	4774	-10.4318
4775	4775	23.9639
4776	4776	-11.3349
4777	4777	-1.46913
4778	4778	-9.36804
4779	4779	17.3574
4780	4780	-26.5375
4781	4781	-16.9293
4782	4782	40.4653
4783	4783	10.4265
4784	4784	-7.1121
4785	4785	12.3743
4786	4786	3.79025
4787	4787	-21.6742
4788	4788	13.7079
4789	4789	2.60444
4790	4790	7.98864
4791	4791	-3.59405
4792	4792	-2.74807
4793	4793	-1.94431
4794	4794	-5.11114
4795	4795	2.21443
4796	4796	4.57785
4797	4797	-11.3043
4798	4798	-14.0109
4799	4799	14.8801
