sample_id	sample_id2	phensim
zero	zero	-14.0378
1	1	4.3921
2	2	-17.7831
3	3	-39.9885
4	4	10.8932
5	5	-13.2178
6	6	14.4186
7	7	-16.4932
8	8	-30.2393
9	9	-22.1467
10	10	24.0284
11	11	-4.23472
12	12	-26.8403
13	13	-10.6563
14	14	-20.3544
15	15	-22.9208
16	16	-23.1156
17	17	7.68094
18	18	-25.5196
19	19	-16.6194
20	20	19.1033
21	21	-6.32736
22	22	15.7545
23	23	-18.644
24	24	-26.0389
25	25	-17.1219
26	26	-5.27949
27	27	-26.4432
28	28	15.7291
29	29	-27.0909
30	30	-30.528
31	31	2.93937
32	32	4.48556
33	33	-33.0211
34	34	-8.88198
35	35	-7.28638
36	36	-27.7159
37	37	-10.3034
38	38	-18.9387
39	39	-8.55092
40	40	22.7623
41	41	23.6463
42	42	53.7472
43	43	-32.9996
44	44	-10.367
45	45	16.9624
46	46	-10.9225
47	47	5.21167
48	48	9.30543
49	49	-16.8544
50	50	9.01183
51	51	-3.84406
52	52	27.2493
53	53	-18.286
54	54	-15.7051
55	55	8.97321
56	56	-11.1002
57	57	35.5026
58	58	-17.6639
59	59	-2.38599
60	60	-1.74385
61	61	24.4339
62	62	-2.02456
63	63	-21.5399
64	64	-33.9098
65	65	28.7076
66	66	-27.417
67	67	14.1326
68	68	-3.31026
69	69	-32.6613
70	70	34.1798
71	71	15.4839
72	72	-11.0998
73	73	17.388
74	74	21.3256
75	75	-18.9021
76	76	20.4049
77	77	13.1421
78	78	-24.5665
79	79	-10.0368
80	80	29.4545
81	81	-31.739
82	82	12.0887
83	83	7.56928
84	84	-27.1901
85	85	10.4441
86	86	9.54952
87	87	-23.4993
88	88	4.37086
89	89	18.0959
90	90	16.8911
91	91	-16.7359
92	92	15.9806
93	93	-6.81066
94	94	-5.33243
95	95	1.43384
96	96	-1.58823
97	97	-14.6499
98	98	-0.991979
99	99	35.1571
100	100	18.1574
101	101	-5.08156
102	102	13.168
103	103	31.0704
104	104	-10.7839
105	105	9.40108
106	106	-9.88138
107	107	-16.8537
108	108	-13.168
109	109	20.3639
110	110	27.5563
111	111	-42.5063
112	112	31.0491
113	113	-5.22978
114	114	-29.7917
115	115	6.08899
116	116	37.008
117	117	4.59526
118	118	0.703451
119	119	-30.8913
120	120	11.7174
121	121	-33.4712
122	122	-36.0396
123	123	-3.87788
124	124	5.63711
125	125	-9.70261
126	126	-29.5965
127	127	-0.775072
128	128	7.73312
129	129	-7.28032
130	130	-13.1038
131	131	-11.8413
132	132	-4.64918
133	133	-61.1151
134	134	35.0601
135	135	27.7331
136	136	-3.40305
137	137	-16.6319
138	138	-7.5802
139	139	-19.8724
140	140	-3.89195
141	141	-13.6252
142	142	-3.06967
143	143	24.372
144	144	-33.4577
145	145	-14.7291
146	146	-18.5307
147	147	-5.76988
148	148	-15.315
149	149	-1.39462
150	150	-2.45546
151	151	-17.3159
152	152	-31.934
153	153	19.8617
154	154	14.3563
155	155	-12.5776
156	156	14.0758
157	157	13.0564
158	158	4.39911
159	159	22.9619
160	160	35.3586
161	161	12.398
162	162	16.3428
163	163	29.3129
164	164	33.5913
165	165	-7.94451
166	166	-15.4492
167	167	16.1533
168	168	31.5554
169	169	28.838
170	170	4.69967
171	171	24.0124
172	172	-17.829
173	173	-5.05742
174	174	10.7153
175	175	9.71656
176	176	-11.3717
177	177	13.8451
178	178	-6.10348
179	179	44.8964
180	180	21.736
181	181	44.9482
182	182	-20.3422
183	183	-34.6583
184	184	28.8886
185	185	-45.0781
186	186	-24.0571
187	187	-26.0388
188	188	-27.9137
189	189	-18.1668
190	190	-9.47764
191	191	-23.2416
192	192	-6.31945
193	193	57.244
194	194	-3.46621
195	195	36.4115
196	196	34.5767
197	197	18.5461
198	198	-41.6956
199	199	11.4733
200	200	29.3536
201	201	3.0062
202	202	-6.83669
203	203	18.2078
204	204	-8.36234
205	205	19.4077
206	206	-19.3197
207	207	-37.0844
208	208	-24.1691
209	209	-2.34213
210	210	1.0051
211	211	4.77098
212	212	-4.22825
213	213	-8.29268
214	214	14.8374
215	215	-9.90244
216	216	9.32301
217	217	-9.08815
218	218	12.8428
219	219	18.6927
220	220	-0.264705
221	221	-38.6709
222	222	11.3765
223	223	-12.0714
224	224	8.69318
225	225	-9.36625
226	226	-3.05126
227	227	-21.464
228	228	17.1287
229	229	-4.99153
230	230	-1.30761
231	231	-0.906358
232	232	22.032
233	233	16.9237
234	234	-8.65616
235	235	6.46713
236	236	10.5039
237	237	7.4502
238	238	39.1999
239	239	-5.95405
240	240	-1.85863
241	241	4.7474
242	242	19.7294
243	243	-9.75701
244	244	42.3408
245	245	3.04077
246	246	-37.1807
247	247	-21.6557
248	248	27.0272
249	249	-24.5579
250	250	56.428
251	251	29.2427
252	252	-16.2564
253	253	9.01495
254	254	-33.4896
255	255	7.07878
256	256	-19.5448
257	257	12.7498
258	258	-21.1306
259	259	20.6322
260	260	-1.14784
261	261	-8.42618
262	262	11.5267
263	263	11.2322
264	264	-7.20172
265	265	-3.8342
266	266	-8.77102
267	267	15.6101
268	268	-18.8408
269	269	-18.2514
270	270	-56.5574
271	271	-9.92248
272	272	-12.4744
273	273	-30.6853
274	274	-38.0246
275	275	22.1272
276	276	40.7231
277	277	12.9416
278	278	14.1884
279	279	-27.2722
280	280	43.4897
281	281	-16.7986
282	282	-6.77268
283	283	-36.4204
284	284	15.7202
285	285	-20.4264
286	286	-4.88879
287	287	-5.03753
288	288	-11.8251
289	289	22.7884
290	290	36.7556
291	291	20.9796
292	292	-12.5369
293	293	10.1159
294	294	-18.7895
295	295	2.36631
296	296	20.8357
297	297	-26.941
298	298	12.8065
299	299	-4.70745
300	300	5.15907
301	301	1.01578
302	302	-52.2219
303	303	-19.8558
304	304	36.4457
305	305	-2.58321
306	306	39.5324
307	307	-8.41299
308	308	13.1942
309	309	0.904353
310	310	-18.5366
311	311	-0.922331
312	312	-7.91004
313	313	-1.24618
314	314	14.9222
315	315	30.0221
316	316	-16.8941
317	317	7.15569
318	318	-11.5572
319	319	17.8822
320	320	10.1991
321	321	-16.146
322	322	-7.57782
323	323	7.9537
324	324	-17.1371
325	325	34.2337
326	326	21.2764
327	327	4.57206
328	328	65.9792
329	329	-27.6711
330	330	-3.68675
331	331	40.638
332	332	10.1839
333	333	-32.8968
334	334	4.85894
335	335	23.3092
336	336	30.9093
337	337	10.4227
338	338	-4.69449
339	339	-2.15942
340	340	30.8418
341	341	18.007
342	342	-30.9608
343	343	-6.74381
344	344	26.0079
345	345	17.5599
346	346	32.8315
347	347	-11.3855
348	348	29.3661
349	349	-43.7912
350	350	1.78806
351	351	-9.442
352	352	49.544
353	353	24.8762
354	354	-0.868712
355	355	-41.7338
356	356	22.5806
357	357	-0.0364817
358	358	-35.091
359	359	-5.52966
360	360	20.0652
361	361	3.54559
362	362	-20.2853
363	363	-7.42309
364	364	6.98446
365	365	0.411835
366	366	-18.6381
367	367	4.0466
368	368	-21.8606
369	369	-8.45604
370	370	19.0345
371	371	-26.1633
372	372	1.52708
373	373	0.00531874
374	374	26.237
375	375	20.3735
376	376	11.374
377	377	-10.4271
378	378	-18.823
379	379	-25.3493
380	380	-15.3302
381	381	1.9426
382	382	23.2075
383	383	-13.5275
384	384	40.6808
385	385	-4.21623
386	386	18.337
387	387	7.99024
388	388	14.3577
389	389	-20.6784
390	390	-16.5535
391	391	4.21753
392	392	5.76427
393	393	-0.0758354
394	394	-23.683
395	395	11.6725
396	396	18.1939
397	397	23.8804
398	398	-15.0797
399	399	20.0026
400	400	3.24568
401	401	-10.5008
402	402	-43.962
403	403	-11.5096
404	404	-12.0283
405	405	-5.84708
406	406	14.2339
407	407	2.2049
408	408	-8.94821
409	409	-11.5231
410	410	-4.65181
411	411	14.4018
412	412	24.6721
413	413	-10.7175
414	414	17.113
415	415	18.0619
416	416	7.6769
417	417	-2.27081
418	418	12.1054
419	419	-26.7034
420	420	-11.2967
421	421	0.15972
422	422	4.59401
423	423	6.64314
424	424	4.47524
425	425	-8.95446
426	426	-20.0439
427	427	53.8935
428	428	16.5787
429	429	-36.4264
430	430	6.71869
431	431	17.2648
432	432	-0.70935
433	433	18.2539
434	434	-31.6465
435	435	-31.3964
436	436	5.64841
437	437	34.7822
438	438	-29.3412
439	439	6.35705
440	440	-7.11462
441	441	-0.392163
442	442	-0.488551
443	443	-19.1055
444	444	24.1379
445	445	6.04014
446	446	8.18453
447	447	-10.1407
448	448	27.3699
449	449	-54.5796
450	450	5.9379
451	451	-25.346
452	452	12.8898
453	453	9.17448
454	454	-25.3578
455	455	4.35408
456	456	-20.6881
457	457	-20.3499
458	458	2.9902
459	459	9.99997
460	460	-16.3117
461	461	-33.8269
462	462	6.23113
463	463	18.4342
464	464	7.40669
465	465	-6.6605
466	466	-1.47049
467	467	-40.8965
468	468	11.7688
469	469	3.40436
470	470	13.0802
471	471	-4.82794
472	472	-0.00828403
473	473	29.3184
474	474	-1.09948
475	475	-28.3603
476	476	0.561897
477	477	-8.77295
478	478	-11.49
479	479	17.7392
480	480	-19.4253
481	481	-37.4674
482	482	-11.8504
483	483	35.1254
484	484	-4.46836
485	485	-10.72
486	486	-18.1543
487	487	0.466008
488	488	12.656
489	489	10.1448
490	490	-7.7383
491	491	15.1268
492	492	-9.1431
493	493	-2.86203
494	494	-17.7371
495	495	-14.6476
496	496	-13.0354
497	497	12.4363
498	498	24.5211
499	499	-9.67454
500	500	-10.1445
501	501	-14.0768
502	502	8.73372
503	503	-0.418262
504	504	42.9267
505	505	-10.8536
506	506	22.1482
507	507	15.3105
508	508	-4.96109
509	509	18.6772
510	510	-14.664
511	511	-36.5045
512	512	8.19318
513	513	7.5782
514	514	18.8174
515	515	-3.43784
516	516	-3.04669
517	517	10.9299
518	518	-2.49642
519	519	9.49321
520	520	51.6909
521	521	-15.892
522	522	-14.5098
523	523	23.9035
524	524	0.0232241
525	525	19.8884
526	526	2.81906
527	527	9.70441
528	528	-4.5142
529	529	-4.02084
530	530	29.2064
531	531	10.7212
532	532	17.5349
533	533	-31.9467
534	534	9.37861
535	535	13.85
536	536	6.12696
537	537	22.5081
538	538	14.7112
539	539	-34.0868
540	540	-9.37214
541	541	-30.8326
542	542	1.16489
543	543	23.5919
544	544	-11.2958
545	545	64.1826
546	546	-5.71041
547	547	19.4307
548	548	-26.7287
549	549	11.849
550	550	-20.5671
551	551	15.7833
552	552	-28.8518
553	553	34.9002
554	554	28.7177
555	555	8.22558
556	556	45.2511
557	557	-2.74184
558	558	-27.47
559	559	30.4389
560	560	17.7342
561	561	-4.12282
562	562	-35.3008
563	563	-5.03109
564	564	37.7735
565	565	0.666333
566	566	2.88634
567	567	-10.1137
568	568	2.83112
569	569	13.2595
570	570	29.8118
571	571	-10.3386
572	572	3.67091
573	573	-1.49503
574	574	9.82454
575	575	-25.5451
576	576	5.06127
577	577	27.9049
578	578	36.4022
579	579	15.0344
580	580	-6.00433
581	581	30.6984
582	582	23.6916
583	583	-21.7894
584	584	5.74053
585	585	9.99205
586	586	33.0847
587	587	-19.5524
588	588	-0.27779
589	589	-5.82326
590	590	-7.87774
591	591	28.1355
592	592	8.79577
593	593	28.3489
594	594	-24.2974
595	595	4.41386
596	596	-25.8579
597	597	34.3891
598	598	12.2985
599	599	-27.3422
600	600	-41.7011
601	601	-3.16627
602	602	-2.32906
603	603	-18.7521
604	604	10.8822
605	605	19.3233
606	606	-6.32293
607	607	6.59998
608	608	8.73982
609	609	12.4477
610	610	-11.8221
611	611	7.69706
612	612	-20.741
613	613	-4.46044
614	614	9.73074
615	615	19.9627
616	616	-19.9741
617	617	-19.3069
618	618	30.8485
619	619	-7.06641
620	620	8.03664
621	621	-8.08154
622	622	4.10177
623	623	0.773551
624	624	-3.98451
625	625	6.68987
626	626	16.8797
627	627	-2.46283
628	628	-15.5131
629	629	-36.5179
630	630	-25.7386
631	631	31.5765
632	632	-48.3556
633	633	-11.6182
634	634	-28.0527
635	635	38.8073
636	636	13.5053
637	637	63.8059
638	638	-22.7786
639	639	2.04651
640	640	9.04255
641	641	11.4855
642	642	-19.4572
643	643	23.0949
644	644	6.35322
645	645	2.24533
646	646	-18.5497
647	647	-1.63891
648	648	-25.857
649	649	50.5499
650	650	-18.104
651	651	-10.9242
652	652	3.14294
653	653	-15.3144
654	654	-23.3831
655	655	15.2843
656	656	-17.2873
657	657	-7.71949
658	658	35.9523
659	659	-0.451545
660	660	-13.2273
661	661	-23.5158
662	662	0.272548
663	663	-32.4819
664	664	-13.146
665	665	-0.326051
666	666	-10.0188
667	667	-15.4805
668	668	12.1717
669	669	-21.6677
670	670	-16.9992
671	671	-21.6143
672	672	-14.8773
673	673	13.4142
674	674	-21.1687
675	675	-2.06637
676	676	-14.6907
677	677	-14.7164
678	678	-13.496
679	679	22.1439
680	680	-13.6624
681	681	-17.527
682	682	-3.05921
683	683	39.0997
684	684	-19.1533
685	685	20.5918
686	686	-1.3202
687	687	-15.9335
688	688	6.69242
689	689	10.6944
690	690	2.78197
691	691	14.5365
692	692	-26.2386
693	693	-16.5777
694	694	-15.1284
695	695	31.7185
696	696	-18.4438
697	697	-22.9895
698	698	28.7702
699	699	0.917974
700	700	42.0714
701	701	-6.86665
702	702	40.5612
703	703	-14.5599
704	704	-40.5378
705	705	22.1288
706	706	26.43
707	707	2.9999
708	708	10.528
709	709	0.0549811
710	710	14.3609
711	711	9.07837
712	712	7.01965
713	713	-18.4703
714	714	46.7106
715	715	-4.91743
716	716	8.62723
717	717	29.7146
718	718	19.444
719	719	3.34967
720	720	-8.10357
721	721	-15.05
722	722	-26.8834
723	723	13.8086
724	724	16.0285
725	725	-9.72353
726	726	0.167704
727	727	-11.1619
728	728	-14.2909
729	729	-25.3314
730	730	19.8113
731	731	42.5091
732	732	-7.20676
733	733	7.03079
734	734	54.9249
735	735	20.6793
736	736	27.2704
737	737	-4.57066
738	738	17.2823
739	739	-3.9793
740	740	43.9541
741	741	37.8358
742	742	-11.687
743	743	30.297
744	744	-22.7124
745	745	-1.90657
746	746	-4.81844
747	747	-26.673
748	748	-19.4074
749	749	-16.2125
750	750	25.7847
751	751	-19.0079
752	752	-17.7826
753	753	51.5965
754	754	-31.0923
755	755	39.5892
756	756	-22.8974
757	757	-44.8174
758	758	6.03773
759	759	-4.27932
760	760	24.314
761	761	12.983
762	762	-25.8074
763	763	-23.6353
764	764	-10.5448
765	765	-1.2717
766	766	-4.11671
767	767	19.6209
768	768	-19.4461
769	769	37.4638
770	770	-29.3431
771	771	-18.7428
772	772	1.80194
773	773	29.3889
774	774	-12.8546
775	775	-2.90256
776	776	24.4628
777	777	-25.6303
778	778	24.348
779	779	9.99108
780	780	6.82042
781	781	-16.0114
782	782	-37.2615
783	783	-20.7664
784	784	38.1528
785	785	23.2968
786	786	23.146
787	787	-16.0724
788	788	-25.8029
789	789	2.13306
790	790	0.293433
791	791	19.5124
792	792	-36.7926
793	793	37.7512
794	794	5.35159
795	795	25.3503
796	796	-1.90161
797	797	-15.0135
798	798	59.0051
799	799	31.4702
800	800	13.4369
801	801	13.3002
802	802	-12.704
803	803	0.197513
804	804	18.7711
805	805	-23.8996
806	806	22.035
807	807	-33.3588
808	808	7.10287
809	809	16.003
810	810	7.38544
811	811	12.714
812	812	-6.0523
813	813	-9.06662
814	814	26.4832
815	815	-5.49726
816	816	0.893236
817	817	-21.2393
818	818	3.24246
819	819	-0.842754
820	820	32.5722
821	821	-32.2852
822	822	0.532122
823	823	-13.5797
824	824	-21.9353
825	825	15.9002
826	826	-2.91175
827	827	33.0888
828	828	-25.473
829	829	-13.1997
830	830	-25.7773
831	831	18.5098
832	832	8.56759
833	833	-7.91327
834	834	34.3761
835	835	10.9455
836	836	-2.30118
837	837	-46.0961
838	838	-19.8654
839	839	-2.29363
840	840	-27.2517
841	841	-12.2243
842	842	10.026
843	843	21.2961
844	844	3.51636
845	845	13.9239
846	846	-10.3134
847	847	-3.96923
848	848	25.5033
849	849	-15.1981
850	850	-22.2898
851	851	-10.1124
852	852	26.895
853	853	-10.7194
854	854	-13.0879
855	855	2.04868
856	856	-11.1915
857	857	21.1741
858	858	-5.72306
859	859	4.94355
860	860	19.8498
861	861	-7.89422
862	862	2.27799
863	863	-12.9295
864	864	0.348346
865	865	3.1018
866	866	12.7232
867	867	-17.3328
868	868	-18.5164
869	869	-7.96937
870	870	-19.5451
871	871	-21.8477
872	872	52.3351
873	873	-4.62427
874	874	10.9138
875	875	44.5012
876	876	8.56616
877	877	-38.8835
878	878	15.3126
879	879	12.6349
880	880	-9.03334
881	881	30.0383
882	882	-12.3672
883	883	26.1294
884	884	9.07832
885	885	-11.4481
886	886	-9.40071
887	887	-6.08261
888	888	-37.6875
889	889	21.681
890	890	-4.65015
891	891	-2.60587
892	892	-7.82665
893	893	-22.7271
894	894	24.7203
895	895	6.05385
896	896	5.96259
897	897	30.5967
898	898	-20.2526
899	899	-9.9562
900	900	24.7569
901	901	25.3867
902	902	1.21226
903	903	9.09044
904	904	2.10053
905	905	21.0095
906	906	28.1325
907	907	-23.5704
908	908	11.9093
909	909	-27.7137
910	910	-3.80439
911	911	-17.9669
912	912	16.5658
913	913	-10.5179
914	914	-27.3002
915	915	-0.944264
916	916	-14.6893
917	917	14.9842
918	918	7.5127
919	919	3.51244
920	920	8.93518
921	921	-14.7411
922	922	35.9977
923	923	-7.744
924	924	18.5271
925	925	-7.44421
926	926	-0.883443
927	927	0.877331
928	928	-23.0954
929	929	-45.4302
930	930	-29.3552
931	931	5.40711
932	932	-6.16137
933	933	2.17756
934	934	-0.764225
935	935	-19.8588
936	936	-0.535045
937	937	-16.0831
938	938	3.42702
939	939	8.98138
940	940	34.6026
941	941	7.7449
942	942	12.5675
943	943	-20.7978
944	944	21.4038
945	945	0.643662
946	946	17.525
947	947	3.35189
948	948	-29.4496
949	949	-48.0448
950	950	21.307
951	951	-27.929
952	952	13.9833
953	953	29.931
954	954	1.14032
955	955	1.74407
956	956	25.5193
957	957	8.67931
958	958	3.03882
959	959	1.66086
960	960	4.4128
961	961	3.32004
962	962	9.8507
963	963	13.7021
964	964	-6.70627
965	965	0.657046
966	966	8.49742
967	967	12.2922
968	968	6.23119
969	969	32.1459
970	970	-21.1979
971	971	-34.645
972	972	-27.0717
973	973	5.79722
974	974	15.0663
975	975	-22.014
976	976	1.86929
977	977	-6.13225
978	978	22.6856
979	979	5.27325
980	980	1.57933
981	981	20.5455
982	982	22.0037
983	983	1.62113
984	984	-6.93162
985	985	-18.1342
986	986	-15.0251
987	987	-22.6738
988	988	37.0422
989	989	-21.2422
990	990	-14.0932
991	991	10.5885
992	992	-38.7217
993	993	42.1996
994	994	20.7743
995	995	-17.4948
996	996	-17.9095
997	997	-34.2607
998	998	43.3485
999	999	23.3019
1000	1000	-40.2578
1001	1001	-0.719699
1002	1002	-20.7287
1003	1003	-4.73486
1004	1004	-11.6999
1005	1005	2.03474
1006	1006	12.8957
1007	1007	28.3078
1008	1008	7.37453
1009	1009	14.6982
1010	1010	-31.3758
1011	1011	-19.1556
1012	1012	6.12944
1013	1013	19.154
1014	1014	-4.03334
1015	1015	17.5319
1016	1016	7.13963
1017	1017	41.7979
1018	1018	13.4694
1019	1019	3.32164
1020	1020	-14.7155
1021	1021	6.19785
1022	1022	14.0987
1023	1023	-12.301
1024	1024	-7.4539
1025	1025	-7.94539
1026	1026	-14.9523
1027	1027	-26.7264
1028	1028	-32.4664
1029	1029	-23.7589
1030	1030	-4.53518
1031	1031	-3.50178
1032	1032	33.9906
1033	1033	-21.9579
1034	1034	-21.2665
1035	1035	-2.76925
1036	1036	28.3752
1037	1037	-10.6036
1038	1038	-49.6067
1039	1039	-26.3304
1040	1040	-9.13047
1041	1041	38.8698
1042	1042	-4.69149
1043	1043	-5.61074
1044	1044	-12.0636
1045	1045	-30.0804
1046	1046	-13.136
1047	1047	1.96837
1048	1048	21.4599
1049	1049	1.95168
1050	1050	12.4298
1051	1051	13.373
1052	1052	-25.5425
1053	1053	11.3871
1054	1054	-17.4448
1055	1055	-6.77792
1056	1056	36.0784
1057	1057	-12.9862
1058	1058	-5.79807
1059	1059	5.29704
1060	1060	0.657226
1061	1061	13.1798
1062	1062	31.8381
1063	1063	22.958
1064	1064	6.69119
1065	1065	13.4197
1066	1066	15.6229
1067	1067	34.1764
1068	1068	26.6144
1069	1069	-58.8646
1070	1070	-31.6803
1071	1071	6.03507
1072	1072	-48.3922
1073	1073	22.0417
1074	1074	1.48695
1075	1075	-7.33143
1076	1076	-1.62202
1077	1077	-31.1789
1078	1078	7.96194
1079	1079	36.3249
1080	1080	-15.8749
1081	1081	-27.4996
1082	1082	-14.6458
1083	1083	-21.7685
1084	1084	18.1273
1085	1085	-2.22939
1086	1086	40.2082
1087	1087	34.215
1088	1088	2.27586
1089	1089	-12.527
1090	1090	-33.9656
1091	1091	-5.5337
1092	1092	0.506337
1093	1093	-36.3823
1094	1094	2.87782
1095	1095	28.6577
1096	1096	5.46739
1097	1097	-33.3707
1098	1098	-21.4513
1099	1099	-13.8797
1100	1100	14.0681
1101	1101	4.26729
1102	1102	-15.5638
1103	1103	-29.5855
1104	1104	-5.00076
1105	1105	-3.58467
1106	1106	-15.1127
1107	1107	13.6376
1108	1108	28.3527
1109	1109	-7.79428
1110	1110	-27.9653
1111	1111	5.12934
1112	1112	2.49245
1113	1113	-22.5957
1114	1114	-24.285
1115	1115	-17.0692
1116	1116	-11.8461
1117	1117	-30.0769
1118	1118	-19.4888
1119	1119	-30.6636
1120	1120	-6.83842
1121	1121	2.00117
1122	1122	-20.9976
1123	1123	-58.0934
1124	1124	25.5077
1125	1125	-2.1525
1126	1126	15.7564
1127	1127	-42.3491
1128	1128	9.84541
1129	1129	2.20497
1130	1130	-15.111
1131	1131	-7.74386
1132	1132	9.99453
1133	1133	41.5815
1134	1134	13.9896
1135	1135	-4.94994
1136	1136	-5.15249
1137	1137	-9.34716
1138	1138	23.0483
1139	1139	25.5139
1140	1140	11.9988
1141	1141	-27.9037
1142	1142	-31.5482
1143	1143	2.48064
1144	1144	-0.702013
1145	1145	-32.1099
1146	1146	15.0207
1147	1147	9.88312
1148	1148	30.9073
1149	1149	7.96616
1150	1150	22.0623
1151	1151	-19.8742
1152	1152	-2.80019
1153	1153	44.8444
1154	1154	-9.71901
1155	1155	-47.9561
1156	1156	-18.1988
1157	1157	-3.0754
1158	1158	-6.00312
1159	1159	15.1734
1160	1160	-46.3504
1161	1161	8.49221
1162	1162	13.4862
1163	1163	-9.91229
1164	1164	0.988465
1165	1165	-25.1534
1166	1166	-3.36851
1167	1167	-6.43297
1168	1168	18.3133
1169	1169	13.9949
1170	1170	4.52455
1171	1171	35.973
1172	1172	-22.6256
1173	1173	-6.35516
1174	1174	-22.2728
1175	1175	37.8886
1176	1176	38.7444
1177	1177	18.9788
1178	1178	-18.6239
1179	1179	-7.986
1180	1180	7.13479
1181	1181	0.843065
1182	1182	9.15918
1183	1183	13.298
1184	1184	-16.5063
1185	1185	20.1663
1186	1186	17.9849
1187	1187	47.6977
1188	1188	36.7645
1189	1189	20.3312
1190	1190	28.3411
1191	1191	-0.401726
1192	1192	24.5483
1193	1193	35.0922
1194	1194	-7.71193
1195	1195	-14.4123
1196	1196	-6.18559
1197	1197	21.9787
1198	1198	-5.42164
1199	1199	-23.1857
