sample_id	sample_id2	phensim
zero	zero	-33.9079
1	1	22.3921
2	2	9.04131
3	3	-19.6726
4	4	-30.6307
5	5	9.26481
6	6	-1.54208
7	7	16.325
8	8	-25.5071
9	9	21.2717
10	10	-5.54876
11	11	-37.0205
12	12	66.4
13	13	-57.7731
14	14	-12.4016
15	15	-15.2699
16	16	-17.0644
17	17	37.8834
18	18	28.159
19	19	-27.964
20	20	-46.909
21	21	-26.1197
22	22	46.212
23	23	-28.4002
24	24	10.4167
25	25	3.29512
26	26	27.9953
27	27	-0.531597
28	28	37.7914
29	29	79.3168
30	30	33.289
31	31	31.1005
32	32	-13.7708
33	33	-31.5819
34	34	12.8755
35	35	5.61647
36	36	-18.4736
37	37	-44.3232
38	38	18.2463
39	39	-48.0077
40	40	-7.44466
41	41	10.4419
42	42	-3.62731
43	43	8.83263
44	44	10.0659
45	45	-5.01611
46	46	12.1465
47	47	40.4111
48	48	17.0234
49	49	-26.0075
50	50	21.1773
51	51	20.9591
52	52	-9.02204
53	53	-17.8582
54	54	-25.4601
55	55	62.6225
56	56	-26.5999
57	57	10.9356
58	58	20.5978
59	59	11.5069
60	60	29.9396
61	61	3.35584
62	62	-0.678199
63	63	7.91082
64	64	44.9843
65	65	19.791
66	66	21.6183
67	67	-6.47645
68	68	19.515
69	69	0.976776
70	70	-42.7638
71	71	-8.91221
72	72	-1.29846
73	73	60.0039
74	74	46.1019
75	75	48.9267
76	76	16.591
77	77	28.3511
78	78	-12.7987
79	79	29.3604
80	80	-5.65841
81	81	-29.8659
82	82	25.3232
83	83	32.7536
84	84	35.03
85	85	53.7062
86	86	50.6721
87	87	10.5207
88	88	-23.037
89	89	21.5365
90	90	10.2339
91	91	27.4954
92	92	20.1144
93	93	-13.9216
94	94	-29.4415
95	95	27.7978
96	96	-28.1508
97	97	-29.1748
98	98	-32.8513
99	99	-5.93969
100	100	-13.4631
101	101	10.3377
102	102	5.28071
103	103	40.0297
104	104	-24.1347
105	105	3.17508
106	106	-36.5319
107	107	26.6405
108	108	-16.6181
109	109	-29.8866
110	110	43.5204
111	111	33.1296
112	112	-19.0319
113	113	-3.22715
114	114	-53.7868
115	115	-21.3654
116	116	15.7925
117	117	-19.2432
118	118	-29.4787
119	119	-21.4802
120	120	48.6577
121	121	1.93497
122	122	-42.3908
123	123	-13.2561
124	124	7.11122
125	125	26.9075
126	126	18.7679
127	127	1.55783
128	128	13.2704
129	129	-5.84779
130	130	10.4043
131	131	2.09787
132	132	-3.9628
133	133	47.8046
134	134	44.7717
135	135	4.60051
136	136	4.51185
137	137	-2.5073
138	138	-9.84869
139	139	9.6444
140	140	20.7493
141	141	42.1503
142	142	34.4308
143	143	-26.1108
144	144	42.8359
145	145	-31.1695
146	146	-21.8607
147	147	-9.73192
148	148	-20.5539
149	149	-29.472
150	150	-11.9935
151	151	-70.8083
152	152	-17.0722
153	153	-29.0002
154	154	-1.50471
155	155	-35.7462
156	156	38.3655
157	157	36.592
158	158	21.3415
159	159	-13.5528
160	160	8.33328
161	161	18.8238
162	162	1.76662
163	163	-4.52945
164	164	-43.8793
165	165	4.73
166	166	30.2539
167	167	24.4589
168	168	-27.5968
169	169	8.7312
170	170	42.2362
171	171	9.65413
172	172	30.9367
173	173	31.2008
174	174	-44.418
175	175	-8.22802
176	176	13.2859
177	177	17.6065
178	178	48.3797
179	179	-35.8587
180	180	0.976362
181	181	-18.312
182	182	1.6784
183	183	27.5645
184	184	-14.5958
185	185	33.8329
186	186	61.0347
187	187	0.364014
188	188	5.34077
189	189	-21.1694
190	190	18.8844
191	191	14.4903
192	192	-21.185
193	193	18.7049
194	194	7.84223
195	195	17.4713
196	196	35.3213
197	197	-39.2597
198	198	23.2658
199	199	-46.3371
200	200	15.8113
201	201	81.6443
202	202	4.27117
203	203	30.3477
204	204	22.8011
205	205	33.4343
206	206	-11.7988
207	207	21.17
208	208	24.6886
209	209	-3.88491
210	210	-34.332
211	211	-25.8951
212	212	27.834
213	213	1.90194
214	214	35.5251
215	215	12.6817
216	216	-2.51516
217	217	-26.58
218	218	-17.7431
219	219	-35.9377
220	220	0.379994
221	221	-11.8548
222	222	-12.2876
223	223	21.9984
224	224	-41.9297
225	225	-0.968242
226	226	-33.415
227	227	10.1049
228	228	-18.3808
229	229	18.0653
230	230	7.68247
231	231	21.9672
232	232	37.9963
233	233	7.66445
234	234	43.0072
235	235	-19.45
236	236	-0.841267
237	237	7.40765
238	238	-53.1017
239	239	-23.9623
240	240	-6.7102
241	241	21.4783
242	242	-35.9034
243	243	18.9241
244	244	-24.5177
245	245	34.6473
246	246	19.0021
247	247	1.18321
248	248	16.3583
249	249	-1.73206
250	250	17.2618
251	251	33.3146
252	252	-49.3556
253	253	62.2702
254	254	11.4238
255	255	-9.19793
256	256	-12.6917
257	257	-12.1984
258	258	-39.3326
259	259	27.6282
260	260	18.426
261	261	-16.5639
262	262	-9.50332
263	263	-9.77513
264	264	4.19652
265	265	30.7468
266	266	-6.10518
267	267	12.4113
268	268	-59.382
269	269	-43.8742
270	270	-12.8291
271	271	-34.9113
272	272	-43.1389
273	273	-26.999
274	274	23.916
275	275	-22.8751
276	276	-15.8705
277	277	-26.3251
278	278	-54.4313
279	279	-44.5316
280	280	-42.2452
281	281	-21.9552
282	282	19.8276
283	283	58.5142
284	284	14.6502
285	285	40.3276
286	286	-39.786
287	287	70.7863
288	288	-10.7242
289	289	1.40925
290	290	45.7619
291	291	-23.3036
292	292	-12.3465
293	293	-6.74275
294	294	8.36506
295	295	-10.8781
296	296	5.7374
297	297	-29.5883
298	298	26.8862
299	299	4.32974
300	300	25.1995
301	301	-9.87314
302	302	-26.0022
303	303	-19.1892
304	304	-10.2894
305	305	-19.3935
306	306	-11.9649
307	307	34.1331
308	308	-16.0225
309	309	-4.75447
310	310	14.7214
311	311	-18.5845
312	312	23.0148
313	313	-7.56175
314	314	15.1584
315	315	-13.6449
316	316	-46.8931
317	317	-39.825
318	318	16.1926
319	319	-38.1573
320	320	13.7142
321	321	-30.0444
322	322	-14.0703
323	323	-12.1563
324	324	-14.5757
325	325	-14.5307
326	326	18.706
327	327	11.6093
328	328	-42.8066
329	329	-0.779749
330	330	12.9919
331	331	35.5063
332	332	-20.4232
333	333	37.2171
334	334	35.2217
335	335	-2.30473
336	336	-21.4447
337	337	-21.6926
338	338	-29.8192
339	339	-66.3023
340	340	5.8253
341	341	-32.2811
342	342	-3.23866
343	343	42.9869
344	344	21.6811
345	345	-7.02213
346	346	27.7407
347	347	-8.08546
348	348	-6.15271
349	349	-30.2673
350	350	-27.5527
351	351	-22.0614
352	352	-48.9174
353	353	20.8301
354	354	-4.68048
355	355	-31.8652
356	356	6.30776
357	357	-22.1327
358	358	23.0845
359	359	37.6852
360	360	-21.3837
361	361	49.3005
362	362	-8.66397
363	363	7.35809
364	364	-17.8696
365	365	-10.0125
366	366	9.40096
367	367	-26.2708
368	368	-19.531
369	369	-14.3397
370	370	-37.8157
371	371	-3.17027
372	372	37.0572
373	373	-34.5517
374	374	-51.6003
375	375	50.7532
376	376	-34.172
377	377	-8.89687
378	378	-22.8724
379	379	-19.5016
380	380	-41.0707
381	381	-25.8776
382	382	28.917
383	383	-7.95245
384	384	0.470741
385	385	-18.5263
386	386	-13.116
387	387	34.2593
388	388	0.743187
389	389	25.7403
390	390	-4.76821
391	391	10.5437
392	392	-1.22455
393	393	-37.0433
394	394	-27.8269
395	395	-25.297
396	396	-14.1258
397	397	-53.7392
398	398	0.0477191
399	399	16.4843
400	400	28.5525
401	401	29.9963
402	402	0.896353
403	403	-0.148238
404	404	-51.4436
405	405	-37.456
406	406	-15.3201
407	407	78.1532
408	408	-48.2564
409	409	7.30312
410	410	17.7844
411	411	-41.0046
412	412	20.7698
413	413	2.81736
414	414	12.6262
415	415	-6.03395
416	416	-3.66639
417	417	-32.1141
418	418	0.545899
419	419	-14.3246
420	420	15.867
421	421	-17.3031
422	422	33.4566
423	423	14.7823
424	424	10.8559
425	425	-24.0302
426	426	-21.1528
427	427	-56.4009
428	428	-36.4732
429	429	15.9081
430	430	-0.831645
431	431	-7.54892
432	432	22.5155
433	433	6.32082
434	434	27.7317
435	435	30.2207
436	436	21.112
437	437	6.29518
438	438	-29.4343
439	439	-9.26296
440	440	9.17029
441	441	54.9733
442	442	16.0752
443	443	-21.3557
444	444	-18.7035
445	445	24.925
446	446	3.25146
447	447	-19.8487
448	448	13.7156
449	449	-28.8082
450	450	14.5338
451	451	1.33483
452	452	5.91568
453	453	26.1089
454	454	12.2756
455	455	-34.4104
456	456	31.8558
457	457	32.1733
458	458	-43.023
459	459	29.9999
460	460	6.52688
461	461	-31.9248
462	462	-9.45742
463	463	8.01201
464	464	42.6525
465	465	-29.919
466	466	-17.9957
467	467	24.5412
468	468	24.9687
469	469	-6.62872
470	470	-12.8911
471	471	27.01
472	472	-4.72506
473	473	6.48397
474	474	-3.63763
475	475	1.2666
476	476	-26.687
477	477	22.0762
478	478	-22.2482
479	479	-36.6236
480	480	20.3413
481	481	12.9987
482	482	-1.94702
483	483	46.2173
484	484	1.45155
485	485	20.9132
486	486	-19.7551
487	487	-22.9563
488	488	41.9939
489	489	-33.1958
490	490	-25.3901
491	491	-47.3499
492	492	-54.1023
493	493	-32.9934
494	494	19.3022
495	495	25.7775
496	496	11.2098
497	497	-27.4676
498	498	-10.0803
499	499	-21.2809
500	500	1.18557
501	501	-12.2397
502	502	-34.4993
503	503	-13.7522
504	504	49.4057
505	505	11.4312
506	506	38.3319
507	507	49.3166
508	508	6.11921
509	509	-16.9446
510	510	5.70785
511	511	-18.7931
512	512	-24.7782
513	513	83.1196
514	514	-23.6321
515	515	23.4947
516	516	46.608
517	517	60.4331
518	518	34.4506
519	519	-4.61419
520	520	-20.3059
521	521	11.6772
522	522	35.4803
523	523	29.6886
524	524	32.6397
525	525	14.5973
526	526	1.98004
527	527	-1.9776
528	528	-54.9762
529	529	-26.3681
530	530	-4.90104
531	531	13.6548
532	532	3.96594
533	533	17.1362
534	534	-1.50149
535	535	-32.2972
536	536	25.4467
537	537	-5.65259
538	538	48.1427
539	539	15.1967
540	540	11.6509
541	541	9.874
542	542	32.9321
543	543	31.0128
544	544	64.6866
545	545	22.2173
546	546	1.41652
547	547	17.8632
548	548	10.8766
549	549	8.44425
550	550	8.9381
551	551	0.148008
552	552	8.9521
553	553	23.3354
554	554	-35.1741
555	555	-0.145979
556	556	12.7604
557	557	-7.21005
558	558	13.029
559	559	50.9234
560	560	2.1177
561	561	33.1181
562	562	-17.0104
563	563	-10.0975
564	564	47.6069
565	565	29.9628
566	566	-4.17051
567	567	-12.0481
568	568	20.6541
569	569	44.1041
570	570	-11.8716
571	571	-16.6988
572	572	67.2729
573	573	5.60538
574	574	38.3231
575	575	17.1198
576	576	9.56918
577	577	29.4623
578	578	32.0065
579	579	14.9289
580	580	-31.9735
581	581	-15.6305
582	582	33.8723
583	583	3.47089
584	584	-39.8162
585	585	-8.44444
586	586	13.5212
587	587	-6.425
588	588	37.1319
589	589	5.03531
590	590	-29.5737
591	591	18.4165
592	592	-20.8163
593	593	-5.33801
594	594	-25.8056
595	595	46.4229
596	596	-4.64308
597	597	-20.1073
598	598	-40.0548
599	599	-10.7473
600	600	21.8942
601	601	-3.6465
602	602	69.3184
603	603	8.98878
604	604	29.8337
605	605	-22.928
606	606	-8.13051
607	607	29.4393
608	608	34.445
609	609	-14.2409
610	610	-0.767962
611	611	-44.3242
612	612	26.6762
613	613	-39.1807
614	614	-18.0758
615	615	10.1733
616	616	-23.1517
617	617	13.4946
618	618	31.8448
619	619	-39.2437
620	620	2.26315
621	621	-17.0197
622	622	-47.8408
623	623	-20.3607
624	624	-32.1615
625	625	-5.16408
626	626	-54.1904
627	627	38.4338
628	628	32.0141
629	629	24.5859
630	630	-19.9688
631	631	-59.2767
632	632	41.4527
633	633	-3.08744
634	634	-21.9545
635	635	-31.7198
636	636	-4.15758
637	637	19.3545
638	638	15.4661
639	639	8.88998
640	640	37.2717
641	641	-29.7251
642	642	-20.1215
643	643	40.4996
644	644	21.3871
645	645	-5.51915
646	646	-23.9097
647	647	-7.97507
648	648	-52.105
649	649	-29.8736
650	650	25.135
651	651	28.2163
652	652	-5.37869
653	653	34.8336
654	654	-35.2225
655	655	-17.9804
656	656	-40.4894
657	657	25.8242
658	658	14.8373
659	659	-3.03104
660	660	0.402726
661	661	53.9193
662	662	-9.70341
663	663	-27.7401
664	664	-25.5996
665	665	0.745233
666	666	-55.8554
667	667	4.9056
668	668	29.0181
669	669	9.20381
670	670	-19.6815
671	671	-44.2177
672	672	-34.9862
673	673	-22.5085
674	674	8.44463
675	675	29.5877
676	676	40.8187
677	677	27.1435
678	678	28.8407
679	679	-21.2425
680	680	-11.9755
681	681	3.54482
682	682	10.3588
683	683	23.4573
684	684	12.2271
685	685	33.5561
686	686	40.4452
687	687	-1.45689
688	688	3.69704
689	689	9.10976
690	690	-1.02404
691	691	18.5099
692	692	46.5736
693	693	30.3762
694	694	-11.4566
695	695	-13.8952
696	696	-11.1976
697	697	-14.7046
698	698	-16.8981
699	699	31.449
700	700	15.1208
701	701	22.8718
702	702	9.9093
703	703	15.9173
704	704	-17.9381
705	705	-29.4698
706	706	15.2456
707	707	-30.1253
708	708	21.9198
709	709	-11.8038
710	710	44.8513
711	711	-2.26992
712	712	0.9281
713	713	37.141
714	714	11.0235
715	715	-14.0059
716	716	27.5889
717	717	-29.7879
718	718	-5.22545
719	719	2.1426
720	720	-9.37367
721	721	33.1857
722	722	25.4208
723	723	-34.3585
724	724	-13.8655
725	725	-63.9171
726	726	-33.088
727	727	6.45463
728	728	-0.662756
729	729	-38.8471
730	730	32.0768
731	731	-14.4175
732	732	-3.62995
733	733	4.5376
734	734	-8.96901
735	735	6.75788
736	736	-34.5289
737	737	18.6915
738	738	-29.8757
739	739	-14.4407
740	740	-17.375
741	741	14.8124
742	742	5.32689
743	743	56.5249
744	744	-31.0121
745	745	16.4455
746	746	18.0083
747	747	-20.5401
748	748	-39.1322
749	749	-34.7332
750	750	44.5617
751	751	-29.708
752	752	12.7691
753	753	-0.889133
754	754	-7.21779
755	755	-29.4755
756	756	-3.31245
757	757	48.4147
758	758	-22.278
759	759	-23.1629
760	760	43.9884
761	761	-32.3384
762	762	18.6967
763	763	-4.11993
764	764	-9.13956
765	765	21.1253
766	766	-14.8192
767	767	-19.9789
768	768	-0.243431
769	769	67.9952
770	770	42.9788
771	771	15.5004
772	772	-11.395
773	773	-53.6671
774	774	-47.6379
775	775	22.4153
776	776	5.86081
777	777	1.89757
778	778	13.1285
779	779	40.9246
780	780	-5.93506
781	781	-39.3827
782	782	8.61532
783	783	37.0997
784	784	-21.0414
785	785	14.9114
786	786	34.5087
787	787	-51.7432
788	788	27.5029
789	789	2.58329
790	790	9.05734
791	791	-24.9773
792	792	31.9379
793	793	-23.4628
794	794	46.0452
795	795	14.9213
796	796	7.0983
797	797	18.2384
798	798	17.3225
799	799	-39.2348
800	800	-24.5463
801	801	-16.3394
802	802	-10.3318
803	803	-51.7819
804	804	20.748
805	805	-24.0729
806	806	-26.7347
807	807	71.3135
808	808	28.0139
809	809	15.6847
810	810	22.3055
811	811	-21.9995
812	812	17.9104
813	813	-12.4174
814	814	-19.3824
815	815	12.6061
816	816	47.4177
817	817	-30.8601
818	818	23.177
819	819	31.0718
820	820	14.5206
821	821	4.66332
822	822	51.857
823	823	-31.1247
824	824	-88.2743
825	825	-15.0235
826	826	-54.8939
827	827	5.09895
828	828	-54.1446
829	829	-0.500583
830	830	9.67587
831	831	-8.13839
832	832	16.5336
833	833	15.3209
834	834	-5.5576
835	835	4.00344
836	836	19.5554
837	837	55.0631
838	838	4.59478
839	839	3.40414
840	840	-30.4316
841	841	-15.4105
842	842	-10.6074
843	843	56.2663
844	844	71.2936
845	845	29.7408
846	846	-24.7162
847	847	-32.6116
848	848	38.3723
849	849	-11.3237
850	850	42.3583
851	851	-31.0659
852	852	47.5709
853	853	-43.4369
854	854	13.2957
855	855	-17.9071
856	856	-19.7132
857	857	5.24946
858	858	14.6537
859	859	-16.9042
860	860	1.46242
861	861	-56.6977
862	862	55.4579
863	863	-38.0416
864	864	-17.531
865	865	19.1265
866	866	-35.5356
867	867	7.01242
868	868	-9.83849
869	869	0.609267
870	870	-3.67361
871	871	-14.6832
872	872	17.0343
873	873	16.4202
874	874	12.1405
875	875	29.8248
876	876	-27.1299
877	877	-43.7302
878	878	-50.0388
879	879	6.90097
880	880	28.4858
881	881	10.4444
882	882	-17.7549
883	883	4.23916
884	884	-35.1933
885	885	-13.3751
886	886	9.70001
887	887	-30.0179
888	888	5.41793
889	889	22.8992
890	890	-8.73093
891	891	14.5732
892	892	12.3017
893	893	36.235
894	894	-6.91356
895	895	23.4049
896	896	47.3404
897	897	-75.9527
898	898	-45.2751
899	899	24.3055
900	900	-2.1535
901	901	-3.77103
902	902	0.933673
903	903	-7.69615
904	904	-16.0107
905	905	-24.7715
906	906	-12.1698
907	907	34.6947
908	908	-13.6542
909	909	9.12222
910	910	-11.6162
911	911	-23.1197
912	912	1.16833
913	913	49.6007
914	914	-32.6043
915	915	-36.2239
916	916	-7.5083
917	917	-8.04928
918	918	19.0857
919	919	-37.4163
920	920	1.23115
921	921	-43.529
922	922	-13.0956
923	923	17.7166
924	924	-8.88733
925	925	33.0413
926	926	-0.922217
927	927	28.7977
928	928	40.653
929	929	15.5183
930	930	-11.7803
931	931	21.8294
932	932	3.74419
933	933	19.6903
934	934	13.1893
935	935	-11.9265
936	936	-27.5674
937	937	-13.8322
938	938	46.2121
939	939	-44.4662
940	940	-29.5655
941	941	19.4444
942	942	30.5812
943	943	26.2244
944	944	-53.618
945	945	2.86117
946	946	65.5189
947	947	8.59515
948	948	33.8404
949	949	-34.1435
950	950	-30.0575
951	951	-0.772271
952	952	-20.3115
953	953	3.80671
954	954	-14.3481
955	955	0.717636
956	956	-14.4297
957	957	41.9467
958	958	-35.2129
959	959	21.7464
960	960	7.25104
961	961	19.6769
962	962	-44.3977
963	963	17.0606
964	964	-39.5055
965	965	38.1913
966	966	62.205
967	967	-25.8432
968	968	-11.7554
969	969	-8.54299
970	970	57.5203
971	971	-15.8347
972	972	3.83928
973	973	16.4022
974	974	2.96291
975	975	-7.28146
976	976	21.0794
977	977	-22.7366
978	978	-33.9415
979	979	-7.99415
980	980	-4.52414
981	981	-15.5083
982	982	-11.1084
983	983	5.47559
984	984	-2.34569
985	985	-42.7033
986	986	-43.1263
987	987	-22.9619
988	988	-16.6873
989	989	-4.85826
990	990	-4.61486
991	991	39.2116
992	992	-47.6724
993	993	-10.0314
994	994	-29.141
995	995	33.8464
996	996	-40.1622
997	997	12.686
998	998	53.6883
999	999	-6.34532
1000	1000	-17.0937
1001	1001	57.2911
1002	1002	-8.2147
1003	1003	35.745
1004	1004	3.62752
1005	1005	-12.5429
1006	1006	18.4267
1007	1007	-7.18896
1008	1008	-38.585
1009	1009	6.67478
1010	1010	-24.9424
1011	1011	8.48138
1012	1012	-47.1463
1013	1013	10.6699
1014	1014	-27.5204
1015	1015	3.70962
1016	1016	2.40125
1017	1017	-42.8399
1018	1018	19.1022
1019	1019	65.7529
1020	1020	-16.1814
1021	1021	-27.3221
1022	1022	3.58295
1023	1023	-1.58198
1024	1024	-3.20952
1025	1025	9.252
1026	1026	-17.4501
1027	1027	-18.5562
1028	1028	38.2506
1029	1029	-28.6702
1030	1030	12.0004
1031	1031	43.0429
1032	1032	5.90955
1033	1033	-27.0542
1034	1034	23.7579
1035	1035	-11.8634
1036	1036	-33.0254
1037	1037	18.7685
1038	1038	41.0512
1039	1039	-4.66517
1040	1040	-32.5015
1041	1041	-25.0931
1042	1042	-12.1697
1043	1043	-8.33049
1044	1044	-6.86402
1045	1045	-42.1047
1046	1046	-4.62529
1047	1047	5.09537
1048	1048	-4.00282
1049	1049	20.2676
1050	1050	-12.263
1051	1051	-0.0230634
1052	1052	27.3064
1053	1053	-34.7655
1054	1054	36.7999
1055	1055	-6.65633
1056	1056	-10.6418
1057	1057	-9.39802
1058	1058	33.2467
1059	1059	-42.1794
1060	1060	-13.6325
1061	1061	3.14771
1062	1062	13.9156
1063	1063	7.81952
1064	1064	7.40843
1065	1065	28.1153
1066	1066	54.1792
1067	1067	31.0937
1068	1068	-28.2615
1069	1069	12.4283
1070	1070	-45.8987
1071	1071	13.9579
1072	1072	28.9458
1073	1073	32.2385
1074	1074	17.8886
1075	1075	-7.91804
1076	1076	8.87851
1077	1077	43.9036
1078	1078	56.3791
1079	1079	12.4976
1080	1080	39.5535
1081	1081	-18.3976
1082	1082	5.25133
1083	1083	2.28457
1084	1084	26.5675
1085	1085	2.76906
1086	1086	41.449
1087	1087	17.4651
1088	1088	-4.21808
1089	1089	-32.7207
1090	1090	-25.6463
1091	1091	-13.7354
1092	1092	-41.7136
1093	1093	52.2085
1094	1094	10.0064
1095	1095	20.1298
1096	1096	27.1364
1097	1097	-9.47645
1098	1098	11.4138
1099	1099	49.6475
1100	1100	1.39402
1101	1101	-6.43304
1102	1102	-2.46232
1103	1103	7.41135
1104	1104	2.43902
1105	1105	-6.66343
1106	1106	6.86189
1107	1107	-19.595
1108	1108	12.9967
1109	1109	-25.498
1110	1110	12.1628
1111	1111	5.29053
1112	1112	60.5823
1113	1113	30.626
1114	1114	23.2149
1115	1115	3.14246
1116	1116	-24.5513
1117	1117	-27.2556
1118	1118	-6.79993
1119	1119	-11.8715
1120	1120	16.3661
1121	1121	25.1318
1122	1122	-11.0361
1123	1123	0.865082
1124	1124	-28.7684
1125	1125	-10.995
1126	1126	12.7868
1127	1127	-40.7609
1128	1128	19.6646
1129	1129	-13.2099
1130	1130	-25.6334
1131	1131	4.56944
1132	1132	-34.4439
1133	1133	-34.1337
1134	1134	-23.2461
1135	1135	-13.91
1136	1136	39.5767
1137	1137	-13.6087
1138	1138	-20.1497
1139	1139	-21.54
1140	1140	10.3162
1141	1141	-6.28003
1142	1142	20.2684
1143	1143	51.1253
1144	1144	31.6309
1145	1145	-12.2663
1146	1146	-4.45429
1147	1147	1.77771
1148	1148	30.1363
1149	1149	6.52721
1150	1150	6.2329
1151	1151	40.8425
1152	1152	-0.0667996
1153	1153	28.5711
1154	1154	1.30634
1155	1155	-14.3504
1156	1156	-25.6612
1157	1157	-10.8255
1158	1158	18.3382
1159	1159	-27.0369
1160	1160	-46.004
1161	1161	-29.0174
1162	1162	-28.0663
1163	1163	-1.23954
1164	1164	7.9083
1165	1165	-75.1741
1166	1166	34.861
1167	1167	16.978
1168	1168	-14.0625
1169	1169	15.9665
1170	1170	-74.789
1171	1171	-33.0605
1172	1172	8.38128
1173	1173	48.7186
1174	1174	7.03029
1175	1175	28.9559
1176	1176	30.1332
1177	1177	51.9476
1178	1178	14.8297
1179	1179	-33.0814
1180	1180	0.733116
1181	1181	40.6045
1182	1182	12.0825
1183	1183	24.3999
1184	1184	4.51478
1185	1185	6.72764
1186	1186	-17.0966
1187	1187	-9.38323
1188	1188	36.9071
1189	1189	-4.08904
1190	1190	-1.05332
1191	1191	-18.1842
1192	1192	20.033
1193	1193	52.3484
1194	1194	-20.6782
1195	1195	-21.7987
1196	1196	-14.7606
1197	1197	29.5461
1198	1198	-42.2496
1199	1199	8.38282
1200	1200	-28.4932
1201	1201	-5.68698
1202	1202	-10.3694
1203	1203	27.6883
1204	1204	-34.4627
1205	1205	-2.75305
1206	1206	-17.882
1207	1207	-16.827
1208	1208	11.7602
1209	1209	-1.65106
1210	1210	-72.6295
1211	1211	19.4632
1212	1212	-19.6906
1213	1213	26.4012
1214	1214	10.3834
1215	1215	1.01817
1216	1216	0.134015
1217	1217	-10.7851
1218	1218	-3.89669
1219	1219	-27.095
1220	1220	58.3975
1221	1221	-7.17156
1222	1222	41.524
1223	1223	-28.516
1224	1224	-64.6319
1225	1225	-18.2686
1226	1226	17.3356
1227	1227	4.88195
1228	1228	-19.3219
1229	1229	31.9108
1230	1230	-14.696
1231	1231	14.4058
1232	1232	-22.7157
1233	1233	3.19021
1234	1234	34.5473
1235	1235	27.1785
1236	1236	-20.3513
1237	1237	-16.6044
1238	1238	12.3533
1239	1239	18.0363
1240	1240	12.2614
1241	1241	-3.33662
1242	1242	46.5301
1243	1243	-13.6413
1244	1244	15.2171
1245	1245	-14.5121
1246	1246	-19.7066
1247	1247	-6.92867
1248	1248	35.224
1249	1249	19.0197
1250	1250	-6.00457
1251	1251	-23.4878
1252	1252	32.9089
1253	1253	8.49137
1254	1254	-22.7718
1255	1255	23.5435
1256	1256	-35.724
1257	1257	20.4871
1258	1258	30.0686
1259	1259	-2.77679
1260	1260	46.3692
1261	1261	-50.2965
1262	1262	-30.1656
1263	1263	30.8705
1264	1264	33.1942
1265	1265	-21.3904
1266	1266	-6.40147
1267	1267	10.5009
1268	1268	26.6315
1269	1269	-22.0314
1270	1270	-14.2535
1271	1271	60.1312
1272	1272	6.69548
1273	1273	-25.7737
1274	1274	8.18763
1275	1275	39.9141
1276	1276	8.54669
1277	1277	16.3482
1278	1278	-45.1606
1279	1279	-15.7732
1280	1280	-3.37494
1281	1281	-33.0752
1282	1282	-23.4689
1283	1283	-10.4074
1284	1284	-46.2378
1285	1285	45.5153
1286	1286	34.3139
1287	1287	-20.8167
1288	1288	9.49536
1289	1289	12.8142
1290	1290	6.47939
1291	1291	-25.7707
1292	1292	10.2321
1293	1293	-65.8057
1294	1294	38.6243
1295	1295	-27.2368
1296	1296	43.1842
1297	1297	-2.93903
1298	1298	-31.4239
1299	1299	19.2908
1300	1300	44.3465
1301	1301	10.7453
1302	1302	-49.0112
1303	1303	-12.7507
1304	1304	-18.3665
1305	1305	-27.0265
1306	1306	0.56862
1307	1307	35.0961
1308	1308	-14.6033
1309	1309	-37.1958
1310	1310	-0.761053
1311	1311	16.3858
1312	1312	0.554028
1313	1313	-48.2605
1314	1314	-14.4122
1315	1315	27.8153
1316	1316	-8.42298
1317	1317	-3.41243
1318	1318	-3.56033
1319	1319	-30.7696
1320	1320	79.0023
1321	1321	5.96954
1322	1322	7.79119
1323	1323	-42.0749
1324	1324	-45.8611
1325	1325	29.9041
1326	1326	6.61577
1327	1327	4.85421
1328	1328	-10.9225
1329	1329	13.9252
1330	1330	19.4024
1331	1331	-1.85651
1332	1332	-19.3129
1333	1333	-1.33822
1334	1334	-0.903474
1335	1335	46.93
1336	1336	1.31615
1337	1337	-14.5924
1338	1338	-19.1293
1339	1339	-17.9661
1340	1340	-58.4652
1341	1341	36.0716
1342	1342	12.6079
1343	1343	11.877
1344	1344	24.2573
1345	1345	8.01832
1346	1346	54.8189
1347	1347	32.374
1348	1348	-20.1609
1349	1349	15.6694
1350	1350	14.1981
1351	1351	-7.26194
1352	1352	-34.3493
1353	1353	-30.3083
1354	1354	-5.59031
1355	1355	-40.4068
1356	1356	-40.2281
1357	1357	31.0023
1358	1358	23.3856
1359	1359	-29.3485
1360	1360	40.5625
1361	1361	-11.6189
1362	1362	-17.8433
1363	1363	11.2595
1364	1364	60.9622
1365	1365	-1.0619
1366	1366	-23.6202
1367	1367	-19.0879
1368	1368	-7.76588
1369	1369	-14.6439
1370	1370	7.39175
1371	1371	24.5192
1372	1372	12.5802
1373	1373	-7.23678
1374	1374	7.68602
1375	1375	-37.5496
1376	1376	2.51122
1377	1377	39.1797
1378	1378	32.2452
1379	1379	-19.6844
1380	1380	-38.3078
1381	1381	8.36976
1382	1382	-3.99638
1383	1383	44.6455
1384	1384	-4.13925
1385	1385	-7.86077
1386	1386	8.52628
1387	1387	1.46651
1388	1388	-22.7331
1389	1389	-60.6373
1390	1390	-4.09139
1391	1391	47.8628
1392	1392	20.9747
1393	1393	-21.3435
1394	1394	-2.63803
1395	1395	0.638691
1396	1396	-5.59801
1397	1397	2.34816
1398	1398	20.1896
1399	1399	-1.52245
1400	1400	7.16436
1401	1401	-2.03987
1402	1402	-4.01404
1403	1403	70.2317
1404	1404	12.7213
1405	1405	-6.09582
1406	1406	4.3999
1407	1407	-12.7032
1408	1408	-51.3995
1409	1409	-1.1774
1410	1410	6.87583
1411	1411	31.5974
1412	1412	-25.5478
1413	1413	-17.2537
1414	1414	34.9775
1415	1415	-14.2829
1416	1416	24.0701
1417	1417	-25.0215
1418	1418	22.0324
1419	1419	-12.96
1420	1420	31.0586
1421	1421	-8.05764
1422	1422	-10.2908
1423	1423	38.1282
1424	1424	30.0513
1425	1425	-16.4169
1426	1426	-2.44936
1427	1427	-41.5642
1428	1428	-40.3418
1429	1429	13.8018
1430	1430	-54.723
1431	1431	-43.9634
1432	1432	33.2486
1433	1433	14.5472
1434	1434	-36.9688
1435	1435	8.14635
1436	1436	-21.2514
1437	1437	-8.88062
1438	1438	-28.1083
1439	1439	5.2439
1440	1440	5.16917
1441	1441	-18.4674
1442	1442	57.7754
1443	1443	-21.5274
1444	1444	-6.79361
1445	1445	-12.554
1446	1446	64.3697
1447	1447	-4.2652
1448	1448	47.6834
1449	1449	5.98491
1450	1450	26.5954
1451	1451	1.23816
1452	1452	-7.15166
1453	1453	-22.1463
1454	1454	-13.6249
1455	1455	-12.8157
1456	1456	-29.3988
1457	1457	-39.1543
1458	1458	-29.2693
1459	1459	5.93014
1460	1460	1.7793
1461	1461	17.7487
1462	1462	-21.658
1463	1463	-48.37
1464	1464	-8.58126
1465	1465	-19.7332
1466	1466	11.4675
1467	1467	35.2479
1468	1468	58.168
1469	1469	-9.55187
1470	1470	-40.8335
1471	1471	-1.49491
1472	1472	13.0357
1473	1473	37.0489
1474	1474	-10.7143
1475	1475	9.35443
1476	1476	36.0304
1477	1477	-32.3749
1478	1478	19.3632
1479	1479	52.9473
1480	1480	3.51153
1481	1481	9.20622
1482	1482	41.828
1483	1483	-24.9182
1484	1484	-51.4333
1485	1485	4.52095
1486	1486	-28.0181
1487	1487	22.7218
1488	1488	-22.0461
1489	1489	-14.0139
1490	1490	-1.90131
1491	1491	-43.0501
1492	1492	24.4043
1493	1493	-31.2524
1494	1494	-8.47246
1495	1495	-1.96038
1496	1496	11.684
1497	1497	14.5686
1498	1498	13.4456
1499	1499	-35.2014
1500	1500	-16.7853
1501	1501	-1.73351
1502	1502	37.2275
1503	1503	19.6163
1504	1504	-30.1822
1505	1505	-42.7942
1506	1506	20.5088
1507	1507	-11.2035
1508	1508	37.4973
1509	1509	28.6233
1510	1510	24.717
1511	1511	3.45805
1512	1512	-23.5084
1513	1513	1.75117
1514	1514	23.908
1515	1515	2.06823
1516	1516	-31.3609
1517	1517	-29.2753
1518	1518	-17.7637
1519	1519	-17.9362
1520	1520	-37.1389
1521	1521	1.97
1522	1522	-15.0848
1523	1523	-13.2286
1524	1524	-16.8404
1525	1525	17.8765
1526	1526	-3.63777
1527	1527	54.8406
1528	1528	35.2329
1529	1529	-6.27163
1530	1530	45.786
1531	1531	-46.6193
1532	1532	-29.3019
1533	1533	-35.3453
1534	1534	-37.4072
1535	1535	5.94353
1536	1536	-33.45
1537	1537	1.48259
1538	1538	20.0039
1539	1539	18.9958
1540	1540	51.1523
1541	1541	1.50131
1542	1542	22.8196
1543	1543	-10.3578
1544	1544	21.7906
1545	1545	23.0557
1546	1546	28.7215
1547	1547	8.92844
1548	1548	24.4017
1549	1549	60.6648
1550	1550	17.2544
1551	1551	-2.78436
1552	1552	-22.3769
1553	1553	19.9753
1554	1554	27.0914
1555	1555	28.9961
1556	1556	3.81471
1557	1557	-56.9952
1558	1558	14.3894
1559	1559	19.3471
1560	1560	36.578
1561	1561	-0.859832
1562	1562	3.47543
1563	1563	-64.564
1564	1564	10.5861
1565	1565	-31.0077
1566	1566	50.7667
1567	1567	-11.1295
1568	1568	31.5474
1569	1569	1.42108
1570	1570	5.13481
1571	1571	-0.217414
1572	1572	58.3545
1573	1573	-2.87148
1574	1574	-29.4183
1575	1575	-32.9407
1576	1576	23.785
1577	1577	-16.1074
1578	1578	31.2805
1579	1579	-28.2341
1580	1580	-39.8062
1581	1581	-9.61367
1582	1582	7.05091
1583	1583	33.0298
1584	1584	27.5768
1585	1585	-17.2664
1586	1586	-8.02013
1587	1587	-48.5885
1588	1588	38.3773
1589	1589	21.2453
1590	1590	-17.5932
1591	1591	-34.8477
1592	1592	-11.8481
1593	1593	11.7723
1594	1594	-53.5177
1595	1595	-2.64879
1596	1596	26.7791
1597	1597	-1.67314
1598	1598	22.1188
1599	1599	17.3995
1600	1600	-44.1963
1601	1601	30.2213
1602	1602	3.7791
1603	1603	-14.9001
1604	1604	6.8205
1605	1605	-26.8316
1606	1606	51.7267
1607	1607	12.0991
1608	1608	-11.5241
1609	1609	25.1682
1610	1610	-10.7575
1611	1611	-40.799
1612	1612	-15.6469
1613	1613	-49.1057
1614	1614	-9.12156
1615	1615	24.4866
1616	1616	-24.5655
1617	1617	-45.3352
1618	1618	-9.73528
1619	1619	6.8107
1620	1620	59.8342
1621	1621	-3.43175
1622	1622	-19.5858
1623	1623	28.0731
1624	1624	-13.0863
1625	1625	-40.2555
1626	1626	5.55057
1627	1627	20.4339
1628	1628	-46.9023
1629	1629	71.0841
1630	1630	-31.6111
1631	1631	-35.473
1632	1632	3.91225
1633	1633	-18.3652
1634	1634	-16.6922
1635	1635	-7.85289
1636	1636	-20.5785
1637	1637	-19.345
1638	1638	57.9178
1639	1639	0.474491
1640	1640	13.8697
1641	1641	0.871403
1642	1642	37.6142
1643	1643	6.40146
1644	1644	20.5806
1645	1645	-36.0827
1646	1646	-21.9679
1647	1647	42.9208
1648	1648	-28.7602
1649	1649	42.091
1650	1650	29.5756
1651	1651	-12.0544
1652	1652	-35.2099
1653	1653	38.0221
1654	1654	27.9391
1655	1655	51.7889
1656	1656	-30.2448
1657	1657	50.9933
1658	1658	-21.4969
1659	1659	19.7617
1660	1660	-2.89506
1661	1661	-10.3933
1662	1662	-13.2182
1663	1663	30.9078
1664	1664	-3.70139
1665	1665	56.0329
1666	1666	24.8684
1667	1667	53.2755
1668	1668	-37.2425
1669	1669	-5.98783
1670	1670	17.3382
1671	1671	-23.3599
1672	1672	-18.1273
1673	1673	-14.7274
1674	1674	48.4376
1675	1675	32.8403
1676	1676	-36.9211
1677	1677	58.501
1678	1678	10.083
1679	1679	-7.08959
1680	1680	-10.8536
1681	1681	0.349607
1682	1682	-8.15464
1683	1683	4.23118
1684	1684	6.76415
1685	1685	-12.0637
1686	1686	-40.021
1687	1687	-8.54689
1688	1688	-7.3065
1689	1689	-30.648
1690	1690	5.56318
1691	1691	20.2665
1692	1692	20.4851
1693	1693	-18.6784
1694	1694	65.5988
1695	1695	22.9979
1696	1696	1.09239
1697	1697	14.6083
1698	1698	67.5153
1699	1699	63.0691
1700	1700	-14.0845
1701	1701	31.9224
1702	1702	3.29238
1703	1703	24.4775
1704	1704	25.8807
1705	1705	-24.1458
1706	1706	9.9939
1707	1707	23.0766
1708	1708	-57.8568
1709	1709	-25.4638
1710	1710	-19.1378
1711	1711	18.3563
1712	1712	10.2373
1713	1713	-13.7095
1714	1714	15.694
1715	1715	-19.8973
1716	1716	-51.8754
1717	1717	17.432
1718	1718	-28.7322
1719	1719	12.0833
1720	1720	12.7963
1721	1721	7.16448
1722	1722	16.2894
1723	1723	-16.6766
1724	1724	70.9652
1725	1725	-53.5198
1726	1726	51.2894
1727	1727	38.8165
1728	1728	-49.3594
1729	1729	31.2595
1730	1730	-10.85
1731	1731	-7.32643
1732	1732	-16.5751
1733	1733	-42.1335
1734	1734	-20.4909
1735	1735	-13.7915
1736	1736	-5.60221
1737	1737	32.3411
1738	1738	-18.9596
1739	1739	25.0298
1740	1740	28.7685
1741	1741	-41.1916
1742	1742	-18.2503
1743	1743	-17.8507
1744	1744	-6.30093
1745	1745	-12.9652
1746	1746	22.3098
1747	1747	9.25299
1748	1748	-32.7385
1749	1749	32.1168
1750	1750	53.2351
1751	1751	-15.6749
1752	1752	26.8895
1753	1753	55.5637
1754	1754	-27.3772
1755	1755	-32.0066
1756	1756	5.61943
1757	1757	-3.03976
1758	1758	-25.4327
1759	1759	25.8281
1760	1760	30.4816
1761	1761	-18.9309
1762	1762	-24.6191
1763	1763	12.9111
1764	1764	18.3358
1765	1765	-0.411064
1766	1766	-31.4588
1767	1767	-19.9532
1768	1768	-32.3351
1769	1769	16.0375
1770	1770	-46.9466
1771	1771	38.5754
1772	1772	6.95271
1773	1773	-12.0314
1774	1774	20.5586
1775	1775	11.3504
1776	1776	-27.1188
1777	1777	-3.14495
1778	1778	-14.9335
1779	1779	-46.0248
1780	1780	-6.15661
1781	1781	19.0321
1782	1782	11.9634
1783	1783	-28.2375
1784	1784	-20.0061
1785	1785	48.2468
1786	1786	25.4321
1787	1787	10.5215
1788	1788	33.9001
1789	1789	-5.7564
1790	1790	-5.81344
1791	1791	64.2686
1792	1792	-2.45044
1793	1793	-35.1837
1794	1794	-30.2824
1795	1795	32.5725
1796	1796	9.25787
1797	1797	-91.0345
1798	1798	-35.1047
1799	1799	-11.4218
1800	1800	-17.1409
1801	1801	-20.8943
1802	1802	36.5915
1803	1803	41.3337
1804	1804	-6.87336
1805	1805	38.8328
1806	1806	-14.9454
1807	1807	-33.279
1808	1808	-12.0131
1809	1809	-8.7655
1810	1810	49.7224
1811	1811	-22.1158
1812	1812	-18.7474
1813	1813	-22.6419
1814	1814	-47.4781
1815	1815	-11.6145
1816	1816	10.6865
1817	1817	30.5761
1818	1818	16.2265
1819	1819	26.7764
1820	1820	-8.49115
1821	1821	29.9762
1822	1822	-17.0317
1823	1823	-48.1203
1824	1824	64.1807
1825	1825	-8.12903
1826	1826	25.036
1827	1827	-9.47627
1828	1828	-13.7235
1829	1829	-14.8161
1830	1830	27.403
1831	1831	-0.171007
1832	1832	2.75622
1833	1833	2.16468
1834	1834	20.373
1835	1835	10.3832
1836	1836	-8.42575
1837	1837	3.03039
1838	1838	-4.67479
1839	1839	-29.7624
1840	1840	-18.1843
1841	1841	57.5197
1842	1842	-49.9319
1843	1843	5.32315
1844	1844	-5.32046
1845	1845	24.3362
1846	1846	18.9141
1847	1847	-19.7619
1848	1848	58.9027
1849	1849	-3.76538
1850	1850	18.7155
1851	1851	15.1734
1852	1852	36.8603
1853	1853	46.9926
1854	1854	-26.2696
1855	1855	-9.04262
1856	1856	-19.6154
1857	1857	20.6972
1858	1858	-0.830042
1859	1859	-9.8542
1860	1860	67.758
1861	1861	37.6161
1862	1862	-52.7548
1863	1863	-4.17235
1864	1864	2.74868
1865	1865	-32.1525
1866	1866	-17.3192
1867	1867	-13.2216
1868	1868	44.3743
1869	1869	12.1418
1870	1870	-6.71508
1871	1871	-8.69548
1872	1872	-44.1112
1873	1873	-37.788
1874	1874	70.6397
1875	1875	-18.6391
1876	1876	-18.4491
1877	1877	22.0952
1878	1878	13.7254
1879	1879	-29.4698
1880	1880	-7.27675
1881	1881	2.92707
1882	1882	-29.9206
1883	1883	-9.49605
1884	1884	5.05414
1885	1885	28.5758
1886	1886	-7.51545
1887	1887	-61.8288
1888	1888	-26.0057
1889	1889	-41.1863
1890	1890	33.7995
1891	1891	6.20104
1892	1892	-22.894
1893	1893	19.8071
1894	1894	-25.1144
1895	1895	-24.0489
1896	1896	21.2267
1897	1897	78.1437
1898	1898	-12.334
1899	1899	17.9441
1900	1900	42.1507
1901	1901	25.6814
1902	1902	-45.9789
1903	1903	5.90432
1904	1904	2.57983
1905	1905	-25.2199
1906	1906	-44.7396
1907	1907	16.6532
1908	1908	-9.24063
1909	1909	-99.9274
1910	1910	-12.4687
1911	1911	19.9428
1912	1912	-7.99176
1913	1913	7.55342
1914	1914	11.1333
1915	1915	25.0034
1916	1916	-25.1121
1917	1917	-34.8936
1918	1918	21.818
1919	1919	27.2797
1920	1920	39.715
1921	1921	5.22142
1922	1922	14.9435
1923	1923	-42.2083
1924	1924	10.6143
1925	1925	-25.3079
1926	1926	14.0139
1927	1927	58.4474
1928	1928	-37.7067
1929	1929	32.0957
1930	1930	26.2032
1931	1931	-49.8029
1932	1932	-12.2756
1933	1933	-0.57085
1934	1934	0.318614
1935	1935	11.941
1936	1936	21.1744
1937	1937	-27.4755
1938	1938	-12.6492
1939	1939	8.18973
1940	1940	21.8764
1941	1941	18.1453
1942	1942	2.57838
1943	1943	-16.5743
1944	1944	59.7151
1945	1945	-4.41426
1946	1946	10.5644
1947	1947	0.242123
1948	1948	6.80807
1949	1949	16.6423
1950	1950	-51.4461
1951	1951	12.7091
1952	1952	-35.0672
1953	1953	11.3754
1954	1954	-11.9143
1955	1955	-51.7055
1956	1956	2.86294
1957	1957	20.9533
1958	1958	-30.2184
1959	1959	-28.9958
1960	1960	84.1549
1961	1961	11.5489
1962	1962	4.13884
1963	1963	29.6957
1964	1964	-45.3487
1965	1965	-38.8556
1966	1966	-47.7998
1967	1967	0.920541
1968	1968	18.1314
1969	1969	52.7047
1970	1970	55.0682
1971	1971	-5.01846
1972	1972	31.3809
1973	1973	11.4506
1974	1974	22.8666
1975	1975	-46.2718
1976	1976	-37.4537
1977	1977	-32.8632
1978	1978	30.4111
1979	1979	34.6343
1980	1980	-15.59
1981	1981	43.2209
1982	1982	16.233
1983	1983	6.86837
1984	1984	-34.2552
1985	1985	-19.0515
1986	1986	-30.8792
1987	1987	0.925294
1988	1988	-30.0767
1989	1989	-25.9999
1990	1990	-16.5451
1991	1991	-19.9578
1992	1992	-0.498693
1993	1993	-9.86943
1994	1994	-18.5737
1995	1995	-24.642
1996	1996	9.35639
1997	1997	-19.4152
1998	1998	63.6592
1999	1999	23.6099
2000	2000	61.537
2001	2001	-21.4186
2002	2002	20.3754
2003	2003	-30.5403
2004	2004	58.8984
2005	2005	-22.9113
2006	2006	-27.3196
2007	2007	-14.9804
2008	2008	37.4283
2009	2009	-2.76526
2010	2010	-71.7497
2011	2011	-8.71233
2012	2012	54.4008
2013	2013	-23.3645
2014	2014	-7.80907
2015	2015	51.8155
2016	2016	15.4751
2017	2017	-30.1565
2018	2018	19.3089
2019	2019	49.5037
2020	2020	-7.48231
2021	2021	-10.4935
2022	2022	6.81652
2023	2023	-24.232
2024	2024	-18.048
2025	2025	-52.5974
2026	2026	-10.3786
2027	2027	22.6895
2028	2028	8.51562
2029	2029	-12.8726
2030	2030	22.9608
2031	2031	54.1286
2032	2032	-2.18489
2033	2033	0.504869
2034	2034	-19.8934
2035	2035	35.8128
2036	2036	-38.0017
2037	2037	-18.1791
2038	2038	0.206395
2039	2039	-30.0804
2040	2040	28.9615
2041	2041	3.66987
2042	2042	-43.7278
2043	2043	10.4
2044	2044	-32.7866
2045	2045	-14.2849
2046	2046	-4.65178
2047	2047	-0.531385
2048	2048	48.838
2049	2049	25.1091
2050	2050	-17.5866
2051	2051	-17.5266
2052	2052	-0.720561
2053	2053	-14.7828
2054	2054	-9.94297
2055	2055	-0.217101
2056	2056	3.58808
2057	2057	52.4958
2058	2058	34.4102
2059	2059	37.4745
2060	2060	22.4505
2061	2061	39.301
2062	2062	-27.9671
2063	2063	7.24162
2064	2064	-35.3375
2065	2065	13.8199
2066	2066	18.8987
2067	2067	53.6028
2068	2068	-18.208
2069	2069	37.2001
2070	2070	30.6767
2071	2071	-3.1565
2072	2072	9.38301
2073	2073	10.2482
2074	2074	5.44211
2075	2075	-27.6956
2076	2076	31.3102
2077	2077	-16.2531
2078	2078	0.15881
2079	2079	-17.0843
2080	2080	-1.01187
2081	2081	-22.188
2082	2082	-11.1948
2083	2083	-13.0792
2084	2084	-0.838215
2085	2085	16.9405
2086	2086	11.7225
2087	2087	-7.05757
2088	2088	-2.64851
2089	2089	6.4732
2090	2090	-1.26314
2091	2091	-15.7853
2092	2092	-0.391579
2093	2093	51.26
2094	2094	15.6388
2095	2095	10.7547
2096	2096	34.7338
2097	2097	16.8069
2098	2098	17.4454
2099	2099	35.0707
2100	2100	-1.57578
2101	2101	0.357613
2102	2102	-19.5825
2103	2103	2.033
2104	2104	-17.3989
2105	2105	-2.42632
2106	2106	10.9272
2107	2107	-15.609
2108	2108	-15.7783
2109	2109	20.3409
2110	2110	-12.2833
2111	2111	-12.8274
2112	2112	25.761
2113	2113	-35.5528
2114	2114	-6.14612
2115	2115	3.43213
2116	2116	37.578
2117	2117	-36.0992
2118	2118	-32.1339
2119	2119	-15.8125
2120	2120	-26.2833
2121	2121	-2.11059
2122	2122	-29.2771
2123	2123	52.4438
2124	2124	29.3677
2125	2125	-5.52313
2126	2126	62.3193
2127	2127	0.948817
2128	2128	81.4278
2129	2129	9.13967
2130	2130	-16.8232
2131	2131	-8.31378
2132	2132	9.35664
2133	2133	-7.31594
2134	2134	22.259
2135	2135	-15.921
2136	2136	-14.3446
2137	2137	52.4329
2138	2138	-37.3437
2139	2139	34.097
2140	2140	-15.9213
2141	2141	-39.4643
2142	2142	-58.076
2143	2143	-14.9188
2144	2144	61.2796
2145	2145	-1.74404
2146	2146	-31.1348
2147	2147	-0.449357
2148	2148	-14.2882
2149	2149	-44.3755
2150	2150	-51.7067
2151	2151	-2.00077
2152	2152	61.3375
2153	2153	11.8869
2154	2154	21.3284
2155	2155	-66.4669
2156	2156	-9.79458
2157	2157	6.10563
2158	2158	22.6023
2159	2159	1.06932
2160	2160	0.801271
2161	2161	4.65859
2162	2162	-14.532
2163	2163	-24.8088
2164	2164	-7.84004
2165	2165	10.5045
2166	2166	22.2077
2167	2167	-46.6401
2168	2168	14.2156
2169	2169	-41.9987
2170	2170	-27.5478
2171	2171	-34.2949
2172	2172	32.1331
2173	2173	26.5339
2174	2174	12.477
2175	2175	-58.5123
2176	2176	-12.4112
2177	2177	7.89049
2178	2178	-8.89792
2179	2179	9.67238
2180	2180	-9.61054
2181	2181	-56.7819
2182	2182	-35.9399
2183	2183	-10.045
2184	2184	29.7289
2185	2185	-50.8172
2186	2186	29.8859
2187	2187	-24.8668
2188	2188	-15.7881
2189	2189	-40.8549
2190	2190	-59.7749
2191	2191	-14.9982
2192	2192	9.62942
2193	2193	24.1685
2194	2194	12.0411
2195	2195	-24.638
2196	2196	-9.93956
2197	2197	-9.03301
2198	2198	10.5041
2199	2199	13.9159
2200	2200	7.30444
2201	2201	2.75201
2202	2202	-23.4571
2203	2203	4.27334
2204	2204	5.72985
2205	2205	-37.6474
2206	2206	2.24754
2207	2207	-9.40625
2208	2208	-10.7261
2209	2209	-20.4307
2210	2210	-19.3123
2211	2211	-12.1994
2212	2212	-56.9933
2213	2213	-48.1957
2214	2214	64.7409
2215	2215	52.0641
2216	2216	68.3252
2217	2217	31.3365
2218	2218	-19.2799
2219	2219	59.3785
2220	2220	-2.60383
2221	2221	60.991
2222	2222	-12.763
2223	2223	4.81657
2224	2224	-33.1173
2225	2225	24.8425
2226	2226	-49.3983
2227	2227	-32.3035
2228	2228	-16.2678
2229	2229	-26.1779
2230	2230	-25.5766
2231	2231	-12.6272
2232	2232	22.5516
2233	2233	-0.0246515
2234	2234	-24.6932
2235	2235	-6.33795
2236	2236	20.3309
2237	2237	36.8059
2238	2238	64.0318
2239	2239	30.434
2240	2240	46.3497
2241	2241	17.6211
2242	2242	-30.8895
2243	2243	30.7042
2244	2244	28.4664
2245	2245	16.8627
2246	2246	17.4515
2247	2247	11.1375
2248	2248	-11.6956
2249	2249	-24.6385
2250	2250	4.94323
2251	2251	-32.9736
2252	2252	25.4803
2253	2253	19.7047
2254	2254	89.2648
2255	2255	44.6863
2256	2256	-17.1691
2257	2257	16.4695
2258	2258	28.4395
2259	2259	-8.90419
2260	2260	24.3886
2261	2261	-49.2978
2262	2262	-0.724605
2263	2263	-34.3848
2264	2264	29.2855
2265	2265	-15.9854
2266	2266	-4.32604
2267	2267	21.9267
2268	2268	5.51716
2269	2269	11.2946
2270	2270	-13.165
2271	2271	3.99722
2272	2272	-35.1662
2273	2273	7.94902
2274	2274	3.54067
2275	2275	49.6943
2276	2276	30.9011
2277	2277	13.2619
2278	2278	-38.7475
2279	2279	9.23172
2280	2280	-34.5928
2281	2281	-33.5051
2282	2282	46.3654
2283	2283	-9.9196
2284	2284	-3.0191
2285	2285	-7.6782
2286	2286	-48.4763
2287	2287	24.0362
2288	2288	26.3075
2289	2289	-20.1894
2290	2290	-14.0883
2291	2291	12.4814
2292	2292	-39.0665
2293	2293	22.6888
2294	2294	30.971
2295	2295	-29.0133
2296	2296	18.9309
2297	2297	-16.714
2298	2298	2.46941
2299	2299	-2.11567
2300	2300	13.7442
2301	2301	-37.7257
2302	2302	-11.5703
2303	2303	24.9459
2304	2304	1.36691
2305	2305	14.537
2306	2306	-15.9403
2307	2307	-23.9186
2308	2308	-6.36373
2309	2309	-41.4176
2310	2310	4.99443
2311	2311	3.56884
2312	2312	-19.0439
2313	2313	-2.64551
2314	2314	-8.79354
2315	2315	14.427
2316	2316	21.2213
2317	2317	15.197
2318	2318	11.4181
2319	2319	-28.0837
2320	2320	18.312
2321	2321	27.1535
2322	2322	15.2047
2323	2323	-2.89249
2324	2324	-33.2766
2325	2325	-16.4959
2326	2326	-15.6911
2327	2327	17.1523
2328	2328	-9.05673
2329	2329	-38.1011
2330	2330	25.8472
2331	2331	39.9052
2332	2332	-9.92523
2333	2333	-13.4613
2334	2334	16.8155
2335	2335	8.40729
2336	2336	37.282
2337	2337	55.5528
2338	2338	24.3705
2339	2339	-1.15032
2340	2340	24.7471
2341	2341	-19.0825
2342	2342	-25.2527
2343	2343	18.8016
2344	2344	-10.5693
2345	2345	14.713
2346	2346	-31.8879
2347	2347	25.7896
2348	2348	14.1615
2349	2349	-7.19834
2350	2350	14.5538
2351	2351	-38.2849
2352	2352	-31.0424
2353	2353	-35.3153
2354	2354	-13.9316
2355	2355	48.3037
2356	2356	31.0862
2357	2357	16.2591
2358	2358	56.5911
2359	2359	-45.6855
2360	2360	53.086
2361	2361	-27.029
2362	2362	-11.163
2363	2363	29.1791
2364	2364	40.9716
2365	2365	-9.6334
2366	2366	35.511
2367	2367	-5.36394
2368	2368	-24.084
2369	2369	22.7775
2370	2370	19.8499
2371	2371	-33.8798
2372	2372	-25.0402
2373	2373	10.0261
2374	2374	-30.9027
2375	2375	64.0623
2376	2376	-14.7344
2377	2377	2.8914
2378	2378	-3.94239
2379	2379	-22.4109
2380	2380	-42.7936
2381	2381	35.7926
2382	2382	-9.50425
2383	2383	40.6592
2384	2384	-65.179
2385	2385	-27.7846
2386	2386	-29.5488
2387	2387	-16.7867
2388	2388	-5.03939
2389	2389	-2.89434
2390	2390	-24.9076
2391	2391	58.3181
2392	2392	10.8144
2393	2393	27.5747
2394	2394	-11.386
2395	2395	-12.9049
2396	2396	-15.4963
2397	2397	-20.051
2398	2398	-26.3292
2399	2399	-20.4426
