sample_id	sample_id2	phensim
zero	zero	-32.2827
1	1	1.02693
2	2	-0.311804
3	3	-21.5914
4	4	-4.27918
5	5	2.60948
6	6	-14.0751
7	7	-44.3493
8	8	-24.4421
9	9	-24.9923
10	10	-13.7233
11	11	-23.2387
12	12	16.1265
13	13	-10.9549
14	14	-9.46047
15	15	-1.48226
16	16	-42.1467
17	17	-10.6911
18	18	-9.04407
19	19	31.632
20	20	-0.930495
21	21	7.61681
22	22	-10.6769
23	23	-0.549709
24	24	5.85526
25	25	-5.69505
26	26	5.62142
27	27	-0.671955
28	28	-18.5474
29	29	23.2599
30	30	-4.17014
31	31	6.05249
32	32	-3.17921
33	33	-1.4198
34	34	-2.04662
35	35	-28.8626
36	36	-18.1246
37	37	-0.644199
38	38	-7.84108
39	39	-15.8886
40	40	-3.2345
41	41	7.41882
42	42	-19.0817
43	43	-12.2728
44	44	7.83281
45	45	-11.7558
46	46	12.1554
47	47	3.91017
48	48	-6.31889
49	49	-21.2778
50	50	2.84281
51	51	30.0535
52	52	-12.6966
53	53	-19.5311
54	54	14.7894
55	55	9.17044
56	56	-21.9429
57	57	0.469569
58	58	18.0954
59	59	26.7561
60	60	14.3016
61	61	-4.9894
62	62	6.06131
63	63	25.1894
64	64	0.151903
65	65	22.3022
66	66	9.99545
67	67	-2.24289
68	68	-35.7296
69	69	-4.00735
70	70	28.2862
71	71	-26.006
72	72	-1.68617
73	73	-3.7541
74	74	20.279
75	75	-3.90697
76	76	16.2233
77	77	-7.11702
78	78	0.0350823
79	79	22.8564
80	80	1.36498
81	81	7.43028
82	82	21.2839
83	83	-8.59137
84	84	-1.95463
85	85	-12.0443
86	86	1.75808
87	87	19.5642
88	88	-11.9532
89	89	28.6469
90	90	-20.8676
91	91	15.9454
92	92	-6.84243
93	93	-26.3716
94	94	-12.7919
95	95	20.0341
96	96	-5.29879
97	97	4.63233
98	98	17.4674
99	99	4.14569
100	100	11.5437
101	101	-16.3392
102	102	-28.8841
103	103	20.1646
104	104	3.39188
105	105	31.7931
106	106	-13.0342
107	107	15.812
108	108	21.429
109	109	-18.3203
110	110	28.4539
111	111	-6.61123
112	112	-13.0274
113	113	-30.5457
114	114	-4.15152
115	115	-5.2468
116	116	4.46011
117	117	-8.95233
118	118	-18.6061
119	119	-25.8549
120	120	3.36186
121	121	1.32414
122	122	-14.76
123	123	-25.2538
124	124	-27.9373
125	125	-11.6078
126	126	11.9576
127	127	12.7038
128	128	6.25665
129	129	-13.8766
130	130	-15.4641
131	131	36.2536
132	132	-24.2652
133	133	3.27642
134	134	-14.68
135	135	-18.7798
136	136	-25.0072
137	137	-2.35262
138	138	21.4557
139	139	2.30554
140	140	17.919
141	141	52.031
142	142	24.1207
143	143	-25.4609
144	144	39.2663
145	145	0.645336
146	146	-17.1067
147	147	7.50386
148	148	0.774455
149	149	-4.57352
150	150	-25.5172
151	151	20.3892
152	152	-8.04796
153	153	27.2321
154	154	7.47381
155	155	-25.5046
156	156	0.801751
157	157	2.29707
158	158	40.0765
159	159	-24.0902
160	160	-24.5235
161	161	18.6193
162	162	8.69241
163	163	-1.37979
164	164	-12.07
165	165	-10.9788
166	166	46.1354
167	167	-36.0958
168	168	-7.53432
169	169	-0.493749
170	170	22.3012
171	171	2.78164
172	172	-8.75941
173	173	-9.01083
174	174	-8.40108
175	175	17.1014
176	176	-12.645
177	177	2.85913
178	178	-8.42496
179	179	23.0191
180	180	-27.5478
181	181	-12.7274
182	182	2.61846
183	183	8.51216
184	184	-25.7745
185	185	23.2391
186	186	9.02064
187	187	-9.37375
188	188	-3.39097
189	189	8.60289
190	190	-8.6088
191	191	-23.793
192	192	-27.3723
193	193	-10.7948
194	194	2.53782
195	195	2.39698
196	196	15.6888
197	197	-5.35459
198	198	-5.52084
199	199	-23.9074
200	200	18.5929
201	201	-3.74698
202	202	15.0984
203	203	9.29636
204	204	21.1738
205	205	24.0011
206	206	11.0763
207	207	12.5018
208	208	-17.768
209	209	-13.1759
210	210	-6.96441
211	211	-5.984
212	212	18.1282
213	213	11.6975
214	214	13.264
215	215	18.0478
216	216	12.625
217	217	-17.4668
218	218	-18.331
219	219	-12.2734
220	220	-22.1995
221	221	-1.07627
222	222	-17.699
223	223	25.2312
224	224	-0.44061
225	225	-4.42111
226	226	-11.8657
227	227	12.0204
228	228	-0.0405911
229	229	-0.317814
230	230	-32.9872
231	231	3.91296
232	232	-0.301495
233	233	-0.913572
234	234	0.105427
235	235	7.49514
236	236	14.6757
237	237	37.0586
238	238	-9.54727
239	239	-20.9493
240	240	-9.51252
241	241	35.9589
242	242	-19.6376
243	243	-21.3321
244	244	-36.9067
245	245	-9.31339
246	246	-26.4589
247	247	-20.3364
248	248	10.5855
249	249	16.6949
250	250	21.6916
251	251	-9.98746
252	252	13.9196
253	253	-29.9626
254	254	-5.64547
255	255	13.2176
256	256	-33.7207
257	257	-1.37097
258	258	-37.6594
259	259	8.11848
260	260	3.89361
261	261	24.9851
262	262	-24.9529
263	263	-2.51745
264	264	12.8702
265	265	26.1599
266	266	-20.0285
267	267	-12.8505
268	268	-13.7651
269	269	-31.3596
270	270	-1.59853
271	271	-7.16417
272	272	16.4086
273	273	-13.0815
274	274	-21.5898
275	275	-0.160576
276	276	-38.7151
277	277	-32.2745
278	278	-6.55869
279	279	-29.313
280	280	-24.4889
281	281	-37.7195
282	282	-2.15887
283	283	-5.13485
284	284	16.5611
285	285	22.1108
286	286	-16.0239
287	287	-2.47703
288	288	26.5799
289	289	-21.493
290	290	35.5191
291	291	-30.7707
292	292	20.2948
293	293	-10.1855
294	294	17.7251
295	295	-15.4649
296	296	0.705912
297	297	3.99676
298	298	-30.43
299	299	9.00747
300	300	35.5986
301	301	-11.3224
302	302	-27.9641
303	303	-1.57232
304	304	-0.0361822
305	305	15.432
306	306	5.12335
307	307	-4.89822
308	308	-30.2436
309	309	26.6721
310	310	-5.19665
311	311	-10.1441
312	312	20.501
313	313	-29.1725
314	314	8.80911
315	315	-23.9399
316	316	1.0726
317	317	-12.6024
318	318	12.5767
319	319	-33.7813
320	320	32.482
321	321	5.52646
322	322	-4.44132
323	323	1.87967
324	324	-21.4692
325	325	0.783524
326	326	33.1807
327	327	-14.8182
328	328	-19.025
329	329	21.3055
330	330	8.44439
331	331	20.7188
332	332	8.99612
333	333	10.9309
334	334	-2.28909
335	335	4.09734
336	336	-18.4342
337	337	-32.1171
338	338	-13.2613
339	339	-7.26039
340	340	22.6074
341	341	-29.3712
342	342	27.5312
343	343	-2.24007
344	344	-21.441
345	345	16.5141
346	346	-8.50398
347	347	-18.4539
348	348	2.7825
349	349	4.05475
350	350	-0.195116
351	351	-18.2568
352	352	-11.5284
353	353	54.3432
354	354	-26.1638
355	355	-5.82602
356	356	-8.91527
357	357	-15.5628
358	358	1.4045
359	359	26.7897
360	360	0.864169
361	361	-2.85689
362	362	-23.5106
363	363	4.47804
364	364	-34.7758
365	365	-30.0996
366	366	-4.47004
367	367	-30.5992
368	368	14.7354
369	369	-38.8483
370	370	-20.0863
371	371	-33.579
372	372	17.2464
373	373	-24.1871
374	374	-25.9119
375	375	13.1836
376	376	6.25484
377	377	7.91469
378	378	-13.7782
379	379	-32.6536
380	380	-26.1565
381	381	27.5482
382	382	-13.9273
383	383	-14.9256
384	384	-67.3957
385	385	-34.5812
386	386	6.19897
387	387	18.5379
388	388	5.70251
389	389	8.19225
390	390	-41.4072
391	391	40.8931
392	392	18.6697
393	393	-5.48032
394	394	-19.235
395	395	-15.8992
396	396	-6.73722
397	397	-23.9831
398	398	-19.5124
399	399	3.79819
400	400	14.7419
401	401	6.33366
402	402	-13.4901
403	403	13.2689
404	404	3.36065
405	405	-9.7916
406	406	-19.961
407	407	28.2429
408	408	0.271119
409	409	30.1967
410	410	17.6837
411	411	-27.8387
412	412	20.2474
413	413	-19.3172
414	414	1.93406
415	415	3.87461
416	416	-18.9246
417	417	-23.0204
418	418	-6.74043
419	419	14.0916
420	420	23.8904
421	421	-18.5991
422	422	-27.3947
423	423	18.394
424	424	-3.50198
425	425	-2.98876
426	426	-1.13641
427	427	-15.9689
428	428	-29.4078
429	429	-8.29397
430	430	8.02467
431	431	31.0658
432	432	4.66453
433	433	-1.08104
434	434	1.96721
435	435	-24.4709
436	436	3.14585
437	437	-8.51498
438	438	-15.0163
439	439	16.8171
440	440	12.0138
441	441	13.0866
442	442	40.0484
443	443	-24.7148
444	444	-18.7057
445	445	34.0174
446	446	-6.91959
447	447	15.3174
448	448	29.0396
449	449	-3.75796
450	450	35.104
451	451	-12.8093
452	452	40.5163
453	453	45.2403
454	454	24.3638
455	455	-6.70278
456	456	-37.4956
457	457	1.89593
458	458	-19.1294
459	459	-12.1305
460	460	21.1269
461	461	14.2407
462	462	-14.7813
463	463	11.8342
464	464	8.18174
465	465	-5.13348
466	466	-30.4974
467	467	31.8168
468	468	-4.76063
469	469	-31.7882
470	470	-16.6258
471	471	21.4003
472	472	-37.4492
473	473	-8.47688
474	474	26.9182
475	475	2.11677
476	476	13.856
477	477	8.03395
478	478	-12.1803
479	479	22.5086
480	480	14.4276
481	481	-5.70036
482	482	10.2256
483	483	29.3047
484	484	9.01013
485	485	32.4855
486	486	-29.6824
487	487	18.1685
488	488	-26.2066
489	489	5.1188
490	490	-19.2331
491	491	-23.8573
492	492	-9.83368
493	493	8.37177
494	494	-9.24014
495	495	5.68221
496	496	-11.0869
497	497	6.75464
498	498	24.9336
499	499	-26.2621
500	500	1.46164
501	501	27.6036
502	502	38.3351
503	503	14.5242
504	504	21.8978
505	505	25.8882
506	506	-0.980106
507	507	20.0612
508	508	-9.13063
509	509	-19.406
510	510	3.23691
511	511	2.91566
512	512	7.02636
513	513	17.4677
514	514	-15.592
515	515	1.08305
516	516	17.0807
517	517	-11.685
518	518	-1.42432
519	519	26.1351
520	520	26.02
521	521	-17.0391
522	522	-11.1721
523	523	11.2945
524	524	-14.6717
525	525	36.8299
526	526	8.13222
527	527	3.15368
528	528	15.5372
529	529	4.90622
530	530	-21.8838
531	531	-6.3716
532	532	11.6952
533	533	7.11542
534	534	0.296767
535	535	5.29583
536	536	-23.8064
537	537	18.6713
538	538	8.14331
539	539	17.8346
540	540	-8.0627
541	541	36.4445
542	542	-0.50386
543	543	41.7918
544	544	18.1271
545	545	7.71695
546	546	3.06094
547	547	21.3456
548	548	-15.8699
549	549	-24.963
550	550	27.1127
551	551	20.6342
552	552	-11.494
553	553	7.79997
554	554	12.6474
555	555	-4.56387
556	556	-20.3059
557	557	38.7091
558	558	-1.11155
559	559	4.40098
560	560	5.16437
561	561	4.45494
562	562	0.286688
563	563	38.8063
564	564	12.319
565	565	27.6592
566	566	5.03861
567	567	43.3786
568	568	3.56
569	569	24.8641
570	570	-17.1751
571	571	11.0406
572	572	37.1527
573	573	2.22757
574	574	12.7566
575	575	8.08254
576	576	1.88225
577	577	3.3071
578	578	6.33037
579	579	12.0541
580	580	4.52178
581	581	-27.9146
582	582	24.3034
583	583	12.1843
584	584	-45.3855
585	585	7.95563
586	586	10.3785
587	587	-39.9702
588	588	-11.0984
589	589	-26.419
590	590	-52.8159
591	591	4.2411
592	592	16.7647
593	593	-12.8382
594	594	24.0724
595	595	-8.45234
596	596	3.67807
597	597	-9.25346
598	598	-20.4568
599	599	22.345
600	600	11.2642
601	601	-11.5667
602	602	33.1541
603	603	21.4941
604	604	17.2679
605	605	-7.37463
606	606	34.3792
607	607	20.161
608	608	-4.74422
609	609	-62.8484
610	610	-26.35
611	611	-13.0728
612	612	3.23093
613	613	-17.4497
614	614	-10.1128
615	615	44.6838
616	616	-38.3823
617	617	-15.5077
618	618	8.20508
619	619	-8.95701
620	620	33.6632
621	621	-9.64732
622	622	12.7898
623	623	25.4162
624	624	-28.2117
625	625	-6.4161
626	626	-44.6678
627	627	0.554101
628	628	18.44
629	629	-40.1856
630	630	-19.416
631	631	4.92999
632	632	-25.9436
633	633	16.6787
634	634	-11.8335
635	635	-22.3004
636	636	1.3817
637	637	7.57486
638	638	28.8223
639	639	15.2019
640	640	0.21793
641	641	-30.2454
642	642	18.5187
643	643	24.4442
644	644	-15.0805
645	645	12.8033
646	646	-4.72903
647	647	4.69267
648	648	-3.6155
649	649	-36.5528
650	650	-4.32959
651	651	-5.68773
652	652	31.2013
653	653	36.1846
654	654	13.0728
655	655	-20.5379
656	656	-13.3564
657	657	-18.6302
658	658	28.1948
659	659	39.7891
660	660	4.9241
661	661	11.7695
662	662	-19.295
663	663	-11.6587
664	664	-32.5245
665	665	-25.0444
666	666	-46.8387
667	667	-4.1696
668	668	1.57603
669	669	11.8276
670	670	-11.9423
671	671	39.7674
672	672	-25.7064
673	673	-24.1236
674	674	-2.79094
675	675	15.1064
676	676	9.93099
677	677	1.78762
678	678	-7.25661
679	679	-5.35669
680	680	6.09043
681	681	28.3704
682	682	-3.09146
683	683	16.57
684	684	23.5144
685	685	-17.8799
686	686	13.5
687	687	26.0473
688	688	-2.99072
689	689	-15.9879
690	690	3.36221
691	691	13.2411
692	692	20.2195
693	693	5.30525
694	694	-14.0968
695	695	-13.0165
696	696	38.8771
697	697	-1.82002
698	698	14.9046
699	699	43.2372
700	700	31.1117
701	701	15.7651
702	702	10.9166
703	703	32.8822
704	704	-3.24499
705	705	-18.9084
706	706	-29.705
707	707	-38.1814
708	708	19.1301
709	709	-4.84272
710	710	-21.935
711	711	-24.5875
712	712	46.0334
713	713	28.9351
714	714	8.20841
715	715	-25.5512
716	716	-29.8161
717	717	-4.40543
718	718	-18.1883
719	719	-28.5451
720	720	28.5522
721	721	11.9232
722	722	7.98332
723	723	-25.5782
724	724	-21.6411
725	725	-1.35182
726	726	0.426964
727	727	-4.39486
728	728	3.44241
729	729	-40.0851
730	730	-0.659767
731	731	-26.8486
732	732	-9.47533
733	733	-17.1622
734	734	-10.6959
735	735	-8.79196
736	736	4.57449
737	737	25.5042
738	738	-22.7659
739	739	10.3335
740	740	-15.2367
741	741	-4.35271
742	742	7.13836
743	743	18.8448
744	744	-47.7292
745	745	19.802
746	746	-43.1907
747	747	-0.119215
748	748	10.6611
749	749	5.5642
750	750	6.99046
751	751	-27.0534
752	752	33.4061
753	753	7.90409
754	754	19.0254
755	755	-27.9389
756	756	40.1389
757	757	12.7618
758	758	-0.588329
759	759	-28.4303
760	760	1.20492
761	761	-25.1191
762	762	13.5282
763	763	16.5672
764	764	2.09855
765	765	11.4864
766	766	16.0071
767	767	-3.06059
768	768	9.63269
769	769	8.38456
770	770	30.2856
771	771	-18.273
772	772	1.56817
773	773	-32.5975
774	774	-22.4617
775	775	-2.34875
776	776	18.0579
777	777	-6.17205
778	778	-18.0152
779	779	-5.00633
780	780	27.6495
781	781	0.21593
782	782	-7.51136
783	783	24.7921
784	784	18.4158
785	785	-19.5059
786	786	9.86931
787	787	-42.8223
788	788	8.93286
789	789	-13.6653
790	790	6.68998
791	791	-8.68906
792	792	6.10529
793	793	-21.2038
794	794	29.8137
795	795	14.5124
796	796	-47.5486
797	797	-3.3036
798	798	-24.5143
799	799	-33.114
800	800	-7.73551
801	801	-8.17115
802	802	4.74494
803	803	7.83399
804	804	-22.8079
805	805	9.80413
806	806	8.99873
807	807	12.8651
808	808	13.7597
809	809	-5.40625
810	810	5.51021
811	811	-9.52549
812	812	-32.3068
813	813	4.88613
814	814	-15.8186
815	815	26.4671
816	816	24.1552
817	817	-24.0203
818	818	21.5941
819	819	33.5244
820	820	-9.13142
821	821	6.24649
822	822	-20.4002
823	823	-18.3315
824	824	-21.2288
825	825	-17.7766
826	826	-15.7914
827	827	0.707512
828	828	-17.1558
829	829	29.7084
830	830	13.641
831	831	-33.4067
832	832	2.1059
833	833	33.3186
834	834	-1.5649
835	835	7.36346
836	836	-6.67959
837	837	-9.52892
838	838	-7.92912
839	839	-0.337311
840	840	-5.79164
841	841	7.71391
842	842	-9.54833
843	843	6.49429
844	844	8.74034
845	845	21.8719
846	846	-19.3405
847	847	4.66166
848	848	-13.0531
849	849	8.22681
850	850	6.94829
851	851	7.63553
852	852	18.8464
853	853	-44.5846
854	854	24.7308
855	855	-34.8168
856	856	9.30563
857	857	-16.0482
858	858	-8.61956
859	859	17.266
860	860	-28.0102
861	861	-6.79963
862	862	5.27099
863	863	8.87774
864	864	15.5657
865	865	-0.754351
866	866	3.39881
867	867	8.31788
868	868	34.7052
869	869	4.36921
870	870	-1.95264
871	871	2.5051
872	872	11.6194
873	873	12.0978
874	874	41.6702
875	875	-10.1222
876	876	-11.2651
877	877	3.55085
878	878	-22.0215
879	879	-2.40897
880	880	7.91166
881	881	-37.9405
882	882	-13.1004
883	883	12.3459
884	884	15.529
885	885	3.46265
886	886	3.59391
887	887	8.66587
888	888	3.92483
889	889	7.33726
890	890	8.59691
891	891	2.60299
892	892	-3.29199
893	893	-8.30434
894	894	-24.8735
895	895	7.05791
896	896	-3.3122
897	897	-48.3931
898	898	6.22312
899	899	4.93158
900	900	-10.1675
901	901	-3.04203
902	902	-11.0134
903	903	14.2698
904	904	-12.3321
905	905	-39.3953
906	906	6.52607
907	907	27.1005
908	908	-39.0908
909	909	-13.0712
910	910	-2.28147
911	911	-22.4086
912	912	19.8739
913	913	-31.6033
914	914	4.38359
915	915	-16.8477
916	916	9.80119
917	917	-19.8026
918	918	11.9875
919	919	-15.5488
920	920	-4.14588
921	921	-9.56941
922	922	-16.8843
923	923	25.4524
924	924	30.7961
925	925	25.8058
926	926	-1.50729
927	927	-6.58402
928	928	33.1991
929	929	2.92773
930	930	8.00887
931	931	27.7665
932	932	-40.186
933	933	12.8239
934	934	32.4952
935	935	-7.20681
936	936	-48.8708
937	937	37.3413
938	938	8.40001
939	939	-12.5427
940	940	-29.6195
941	941	28.841
942	942	15.2612
943	943	36.2505
944	944	-9.94371
945	945	-0.723173
946	946	30.0091
947	947	-28.8632
948	948	62.3612
949	949	-27.449
950	950	-31.921
951	951	-16.5691
952	952	6.22505
953	953	17.4176
954	954	9.41253
955	955	52.58
956	956	-21.2937
957	957	8.601
958	958	-5.22763
959	959	7.9987
960	960	0.0262255
961	961	-33.3125
962	962	5.22666
963	963	-5.07755
964	964	-19.7932
965	965	-16.1392
966	966	31.5084
967	967	4.50801
968	968	-0.535677
969	969	-7.45956
970	970	6.53889
971	971	-13.1985
972	972	-17.6134
973	973	11.7246
974	974	-31.2938
975	975	11.2526
976	976	-1.85982
977	977	13.2082
978	978	-11.3526
979	979	7.01198
980	980	24.2786
981	981	4.91878
982	982	-20.5032
983	983	-16.0548
984	984	-2.5194
985	985	-26.4263
986	986	-45.5922
987	987	-6.67594
988	988	9.95864
989	989	1.4225
990	990	8.01181
991	991	7.47766
992	992	-25.8011
993	993	-19.9913
994	994	3.99367
995	995	-1.19801
996	996	-4.14737
997	997	0.893288
998	998	11.2181
999	999	-0.765395
1000	1000	-14.2527
1001	1001	-12.1761
1002	1002	4.46452
1003	1003	1.96442
1004	1004	19.7278
1005	1005	56.7167
1006	1006	26.0397
1007	1007	-4.60998
1008	1008	0.0228707
1009	1009	-24.147
1010	1010	-36.609
1011	1011	3.55457
1012	1012	-0.03747
1013	1013	34.4039
1014	1014	-40.7353
1015	1015	-7.03057
1016	1016	-34.3654
1017	1017	-17.2403
1018	1018	6.21255
1019	1019	-6.12069
1020	1020	-39.19
1021	1021	10.4957
1022	1022	11.6643
1023	1023	-15.1667
1024	1024	17.8858
1025	1025	7.25065
1026	1026	-0.49734
1027	1027	-7.07834
1028	1028	2.19803
1029	1029	-4.07092
1030	1030	6.50978
1031	1031	-7.67166
1032	1032	16.1592
1033	1033	39.7741
1034	1034	-1.61559
1035	1035	-2.4625
1036	1036	8.89913
1037	1037	8.2503
1038	1038	-10.7077
1039	1039	-1.56327
1040	1040	-40.7687
1041	1041	-35.9383
1042	1042	-21.0882
1043	1043	23.4712
1044	1044	35.1736
1045	1045	-12.0909
1046	1046	11.2135
1047	1047	49.2374
1048	1048	-8.03203
1049	1049	15.607
1050	1050	0.543947
1051	1051	31.2541
1052	1052	29.1423
1053	1053	-22.3571
1054	1054	23.6961
1055	1055	-21.8525
1056	1056	33.6161
1057	1057	-23.5258
1058	1058	43.9356
1059	1059	13.1755
1060	1060	12.4309
1061	1061	-5.90222
1062	1062	-10.9906
1063	1063	13.6018
1064	1064	17.7188
1065	1065	-9.4105
1066	1066	-9.18494
1067	1067	22.0127
1068	1068	-44.3493
1069	1069	23.6112
1070	1070	-19.8789
1071	1071	-33.3977
1072	1072	12.2384
1073	1073	28.2999
1074	1074	6.01605
1075	1075	-0.463562
1076	1076	3.13001
1077	1077	-13.5218
1078	1078	-13.0842
1079	1079	-11.6104
1080	1080	32.0921
1081	1081	22.3983
1082	1082	-2.66217
1083	1083	-7.00565
1084	1084	-15.3606
1085	1085	17.6207
1086	1086	-16.0685
1087	1087	-42.2773
1088	1088	-31.4599
1089	1089	-16.5831
1090	1090	5.37867
1091	1091	23.0936
1092	1092	14.0402
1093	1093	-18.7739
1094	1094	0.927631
1095	1095	33.4879
1096	1096	6.70824
1097	1097	-5.18005
1098	1098	-0.701198
1099	1099	-6.89867
1100	1100	12.2354
1101	1101	-25.5185
1102	1102	-6.08849
1103	1103	-14.5668
1104	1104	-25.163
1105	1105	15.9287
1106	1106	25.6623
1107	1107	-42.9101
1108	1108	21.7766
1109	1109	-1.74374
1110	1110	24.8119
1111	1111	7.763
1112	1112	23.0846
1113	1113	7.09816
1114	1114	7.69379
1115	1115	23.8455
1116	1116	-22.0626
1117	1117	-16.3781
1118	1118	8.01938
1119	1119	-54.5021
1120	1120	-45.8739
1121	1121	-15.7763
1122	1122	18.585
1123	1123	-34.1894
1124	1124	-4.1481
1125	1125	10.8898
1126	1126	7.85016
1127	1127	-10.3777
1128	1128	16.5223
1129	1129	6.57115
1130	1130	-30.788
1131	1131	30.7365
1132	1132	-23.9075
1133	1133	-6.74929
1134	1134	-11.6269
1135	1135	-10.2749
1136	1136	-5.03721
1137	1137	-12.6063
1138	1138	-20.6422
1139	1139	16.7652
1140	1140	5.75389
1141	1141	-49.4485
1142	1142	50.2849
1143	1143	-38.5191
1144	1144	-22.8484
1145	1145	-13.0376
1146	1146	-6.64724
1147	1147	16.602
1148	1148	7.10773
1149	1149	-4.89632
1150	1150	6.82739
1151	1151	20.3164
1152	1152	-13.7527
1153	1153	-22.7245
1154	1154	4.43579
1155	1155	-31.0864
1156	1156	-29.3
1157	1157	-21.9065
1158	1158	11.7414
1159	1159	7.97107
1160	1160	-24.0964
1161	1161	-18.3005
1162	1162	-36.4305
1163	1163	-22.8287
1164	1164	-1.70587
1165	1165	0.591095
1166	1166	12.6823
1167	1167	34.2031
1168	1168	9.37763
1169	1169	0.880411
1170	1170	-14.1784
1171	1171	10.2567
1172	1172	3.94594
1173	1173	28.3691
1174	1174	-39.6455
1175	1175	-4.15833
1176	1176	1.39906
1177	1177	22.671
1178	1178	11.8533
1179	1179	12.9937
1180	1180	6.34372
1181	1181	-18.8581
1182	1182	-17.0045
1183	1183	-30.5261
1184	1184	-3.3436
1185	1185	2.80844
1186	1186	22.2346
1187	1187	-20.4715
1188	1188	1.65973
1189	1189	-8.80663
1190	1190	-6.84197
1191	1191	-17.8315
1192	1192	22.9292
1193	1193	-9.06624
1194	1194	-31.0931
1195	1195	-27.6614
1196	1196	20.0386
1197	1197	-6.73251
1198	1198	-9.51239
1199	1199	11.5539
1200	1200	14.6201
1201	1201	27.9034
1202	1202	-11.1366
1203	1203	-2.76919
1204	1204	-17.7913
1205	1205	-16.859
1206	1206	-11.2631
1207	1207	-15.9669
1208	1208	26.8421
1209	1209	13.578
1210	1210	-10.2928
1211	1211	14.3105
1212	1212	1.07059
1213	1213	16.7583
1214	1214	29.2897
1215	1215	54.5742
1216	1216	-21.5345
1217	1217	-19.321
1218	1218	41.748
1219	1219	2.21079
1220	1220	7.96849
1221	1221	22.2122
1222	1222	9.67266
1223	1223	-35.5649
1224	1224	0.387764
1225	1225	-13.4815
1226	1226	16.3754
1227	1227	28.559
1228	1228	-29.6823
1229	1229	41.3169
1230	1230	1.19027
1231	1231	4.34626
1232	1232	17.7679
1233	1233	-18.9984
1234	1234	-10.9377
1235	1235	-30.234
1236	1236	-2.3239
1237	1237	5.84405
1238	1238	65.9399
1239	1239	4.88877
1240	1240	17.2825
1241	1241	-19.4917
1242	1242	23.2053
1243	1243	-6.78969
1244	1244	7.3894
1245	1245	0.66129
1246	1246	-22.793
1247	1247	-29.0317
1248	1248	16.5091
1249	1249	-0.883855
1250	1250	24.85
1251	1251	-3.40232
1252	1252	5.86027
1253	1253	8.15678
1254	1254	-42.0802
1255	1255	9.95357
1256	1256	-6.27667
1257	1257	17.1024
1258	1258	-3.68308
1259	1259	18.4041
1260	1260	11.8732
1261	1261	-9.97189
1262	1262	-24.7724
1263	1263	16.9951
1264	1264	12.7216
1265	1265	-33.5115
1266	1266	-13.9512
1267	1267	-1.5501
1268	1268	40.5544
1269	1269	11.6681
1270	1270	14.6826
1271	1271	2.43876
1272	1272	33.5866
1273	1273	-4.35271
1274	1274	-20.8114
1275	1275	0.665708
1276	1276	7.60702
1277	1277	26.1279
1278	1278	-5.0074
1279	1279	-39.5394
1280	1280	-24.3416
1281	1281	32.2685
1282	1282	-43.7432
1283	1283	4.74583
1284	1284	-13.7914
1285	1285	26.4045
1286	1286	17.4876
1287	1287	4.52801
1288	1288	-20.4948
1289	1289	-0.994422
1290	1290	16.4652
1291	1291	-9.41641
1292	1292	10.5828
1293	1293	-39.6371
1294	1294	4.07399
1295	1295	-29.0966
1296	1296	29.5938
1297	1297	-9.96185
1298	1298	2.02654
1299	1299	17.7509
1300	1300	19.1411
1301	1301	-10.5315
1302	1302	5.96699
1303	1303	11.146
1304	1304	-5.76743
1305	1305	-19.6764
1306	1306	18.4754
1307	1307	-16.7371
1308	1308	25.2952
1309	1309	-11.055
1310	1310	-18.8866
1311	1311	21.6484
1312	1312	-9.13395
1313	1313	27.103
1314	1314	3.09875
1315	1315	20.1045
1316	1316	-23.8903
1317	1317	-5.95095
1318	1318	-26.9583
1319	1319	-7.74607
1320	1320	17.6566
1321	1321	62.9068
1322	1322	-0.440435
1323	1323	-5.76021
1324	1324	25.1262
1325	1325	27.2845
1326	1326	34.6469
1327	1327	27.9573
1328	1328	-5.20329
1329	1329	-16.8081
1330	1330	8.16682
1331	1331	19.7611
1332	1332	-2.85709
1333	1333	49.0805
1334	1334	23.9884
1335	1335	28.5883
1336	1336	-2.83515
1337	1337	10.2217
1338	1338	-4.08921
1339	1339	-2.04395
1340	1340	-15.5053
1341	1341	24.0742
1342	1342	40.0068
1343	1343	-30.6856
1344	1344	27.4369
1345	1345	-32.8918
1346	1346	13.2284
1347	1347	23.5858
1348	1348	-21.5836
1349	1349	37.0976
1350	1350	-4.44233
1351	1351	1.77323
1352	1352	-12.0636
1353	1353	-35.9564
1354	1354	-15.0338
1355	1355	-33.8499
1356	1356	-39.3107
1357	1357	-30.0595
1358	1358	8.73536
1359	1359	-3.15854
1360	1360	10.6865
1361	1361	8.40531
1362	1362	-1.02355
1363	1363	22.5638
1364	1364	27.8228
1365	1365	-1.92163
1366	1366	-27.3007
1367	1367	46.8803
1368	1368	-16.645
1369	1369	-18.5942
1370	1370	-7.70012
1371	1371	-2.05921
1372	1372	-11.6038
1373	1373	-1.79628
1374	1374	-34.1105
1375	1375	-30.5248
1376	1376	-10.1035
1377	1377	3.63797
1378	1378	-9.22142
1379	1379	-29.4607
1380	1380	-21.739
1381	1381	-0.400543
1382	1382	20.1938
1383	1383	20.0892
1384	1384	6.19556
1385	1385	4.33488
1386	1386	-3.40803
1387	1387	6.84827
1388	1388	-16.7333
1389	1389	-0.694326
1390	1390	11.8538
1391	1391	-41.7959
1392	1392	-29.4854
1393	1393	-16.812
1394	1394	23.4599
1395	1395	30.0557
1396	1396	29.3344
1397	1397	-32.1589
1398	1398	19.398
1399	1399	-9.41228
1400	1400	-13.2858
1401	1401	-34.3762
1402	1402	-0.182279
1403	1403	-3.43559
1404	1404	6.76521
1405	1405	-13.1794
1406	1406	11.3546
1407	1407	17.2531
1408	1408	-22.7519
1409	1409	-24.7357
1410	1410	-20.0463
1411	1411	-2.27748
1412	1412	-32.8595
1413	1413	-19.9699
1414	1414	14.4187
1415	1415	2.74354
1416	1416	-1.28546
1417	1417	15.0364
1418	1418	17.7922
1419	1419	-21.5671
1420	1420	1.65683
1421	1421	-34.2633
1422	1422	-9.57154
1423	1423	-11.057
1424	1424	44.8753
1425	1425	34.6383
1426	1426	15.9627
1427	1427	-5.34492
1428	1428	-7.04257
1429	1429	3.54883
1430	1430	-22.8253
1431	1431	-16.7943
1432	1432	-12.982
1433	1433	35.623
1434	1434	-7.03735
1435	1435	-1.15531
1436	1436	-12.6872
1437	1437	-1.93903
1438	1438	-18.6513
1439	1439	-8.18188
1440	1440	-1.11275
1441	1441	19.3597
1442	1442	31.2016
1443	1443	16.5872
1444	1444	6.5738
1445	1445	-5.77898
1446	1446	15.5995
1447	1447	12.6899
1448	1448	0.308928
1449	1449	-44.6455
1450	1450	45.0776
1451	1451	24.0631
1452	1452	-26.2449
1453	1453	-32.0556
1454	1454	12.0816
1455	1455	-17.8506
1456	1456	-22.2829
1457	1457	-2.96804
1458	1458	9.62051
1459	1459	-14.0641
1460	1460	5.49474
1461	1461	-5.65112
1462	1462	13.1896
1463	1463	3.59448
1464	1464	-12.9037
1465	1465	-4.04348
1466	1466	-18.6841
1467	1467	7.43587
1468	1468	0.91866
1469	1469	29.499
1470	1470	-6.92075
1471	1471	33.3451
1472	1472	3.75293
1473	1473	-1.67209
1474	1474	-5.21022
1475	1475	28.6033
1476	1476	10.7008
1477	1477	-4.17023
1478	1478	-3.94706
1479	1479	31.511
1480	1480	-24.1012
1481	1481	-9.26976
1482	1482	31.2676
1483	1483	-22.0875
1484	1484	11.8035
1485	1485	1.57614
1486	1486	-1.51428
1487	1487	13.7166
1488	1488	-0.437827
1489	1489	10.4229
1490	1490	-1.26309
1491	1491	-1.71986
1492	1492	-6.02463
1493	1493	-39.4028
1494	1494	12.5614
1495	1495	35.4907
1496	1496	10.1755
1497	1497	-1.89173
1498	1498	6.08148
1499	1499	6.68861
1500	1500	-29.1688
1501	1501	17.1887
1502	1502	11.7111
1503	1503	-3.05811
1504	1504	-5.08316
1505	1505	4.06362
1506	1506	-28.6341
1507	1507	-0.0583949
1508	1508	29.9643
1509	1509	4.0763
1510	1510	17.387
1511	1511	4.43546
1512	1512	-2.50218
1513	1513	-10.6744
1514	1514	-29.7318
1515	1515	11.605
1516	1516	-24.742
1517	1517	-28.0942
1518	1518	-7.70181
1519	1519	-11.8162
1520	1520	-8.44886
1521	1521	48.3658
1522	1522	-2.26125
1523	1523	-2.57309
1524	1524	0.94195
1525	1525	20.3569
1526	1526	-13.7836
1527	1527	-12.915
1528	1528	-2.29194
1529	1529	33.6329
1530	1530	-12.2583
1531	1531	-9.25224
1532	1532	-23.5685
1533	1533	2.26864
1534	1534	-0.709582
1535	1535	3.30752
1536	1536	-26.5572
1537	1537	-10.3746
1538	1538	13.9709
1539	1539	18.4817
1540	1540	13.2371
1541	1541	35.4192
1542	1542	23.4572
1543	1543	-13.9279
1544	1544	-20.7768
1545	1545	-13.1154
1546	1546	-6.83524
1547	1547	-10.4132
1548	1548	13.659
1549	1549	35.2793
1550	1550	32.3359
1551	1551	-26.5017
1552	1552	-27.5736
1553	1553	8.91053
1554	1554	30.8793
1555	1555	-11.081
1556	1556	29.6811
1557	1557	-11.4353
1558	1558	49.8888
1559	1559	-17.5331
1560	1560	43.1574
1561	1561	27.804
1562	1562	4.68309
1563	1563	-19.8521
1564	1564	9.20896
1565	1565	9.08112
1566	1566	-22.7112
1567	1567	30.3094
1568	1568	-14.1492
1569	1569	-29.433
1570	1570	2.23034
1571	1571	10.722
1572	1572	19.7464
1573	1573	3.1855
1574	1574	22.1178
1575	1575	-10.6819
1576	1576	-13.3681
1577	1577	-26.7168
1578	1578	-13.4156
1579	1579	-23.592
1580	1580	-33.168
1581	1581	11.0405
1582	1582	6.28443
1583	1583	10.5116
1584	1584	-5.22788
1585	1585	-0.927969
1586	1586	26.9037
1587	1587	-16.685
1588	1588	13.8212
1589	1589	37.4984
1590	1590	13.4038
1591	1591	-20.1956
1592	1592	11.4865
1593	1593	6.02695
1594	1594	-13.6344
1595	1595	-21.7897
1596	1596	4.02791
1597	1597	-26.8087
1598	1598	28.2367
1599	1599	9.20961
1600	1600	-19.92
1601	1601	18.2787
1602	1602	-17.0066
1603	1603	-42.8656
1604	1604	0.228311
1605	1605	-10.5357
1606	1606	20.9268
1607	1607	4.69729
1608	1608	35.5811
1609	1609	10.2012
1610	1610	-5.70783
1611	1611	-58.0144
1612	1612	-47.1787
1613	1613	-29.4165
1614	1614	13.1275
1615	1615	21.2036
1616	1616	-9.88081
1617	1617	32.1444
1618	1618	-7.54749
1619	1619	-6.0505
1620	1620	6.64403
1621	1621	15.3704
1622	1622	-12.9634
1623	1623	-5.26346
1624	1624	-7.07117
1625	1625	-3.93717
1626	1626	-17.284
1627	1627	9.16871
1628	1628	-23.667
1629	1629	8.57935
1630	1630	20.4954
1631	1631	0.69957
1632	1632	-7.11869
1633	1633	-30.1603
1634	1634	-15.7419
1635	1635	0.611538
1636	1636	-18.3309
1637	1637	-28.4608
1638	1638	-12.0694
1639	1639	21.102
1640	1640	9.31424
1641	1641	-14.871
1642	1642	28.2138
1643	1643	16.1825
1644	1644	-8.18331
1645	1645	-17.97
1646	1646	0.556292
1647	1647	20.9548
1648	1648	-23.8275
1649	1649	-33.6731
1650	1650	-3.3838
1651	1651	-7.80185
1652	1652	-9.5673
1653	1653	24.4748
1654	1654	9.08458
1655	1655	25.3128
1656	1656	-18.5913
1657	1657	17.6416
1658	1658	5.83583
1659	1659	40.7007
1660	1660	-0.415115
1661	1661	11.6074
1662	1662	-22.3404
1663	1663	3.00165
1664	1664	-30.4938
1665	1665	-19.4852
1666	1666	2.52427
1667	1667	15.9962
1668	1668	10.7707
1669	1669	8.54179
1670	1670	31.1327
1671	1671	1.22402
1672	1672	-1.16085
1673	1673	-29.5114
1674	1674	-8.03347
1675	1675	17.0028
1676	1676	-18.0986
1677	1677	23.3034
1678	1678	13.6004
1679	1679	21.7323
1680	1680	1.74585
1681	1681	-6.52634
1682	1682	20.8391
1683	1683	-8.37855
1684	1684	-24.0814
1685	1685	-2.0219
1686	1686	-31.1773
1687	1687	-6.06399
1688	1688	-13.752
1689	1689	5.04471
1690	1690	-0.351679
1691	1691	-1.95197
1692	1692	-27.3436
1693	1693	-27.1407
1694	1694	43.6949
1695	1695	24.3392
1696	1696	-15.9458
1697	1697	-2.32924
1698	1698	22.1483
1699	1699	18.4744
1700	1700	-25.9897
1701	1701	-6.2017
1702	1702	36.6891
1703	1703	-12.9961
1704	1704	-1.99034
1705	1705	-33.2127
1706	1706	36.0496
1707	1707	14.5309
1708	1708	65.4426
1709	1709	1.15548
1710	1710	-21.2239
1711	1711	-18.3724
1712	1712	18.0743
1713	1713	17.2711
1714	1714	17.2291
1715	1715	17.8672
1716	1716	-24.7294
1717	1717	10.9343
1718	1718	7.7043
1719	1719	7.94493
1720	1720	20.9984
1721	1721	29.2488
1722	1722	8.71059
1723	1723	-12.4618
1724	1724	-6.84038
1725	1725	2.55279
1726	1726	8.58587
1727	1727	14.6134
1728	1728	-1.37782
1729	1729	-2.14923
1730	1730	-4.10028
1731	1731	-14.3131
1732	1732	1.8062
1733	1733	-24.4956
1734	1734	-23.816
1735	1735	-11.8392
1736	1736	-22.2333
1737	1737	-7.69072
1738	1738	8.01875
1739	1739	-7.9803
1740	1740	21.9014
1741	1741	2.63023
1742	1742	-42.0408
1743	1743	17.2351
1744	1744	23.759
1745	1745	-13.4578
1746	1746	-27.8034
1747	1747	0.248514
1748	1748	-6.865
1749	1749	-19.9488
1750	1750	26.8948
1751	1751	-10.9104
1752	1752	12.325
1753	1753	-13.9774
1754	1754	-12.2408
1755	1755	-27.5152
1756	1756	9.26742
1757	1757	14.4424
1758	1758	-13.3887
1759	1759	18.3684
1760	1760	-10.5148
1761	1761	0.493569
1762	1762	-18.0099
1763	1763	5.08515
1764	1764	32.1799
1765	1765	11.1699
1766	1766	-19.3897
1767	1767	4.26762
1768	1768	-32.5256
1769	1769	20.683
1770	1770	11.4915
1771	1771	-1.69306
1772	1772	12.5335
1773	1773	8.32323
1774	1774	0.356904
1775	1775	9.35214
1776	1776	-8.57012
1777	1777	26.6281
1778	1778	4.5382
1779	1779	-30.7532
1780	1780	12.4318
1781	1781	17.003
1782	1782	8.18046
1783	1783	-15.3097
1784	1784	-2.82596
1785	1785	-6.88583
1786	1786	28.2587
1787	1787	33.0553
1788	1788	18.2975
1789	1789	12.6424
1790	1790	-0.993107
1791	1791	16.7173
1792	1792	14.3877
1793	1793	13.5742
1794	1794	-19.5552
1795	1795	12.5596
1796	1796	6.45639
1797	1797	-29.6353
1798	1798	21.7381
1799	1799	2.81574
1800	1800	-13.1503
1801	1801	24.627
1802	1802	-8.7252
1803	1803	7.0885
1804	1804	25.5255
1805	1805	16.6116
1806	1806	-7.26027
1807	1807	0.809972
1808	1808	-3.70111
1809	1809	-13.8993
1810	1810	2.86736
1811	1811	-33.6751
1812	1812	5.87834
1813	1813	-5.60492
1814	1814	12.6833
1815	1815	-13.9511
1816	1816	22.5485
1817	1817	9.06696
1818	1818	19.0753
1819	1819	1.04745
1820	1820	-16.1978
1821	1821	7.4355
1822	1822	15.9747
1823	1823	-0.402384
1824	1824	4.3134
1825	1825	24.0953
1826	1826	-3.14157
1827	1827	-30.0298
1828	1828	14.787
1829	1829	8.44848
1830	1830	5.24994
1831	1831	11.3136
1832	1832	-43.1246
1833	1833	23.4846
1834	1834	30.9808
1835	1835	29.4951
1836	1836	7.86922
1837	1837	33.2463
1838	1838	13.31
1839	1839	-13.6141
1840	1840	-33.7341
1841	1841	21.3228
1842	1842	-4.42282
1843	1843	-15.7656
1844	1844	10.1455
1845	1845	7.57191
1846	1846	-9.22272
1847	1847	24.3525
1848	1848	-0.664436
1849	1849	-42.1488
1850	1850	19.6422
1851	1851	9.47242
1852	1852	11.9503
1853	1853	3.00523
1854	1854	-21.8425
1855	1855	8.56377
1856	1856	-10.9493
1857	1857	26.1956
1858	1858	5.46734
1859	1859	22.2217
1860	1860	-0.174318
1861	1861	-6.80361
1862	1862	-11.5296
1863	1863	-35.1613
1864	1864	7.86811
1865	1865	8.01688
1866	1866	3.66121
1867	1867	10.8965
1868	1868	32.4821
1869	1869	-12.2172
1870	1870	-8.07027
1871	1871	-26.8006
1872	1872	-20.9178
1873	1873	-13.2164
1874	1874	25.1552
1875	1875	2.88844
1876	1876	-2.48759
1877	1877	12.4622
1878	1878	9.53594
1879	1879	-39.0813
1880	1880	-18.5102
1881	1881	26.0985
1882	1882	9.52015
1883	1883	-12.1148
1884	1884	-4.02438
1885	1885	-5.95966
1886	1886	-12.6305
1887	1887	-6.36037
1888	1888	38.8945
1889	1889	1.57887
1890	1890	9.46013
1891	1891	3.70368
1892	1892	-27.6884
1893	1893	13.4323
1894	1894	-14.4955
1895	1895	-22.0388
1896	1896	3.77991
1897	1897	12.7821
1898	1898	-23.0421
1899	1899	-1.2744
1900	1900	0.153623
1901	1901	33.1805
1902	1902	5.26566
1903	1903	9.5869
1904	1904	-18.2002
1905	1905	-12.8253
1906	1906	-14.507
1907	1907	17.8299
1908	1908	-3.07866
1909	1909	-9.17433
1910	1910	-23.3546
1911	1911	-40.279
1912	1912	5.69057
1913	1913	19.8912
1914	1914	14.0908
1915	1915	-2.39003
1916	1916	-13.9486
1917	1917	-12.5542
1918	1918	-2.41267
1919	1919	9.56958
1920	1920	3.39387
1921	1921	26.5697
1922	1922	10.5191
1923	1923	0.473804
1924	1924	10.4264
1925	1925	12.8971
1926	1926	11.6008
1927	1927	0.194038
1928	1928	-14.96
1929	1929	19.579
1930	1930	37.7238
1931	1931	3.86242
1932	1932	-20.7177
1933	1933	-1.15803
1934	1934	-7.86945
1935	1935	42.0868
1936	1936	17.1809
1937	1937	7.53448
1938	1938	-1.3744
1939	1939	14.8665
1940	1940	4.95792
1941	1941	14.8108
1942	1942	1.72945
1943	1943	3.09477
1944	1944	3.6236
1945	1945	-40.8946
1946	1946	-5.11199
1947	1947	19.414
1948	1948	17.8637
1949	1949	-1.78439
1950	1950	7.65147
1951	1951	-22.9355
1952	1952	-23.8881
1953	1953	3.87437
1954	1954	10.3139
1955	1955	1.5995
1956	1956	-13.3525
1957	1957	28.5049
1958	1958	4.36494
1959	1959	0.115938
1960	1960	16.0639
1961	1961	10.8346
1962	1962	10.2816
1963	1963	-13.5966
1964	1964	-3.06723
1965	1965	-13.1247
1966	1966	-15.6277
1967	1967	-28.2936
1968	1968	22.6609
1969	1969	17.2825
1970	1970	36.1623
1971	1971	-24.2734
1972	1972	-13.6673
1973	1973	11.9868
1974	1974	53.8956
1975	1975	-32.0303
1976	1976	-19.2282
1977	1977	-6.19506
1978	1978	30.7397
1979	1979	41.9328
1980	1980	0.564109
1981	1981	13.2305
1982	1982	8.51649
1983	1983	-25.0975
1984	1984	-6.61422
1985	1985	-12.1682
1986	1986	13.1034
1987	1987	5.54973
1988	1988	23.0625
1989	1989	-40.2387
1990	1990	26.0544
1991	1991	-11.1714
1992	1992	-9.25624
1993	1993	-2.35116
1994	1994	-6.41445
1995	1995	-0.493632
1996	1996	9.85907
1997	1997	17.693
1998	1998	29.6543
1999	1999	29.1944
2000	2000	-22.4558
2001	2001	-14.7574
2002	2002	1.0827
2003	2003	-42.5845
2004	2004	-19.8229
2005	2005	-17.433
2006	2006	-10.3058
2007	2007	-38.2205
2008	2008	28.2151
2009	2009	21.1423
2010	2010	-29.8049
2011	2011	-16.3311
2012	2012	-19.62
2013	2013	14.612
2014	2014	-15.2458
2015	2015	-9.56962
2016	2016	10.3201
2017	2017	-16.2239
2018	2018	21.694
2019	2019	3.18337
2020	2020	44.4706
2021	2021	19.6317
2022	2022	-13.8845
2023	2023	5.49636
2024	2024	-0.514529
2025	2025	-6.69347
2026	2026	-12.0007
2027	2027	50.5443
2028	2028	-19.101
2029	2029	-12.97
2030	2030	-29.64
2031	2031	20.5844
2032	2032	2.96859
2033	2033	19.1146
2034	2034	3.25067
2035	2035	10.8966
2036	2036	-5.70044
2037	2037	-6.56479
2038	2038	30.1921
2039	2039	-19.3826
2040	2040	-3.38009
2041	2041	9.31244
2042	2042	-19.9994
2043	2043	-1.03469
2044	2044	-0.937678
2045	2045	15.4181
2046	2046	14.2981
2047	2047	-9.58409
2048	2048	36.6319
2049	2049	10.3887
2050	2050	-25.3281
2051	2051	-9.65082
2052	2052	-4.93039
2053	2053	2.46842
2054	2054	-8.60817
2055	2055	14.839
2056	2056	-15.5716
2057	2057	18.9575
2058	2058	11.1173
2059	2059	18.7608
2060	2060	26.6965
2061	2061	-21.5392
2062	2062	-17.1023
2063	2063	-9.80077
2064	2064	-11.6844
2065	2065	2.82345
2066	2066	49.3542
2067	2067	8.42685
2068	2068	40.1694
2069	2069	-11.5059
2070	2070	-4.66686
2071	2071	-8.93367
2072	2072	21.2926
2073	2073	26.6735
2074	2074	28.2805
2075	2075	-20.6056
2076	2076	11.4803
2077	2077	-21.6223
2078	2078	21.8937
2079	2079	9.42443
2080	2080	13.174
2081	2081	-2.78855
2082	2082	11.1077
2083	2083	-20.3703
2084	2084	-45.3112
2085	2085	29.6504
2086	2086	25.7197
2087	2087	19.9439
2088	2088	-7.89617
2089	2089	-9.42189
2090	2090	-26.0595
2091	2091	-37.3247
2092	2092	2.15348
2093	2093	-9.48824
2094	2094	-3.13269
2095	2095	-1.9809
2096	2096	49.99
2097	2097	5.5364
2098	2098	5.07175
2099	2099	13.6064
2100	2100	-29.0778
2101	2101	-9.3617
2102	2102	7.61383
2103	2103	17.5189
2104	2104	-26.6003
2105	2105	-30.9341
2106	2106	-7.52357
2107	2107	-4.68861
2108	2108	32.0935
2109	2109	15.8692
2110	2110	9.8645
2111	2111	-14.0173
2112	2112	13.1349
2113	2113	-15.2659
2114	2114	-3.88259
2115	2115	14.1
2116	2116	32.3783
2117	2117	-26.0326
2118	2118	-15.8793
2119	2119	-25.4126
2120	2120	-16.1066
2121	2121	-22.4983
2122	2122	37.4094
2123	2123	-1.79683
2124	2124	9.91556
2125	2125	-2.14287
2126	2126	19.759
2127	2127	22.9863
2128	2128	-2.59352
2129	2129	38.3885
2130	2130	-11.3363
2131	2131	-21.8245
2132	2132	-29.2648
2133	2133	-25.3708
2134	2134	22.0734
2135	2135	9.34356
2136	2136	7.1962
2137	2137	-38.126
2138	2138	-20.8465
2139	2139	8.45995
2140	2140	-23.6718
2141	2141	-13.1315
2142	2142	-30.9699
2143	2143	-14.1338
2144	2144	15.9887
2145	2145	2.42121
2146	2146	-3.55296
2147	2147	-17.8546
2148	2148	-26.8201
2149	2149	-3.44737
2150	2150	-5.83709
2151	2151	-20.4389
2152	2152	-10.3823
2153	2153	7.00126
2154	2154	-3.63015
2155	2155	-19.9094
2156	2156	-7.54824
2157	2157	-8.0354
2158	2158	34.0375
2159	2159	7.01391
2160	2160	-6.6688
2161	2161	-35.2958
2162	2162	3.06044
2163	2163	28.1713
2164	2164	-9.96888
2165	2165	27.4848
2166	2166	-0.218327
2167	2167	-17.5051
2168	2168	-25.0903
2169	2169	11.7945
2170	2170	-4.37734
2171	2171	-15.0209
2172	2172	12.8879
2173	2173	-13.6162
2174	2174	-14.9278
2175	2175	-13.6227
2176	2176	-39.104
2177	2177	26.2272
2178	2178	-13.6912
2179	2179	18.7402
2180	2180	-22.3727
2181	2181	-25.8812
2182	2182	-23.543
2183	2183	-9.82957
2184	2184	-7.23384
2185	2185	-14.9446
2186	2186	14.5806
2187	2187	-22.1963
2188	2188	-11.4539
2189	2189	2.97621
2190	2190	-13.768
2191	2191	-22.0099
2192	2192	-3.20258
2193	2193	7.15125
2194	2194	17.3484
2195	2195	-4.67832
2196	2196	5.27439
2197	2197	-17.6429
2198	2198	9.33959
2199	2199	38.8023
2200	2200	-30.7708
2201	2201	-10.1337
2202	2202	10.3896
2203	2203	8.96141
2204	2204	11.355
2205	2205	23.645
2206	2206	1.37007
2207	2207	17.633
2208	2208	13.9158
2209	2209	29.3049
2210	2210	-33.6444
2211	2211	-40.1927
2212	2212	-38.7904
2213	2213	-28.1973
2214	2214	11.4345
2215	2215	18.9804
2216	2216	47.0961
2217	2217	35.586
2218	2218	-41.2519
2219	2219	10.5964
2220	2220	-24.8592
2221	2221	0.811523
2222	2222	2.9079
2223	2223	21.194
2224	2224	14.4909
2225	2225	-5.76984
2226	2226	-1.51461
2227	2227	-38.0147
2228	2228	-7.05886
2229	2229	-1.61671
2230	2230	-0.453334
2231	2231	2.64381
2232	2232	-2.47106
2233	2233	1.0119
2234	2234	9.9299
2235	2235	23.2139
2236	2236	-14.8583
2237	2237	-8.40306
2238	2238	22.4016
2239	2239	5.77057
2240	2240	-15.1439
2241	2241	16.1129
2242	2242	-40.5118
2243	2243	24.1523
2244	2244	-5.06853
2245	2245	-19.7622
2246	2246	15.9834
2247	2247	16.3512
2248	2248	-46.6216
2249	2249	-11.7568
2250	2250	1.01444
2251	2251	4.21167
2252	2252	2.53493
2253	2253	-10.0279
2254	2254	22.6098
2255	2255	26.9532
2256	2256	-36.221
2257	2257	26.4532
2258	2258	13.7691
2259	2259	-17.6877
2260	2260	-3.16048
2261	2261	36.6359
2262	2262	11.4712
2263	2263	-18.8442
2264	2264	15.8692
2265	2265	-5.00677
2266	2266	9.40654
2267	2267	4.6425
2268	2268	-12.5778
2269	2269	-8.83521
2270	2270	-3.02043
2271	2271	-11.434
2272	2272	1.99292
2273	2273	-22.5184
2274	2274	16.7572
2275	2275	23.4237
2276	2276	9.38579
2277	2277	5.58455
2278	2278	-27.9389
2279	2279	18.6435
2280	2280	-3.37962
2281	2281	1.50966
2282	2282	-8.00281
2283	2283	2.98109
2284	2284	-25.4538
2285	2285	-6.43501
2286	2286	-21.6246
2287	2287	24.2178
2288	2288	9.81272
2289	2289	3.08108
2290	2290	-13.7732
2291	2291	-1.87336
2292	2292	-19.7676
2293	2293	-6.13209
2294	2294	2.5017
2295	2295	-4.12322
2296	2296	22.3293
2297	2297	-19.0631
2298	2298	-16.9251
2299	2299	2.32696
2300	2300	3.96013
2301	2301	-21.8104
2302	2302	-21.4683
2303	2303	-12.4073
2304	2304	20.1609
2305	2305	44.1026
2306	2306	-18.018
2307	2307	-21.2271
2308	2308	13.0621
2309	2309	-13.999
2310	2310	-12.2159
2311	2311	-2.41243
2312	2312	-0.32569
2313	2313	19.2957
2314	2314	7.17183
2315	2315	-5.63678
2316	2316	-15.1821
2317	2317	10.7136
2318	2318	-33.8688
2319	2319	-13.4243
2320	2320	-10.5137
2321	2321	11.1679
2322	2322	-12.4684
2323	2323	12.1686
2324	2324	2.08693
2325	2325	-36.9639
2326	2326	-12.9895
2327	2327	30.3185
2328	2328	-4.6391
2329	2329	-10.8884
2330	2330	46.731
2331	2331	-3.74279
2332	2332	18.2604
2333	2333	6.37821
2334	2334	34.6357
2335	2335	-13.3908
2336	2336	3.55002
2337	2337	34.533
2338	2338	8.74812
2339	2339	-0.698544
2340	2340	-17.2408
2341	2341	-27.5647
2342	2342	-9.53067
2343	2343	-30.153
2344	2344	2.54415
2345	2345	22.4634
2346	2346	-4.35814
2347	2347	29.9288
2348	2348	9.00395
2349	2349	18.4964
2350	2350	-35.0849
2351	2351	-17.8476
2352	2352	15.7286
2353	2353	-15.8309
2354	2354	-51.1772
2355	2355	7.00379
2356	2356	46.498
2357	2357	-21.4777
2358	2358	9.60458
2359	2359	-4.18118
2360	2360	14.7677
2361	2361	-38.6347
2362	2362	-8.18213
2363	2363	0.707331
2364	2364	22.7348
2365	2365	-3.57234
2366	2366	38.865
2367	2367	29.1258
2368	2368	-39.8142
2369	2369	5.51946
2370	2370	9.62134
2371	2371	-9.81721
2372	2372	-37.0734
2373	2373	11.1544
2374	2374	3.46042
2375	2375	31.0325
2376	2376	29.4366
2377	2377	15.0445
2378	2378	-8.15501
2379	2379	-35.7569
2380	2380	-7.74533
2381	2381	-8.74055
2382	2382	20.2816
2383	2383	21.4228
2384	2384	5.53624
2385	2385	-24.0151
2386	2386	15.3276
2387	2387	8.56322
2388	2388	10.4115
2389	2389	14.9194
2390	2390	14.6272
2391	2391	10.1314
2392	2392	-34.1029
2393	2393	-3.45873
2394	2394	5.96555
2395	2395	-27.6686
2396	2396	-27.5076
2397	2397	-7.30545
2398	2398	-31.5211
2399	2399	-28.7123
