sample_id	sample_id2	phensim
zero	zero	-53.3218
1	1	25.6261
2	2	9.01467
3	3	-20.6178
4	4	-34.9064
5	5	27.4952
6	6	4.44086
7	7	-19.4199
8	8	-18.2401
9	9	10.3804
10	10	-32.4194
11	11	-41.9641
12	12	0.0159429
13	13	-30.0822
14	14	-22.4803
15	15	8.84003
16	16	0.748301
17	17	14.2963
18	18	35.2192
19	19	3.99591
20	20	11.3748
21	21	3.14331
22	22	15.649
23	23	-51.3905
24	24	12.7921
25	25	18.6277
26	26	74.0082
27	27	39.0199
28	28	14.0673
29	29	-13.4167
30	30	19.9031
31	31	9.22548
32	32	-47.8715
33	33	6.68587
34	34	-2.31316
35	35	-14.503
36	36	-20.1195
37	37	-2.94087
38	38	24.3267
39	39	-11.2457
40	40	26.1645
41	41	12.2146
42	42	7.61981
43	43	6.95535
44	44	-50.3431
45	45	-4.92566
46	46	1.2543
47	47	-15.3126
48	48	-25.6762
49	49	-10.4944
50	50	-14.8989
51	51	22.9458
52	52	9.20658
53	53	-13.5538
54	54	-40.0671
55	55	-9.05052
56	56	-4.51556
57	57	5.50846
58	58	9.82373
59	59	1.14422
60	60	24.615
61	61	18.19
62	62	28.3142
63	63	15.8617
64	64	-20.5804
65	65	-2.98993
66	66	22.8012
67	67	-1.88613
68	68	-9.81583
69	69	-2.2245
70	70	-26.5109
71	71	52.7129
72	72	29.7743
73	73	18.043
74	74	36.341
75	75	-6.9917
76	76	63.6494
77	77	-10.6655
78	78	42.4405
79	79	4.09438
80	80	5.66897
81	81	-16.5188
82	82	14.6013
83	83	-13.7182
84	84	15.3672
85	85	9.62908
86	86	-28.3627
87	87	-46.1602
88	88	-33.5009
89	89	38.0924
90	90	-25.9699
91	91	-3.68967
92	92	14.3244
93	93	15.8443
94	94	6.92913
95	95	-2.85309
96	96	-23.5853
97	97	0.300416
98	98	-0.542623
99	99	31.8042
100	100	-25.9001
101	101	32.5836
102	102	15.4822
103	103	30.666
104	104	28.8116
105	105	34.8783
106	106	-46.3249
107	107	-22.1484
108	108	6.20441
109	109	-28.8455
110	110	-7.76318
111	111	27.5786
112	112	-22.4843
113	113	-11.9647
114	114	14.7497
115	115	-21.2832
116	116	-18.3796
117	117	19.7357
118	118	-29.6127
119	119	5.83853
120	120	20.3439
121	121	7.67236
122	122	18.9119
123	123	-3.70344
124	124	5.43504
125	125	28.6095
126	126	-2.46044
127	127	-9.18655
128	128	-14.0562
129	129	-23.4294
130	130	0.987821
131	131	-26.4908
132	132	-31.6484
133	133	13.179
134	134	18.8061
135	135	25.9292
136	136	3.88688
137	137	43.1758
138	138	-19.0097
139	139	0.237696
140	140	33.7666
141	141	-34.0103
142	142	-34.0313
143	143	-13.1344
144	144	1.28588
145	145	7.39063
146	146	-13.0946
147	147	40.0927
148	148	-13.3109
149	149	0.535457
150	150	-7.23864
151	151	-8.08939
152	152	-3.13347
153	153	0.415544
154	154	1.13638
155	155	-1.59914
156	156	45.0097
157	157	-12.2292
158	158	-13.0527
159	159	-28.9227
160	160	-2.75916
161	161	-0.984719
162	162	-27.4467
163	163	-6.90059
164	164	19.6273
165	165	11.0981
166	166	-1.64125
167	167	-4.47422
168	168	-31.004
169	169	-25.6618
170	170	-35.291
171	171	5.47785
172	172	5.54867
173	173	37.3702
174	174	-46.3991
175	175	-4.37786
176	176	-22.8093
177	177	-6.76382
178	178	-20.8596
179	179	14.2273
180	180	-10.5571
181	181	-47.8704
182	182	-14.7821
183	183	22.8455
184	184	-9.38975
185	185	5.64729
186	186	-26.6246
187	187	-27.7131
188	188	27.338
189	189	-33.2229
190	190	-22.6373
191	191	-23.5922
192	192	16.8971
193	193	-10.3119
194	194	-19.9789
195	195	25.3802
196	196	15.1305
197	197	23.8265
198	198	17.6198
199	199	5.9729
200	200	28.7467
201	201	11.9917
202	202	12.2989
203	203	-12.0925
204	204	5.00053
205	205	39.0774
206	206	-26.6749
207	207	0.576653
208	208	8.71801
209	209	1.39886
210	210	-0.595982
211	211	42.7577
212	212	16.4593
213	213	-16.1364
214	214	6.19988
215	215	15.1461
216	216	-22.822
217	217	-25.8025
218	218	45.3654
219	219	14.6066
220	220	1.02937
221	221	8.95427
222	222	9.51429
223	223	10.2323
224	224	-22.9928
225	225	18.2518
226	226	-3.36444
227	227	18.3886
228	228	24.9114
229	229	6.85276
230	230	12.9957
231	231	-3.68538
232	232	44.8825
233	233	34.1428
234	234	-30.9518
235	235	-17.1584
236	236	14.3969
237	237	9.3208
238	238	12.9424
239	239	-6.0758
240	240	-29.3975
241	241	-47.29
242	242	-45.7771
243	243	12.0952
244	244	-24.9498
245	245	20.2919
246	246	-11.2824
247	247	29.3159
248	248	4.97738
249	249	-3.33857
250	250	2.97233
251	251	5.78088
252	252	-7.54352
253	253	39.5057
254	254	34.9457
255	255	18.4495
256	256	6.45072
257	257	3.62941
258	258	-21.5563
259	259	-31.901
260	260	16.4995
261	261	40.2875
262	262	-21.9481
263	263	-17.1352
264	264	-0.56161
265	265	3.65036
266	266	-28.9142
267	267	-12.2871
268	268	21.4792
269	269	-31.928
270	270	38.3129
271	271	-40.379
272	272	-39.91
273	273	21.9573
274	274	7.95421
275	275	47.7915
276	276	21.3843
277	277	9.30197
278	278	-37.3086
279	279	-30.7691
280	280	-4.89087
281	281	-26.3524
282	282	2.43691
283	283	-13.3103
284	284	33.3063
285	285	26.107
286	286	-6.88617
287	287	-18.6609
288	288	-50.0101
289	289	27.6465
290	290	7.27557
291	291	-20.1262
292	292	-5.15662
293	293	27.9954
294	294	7.68325
295	295	-18.1733
296	296	36.5789
297	297	-45.6205
298	298	3.32792
299	299	39.0151
300	300	6.19785
301	301	-13.6531
302	302	-10.4504
303	303	-23.8114
304	304	-15.8697
305	305	-6.86967
306	306	-12.7136
307	307	27.366
308	308	-7.65456
309	309	-5.27895
310	310	-35.4479
311	311	12.8879
312	312	-0.0767627
313	313	-22.5292
314	314	20.1179
315	315	-10.8955
316	316	-5.57696
317	317	-5.79092
318	318	-35.4462
319	319	31.1384
320	320	-19.2663
321	321	-8.6418
322	322	-6.63258
323	323	-12.8729
324	324	4.08792
325	325	-8.37309
326	326	-4.76086
327	327	-41.4447
328	328	-9.40199
329	329	-13.5164
330	330	3.66895
331	331	3.13731
332	332	-15.7642
333	333	0.507075
334	334	28.3106
335	335	-20.3305
336	336	19.3334
337	337	41.3473
338	338	-15.3668
339	339	-18.9406
340	340	9.00952
341	341	18.8337
342	342	-18.4014
343	343	13.8338
344	344	12.111
345	345	38.046
346	346	-12.8657
347	347	-4.23427
348	348	-34.4957
349	349	1.23023
350	350	-11.9579
351	351	-12.0614
352	352	19.2822
353	353	15.0479
354	354	-42.6961
355	355	15.2265
356	356	-0.785739
357	357	-27.9334
358	358	32.2488
359	359	3.94482
360	360	6.2205
361	361	3.22225
362	362	9.8472
363	363	-4.71787
364	364	-25.785
365	365	-36.4661
366	366	-41.2918
367	367	0.0993632
368	368	11.9516
369	369	0.392815
370	370	45.97
371	371	11.1257
372	372	-39.6539
373	373	-30.0052
374	374	24.8616
375	375	-13.3282
376	376	-8.05731
377	377	1.17319
378	378	-26.7296
379	379	8.17691
380	380	-32.8188
381	381	-9.38178
382	382	29.0531
383	383	-3.52908
384	384	-13.653
385	385	-28.8687
386	386	-29.3332
387	387	35.2974
388	388	-24.1206
389	389	0.692498
390	390	6.60833
391	391	17.2513
392	392	-38.5492
393	393	-38.0102
394	394	-27.0517
395	395	21.9177
396	396	4.19331
397	397	-7.49558
398	398	3.00326
399	399	26.4567
400	400	-0.589312
401	401	9.48573
402	402	31.147
403	403	-0.0368275
404	404	47.3092
405	405	42.5817
406	406	8.95682
407	407	-12.8704
408	408	-14.7075
409	409	13.4535
410	410	15.4256
411	411	-30.2315
412	412	12.6286
413	413	-12.5686
414	414	-5.49395
415	415	7.25948
416	416	-1.82864
417	417	-40.2904
418	418	17.832
419	419	-29.452
420	420	8.38667
421	421	-17.1095
422	422	14.2368
423	423	35.0943
424	424	38.2562
425	425	-5.79376
426	426	9.35485
427	427	-33.4071
428	428	-28.927
429	429	-25.2202
430	430	-18.8094
431	431	-31.2197
432	432	30.1132
433	433	21.6403
434	434	14.8924
435	435	0.521627
436	436	5.8321
437	437	-18.2129
438	438	58.7572
439	439	23.8916
440	440	-1.79984
441	441	31.0627
442	442	-31.1772
443	443	-4.70573
444	444	-20.8939
445	445	-16.0292
446	446	13.2762
447	447	13.3792
448	448	-8.51708
449	449	-16.4068
450	450	-28.7798
451	451	18.202
452	452	2.96161
453	453	3.93806
454	454	-11.1968
455	455	2.52013
456	456	-33.9699
457	457	34.2731
458	458	-14.3854
459	459	15.5543
460	460	5.06772
461	461	-7.23276
462	462	4.13487
463	463	2.93682
464	464	-5.34089
465	465	-13.7494
466	466	-29.1552
467	467	-0.660191
468	468	7.39456
469	469	-48.7773
470	470	-2.563
471	471	-5.13006
472	472	-34.575
473	473	7.81689
474	474	-7.67883
475	475	-5.42159
476	476	6.63517
477	477	40.8511
478	478	-7.15064
479	479	-18.587
480	480	-2.19696
481	481	4.25498
482	482	-1.78409
483	483	30.1261
484	484	-0.800108
485	485	-3.46127
486	486	-6.96308
487	487	31.2392
488	488	7.6962
489	489	14.4665
490	490	10.3395
491	491	-9.5251
492	492	-36.8057
493	493	-37.7671
494	494	-16.9843
495	495	11.7175
496	496	-20.1667
497	497	4.06621
498	498	-4.97118
499	499	-24.795
500	500	9.00364
501	501	3.6153
502	502	7.67363
503	503	-6.27783
504	504	-18.0241
505	505	-25.901
506	506	-21.9941
507	507	7.96315
508	508	14.5667
509	509	34.6274
510	510	15.1838
511	511	-21.5515
512	512	5.73424
513	513	7.3506
514	514	2.49281
515	515	-20.7574
516	516	-72.2462
517	517	19.6827
518	518	-12.4884
519	519	-9.22592
520	520	-14.3846
521	521	20.2448
522	522	-2.60663
523	523	-16.3235
524	524	26.6373
525	525	-31.7776
526	526	20.8346
527	527	4.41064
528	528	-39.3257
529	529	-15.6253
530	530	40.4117
531	531	19.7131
532	532	-37.5573
533	533	-9.37972
534	534	-15.4875
535	535	36.3659
536	536	-9.92002
537	537	-16.2239
538	538	18.8462
539	539	-22.5473
540	540	5.53277
541	541	-5.22673
542	542	24.3099
543	543	5.16584
544	544	15.4324
545	545	12.6417
546	546	20.2053
547	547	-17.0659
548	548	-17.3536
549	549	34.1795
550	550	-14.3965
551	551	34.3069
552	552	-2.05634
553	553	4.46319
554	554	-1.86964
555	555	33.4765
556	556	13.6118
557	557	-0.128163
558	558	3.70801
559	559	15.6433
560	560	25.0545
561	561	17.1706
562	562	-0.387874
563	563	10.7389
564	564	21.4072
565	565	-3.01335
566	566	30.1406
567	567	4.51475
568	568	37.157
569	569	11.0203
570	570	-4.92167
571	571	17.0252
572	572	9.27603
573	573	-28.1494
574	574	0.325544
575	575	4.93333
576	576	3.68792
577	577	11.1003
578	578	-0.533721
579	579	-0.558401
580	580	22.8217
581	581	-21.3845
582	582	16.4251
583	583	23.398
584	584	-16.7809
585	585	-11.2417
586	586	11.1904
587	587	-35.7909
588	588	22.4054
589	589	-26.9487
590	590	-40.1167
591	591	14.0759
592	592	10.1619
593	593	38.333
594	594	28.1555
595	595	1.33461
596	596	2.48822
597	597	5.11034
598	598	26.6558
599	599	34.6478
600	600	13.7629
601	601	-20.6181
602	602	-8.13328
603	603	-21.1437
604	604	13.4383
605	605	1.54211
606	606	-16.1249
607	607	4.50532
608	608	43.6474
609	609	-24.245
610	610	-15.0088
611	611	-61.1405
612	612	7.70173
613	613	-20.0769
614	614	-29.123
615	615	15.0905
616	616	0.62408
617	617	-19.3347
618	618	41.2788
619	619	-28.2368
620	620	-31.083
621	621	-7.09746
622	622	-12.2745
623	623	-39.2992
624	624	46.0357
625	625	15.407
626	626	-25.7048
627	627	14.2103
628	628	-20.1738
629	629	-6.45222
630	630	0.824578
631	631	-21.6606
632	632	33.7757
633	633	21.0031
634	634	32.3065
635	635	-16.347
636	636	4.82174
637	637	-9.94194
638	638	-14.2439
639	639	25.4072
640	640	42.0239
641	641	-5.57064
642	642	-5.73208
643	643	9.02735
644	644	21.7664
645	645	20.2033
646	646	-19.1268
647	647	23.5475
648	648	-8.66026
649	649	-18.9777
650	650	9.42818
651	651	-29.6975
652	652	10.8065
653	653	-20.102
654	654	-8.75976
655	655	-26.6298
656	656	-43.1284
657	657	-33.9906
658	658	11.0874
659	659	-19.8364
660	660	-21.0273
661	661	28.0205
662	662	-8.37577
663	663	19.8713
664	664	11.3824
665	665	19.664
666	666	-32.1407
667	667	-34.7183
668	668	4.32565
669	669	24.6039
670	670	-9.28191
671	671	-12.939
672	672	-16.8597
673	673	-25.5495
674	674	11.3309
675	675	-14.6178
676	676	-0.136765
677	677	35.6321
678	678	73.734
679	679	52.0632
680	680	33.3226
681	681	-3.85771
682	682	24.0531
683	683	-4.27507
684	684	31.3987
685	685	-3.00314
686	686	3.44464
687	687	8.31916
688	688	9.54482
689	689	-29.5725
690	690	24.0547
691	691	53.6662
692	692	4.43663
693	693	2.8741
694	694	5.21335
695	695	-44.7759
696	696	6.72976
697	697	-34.4013
698	698	20.839
699	699	-14.7946
700	700	37.9291
701	701	-13.9941
702	702	-14.9757
703	703	-3.52717
704	704	32.8273
705	705	-40.0331
706	706	-26.6246
707	707	12.2139
708	708	-6.60772
709	709	11.5832
710	710	-21.2787
711	711	11.8717
712	712	-1.89042
713	713	-29.5442
714	714	10.9918
715	715	-36.613
716	716	-2.15516
717	717	12.0697
718	718	-26.5282
719	719	-23.9942
720	720	29.5345
721	721	2.96496
722	722	2.81924
723	723	14.2779
724	724	-19.8077
725	725	-22.8205
726	726	-18.107
727	727	27.133
728	728	-39.2992
729	729	3.44129
730	730	-2.82112
731	731	34.3542
732	732	-7.10563
733	733	-14.1007
734	734	23.4108
735	735	-10.8769
736	736	31.7363
737	737	-6.52945
738	738	-44.8074
739	739	3.00239
740	740	-9.30418
741	741	30.6574
742	742	-6.68813
743	743	3.11234
744	744	0.419087
745	745	53.4666
746	746	19.2203
747	747	2.74036
748	748	7.56507
749	749	8.93496
750	750	71.6468
751	751	-32.2058
752	752	-34.6486
753	753	18.033
754	754	-23.8982
755	755	7.28702
756	756	-27.0905
757	757	21.1773
758	758	23.9586
759	759	-34.4718
760	760	-16.6848
761	761	-12.9434
762	762	8.84704
763	763	22.0635
764	764	7.59662
765	765	-20.3483
766	766	-13.4829
767	767	-32.3692
768	768	-4.72586
769	769	-14.9264
770	770	-7.57289
771	771	-1.17402
772	772	0.760248
773	773	2.19061
774	774	-11.1019
775	775	-13.5607
776	776	10.8373
777	777	29.4616
778	778	15.7044
779	779	-8.50937
780	780	-16.2078
781	781	11.0472
782	782	12.6742
783	783	8.06653
784	784	8.98467
785	785	6.60573
786	786	-6.76031
787	787	-6.4944
788	788	22.5052
789	789	-15.9766
790	790	-25.1658
791	791	17.0348
792	792	-1.48462
793	793	49.5441
794	794	0.887292
795	795	25.9546
796	796	-5.54571
797	797	30.5938
798	798	-14.9827
799	799	17.7718
800	800	5.59742
801	801	-40.5123
802	802	-15.0118
803	803	6.80423
804	804	12.1906
805	805	-22.7531
806	806	5.84957
807	807	10.2186
808	808	21.1944
809	809	11.7495
810	810	4.55434
811	811	-31.0876
812	812	10.8938
813	813	10.4788
814	814	-39.6098
815	815	2.41016
816	816	-11.2847
817	817	-35.0292
818	818	-2.67912
819	819	7.11788
820	820	-16.2137
821	821	-24.9364
822	822	41.9745
823	823	-41.3805
824	824	-0.249414
825	825	-38.4002
826	826	12.8823
827	827	-7.00938
828	828	-46.8648
829	829	12.7214
830	830	1.13235
831	831	4.71254
832	832	-18.6109
833	833	25.0658
834	834	-48.9143
835	835	-27.9585
836	836	3.47378
837	837	-8.34517
838	838	-7.01597
839	839	28.1266
840	840	-25.3159
841	841	15.3803
842	842	54.145
843	843	15.8015
844	844	-27.1634
845	845	-2.41683
846	846	-35.5405
847	847	30.3263
848	848	18.2301
849	849	-11.3775
850	850	-17.4387
851	851	-4.61483
852	852	2.5497
853	853	-28.9277
854	854	-19.2412
855	855	-29.8539
856	856	16.7109
857	857	30.0121
858	858	28.0782
859	859	-2.64409
860	860	-39.9222
861	861	-7.39422
862	862	-19.6475
863	863	25.1772
864	864	11.0817
865	865	-12.3354
866	866	11.3737
867	867	17.5922
868	868	2.13217
869	869	-39.3519
870	870	20.9325
871	871	-40.0762
872	872	34.2021
873	873	35.5001
874	874	-5.30774
875	875	9.9001
876	876	20.608
877	877	-11.0121
878	878	58.1877
879	879	13.7167
880	880	-10.8964
881	881	-22.7094
882	882	17.6111
883	883	6.04995
884	884	38.4431
885	885	-5.32338
886	886	23.2714
887	887	4.98753
888	888	1.65805
889	889	-16.0761
890	890	5.40717
891	891	0.6015
892	892	17.9466
893	893	21.0854
894	894	-16.4088
895	895	27.5981
896	896	25.2682
897	897	-47.0663
898	898	36.5268
899	899	48.4305
900	900	-14.7484
901	901	8.82326
902	902	-22.4551
903	903	26.3402
904	904	31.0905
905	905	-21.0254
906	906	-8.94988
907	907	-19.8186
908	908	-12.4796
909	909	32.9093
910	910	10.0736
911	911	-16.4258
912	912	16.7545
913	913	-2.24987
914	914	-11.7248
915	915	-40.9822
916	916	0.981191
917	917	-26.209
918	918	-11.737
919	919	-22.6003
920	920	-26.9606
921	921	-24.7235
922	922	-12.0744
923	923	6.89466
924	924	-16.2616
925	925	21.38
926	926	21.3418
927	927	18.0608
928	928	31.0163
929	929	-8.53197
930	930	8.7576
931	931	-14.1643
932	932	19.0666
933	933	22.5022
934	934	23.7143
935	935	23.9784
936	936	-4.53824
937	937	-10.8633
938	938	20.6776
939	939	11.165
940	940	-8.26025
941	941	11.084
942	942	43.4389
943	943	-23.4025
944	944	-1.51845
945	945	-0.915038
946	946	0.313597
947	947	37.3841
948	948	3.56129
949	949	-19.3869
950	950	-11.5319
951	951	-59.7576
952	952	17.5316
953	953	20.2925
954	954	25.1548
955	955	-11.4984
956	956	17.1522
957	957	26.2341
958	958	-55.4631
959	959	-1.3505
960	960	10.9162
961	961	-11.0472
962	962	24.394
963	963	-20.7637
964	964	-4.45505
965	965	37.3056
966	966	-18.9238
967	967	-12.9433
968	968	6.68473
969	969	29.985
970	970	-21.3996
971	971	15.709
972	972	-9.32488
973	973	11.0335
974	974	-26.7355
975	975	44.2862
976	976	60.0742
977	977	7.16298
978	978	-15.0867
979	979	5.87019
980	980	11.86
981	981	-12.483
982	982	36.3764
983	983	-20.9223
984	984	-8.66195
985	985	-19.2813
986	986	3.31303
987	987	-5.26459
988	988	16.0602
989	989	-10.6846
990	990	18.1275
991	991	41.7033
992	992	-20.6124
993	993	-28.1689
994	994	10.7439
995	995	3.50054
996	996	-26.0224
997	997	-28.7573
998	998	-12.0247
999	999	0.765695
1000	1000	-0.511007
1001	1001	3.75639
1002	1002	18.7985
1003	1003	-30.4817
1004	1004	-5.44118
1005	1005	-23.5982
1006	1006	-23.803
1007	1007	-25.3139
1008	1008	9.33768
1009	1009	6.59159
1010	1010	-15.1061
1011	1011	26.9079
1012	1012	-22.5908
1013	1013	13.2025
1014	1014	11.6379
1015	1015	17.1525
1016	1016	-16.4719
1017	1017	5.99012
1018	1018	15.844
1019	1019	0.647631
1020	1020	-14.2388
1021	1021	31.4845
1022	1022	61.0061
1023	1023	28.8165
1024	1024	10.7628
1025	1025	-14.8065
1026	1026	-23.8841
1027	1027	14.5363
1028	1028	-17.9155
1029	1029	-40.0533
1030	1030	-11.7547
1031	1031	8.72175
1032	1032	79.1406
1033	1033	41.9084
1034	1034	-43.337
1035	1035	6.05724
1036	1036	18.4443
1037	1037	1.19055
1038	1038	-11.0918
1039	1039	-4.68944
1040	1040	-45.3128
1041	1041	-24.8955
1042	1042	-8.47294
1043	1043	8.48182
1044	1044	9.0732
1045	1045	22.0485
1046	1046	-28.481
1047	1047	-0.739475
1048	1048	-30.631
1049	1049	-1.78866
1050	1050	3.01835
1051	1051	-1.90962
1052	1052	-9.75891
1053	1053	23.5798
1054	1054	16.5076
1055	1055	-15.1247
1056	1056	5.221
1057	1057	-20.1185
1058	1058	-8.92634
1059	1059	-23.4531
1060	1060	25.051
1061	1061	6.83145
1062	1062	5.89892
1063	1063	37.6696
1064	1064	15.9993
1065	1065	-2.39809
1066	1066	32.2505
1067	1067	16.4955
1068	1068	-34.153
1069	1069	10.0386
1070	1070	-18.9166
1071	1071	-51.9539
1072	1072	16.4731
1073	1073	-20.0105
1074	1074	26.4487
1075	1075	-2.70553
1076	1076	-12.7728
1077	1077	-36.2171
1078	1078	-13.0615
1079	1079	-17.7645
1080	1080	-7.5665
1081	1081	-4.76191
1082	1082	-11.2065
1083	1083	-22.8922
1084	1084	-13.8121
1085	1085	-3.29097
1086	1086	31.9971
1087	1087	47.6822
1088	1088	38.0557
1089	1089	-19.0247
1090	1090	4.38686
1091	1091	5.24587
1092	1092	52.7234
1093	1093	6.43455
1094	1094	-1.97289
1095	1095	-14.4548
1096	1096	41.2139
1097	1097	-30.6246
1098	1098	11.3952
1099	1099	20.0647
1100	1100	13.0845
1101	1101	3.85816
1102	1102	-12.1092
1103	1103	-8.26663
1104	1104	-5.61636
1105	1105	20.9397
1106	1106	-24.6797
1107	1107	0.878757
1108	1108	40.0789
1109	1109	7.91143
1110	1110	4.81297
1111	1111	5.95258
1112	1112	-3.96825
1113	1113	-7.18826
1114	1114	41.1043
1115	1115	-45.2841
1116	1116	21.9408
1117	1117	4.58004
1118	1118	-27.6818
1119	1119	-6.2504
1120	1120	-35.11
1121	1121	-7.53926
1122	1122	47.0486
1123	1123	-20.618
1124	1124	-6.56688
1125	1125	4.2858
1126	1126	9.71738
1127	1127	-24.9201
1128	1128	7.83881
1129	1129	2.49196
1130	1130	21.8324
1131	1131	13.2599
1132	1132	1.11746
1133	1133	-25.0913
1134	1134	-55.2194
1135	1135	4.70195
1136	1136	10.5004
1137	1137	-32.2348
1138	1138	-5.18448
1139	1139	1.47606
1140	1140	21.9894
1141	1141	10.0821
1142	1142	-19.0155
1143	1143	37.5542
1144	1144	5.89524
1145	1145	57.6871
1146	1146	-3.2441
1147	1147	-1.30518
1148	1148	13.2024
1149	1149	-28.1627
1150	1150	-8.56643
1151	1151	16.6868
1152	1152	-14.2533
1153	1153	39.4432
1154	1154	-17.0504
1155	1155	-20.213
1156	1156	-31.0691
1157	1157	-12.7502
1158	1158	11.1834
1159	1159	21.2654
1160	1160	-33.8328
1161	1161	18.3717
1162	1162	0.195811
1163	1163	-53.3823
1164	1164	27.862
1165	1165	29.266
1166	1166	-7.81666
1167	1167	-4.50202
1168	1168	12.7597
1169	1169	61.0051
1170	1170	-39.611
1171	1171	-61.5682
1172	1172	-19.9339
1173	1173	5.87578
1174	1174	-9.91018
1175	1175	5.81752
1176	1176	36.5649
1177	1177	7.23423
1178	1178	18.8117
1179	1179	0.894961
1180	1180	-10.9777
1181	1181	41.7772
1182	1182	-14.8472
1183	1183	16.8584
1184	1184	0.875444
1185	1185	28.2845
1186	1186	-10.9444
1187	1187	18.657
1188	1188	10.8151
1189	1189	10.7345
1190	1190	29.5416
1191	1191	-31.6124
1192	1192	-2.5194
1193	1193	-3.97501
1194	1194	-18.2268
1195	1195	-12.5467
1196	1196	21.2484
1197	1197	-14.7696
1198	1198	-47.544
1199	1199	4.76853
1200	1200	-10.5105
1201	1201	12.9071
1202	1202	3.2341
1203	1203	-16.346
1204	1204	-43.7054
1205	1205	4.40228
1206	1206	-7.53912
1207	1207	-4.47495
1208	1208	7.01284
1209	1209	9.78215
1210	1210	5.11496
1211	1211	4.43946
1212	1212	7.96143
1213	1213	41.0682
1214	1214	-1.78569
1215	1215	-14.9878
1216	1216	-33.2141
1217	1217	-35.0902
1218	1218	-26.6823
1219	1219	29.843
1220	1220	9.24769
1221	1221	21.7894
1222	1222	-12.1413
1223	1223	6.03319
1224	1224	15.4393
1225	1225	-18.2522
1226	1226	23.5967
1227	1227	-11.5094
1228	1228	-45.2462
1229	1229	-9.04374
1230	1230	24.9911
1231	1231	22.8013
1232	1232	-50.4245
1233	1233	-31.8774
1234	1234	-21.5862
1235	1235	-22.7778
1236	1236	9.58264
1237	1237	-16.0948
1238	1238	-6.25936
1239	1239	9.59653
1240	1240	-11.0906
1241	1241	-14.8459
1242	1242	-15.5809
1243	1243	-7.231
1244	1244	19.5918
1245	1245	-19.891
1246	1246	-16.2826
1247	1247	1.05929
1248	1248	-4.22106
1249	1249	49.0036
1250	1250	18.6927
1251	1251	-22.1114
1252	1252	-17.6544
1253	1253	-4.71646
1254	1254	-35.7435
1255	1255	8.66314
1256	1256	-32.0017
1257	1257	1.18554
1258	1258	-4.03548
1259	1259	13.5662
1260	1260	19.7237
1261	1261	5.98668
1262	1262	-4.79896
1263	1263	33.3923
1264	1264	-2.84664
1265	1265	-29.1469
1266	1266	-34.5854
1267	1267	31.1579
1268	1268	28.6169
1269	1269	-44.6012
1270	1270	19.3793
1271	1271	8.81468
1272	1272	8.52222
1273	1273	1.18275
1274	1274	13.5167
1275	1275	-1.82644
1276	1276	42.5936
1277	1277	-14.1451
1278	1278	-19.4487
1279	1279	-18.9807
1280	1280	-56.0879
1281	1281	16.7084
1282	1282	-52.5199
1283	1283	-19.8121
1284	1284	-25.9588
1285	1285	-27.5872
1286	1286	24.4751
1287	1287	33.2298
1288	1288	-17.7789
1289	1289	24.4093
1290	1290	-9.28521
1291	1291	-15.7588
1292	1292	-37.2925
1293	1293	-48.8012
1294	1294	56.3638
1295	1295	-10.8737
1296	1296	-24.864
1297	1297	15.8886
1298	1298	-17.1496
1299	1299	11.5849
1300	1300	-13.012
1301	1301	-2.06931
1302	1302	-20.6898
1303	1303	-3.54836
1304	1304	-42.6633
1305	1305	-41.2648
1306	1306	10.0879
1307	1307	26.8046
1308	1308	-5.70411
1309	1309	-2.44916
1310	1310	5.28125
1311	1311	-15.7338
1312	1312	62.0949
1313	1313	6.09296
1314	1314	33.7102
1315	1315	33.0694
1316	1316	-9.73583
1317	1317	-0.331731
1318	1318	-7.63416
1319	1319	15.5832
1320	1320	10.5323
1321	1321	6.97423
1322	1322	24.05
1323	1323	35.8067
1324	1324	-33.8714
1325	1325	33.4984
1326	1326	21.3534
1327	1327	-2.51561
1328	1328	-29.9349
1329	1329	-13.0779
1330	1330	15.6062
1331	1331	-1.61531
1332	1332	34.4428
1333	1333	-40.7503
1334	1334	18.5679
1335	1335	8.32727
1336	1336	29.0697
1337	1337	-35.006
1338	1338	-12.4772
1339	1339	-21.2694
1340	1340	-43.7058
1341	1341	4.14877
1342	1342	30.3673
1343	1343	-14.6953
1344	1344	36.5251
1345	1345	1.44076
1346	1346	-13.6375
1347	1347	-9.92872
1348	1348	41.2566
1349	1349	1.25782
1350	1350	14.06
1351	1351	30.7208
1352	1352	4.86962
1353	1353	10.4874
1354	1354	-5.48969
1355	1355	-7.27229
1356	1356	4.29076
1357	1357	-5.74996
1358	1358	12.1377
1359	1359	-31.2876
1360	1360	20.8075
1361	1361	2.82338
1362	1362	23.5566
1363	1363	-16.8406
1364	1364	31.1854
1365	1365	-4.39963
1366	1366	-23.5662
1367	1367	0.658311
1368	1368	37.0917
1369	1369	-6.09739
1370	1370	5.74687
1371	1371	3.5608
1372	1372	-32.6882
1373	1373	15.5002
1374	1374	-25.6019
1375	1375	-44.6565
1376	1376	27.466
1377	1377	36.0918
1378	1378	2.39059
1379	1379	6.94457
1380	1380	-8.59218
1381	1381	-51.9722
1382	1382	2.16879
1383	1383	36.7098
1384	1384	5.89704
1385	1385	18.2074
1386	1386	-24.407
1387	1387	-1.06385
1388	1388	-11.7522
1389	1389	-23.4007
1390	1390	17.7502
1391	1391	-7.51909
1392	1392	9.02221
1393	1393	-29.0063
1394	1394	42.6111
1395	1395	-6.57056
1396	1396	4.51586
1397	1397	-4.02259
1398	1398	57.4222
1399	1399	11.5692
1400	1400	31.18
1401	1401	-14.6535
1402	1402	21.1161
1403	1403	19.1647
1404	1404	6.32909
1405	1405	-23.2951
1406	1406	-17.0343
1407	1407	-10.7886
1408	1408	1.56166
1409	1409	26.5091
1410	1410	-7.09835
1411	1411	7.73575
1412	1412	-50.9958
1413	1413	-30.9705
1414	1414	19.5797
1415	1415	-32.6229
1416	1416	7.73499
1417	1417	10.5883
1418	1418	-3.3485
1419	1419	-6.22327
1420	1420	40.1181
1421	1421	-10.5089
1422	1422	2.88862
1423	1423	20.2178
1424	1424	23.8014
1425	1425	11.3072
1426	1426	33.9924
1427	1427	-6.96941
1428	1428	32.8276
1429	1429	-17.933
1430	1430	-38.3583
1431	1431	39.3872
1432	1432	24.4042
1433	1433	-5.2858
1434	1434	9.93473
1435	1435	28.0378
1436	1436	-27.5034
1437	1437	-3.18542
1438	1438	12.8941
1439	1439	-13.7284
1440	1440	-35.2308
1441	1441	43.7614
1442	1442	35.1978
1443	1443	-9.78644
1444	1444	7.23559
1445	1445	12.7399
1446	1446	12.9399
1447	1447	-10.9743
1448	1448	30.145
1449	1449	2.20134
1450	1450	8.88927
1451	1451	-18.7286
1452	1452	45.1766
1453	1453	-27.0662
1454	1454	-8.43011
1455	1455	14.2542
1456	1456	-37.7815
1457	1457	-8.48665
1458	1458	-0.433991
1459	1459	9.36901
1460	1460	-13.7
1461	1461	19.6525
1462	1462	5.35908
1463	1463	-11.1671
1464	1464	8.57155
1465	1465	12.5581
1466	1466	-12.6215
1467	1467	7.65133
1468	1468	0.741207
1469	1469	-26.0639
1470	1470	-37.2792
1471	1471	24.1347
1472	1472	2.04068
1473	1473	21.6109
1474	1474	1.84667
1475	1475	5.63376
1476	1476	7.91832
1477	1477	-33.0163
1478	1478	18.4724
1479	1479	41.988
1480	1480	-1.1669
1481	1481	-8.00443
1482	1482	-18.1096
1483	1483	-10.9434
1484	1484	2.90504
1485	1485	-11.5589
1486	1486	19.7388
1487	1487	-12.4145
1488	1488	24.7891
1489	1489	-5.74242
1490	1490	9.20226
1491	1491	-41.5465
1492	1492	-4.65698
1493	1493	10.1886
1494	1494	-6.10322
1495	1495	-12.1506
1496	1496	13.9652
1497	1497	32.7027
1498	1498	-24.9158
1499	1499	5.34223
1500	1500	-14.0104
1501	1501	-0.64498
1502	1502	13.8286
1503	1503	3.88964
1504	1504	20.6902
1505	1505	-21.1009
1506	1506	-10.2007
1507	1507	-15.6047
1508	1508	20.7572
1509	1509	42.3102
1510	1510	-20.6174
1511	1511	-8.39153
1512	1512	-11.8904
1513	1513	-22.1206
1514	1514	-12.8138
1515	1515	7.31683
1516	1516	10.0001
1517	1517	-34.1847
1518	1518	-14.8601
1519	1519	-44.2938
1520	1520	-13.21
1521	1521	16.244
1522	1522	-5.88707
1523	1523	3.72055
1524	1524	29.9712
1525	1525	0.412941
1526	1526	35.2041
1527	1527	27.6277
1528	1528	70.146
1529	1529	2.71641
1530	1530	16.7846
1531	1531	7.40497
1532	1532	13.7561
1533	1533	-28.7129
1534	1534	-35.1506
1535	1535	10.3406
1536	1536	-43.0645
1537	1537	20.5116
1538	1538	34.9971
1539	1539	0.985717
1540	1540	-15.4322
1541	1541	-11.984
1542	1542	-10.691
1543	1543	20.8764
1544	1544	17.8307
1545	1545	-23.1315
1546	1546	17.5935
1547	1547	31.4595
1548	1548	-3.2322
1549	1549	12.4636
1550	1550	-14.1604
1551	1551	12.794
1552	1552	-10.3609
1553	1553	4.66286
1554	1554	-39.8447
1555	1555	29.1281
1556	1556	-3.97538
1557	1557	-23.4691
1558	1558	19.3501
1559	1559	18.3864
1560	1560	19.0387
1561	1561	-10.0465
1562	1562	2.17719
1563	1563	1.45726
1564	1564	-9.65456
1565	1565	0.83527
1566	1566	22.501
1567	1567	-4.69974
1568	1568	0.866373
1569	1569	-2.88256
1570	1570	24.5831
1571	1571	17.5014
1572	1572	-11.7404
1573	1573	9.56553
1574	1574	14.4036
1575	1575	-0.118891
1576	1576	19.3829
1577	1577	-40.2205
1578	1578	17.6358
1579	1579	3.79633
1580	1580	-24.3863
1581	1581	21.3902
1582	1582	-35.1845
1583	1583	4.7314
1584	1584	-2.84875
1585	1585	-10.8344
1586	1586	7.54728
1587	1587	-13.7099
1588	1588	22.9227
1589	1589	-23.7862
1590	1590	27.1654
1591	1591	-24.0561
1592	1592	26.5436
1593	1593	12.4479
1594	1594	2.48962
1595	1595	12.5116
1596	1596	18.7773
1597	1597	-16.3623
1598	1598	0.108786
1599	1599	-7.23606
1600	1600	-24.6495
1601	1601	17.738
1602	1602	-15.2585
1603	1603	-0.300732
1604	1604	35.7791
1605	1605	9.03146
1606	1606	29.9766
1607	1607	-21.1521
1608	1608	48.7901
1609	1609	28.2495
1610	1610	-22.1237
1611	1611	-33.1187
1612	1612	-22.2313
1613	1613	15.6894
1614	1614	-5.9463
1615	1615	2.71595
1616	1616	1.27851
1617	1617	14.5005
1618	1618	20.2222
1619	1619	-34.4963
1620	1620	39.2251
1621	1621	-27.5906
1622	1622	-13.984
1623	1623	27.818
1624	1624	-10.7711
1625	1625	-13.4401
1626	1626	1.126
1627	1627	17.1673
1628	1628	-33.1417
1629	1629	47.4026
1630	1630	-9.78708
1631	1631	18.4961
1632	1632	-34.849
1633	1633	-3.23289
1634	1634	24.2861
1635	1635	-29.4641
1636	1636	-17.7721
1637	1637	2.6517
1638	1638	1.72885
1639	1639	11.2486
1640	1640	-0.61896
1641	1641	-11.9573
1642	1642	5.07999
1643	1643	22.2214
1644	1644	24.9624
1645	1645	19.4882
1646	1646	-29.7952
1647	1647	32.4588
1648	1648	-41.4043
1649	1649	9.78539
1650	1650	37.9856
1651	1651	-0.523724
1652	1652	-36.3833
1653	1653	-23.2157
1654	1654	4.13506
1655	1655	10.2558
1656	1656	11.9416
1657	1657	-12.8834
1658	1658	-47.5864
1659	1659	-6.37899
1660	1660	15.4592
1661	1661	13.2446
1662	1662	-24.8242
1663	1663	19.7856
1664	1664	1.51257
1665	1665	1.73897
1666	1666	12.0069
1667	1667	-2.17519
1668	1668	26.6588
1669	1669	9.78176
1670	1670	-17.2394
1671	1671	1.299
1672	1672	24.355
1673	1673	-46.1723
1674	1674	-1.62882
1675	1675	-33.5886
1676	1676	-19.8828
1677	1677	41.3355
1678	1678	9.68633
1679	1679	-5.27492
1680	1680	33.2114
1681	1681	7.21241
1682	1682	9.47352
1683	1683	35.4742
1684	1684	-15.7598
1685	1685	-27.0521
1686	1686	-23.551
1687	1687	-38.3912
1688	1688	30.6066
1689	1689	-7.70968
1690	1690	-7.51063
1691	1691	15.4259
1692	1692	-20.6998
1693	1693	-0.0541323
1694	1694	31.7524
1695	1695	18.3048
1696	1696	-15.2148
1697	1697	39.6372
1698	1698	29.4357
1699	1699	-19.1464
1700	1700	-33.3059
1701	1701	6.99207
1702	1702	24.9954
1703	1703	0.369111
1704	1704	73.9507
1705	1705	-0.67621
1706	1706	-0.835814
1707	1707	13.8442
1708	1708	19.8283
1709	1709	13.0409
1710	1710	-20.3473
1711	1711	-3.18926
1712	1712	-3.89005
1713	1713	30.8311
1714	1714	-11.9325
1715	1715	17.3099
1716	1716	-6.48914
1717	1717	-10.9494
1718	1718	6.32932
1719	1719	-12.8596
1720	1720	28.8993
1721	1721	12.889
1722	1722	11.9186
1723	1723	33.471
1724	1724	-0.192965
1725	1725	-47.9133
1726	1726	-0.0218996
1727	1727	-27.2076
1728	1728	-2.52085
1729	1729	19.0205
1730	1730	-20.5071
1731	1731	-18.4164
1732	1732	33.878
1733	1733	-24.1218
1734	1734	5.38874
1735	1735	4.80967
1736	1736	-5.90075
1737	1737	13.0303
1738	1738	32.611
1739	1739	21.2358
1740	1740	-1.5582
1741	1741	37.7129
1742	1742	-3.47439
1743	1743	-8.55082
1744	1744	-3.38688
1745	1745	34.9422
1746	1746	-40.9544
1747	1747	-17.6001
1748	1748	0.322577
1749	1749	7.14861
1750	1750	-33.4247
1751	1751	-0.0242186
1752	1752	-0.810979
1753	1753	40.2027
1754	1754	-29.2715
1755	1755	-18.3937
1756	1756	-46.9983
1757	1757	-40.2301
1758	1758	27.1834
1759	1759	-14.5258
1760	1760	41.0556
1761	1761	0.669354
1762	1762	-17.8709
1763	1763	-16.9782
1764	1764	33.5016
1765	1765	-10.0831
1766	1766	-39.7795
1767	1767	7.62292
1768	1768	-25.5423
1769	1769	-11.2667
1770	1770	-8.70237
1771	1771	16.5344
1772	1772	-13.0616
1773	1773	-21.8077
1774	1774	3.82088
1775	1775	2.5271
1776	1776	24.1091
1777	1777	-6.46923
1778	1778	2.42392
1779	1779	-21.1865
1780	1780	5.58342
1781	1781	20.9805
1782	1782	28.3501
1783	1783	-16.9403
1784	1784	-2.68336
1785	1785	10.8241
1786	1786	7.60607
1787	1787	-17.471
1788	1788	27.1496
1789	1789	25.5786
1790	1790	-11.5546
1791	1791	5.67663
1792	1792	6.0834
1793	1793	21.6025
1794	1794	42.9407
1795	1795	27.672
1796	1796	7.63268
1797	1797	-11.6948
1798	1798	-19.533
1799	1799	13.5169
1800	1800	11.7527
1801	1801	17.0493
1802	1802	-2.64988
1803	1803	12.7347
1804	1804	0.306398
1805	1805	-11.425
1806	1806	30.7626
1807	1807	-8.22968
1808	1808	-23.9341
1809	1809	45.5238
1810	1810	-4.5266
1811	1811	-13.2545
1812	1812	18.6538
1813	1813	1.90728
1814	1814	-18.6106
1815	1815	22.9413
1816	1816	0.93742
1817	1817	-9.62141
1818	1818	-10.6386
1819	1819	-1.43588
1820	1820	-9.25022
1821	1821	28.2092
1822	1822	11.8743
1823	1823	-33.3037
1824	1824	16.1075
1825	1825	-14.0057
1826	1826	35.067
1827	1827	-5.33415
1828	1828	8.8282
1829	1829	15.7194
1830	1830	9.94912
1831	1831	-10.0092
1832	1832	-28.7708
1833	1833	10.3777
1834	1834	10.6989
1835	1835	-36.1797
1836	1836	-8.8123
1837	1837	-9.14633
1838	1838	-34.337
1839	1839	-38.0784
1840	1840	-39.4292
1841	1841	-0.62552
1842	1842	-3.75864
1843	1843	8.14524
1844	1844	1.99907
1845	1845	-32.2596
1846	1846	-33.3781
1847	1847	35.4529
1848	1848	-3.96204
1849	1849	-11.9381
1850	1850	11.295
1851	1851	44.8227
1852	1852	4.44368
1853	1853	-0.809484
1854	1854	-23.921
1855	1855	55.2513
1856	1856	-28.9001
1857	1857	-6.88734
1858	1858	24.065
1859	1859	13.0141
1860	1860	-0.168055
1861	1861	37.7921
1862	1862	16.2414
1863	1863	-32.9947
1864	1864	30.015
1865	1865	21.4708
1866	1866	42.4951
1867	1867	14.159
1868	1868	-11.0456
1869	1869	-29.5115
1870	1870	-6.79829
1871	1871	-30.1821
1872	1872	-37.1038
1873	1873	13.4168
1874	1874	-25.3858
1875	1875	15.6367
1876	1876	-0.34454
1877	1877	10.1109
1878	1878	-25.0887
1879	1879	-17.8718
1880	1880	6.67022
1881	1881	-0.314577
1882	1882	9.82453
1883	1883	18.3619
1884	1884	-18.139
1885	1885	7.41603
1886	1886	-15.615
1887	1887	0.108489
1888	1888	-11.3808
1889	1889	-30.5265
1890	1890	-18.1763
1891	1891	13.2537
1892	1892	-24.7159
1893	1893	-10.6721
1894	1894	6.6815
1895	1895	-16.3762
1896	1896	-26.3373
1897	1897	-21.2218
1898	1898	-2.07252
1899	1899	32.0554
1900	1900	-3.62282
1901	1901	-5.47638
1902	1902	1.61415
1903	1903	16.9627
1904	1904	-39.2347
1905	1905	-1.04895
1906	1906	15.7502
1907	1907	-31.9271
1908	1908	34.1531
1909	1909	-34.9776
1910	1910	20.9674
1911	1911	30.7111
1912	1912	23.2317
1913	1913	4.28668
1914	1914	9.53774
1915	1915	-11.8787
1916	1916	-16.0083
1917	1917	0.970468
1918	1918	1.15093
1919	1919	-21.3164
1920	1920	40.2273
1921	1921	12.1
1922	1922	11.4333
1923	1923	-8.41252
1924	1924	16.9023
1925	1925	-23.2938
1926	1926	25.5881
1927	1927	13.7404
1928	1928	-29.6063
1929	1929	-10.4946
1930	1930	30.0265
1931	1931	-8.39876
1932	1932	-33.6467
1933	1933	22.9181
1934	1934	1.76204
1935	1935	8.31387
1936	1936	-15.9886
1937	1937	-3.55298
1938	1938	7.17055
1939	1939	9.87887
1940	1940	-13.4123
1941	1941	-15.1316
1942	1942	-26.8327
1943	1943	10.7153
1944	1944	26.9417
1945	1945	16.7314
1946	1946	-3.75657
1947	1947	14.8503
1948	1948	-40.4861
1949	1949	-8.36223
1950	1950	0.895703
1951	1951	5.24852
1952	1952	-19.4902
1953	1953	45.0182
1954	1954	-22.786
1955	1955	-16.3988
1956	1956	23.0373
1957	1957	-16.9158
1958	1958	14.7896
1959	1959	-19.381
1960	1960	7.55295
1961	1961	2.14304
1962	1962	-0.394317
1963	1963	-7.85042
1964	1964	20.1908
1965	1965	-10.7998
1966	1966	47.9151
1967	1967	18.4317
1968	1968	-5.94995
1969	1969	28.135
1970	1970	1.29944
1971	1971	-32.269
1972	1972	45.9498
1973	1973	18.2973
1974	1974	-4.15591
1975	1975	-22.915
1976	1976	-20.8414
1977	1977	16.5444
1978	1978	10.8864
1979	1979	-1.61004
1980	1980	15.1194
1981	1981	-31.8993
1982	1982	-4.02354
1983	1983	4.54915
1984	1984	31.2052
1985	1985	-15.2012
1986	1986	-9.26226
1987	1987	-31.8129
1988	1988	28.6605
1989	1989	-17.4538
1990	1990	7.66674
1991	1991	8.32935
1992	1992	-20.5834
1993	1993	-5.35434
1994	1994	-16.9718
1995	1995	-43.2345
1996	1996	26.1786
1997	1997	-16.6511
1998	1998	-46.7384
1999	1999	22.6132
2000	2000	17.3931
2001	2001	18.566
2002	2002	4.8546
2003	2003	-2.49907
2004	2004	25.3195
2005	2005	-33.0164
2006	2006	38.9852
2007	2007	16.1857
2008	2008	-19.5677
2009	2009	-16.6065
2010	2010	-0.657463
2011	2011	-4.68838
2012	2012	15.0042
2013	2013	-19.9034
2014	2014	-18.2944
2015	2015	15.0963
2016	2016	17.4809
2017	2017	32.2315
2018	2018	-0.247234
2019	2019	16.8957
2020	2020	-23.8919
2021	2021	14.1162
2022	2022	32.8601
2023	2023	0.530689
2024	2024	-37.6886
2025	2025	1.97154
2026	2026	31.3918
2027	2027	-16.5838
2028	2028	36.7793
2029	2029	2.20075
2030	2030	6.34281
2031	2031	-7.71944
2032	2032	36.6081
2033	2033	-12.2625
2034	2034	-24.4811
2035	2035	54.4692
2036	2036	-27.088
2037	2037	-21.8017
2038	2038	23.6433
2039	2039	-35.4292
2040	2040	9.29502
2041	2041	29.9581
2042	2042	-17.1249
2043	2043	7.63655
2044	2044	16.1657
2045	2045	9.85591
2046	2046	-0.526448
2047	2047	-7.39446
2048	2048	-44.9604
2049	2049	-9.22405
2050	2050	-41.3924
2051	2051	14.7606
2052	2052	-26.6693
2053	2053	-7.75335
2054	2054	15.9722
2055	2055	-1.96129
2056	2056	6.29776
2057	2057	29.433
2058	2058	4.60705
2059	2059	8.71204
2060	2060	-31.3647
2061	2061	13.2984
2062	2062	-0.894536
2063	2063	21.7241
2064	2064	1.12871
2065	2065	35.6816
2066	2066	1.3419
2067	2067	19.2499
2068	2068	17.2362
2069	2069	18.257
2070	2070	-19.3903
2071	2071	31.5179
2072	2072	32.5956
2073	2073	32.9072
2074	2074	15.0878
2075	2075	-3.2295
2076	2076	28.8986
2077	2077	4.66815
2078	2078	17.2646
2079	2079	-7.68262
2080	2080	-22.6771
2081	2081	-19.8557
2082	2082	11.1419
2083	2083	14.6705
2084	2084	-1.1011
2085	2085	-25.9036
2086	2086	-11.3404
2087	2087	11.9084
2088	2088	12.6504
2089	2089	37.4909
2090	2090	13.3565
2091	2091	-19.6124
2092	2092	6.669
2093	2093	2.13216
2094	2094	16.9639
2095	2095	30.1814
2096	2096	-14.0167
2097	2097	18.8622
2098	2098	10.8631
2099	2099	-7.67178
2100	2100	-0.521235
2101	2101	37.4945
2102	2102	2.25669
2103	2103	-31.2847
2104	2104	-29.1686
2105	2105	-1.01518
2106	2106	12.8541
2107	2107	-8.65408
2108	2108	-20.7023
2109	2109	-27.0662
2110	2110	-1.21676
2111	2111	-17.6673
2112	2112	-3.9358
2113	2113	-26.4714
2114	2114	-21.5386
2115	2115	-23.831
2116	2116	8.74199
2117	2117	29.0675
2118	2118	8.1667
2119	2119	-39.8664
2120	2120	-6.04157
2121	2121	-27.0362
2122	2122	9.24923
2123	2123	9.07363
2124	2124	50.1984
2125	2125	48.4048
2126	2126	-5.36412
2127	2127	16.3027
2128	2128	31.9267
2129	2129	-5.0373
2130	2130	-24.7831
2131	2131	-1.07334
2132	2132	-21.1677
2133	2133	-7.64194
2134	2134	1.672
2135	2135	-2.86128
2136	2136	-43.7874
2137	2137	15.6422
2138	2138	-24.4767
2139	2139	-16.9331
2140	2140	-27.6873
2141	2141	-34.837
2142	2142	-9.50956
2143	2143	-15.9375
2144	2144	-18.7705
2145	2145	1.02313
2146	2146	-17.0409
2147	2147	-25.1704
2148	2148	7.89831
2149	2149	40.8026
2150	2150	-22.02
2151	2151	19.6147
2152	2152	25.9679
2153	2153	17.987
2154	2154	32.8369
2155	2155	-18.9243
2156	2156	11.9829
2157	2157	34.5623
2158	2158	60.7525
2159	2159	2.55856
2160	2160	-28.3053
2161	2161	-43.6107
2162	2162	-14.141
2163	2163	0.225925
2164	2164	-45.398
2165	2165	-38.7549
2166	2166	12.5939
2167	2167	-49.2304
2168	2168	41.4
2169	2169	-18.5223
2170	2170	2.54455
2171	2171	-19.5703
2172	2172	10.1877
2173	2173	-31.6743
2174	2174	-17.373
2175	2175	-12.1319
2176	2176	1.6666
2177	2177	11.9567
2178	2178	-3.3588
2179	2179	-14.0618
2180	2180	-51.4646
2181	2181	-16.3294
2182	2182	-37.2693
2183	2183	-5.70963
2184	2184	4.24509
2185	2185	-2.2299
2186	2186	7.76701
2187	2187	14.3912
2188	2188	9.56532
2189	2189	-46.0562
2190	2190	-21.3293
2191	2191	-26.3267
2192	2192	36.6887
2193	2193	23.9404
2194	2194	11.0697
2195	2195	-20.0542
2196	2196	9.78481
2197	2197	-1.18823
2198	2198	5.29239
2199	2199	-43.2646
2200	2200	-1.3035
2201	2201	-21.7855
2202	2202	19.9712
2203	2203	-19.8902
2204	2204	-20.004
2205	2205	-7.15105
2206	2206	-3.75546
2207	2207	26.3586
2208	2208	22.6594
2209	2209	14.6775
2210	2210	34.0339
2211	2211	-5.70608
2212	2212	-6.10295
2213	2213	-39.0855
2214	2214	-21.4057
2215	2215	8.86502
2216	2216	-16.7539
2217	2217	15.3735
2218	2218	-21.671
2219	2219	20.2496
2220	2220	-13.8907
2221	2221	23.5216
2222	2222	7.97438
2223	2223	40.8041
2224	2224	-12.2449
2225	2225	68.8362
2226	2226	-10.6173
2227	2227	-37.2036
2228	2228	11.2936
2229	2229	-21.2798
2230	2230	-10.7838
2231	2231	19.5576
2232	2232	2.4304
2233	2233	2.43234
2234	2234	22.7077
2235	2235	1.49299
2236	2236	18.9832
2237	2237	9.45835
2238	2238	33.5409
2239	2239	40.2944
2240	2240	33.4996
2241	2241	-0.373558
2242	2242	-23.167
2243	2243	36.8401
2244	2244	-8.63652
2245	2245	14.2636
2246	2246	11.6656
2247	2247	-5.78371
2248	2248	6.74966
2249	2249	-1.47942
2250	2250	-19.0144
2251	2251	5.30537
2252	2252	4.23668
2253	2253	15.6924
2254	2254	12.003
2255	2255	42.4617
2256	2256	-21.3466
2257	2257	-10.8536
2258	2258	-6.24285
2259	2259	32.5156
2260	2260	8.2711
2261	2261	-25.1063
2262	2262	-12.1665
2263	2263	-38.753
2264	2264	57.6437
2265	2265	25.1507
2266	2266	-10.9773
2267	2267	22.0333
2268	2268	34.9938
2269	2269	60.0103
2270	2270	-33.2929
2271	2271	22.2944
2272	2272	19.0684
2273	2273	-13.7412
2274	2274	-13.14
2275	2275	-7.1975
2276	2276	-15.853
2277	2277	-14.3145
2278	2278	-14.7876
2279	2279	51.7642
2280	2280	14.3069
2281	2281	4.23551
2282	2282	-4.60192
2283	2283	-2.99623
2284	2284	9.37417
2285	2285	1.92675
2286	2286	-21.0246
2287	2287	-4.44904
2288	2288	0.654197
2289	2289	-5.03779
2290	2290	-51.8428
2291	2291	30.9456
2292	2292	19.7508
2293	2293	-23.4397
2294	2294	30.5342
2295	2295	1.61503
2296	2296	-19.1789
2297	2297	-11.2768
2298	2298	-41.1879
2299	2299	-4.24639
2300	2300	3.24165
2301	2301	39.4569
2302	2302	-9.66014
2303	2303	-9.78003
2304	2304	60.9307
2305	2305	24.3118
2306	2306	-4.64802
2307	2307	-11.6104
2308	2308	7.16618
2309	2309	16.6005
2310	2310	-42.2791
2311	2311	8.01125
2312	2312	-5.72569
2313	2313	-19.0201
2314	2314	17.2849
2315	2315	40.3596
2316	2316	40.4542
2317	2317	18.049
2318	2318	-29.3514
2319	2319	-24.6564
2320	2320	10.6937
2321	2321	25.6966
2322	2322	6.11928
2323	2323	-9.95894
2324	2324	-5.75544
2325	2325	-28.5748
2326	2326	-34.6465
2327	2327	33.8597
2328	2328	-26.6572
2329	2329	35.1234
2330	2330	-6.34503
2331	2331	9.51616
2332	2332	-12.7167
2333	2333	34.0251
2334	2334	-14.4474
2335	2335	-13.8922
2336	2336	20.7876
2337	2337	-19.396
2338	2338	-9.37629
2339	2339	61.583
2340	2340	-28.4602
2341	2341	-33.6903
2342	2342	-0.67581
2343	2343	-44.1075
2344	2344	-25.8882
2345	2345	-9.19419
2346	2346	-9.82468
2347	2347	1.59787
2348	2348	-13.6417
2349	2349	20.4854
2350	2350	-11.8941
2351	2351	47.8507
2352	2352	-3.58689
2353	2353	-10.4587
2354	2354	-22.6455
2355	2355	-6.45683
2356	2356	-26.7913
2357	2357	-43.461
2358	2358	33.6043
2359	2359	36.0282
2360	2360	13.463
2361	2361	-21.2443
2362	2362	7.93896
2363	2363	6.86087
2364	2364	-27.0782
2365	2365	-74.4377
2366	2366	-19.06
2367	2367	15.4922
2368	2368	30.8374
2369	2369	-6.22375
2370	2370	-38.4275
2371	2371	-6.34292
2372	2372	-45.3668
2373	2373	-14.4666
2374	2374	-14.5532
2375	2375	-30.3986
2376	2376	8.27147
2377	2377	-23.5817
2378	2378	24.8174
2379	2379	-11.1736
2380	2380	1.983
2381	2381	-38.9447
2382	2382	20.7687
2383	2383	-0.362969
2384	2384	-23.2883
2385	2385	-27.0551
2386	2386	5.1562
2387	2387	17.3718
2388	2388	-18.0441
2389	2389	13.5211
2390	2390	10.4848
2391	2391	5.18667
2392	2392	-25.4388
2393	2393	37.509
2394	2394	33.0497
2395	2395	-22.6084
2396	2396	4.61096
2397	2397	-4.48106
2398	2398	-59.3838
2399	2399	3.20414
