variant	af	filter-pvalue	lrt-pvalue	beta	beta-std-err	variant_h2	notes
1_5242_C_A	1.05E-01	8.94E-30	3.57E-01	-3.47E+00	3.77E+00	1.88E-02	
1_6567_T_C	4.38E-01	6.68E-02	3.46E-01	-2.69E+00	2.86E+00	1.93E-02	
1_7026_C_G	5.33E-02	3.15E-09	9.11E-01	-6.07E-01	5.44E+00	2.28E-03	
1_7960_G_A	4.49E-01	1.03E-91	6.29E-01	-1.28E+00	2.65E+00	9.85E-03	
1_11530_C_A	4.12E-01	9.92E-11	3.93E-01	2.60E+00	3.05E+00	1.74E-02	
1_12006_C_T	1.60E-01	2.21E-43	1.28E-01	-8.50E+00	5.59E+00	3.11E-02	
1_12096_C_T	1.00E-02	1.57E-01	6.35E-01	-4.76E+00	1.00E+01	9.70E-03	
1_12956_A_G	1.29E-01	6.75E-03	1.69E-01	-5.06E+00	3.67E+00	2.81E-02	
1_15078_C_A	6.15E-01	1.49E-68	6.53E-01	1.23E+00	2.72E+00	9.19E-03	
1_15997_T_A	3.95E-01	7.97E-45	2.90E-02	6.56E+00	3.00E+00	4.46E-02	
1_18852_G_T	2.21E-02	8.15E-04	4.07E-01	4.38E+00	5.27E+00	1.69E-02	
1_19164_A_G	6.79E-02	4.33E-14	7.31E-01	-1.21E+00	3.52E+00	7.01E-03	
1_19585_T_C	2.08E-02	5.79E-09	5.93E-01	-2.85E+00	5.32E+00	1.09E-02	
1_19829_G_T	4.43E-01	1.74E-31	7.27E-01	8.71E-01	2.50E+00	7.12E-03	
1_20154_T_A	4.50E-02	2.07E-16	8.79E-01	-6.88E-01	4.53E+00	3.10E-03	
1_20774_C_G	3.50E-01	5.10E-56	3.76E-01	-2.25E+00	2.54E+00	1.81E-02	
1_20824_G_A	4.50E-02	1.06E-31	8.53E-01	-1.13E+00	6.08E+00	3.79E-03	
1_21115_T_G	8.38E-02	2.14E-06	5.90E-01	1.98E+00	3.68E+00	1.10E-02	
1_25522_A_T	1.00E-02	7.53E-02	5.41E-01	-5.73E+00	9.37E+00	1.25E-02	
1_26023_G_C	1.02E-01	5.91E-05	1.26E-01	5.68E+00	3.71E+00	3.12E-02	
1_26457_T_G	5.96E-02	9.19E-16	2.36E-01	4.49E+00	3.79E+00	2.42E-02	
1_27420_G_T	7.92E-01	1.37E-108	5.84E-01	2.64E+00	4.82E+00	1.12E-02	
1_27661_C_A	4.75E-02	1.11E-07	8.92E-01	1.03E+00	7.61E+00	2.77E-03	
1_27930_A_G	2.88E-02	2.16E-07	4.43E-01	5.07E+00	6.60E+00	1.57E-02	
1_30388_T_C	1.71E-02	7.63E-16	8.39E-02	1.09E+01	6.32E+00	3.53E-02	
1_32229_T_A	9.83E-02	2.22E-34	5.76E-01	3.21E+00	5.74E+00	1.14E-02	
1_33976_G_C	1.05E-01	3.35E-43	1.32E-01	-4.82E+00	3.20E+00	3.07E-02	
1_34069_G_A	2.83E-02	7.85E-01	8.02E-01	-2.13E+00	8.49E+00	5.12E-03	
1_34167_C_A	1.00E-02	8.58E-04	6.94E-01	2.13E+00	5.42E+00	8.02E-03	
1_36630_A_G	1.87E-02	2.37E-15	3.19E-01	-4.94E+00	4.96E+00	2.03E-02	
1_36800_A_C	3.54E-01	7.13E-34	8.71E-01	4.84E-01	2.99E+00	3.31E-03	
1_37211_T_C	6.62E-01	4.37E-06	5.51E-02	5.16E+00	2.69E+00	3.92E-02	
1_37745_G_T	5.51E-01	6.10E-68	8.09E-01	5.95E-01	2.47E+00	4.93E-03	
1_39165_C_G	2.26E-01	6.29E-16	8.89E-01	4.85E-01	3.49E+00	2.84E-03	
1_39221_T_C	5.47E-01	1.87E-18	3.55E-01	3.52E+00	3.81E+00	1.89E-02	
1_39378_A_G	4.49E-01	4.06E-04	5.70E-01	-1.54E+00	2.70E+00	1.16E-02	
1_43971_C_A	1.99E-01	3.37E-01	2.38E-01	-5.90E+00	5.00E+00	2.41E-02	
1_44939_C_A	1.79E-01	2.57E-05	5.61E-01	2.15E+00	3.70E+00	1.19E-02	
1_47654_T_G	3.00E-02	7.78E-05	3.20E-01	3.97E+00	3.99E+00	2.03E-02	
1_48855_C_G	2.80E-01	2.60E-02	6.68E-01	-1.44E+00	3.36E+00	8.76E-03	
1_51323_T_C	1.26E-01	1.54E-23	6.31E-01	2.34E+00	4.88E+00	9.80E-03	
1_51950_A_C	4.83E-01	1.87E-106	2.62E-02	-5.66E+00	2.54E+00	4.54E-02	
1_52267_T_C	6.98E-01	3.36E-99	3.05E-01	3.27E+00	3.19E+00	2.09E-02	
1_52304_G_A	3.12E-01	5.79E-01	5.05E-01	1.71E+00	2.56E+00	1.36E-02	
1_53902_T_C	2.28E-01	3.00E-33	1.90E-01	4.36E+00	3.33E+00	2.68E-02	
1_54757_C_A	9.17E-02	2.00E-09	6.47E-01	-2.06E+00	4.50E+00	9.34E-03	
1_55137_A_T	1.17E-02	3.89E-01	2.43E-02	1.28E+01	5.70E+00	4.60E-02	
1_55520_A_C	2.34E-01	4.26E-78	9.38E-01	2.97E-01	3.79E+00	1.60E-03	
1_55684_G_A	3.83E-01	1.37E-22	3.45E-01	2.89E+00	3.06E+00	1.93E-02	
1_56819_T_A	2.25E-02	1.29E-01	2.38E-01	-7.75E+00	6.57E+00	2.41E-02	
1_57971_C_G	6.64E-01	1.97E-65	5.78E-01	1.50E+00	2.69E+00	1.14E-02	
1_57973_T_C	4.16E-01	3.10E-04	8.10E-01	7.37E-01	3.06E+00	4.92E-03	
1_58198_G_T	1.50E-02	3.73E-06	3.49E-01	-4.99E+00	5.32E+00	1.91E-02	
1_59584_T_A	2.13E-01	6.21E-40	6.74E-01	-1.37E+00	3.25E+00	8.59E-03	
1_59898_A_G	4.20E-01	9.72E-65	3.51E-01	-2.50E+00	2.68E+00	1.90E-02	
1_60279_A_C	8.08E-02	3.24E-02	2.31E-01	4.94E+00	4.13E+00	2.44E-02	
1_60558_C_A	2.42E-02	3.45E-11	4.05E-03	-2.31E+01	8.02E+00	5.86E-02	
1_60762_T_A	6.67E-02	1.06E-12	7.00E-02	-7.81E+00	4.31E+00	3.70E-02	
1_60777_C_G	6.67E-02	1.06E-12	7.00E-02	-7.81E+00	4.31E+00	3.70E-02	
1_63280_T_C	7.03E-01	1.50E-157	8.95E-01	-4.37E-01	3.30E+00	2.71E-03	
1_63581_G_T	9.67E-02	7.97E-59	7.69E-01	1.77E+00	6.02E+00	6.00E-03	
1_64319_C_T	7.60E-01	1.11E-99	7.23E-01	-1.41E+00	3.96E+00	7.25E-03	
1_64690_C_G	1.67E-01	4.78E-68	3.04E-08	1.71E+01	3.08E+00	1.13E-01	
1_65450_G_A	1.04E-01	2.30E-39	2.25E-01	-6.34E+00	5.23E+00	2.48E-02	
1_67980_G_A	7.71E-02	1.67E-22	4.15E-02	-1.11E+01	5.44E+00	4.16E-02	
1_68119_A_T	2.00E-02	3.68E-19	1.20E-01	1.17E+01	7.50E+00	3.18E-02	
1_70789_A_C	3.08E-02	9.83E-08	2.93E-01	9.43E+00	8.97E+00	2.15E-02	
1_71926_C_T	1.54E-02	1.26E-12	5.93E-02	1.74E+01	9.21E+00	3.85E-02	
1_73116_A_G	6.93E-01	3.56E-114	2.06E-02	8.10E+00	3.50E+00	4.72E-02	
1_74819_C_T	6.70E-01	3.57E-104	2.22E-01	3.77E+00	3.09E+00	2.49E-02	
1_76551_T_G	9.83E-02	2.57E-38	5.89E-02	-1.31E+01	6.91E+00	3.86E-02	
1_77234_G_T	3.31E-01	3.89E-73	2.76E-01	3.44E+00	3.16E+00	2.22E-02	
1_77468_T_G	1.30E-01	9.40E-37	9.20E-01	-3.37E-01	3.33E+00	2.06E-03	
1_80349_A_C	4.24E-01	3.84E-92	9.60E-01	1.66E-01	3.33E+00	1.02E-03	
1_81236_C_T	3.62E-01	2.30E-81	2.30E-01	3.78E+00	3.15E+00	2.45E-02	
1_82220_C_T	1.06E-01	3.07E-10	4.41E-01	2.55E+00	3.32E+00	1.57E-02	
1_84059_A_C	7.37E-02	1.14E-36	7.16E-01	-1.40E+00	3.84E+00	7.44E-03	
1_84499_G_T	2.07E-01	5.71E-59	6.45E-01	1.88E+00	4.08E+00	9.42E-03	
1_85418_G_A	7.50E-02	2.94E-06	3.92E-01	4.71E+00	5.50E+00	1.75E-02	
1_89197_C_T	3.31E-01	1.39E-36	8.10E-01	-6.93E-01	2.89E+00	4.90E-03	
1_90061_T_A	2.23E-01	1.07E-80	8.61E-01	8.06E-01	4.60E+00	3.58E-03	
1_90318_A_C	2.95E-01	1.85E-65	8.91E-01	3.91E-01	2.86E+00	2.79E-03	
1_90708_G_C	3.57E-01	7.61E-10	2.66E-02	-5.85E+00	2.64E+00	4.53E-02	
1_91349_G_A	1.10E-01	7.40E-46	6.65E-01	2.03E+00	4.69E+00	8.84E-03	
1_91976_C_A	2.67E-02	1.45E-11	9.08E-01	7.17E-01	6.23E+00	2.35E-03	
1_92711_T_G	1.40E-01	3.76E-19	7.30E-01	1.43E+00	4.14E+00	7.05E-03	
1_92748_A_G	8.00E-02	6.01E-13	5.71E-01	2.77E+00	4.89E+00	1.16E-02	
1_93558_G_T	1.20E-01	1.56E-22	7.68E-01	-1.31E+00	4.42E+00	6.02E-03	
1_95845_A_G	5.83E-02	9.83E-06	1.62E-01	7.17E+00	5.12E+00	2.86E-02	
1_97312_C_A	5.37E-01	6.39E-50	7.44E-01	-9.90E-01	3.03E+00	6.66E-03	
1_98197_T_A	9.17E-02	5.16E-38	6.62E-01	-2.12E+00	4.84E+00	8.93E-03	
1_98274_G_T	7.00E-02	2.04E-03	5.56E-02	-1.07E+01	5.59E+00	3.91E-02	
1_100637_A_C	1.46E-02	1.78E-01	1.26E-02	1.40E+01	5.62E+00	5.09E-02	
1_100889_T_C	6.29E-02	1.21E-19	3.19E-01	1.04E+01	1.04E+01	2.03E-02	
1_101658_A_G	8.00E-02	9.49E-07	2.00E-01	6.26E+00	4.88E+00	2.62E-02	
1_101724_C_A	2.03E-01	1.42E-54	6.26E-01	-1.57E+00	3.22E+00	9.94E-03	
1_102399_C_G	1.00E-02	1.27E-04	4.53E-01	6.68E+00	8.89E+00	1.53E-02	
1_102692_A_G	1.36E-01	4.15E-18	1.56E-01	-4.65E+00	3.28E+00	2.90E-02	
1_103614_A_G	5.07E-01	3.98E-20	7.05E-01	1.14E+00	3.02E+00	7.73E-03	
1_104462_C_G	2.65E-01	1.77E-02	3.28E-01	-3.03E+00	3.10E+00	2.00E-02	
1_104582_G_A	1.95E-01	1.21E-56	9.02E-01	4.09E-01	3.31E+00	2.52E-03	
1_105763_C_A	1.11E-01	2.44E-42	4.50E-01	-3.20E+00	4.24E+00	1.54E-02	
1_106462_C_G	4.92E-02	1.29E-04	6.30E-01	2.40E+00	4.98E+00	9.83E-03	
1_107037_C_G	1.04E-02	1.83E-03	1.39E-01	-8.68E+00	5.87E+00	3.02E-02	
1_107204_C_A	7.62E-02	8.89E-04	1.73E-01	-5.01E+00	3.67E+00	2.78E-02	
1_107303_T_A	1.69E-01	2.81E-21	3.05E-01	-4.31E+00	4.20E+00	2.09E-02	
1_107574_C_G	5.50E-01	5.69E-35	3.27E-01	2.68E+00	2.73E+00	2.00E-02	
1_108311_G_C	2.00E-02	6.67E-14	5.41E-01	-3.91E+00	6.40E+00	1.25E-02	
1_109193_A_C	1.96E-02	1.44E-01	7.12E-01	4.45E+00	1.20E+01	7.55E-03	
1_109689_C_A	8.08E-02	2.35E-03	9.37E-01	-3.53E-01	4.45E+00	1.62E-03	
1_110479_C_T	2.88E-01	1.66E-05	2.91E-01	-2.81E+00	2.67E+00	2.16E-02	
1_110970_G_C	3.04E-02	5.60E-21	3.88E-01	5.04E+00	5.83E+00	1.76E-02	
1_113141_C_A	3.80E-01	2.81E-118	2.26E-01	3.66E+00	3.02E+00	2.47E-02	
1_113582_C_G	2.99E-01	2.27E-80	3.28E-01	2.84E+00	2.91E+00	2.00E-02	
1_113618_A_G	7.08E-02	2.45E-19	9.45E-02	9.34E+00	5.58E+00	3.41E-02	
1_114062_T_C	2.10E-01	6.27E-08	4.87E-02	5.83E+00	2.95E+00	4.02E-02	
1_118418_T_G	2.67E-02	8.44E-09	5.78E-01	-3.08E+00	5.53E+00	1.14E-02	
1_121601_G_C	1.04E-02	2.18E-13	5.32E-01	4.33E+00	6.93E+00	1.28E-02	
1_121667_A_C	3.67E-02	6.14E-05	9.03E-01	-9.89E-01	8.10E+00	2.49E-03	
1_121722_C_T	1.02E-01	2.13E-27	6.38E-01	1.78E+00	3.80E+00	9.60E-03	
1_122706_C_T	2.07E-01	1.10E-66	1.27E-01	4.93E+00	3.23E+00	3.12E-02	
1_123684_C_G	4.61E-01	2.38E-31	7.49E-01	1.00E+00	3.13E+00	6.53E-03	
1_124142_T_G	1.00E-02	5.36E-06	3.17E-01	-5.83E+00	5.82E+00	2.04E-02	
1_125053_G_A	4.57E-01	1.41E-14	2.53E-01	-3.53E+00	3.09E+00	2.33E-02	
1_125507_T_C	3.52E-01	2.06E-07	3.45E-01	-2.36E+00	2.49E+00	1.93E-02	
1_128384_A_G	4.75E-02	2.52E-01	9.44E-01	-3.46E-01	4.91E+00	1.44E-03	
1_129491_A_G	1.93E-01	2.18E-11	4.60E-01	-3.36E+00	4.54E+00	1.51E-02	
1_131283_G_A	8.62E-01	3.05E-70	3.76E-01	2.95E+00	3.34E+00	1.81E-02	
1_131983_A_G	2.91E-01	6.03E-38	4.15E-01	2.31E+00	2.83E+00	1.67E-02	
1_132494_T_G	4.79E-02	8.64E-06	3.17E-01	5.39E+00	5.39E+00	2.05E-02	
1_135358_G_C	3.17E-01	1.25E-136	1.04E-01	4.52E+00	2.78E+00	3.32E-02	
1_139337_C_A	2.56E-01	3.16E-91	1.41E-01	-4.35E+00	2.95E+00	3.01E-02	
1_139606_C_A	3.21E-02	2.72E-04	9.90E-01	-6.01E-02	4.74E+00	2.59E-04	
1_140749_T_A	2.28E-01	1.60E-66	7.89E-01	1.05E+00	3.94E+00	5.46E-03	
1_142170_C_A	1.21E-01	5.22E-10	9.09E-01	3.64E-01	3.16E+00	2.35E-03	
1_143844_A_G	1.54E-02	1.26E-12	5.93E-02	1.74E+01	9.21E+00	3.85E-02	
1_144598_C_A	2.04E-02	1.46E-03	9.48E-01	-3.69E-01	5.70E+00	1.32E-03	
1_146449_T_A	9.21E-01	3.73E-53	2.88E-01	5.26E+00	4.95E+00	2.17E-02	
1_148015_A_C	9.96E-02	1.85E-38	3.42E-01	-9.18E+00	9.67E+00	1.94E-02	
1_148118_A_T	4.79E-02	2.28E-08	4.92E-01	-6.21E+00	9.03E+00	1.40E-02	
1_148293_A_G	1.65E-01	1.55E-01	8.80E-01	-6.94E-01	4.61E+00	3.07E-03	
1_149733_A_G	3.75E-02	3.91E-21	4.93E-01	6.85E+00	9.99E+00	1.40E-02	
1_150385_A_G	4.75E-02	7.14E-20	2.22E-01	-5.75E+00	4.71E+00	2.49E-02	
1_150705_C_G	1.60E-01	3.82E-42	2.89E-01	4.18E+00	3.94E+00	2.17E-02	
1_152113_G_A	8.03E-01	2.14E-50	1.13E-01	5.07E+00	3.20E+00	3.24E-02	
1_152370_T_A	1.08E-02	3.89E-14	3.86E-01	6.33E+00	7.29E+00	1.77E-02	
1_153464_T_G	1.96E-02	1.44E-01	7.12E-01	4.45E+00	1.20E+01	7.55E-03	
1_154934_T_A	6.86E-01	1.15E-45	5.33E-01	-2.15E+00	3.44E+00	1.27E-02	
1_155300_C_A	1.02E-01	3.90E-37	5.10E-01	-7.17E+00	1.09E+01	1.35E-02	
1_155718_A_T	7.27E-01	1.51E-103	6.83E-01	-1.70E+00	4.17E+00	8.34E-03	
1_156287_A_T	6.81E-01	2.60E-115	6.15E-01	-1.76E+00	3.50E+00	1.03E-02	
1_156960_A_T	4.72E-01	1.84E-166	1.76E-01	3.99E+00	2.94E+00	2.77E-02	
1_157177_A_C	1.38E-02	1.52E-01	6.89E-01	-2.62E+00	6.55E+00	8.17E-03	
1_157480_T_A	3.81E-01	1.43E-67	5.72E-01	-1.65E+00	2.92E+00	1.15E-02	
1_157726_T_A	4.23E-01	5.98E-113	6.82E-01	1.29E+00	3.16E+00	8.36E-03	
1_157735_A_G	3.89E-01	2.16E-77	8.93E-01	4.21E-01	3.12E+00	2.76E-03	
1_158659_T_A	1.00E-02	5.12E-02	6.41E-01	3.19E+00	6.84E+00	9.53E-03	
1_159063_G_T	3.69E-01	1.22E-52	8.33E-01	-5.88E-01	2.78E+00	4.32E-03	
1_159152_G_A	1.17E-02	5.52E-12	1.20E-01	8.31E+00	5.34E+00	3.18E-02	
1_159347_C_T	6.12E-02	3.27E-18	9.35E-01	-5.11E-01	6.27E+00	1.67E-03	
1_160684_G_T	3.49E-01	3.10E-68	7.70E-01	-8.43E-01	2.88E+00	5.97E-03	
1_162215_C_A	1.00E-02	1.06E-06	4.24E-01	4.34E+00	5.42E+00	1.63E-02	
1_162958_C_G	4.58E-02	5.83E-18	5.91E-01	2.44E+00	4.53E+00	1.10E-02	
1_163889_G_C	3.38E-02	8.54E-04	5.22E-01	4.94E+00	7.73E+00	1.31E-02	
1_166492_G_C	1.10E-01	2.93E-10	8.57E-01	6.06E-01	3.37E+00	3.67E-03	
1_166951_T_G	6.11E-01	1.11E-71	6.52E-01	-1.13E+00	2.50E+00	9.20E-03	
1_167264_G_A	8.33E-02	1.40E-14	4.28E-01	7.44E+00	9.40E+00	1.62E-02	
1_167328_G_C	1.75E-02	1.41E-07	8.87E-01	-8.51E-01	5.96E+00	2.91E-03	
1_167482_A_T	4.33E-02	2.02E-22	9.34E-02	-7.09E+00	4.22E+00	3.43E-02	
1_167916_A_T	1.65E-01	6.56E-05	8.22E-01	-9.61E-01	4.28E+00	4.58E-03	
1_168479_G_T	6.96E-02	1.44E-09	5.42E-01	-4.85E+00	7.96E+00	1.25E-02	
1_168496_A_G	7.71E-02	3.33E-06	2.85E-01	3.52E+00	3.29E+00	2.18E-02	
1_169866_A_G	4.59E-01	2.82E-158	9.20E-01	-2.63E-01	2.63E+00	2.04E-03	
1_170719_T_A	4.90E-01	1.58E-111	9.09E-01	4.38E-01	3.83E+00	2.34E-03	
1_171359_A_G	1.37E-01	1.29E-27	4.83E-01	2.49E+00	3.56E+00	1.43E-02	
1_171902_C_A	1.75E-02	7.48E-01	3.90E-01	4.21E+00	4.90E+00	1.76E-02	
1_172247_G_T	3.59E-01	2.04E-07	3.08E-01	3.31E+00	3.25E+00	2.08E-02	
1_172265_T_A	1.21E-01	9.32E-01	6.66E-01	-2.16E+00	5.02E+00	8.80E-03	
1_173366_C_G	1.63E-02	8.82E-01	2.21E-01	-1.20E+01	9.79E+00	2.50E-02	
1_173444_C_T	6.92E-02	8.63E-01	1.20E-01	9.40E+00	6.04E+00	3.18E-02	
1_173631_T_C	3.39E-01	1.37E-164	2.66E-02	7.57E+00	3.41E+00	4.53E-02	
1_174360_C_A	6.30E-01	1.00E-99	6.43E-01	-1.50E+00	3.23E+00	9.47E-03	
1_177207_A_T	1.05E-01	4.16E-36	9.83E-01	1.10E-01	5.17E+00	4.34E-04	
1_178040_A_C	1.09E-01	5.20E-06	8.83E-01	4.70E-01	3.20E+00	3.00E-03	
1_178744_C_G	1.33E-01	4.25E-21	2.64E-01	-4.30E+00	3.85E+00	2.28E-02	
1_178905_A_G	1.07E-01	1.22E-28	9.32E-01	-3.38E-01	3.97E+00	1.74E-03	
1_178977_A_C	3.46E-02	1.19E-19	2.60E-01	6.72E+00	5.97E+00	2.30E-02	
1_179384_A_T	1.00E-02	1.57E-01	6.35E-01	-4.76E+00	1.00E+01	9.70E-03	
1_179814_T_C	2.69E-01	2.09E-02	4.83E-01	-2.86E+00	4.08E+00	1.43E-02	
1_182989_T_A	5.54E-02	1.59E-18	8.31E-01	-8.55E-01	4.01E+00	4.36E-03	
1_184103_T_G	4.00E-02	2.43E-01	9.64E-01	3.24E-01	7.23E+00	9.15E-04	
1_186302_C_A	4.33E-02	6.19E-07	5.73E-01	3.69E+00	6.54E+00	1.15E-02	
1_186789_C_T	5.63E-02	6.47E-06	9.39E-01	4.70E-01	6.13E+00	1.57E-03	
1_187224_C_G	7.00E-02	2.38E-09	5.87E-01	1.98E+00	3.65E+00	1.11E-02	
1_188240_A_G	2.08E-02	2.66E-03	4.14E-01	4.94E+00	6.05E+00	1.67E-02	
1_189116_C_A	1.64E-01	4.18E-07	5.20E-01	2.52E+00	3.92E+00	1.31E-02	
1_189689_T_C	1.04E-02	4.27E-04	7.95E-01	1.68E+00	6.48E+00	5.31E-03	
1_189829_C_T	4.50E-02	3.71E-07	7.06E-01	3.30E+00	8.74E+00	7.70E-03	
1_191422_T_C	3.25E-02	8.77E-04	3.20E-01	4.16E+00	4.19E+00	2.03E-02	
1_191944_C_T	5.12E-01	5.71E-05	3.36E-01	-2.57E+00	2.67E+00	1.96E-02	
1_191996_G_T	2.42E-02	1.36E-08	9.10E-01	-5.82E-01	5.15E+00	2.31E-03	
1_193314_T_G	1.70E-01	6.79E-13	3.19E-01	2.90E+00	2.91E+00	2.03E-02	
1_193631_T_G	1.68E-01	1.52E-42	2.69E-01	3.21E+00	2.91E+00	2.26E-02	
1_194817_T_C	2.36E-01	3.63E-09	6.06E-01	-1.83E+00	3.54E+00	1.05E-02	
1_195949_C_T	2.14E-01	1.31E-67	7.08E-01	1.15E+00	3.07E+00	7.65E-03	
1_196638_C_T	1.83E-02	5.80E-01	3.74E-02	9.18E+00	4.41E+00	4.25E-02	
1_197443_C_G	3.54E-02	1.50E-19	5.22E-01	-4.42E+00	6.91E+00	1.31E-02	
1_197924_T_C	1.70E-01	1.17E-05	5.28E-01	-2.19E+00	3.47E+00	1.29E-02	
1_198898_T_G	2.67E-02	1.70E-20	1.54E-01	8.89E+00	6.23E+00	2.91E-02	
1_199784_T_G	7.00E-02	4.80E-21	5.44E-01	3.89E+00	6.40E+00	1.24E-02	
1_200636_A_C	6.42E-02	1.23E-19	3.32E-01	8.49E+00	8.75E+00	1.98E-02	
1_202481_G_A	8.04E-02	2.30E-01	8.63E-01	-9.83E-01	5.71E+00	3.52E-03	
1_204457_T_G	4.92E-02	2.83E-01	6.65E-01	2.02E+00	4.66E+00	8.84E-03	
1_204495_T_G	2.42E-02	6.00E-05	3.99E-01	-5.92E+00	7.02E+00	1.72E-02	
1_204520_G_T	1.67E-02	1.68E-02	8.89E-01	9.79E-01	7.01E+00	2.85E-03	
1_204530_A_T	5.37E-01	3.18E-118	9.41E-01	-1.93E-01	2.61E+00	1.51E-03	
1_204550_C_G	3.21E-02	5.59E-02	7.87E-01	-1.42E+00	5.25E+00	5.53E-03	
1_206167_G_T	5.63E-02	4.36E-06	6.60E-01	-1.96E+00	4.44E+00	9.00E-03	
1_206807_T_C	6.63E-02	1.56E-12	7.34E-01	-1.78E+00	5.24E+00	6.94E-03	
1_207133_T_C	2.17E-02	3.04E-02	4.48E-01	-8.70E+00	1.15E+01	1.55E-02	
1_212832_T_A	9.42E-02	1.45E-03	7.17E-02	1.02E+01	5.66E+00	3.68E-02	
1_213002_C_G	4.05E-01	2.12E-14	8.44E-01	-6.52E-01	3.31E+00	4.02E-03	
1_213545_G_A	1.58E-01	1.44E-24	8.38E-01	5.85E-01	2.86E+00	4.18E-03	
1_214659_C_G	6.71E-01	4.64E-112	3.93E-01	3.08E+00	3.60E+00	1.74E-02	
1_214919_A_T	1.02E-01	1.67E-14	7.60E-01	-1.26E+00	4.14E+00	6.23E-03	
1_215875_G_A	7.62E-02	4.67E-07	7.05E-02	1.29E+01	7.14E+00	3.69E-02	
1_219947_G_T	3.30E-01	2.39E-12	7.05E-01	-1.00E+00	2.64E+00	7.73E-03	
1_220509_G_C	3.75E-02	2.74E-05	1.71E-01	-1.15E+01	8.38E+00	2.79E-02	
1_220933_C_G	3.12E-02	3.46E-05	4.34E-01	-4.34E+00	5.55E+00	1.60E-02	
1_223540_G_C	2.04E-02	1.46E-03	9.48E-01	-3.69E-01	5.70E+00	1.32E-03	
1_223618_T_C	3.15E-01	6.56E-35	9.94E-01	2.13E-02	2.89E+00	1.50E-04	
1_224651_A_C	4.54E-02	2.21E-01	3.04E-01	3.90E+00	3.79E+00	2.10E-02	
1_226163_G_T	7.25E-02	1.13E-12	2.80E-01	5.13E+00	4.75E+00	2.20E-02	
1_228423_A_T	5.53E-01	3.55E-09	9.62E-01	1.35E-01	2.80E+00	9.85E-04	
1_228783_G_T	2.82E-01	5.73E-27	3.24E-04	9.92E+00	2.75E+00	7.33E-02	
1_229605_T_C	3.87E-01	2.62E-27	7.86E-01	-8.64E-01	3.18E+00	5.55E-03	
1_229948_T_G	3.59E-01	4.36E-01	9.68E-01	1.09E-01	2.75E+00	8.09E-04	
1_230124_A_T	5.04E-02	2.26E-06	7.57E-01	1.78E+00	5.76E+00	6.31E-03	
1_230730_T_A	1.93E-01	1.03E-08	9.65E-01	-1.39E-01	3.15E+00	8.98E-04	
1_232881_G_T	2.26E-01	1.26E-62	2.44E-01	3.80E+00	3.26E+00	2.38E-02	
1_234443_A_G	3.08E-02	3.99E-05	3.35E-01	-8.79E+00	9.10E+00	1.97E-02	
1_235523_G_A	2.29E-02	6.44E-29	8.32E-03	2.28E+01	8.64E+00	5.39E-02	
1_235631_A_G	4.25E-01	1.01E-58	4.88E-01	-2.26E+00	3.26E+00	1.41E-02	
1_236132_A_G	1.00E-02	1.57E-01	6.35E-01	-4.76E+00	1.00E+01	9.70E-03	
1_237089_T_G	5.42E-01	1.81E-146	5.85E-01	-1.44E+00	2.64E+00	1.11E-02	
1_237388_A_T	5.40E-01	4.13E-33	9.78E-01	-6.60E-02	2.40E+00	5.62E-04	
1_238583_T_G	1.39E-01	1.17E-01	3.10E-01	4.25E+00	4.19E+00	2.07E-02	
1_238598_C_G	4.60E-01	4.99E-09	9.57E-01	1.31E-01	2.41E+00	1.11E-03	
1_238646_A_T	6.57E-01	9.11E-34	6.72E-01	1.17E+00	2.76E+00	8.66E-03	
1_239816_T_C	1.33E-02	2.91E-11	5.87E-02	-1.16E+01	6.12E+00	3.86E-02	
1_239957_A_G	9.79E-02	2.59E-03	2.22E-01	-6.88E+00	5.64E+00	2.49E-02	
1_240235_G_A	3.41E-01	2.05E-152	1.36E-01	4.19E+00	2.81E+00	3.05E-02	
1_240266_G_T	1.83E-02	1.54E-02	9.63E-01	-3.18E-01	6.85E+00	9.46E-04	
1_243292_G_A	5.68E-01	1.92E-178	5.59E-01	2.48E+00	4.24E+00	1.19E-02	
1_243539_T_G	2.55E-01	1.19E-90	9.20E-01	-4.14E-01	4.10E+00	2.06E-03	
1_243693_T_G	1.03E-01	1.48E-37	9.55E-02	-2.38E+01	1.43E+01	3.40E-02	
1_245625_T_G	9.92E-02	9.39E-02	6.15E-02	5.82E+00	3.11E+00	3.82E-02	
1_245703_C_T	4.07E-01	6.56E-25	7.23E-01	-9.55E-01	2.70E+00	7.23E-03	
1_246948_G_A	3.36E-01	8.49E-01	4.88E-01	2.01E+00	2.89E+00	1.41E-02	
1_247239_C_G	4.75E-02	5.32E-20	6.75E-02	-1.23E+01	6.74E+00	3.73E-02	
1_247252_A_C	7.92E-02	2.87E-11	2.74E-01	-4.79E+00	4.38E+00	2.23E-02	
1_247368_A_C	7.92E-02	1.39E-11	7.66E-02	-8.18E+00	4.62E+00	3.61E-02	
1_248238_A_G	1.46E-02	9.21E-01	5.04E-01	-4.95E+00	7.41E+00	1.37E-02	
1_248380_T_G	5.42E-01	5.23E-03	5.28E-01	-1.77E+00	2.81E+00	1.29E-02	
1_248900_T_G	6.88E-02	9.91E-16	7.05E-01	1.90E+00	5.01E+00	7.73E-03	
1_249029_G_T	3.80E-01	1.60E-124	6.61E-01	1.17E+00	2.66E+00	8.96E-03	
1_249659_A_C	1.47E-01	7.19E-09	3.03E-01	3.41E+00	3.31E+00	2.10E-02	
1_254753_A_C	2.59E-01	1.86E-75	9.56E-01	1.70E-01	3.09E+00	1.12E-03	
1_255004_G_T	5.02E-01	1.01E-03	6.46E-01	1.38E+00	3.00E+00	9.38E-03	
1_256121_A_T	6.17E-02	9.87E-20	6.32E-02	-8.49E+00	4.57E+00	3.79E-02	
1_256282_C_T	1.63E-01	1.71E-04	7.75E-01	-2.37E+00	8.31E+00	5.83E-03	
1_256520_G_C	1.04E-02	5.54E-02	8.05E-01	-2.05E+00	8.33E+00	5.03E-03	
1_259635_T_C	6.88E-01	1.67E-83	9.43E-01	2.49E-01	3.48E+00	1.46E-03	
1_259998_A_G	1.04E-01	3.87E-18	9.12E-01	3.70E-01	3.35E+00	2.25E-03	
1_260393_T_A	4.16E-01	1.56E-24	8.00E-02	5.11E+00	2.92E+00	3.57E-02	
1_260432_C_A	7.71E-02	8.74E-30	7.42E-01	-1.81E+00	5.50E+00	6.72E-03	
1_264817_C_A	5.04E-02	1.27E-21	1.79E-01	-7.69E+00	5.72E+00	2.74E-02	
1_265210_C_T	4.62E-02	7.27E-07	8.35E-01	-2.01E+00	9.64E+00	4.26E-03	
1_265274_G_T	5.12E-01	2.39E-49	4.45E-01	1.99E+00	2.60E+00	1.56E-02	
1_266111_C_T	1.32E-01	2.32E-22	5.17E-01	-2.75E+00	4.24E+00	1.32E-02	
1_266252_T_G	9.07E-01	9.08E-48	3.03E-01	5.76E+00	5.59E+00	2.10E-02	
1_266593_C_A	1.87E-02	6.31E-14	9.39E-01	4.67E-01	6.07E+00	1.57E-03	
1_271006_T_C	2.54E-02	7.09E-04	3.64E-01	4.67E+00	5.15E+00	1.85E-02	
1_271552_T_A	2.00E-02	8.20E-15	9.91E-01	6.13E-02	5.27E+00	2.38E-04	
1_271786_A_T	4.83E-01	6.14E-05	1.85E-01	-3.89E+00	2.93E+00	2.71E-02	
1_272200_C_G	4.97E-01	7.06E-03	7.76E-01	-8.65E-01	3.03E+00	5.82E-03	
1_274563_T_G	6.24E-01	5.84E-71	7.80E-01	-7.79E-01	2.79E+00	5.71E-03	
1_276257_A_C	5.96E-02	7.70E-08	9.72E-02	-8.52E+00	5.13E+00	3.39E-02	
1_277704_A_G	3.26E-01	2.91E-63	8.98E-01	-3.51E-01	2.75E+00	2.61E-03	
1_278030_G_T	2.08E-02	3.30E-03	9.02E-01	-1.26E+00	1.03E+01	2.50E-03	
1_278562_C_A	4.50E-02	3.96E-05	3.33E-01	4.25E+00	4.39E+00	1.98E-02	
1_278920_C_G	2.91E-01	8.26E-06	8.36E-02	-4.76E+00	2.75E+00	3.53E-02	
1_279466_G_C	4.83E-02	1.41E-35	2.48E-01	6.19E+00	5.37E+00	2.36E-02	
1_280103_T_C	1.10E-01	5.08E-21	3.65E-01	-3.74E+00	4.12E+00	1.85E-02	
1_281494_T_A	2.62E-02	2.26E-03	7.43E-01	1.88E+00	5.75E+00	6.69E-03	
1_281902_T_A	5.95E-01	5.52E-64	8.88E-01	4.03E-01	2.87E+00	2.87E-03	
1_283010_G_A	9.67E-02	1.29E-55	7.22E-01	1.95E+00	5.50E+00	7.26E-03	
1_284365_T_A	3.67E-02	4.05E-07	2.82E-01	-8.12E+00	7.55E+00	2.19E-02	
1_284370_A_G	2.25E-02	2.41E-28	8.59E-03	2.05E+01	7.79E+00	5.36E-02	
1_284683_C_A	4.58E-02	1.93E-07	8.05E-01	2.91E+00	1.18E+01	5.03E-03	
1_285890_G_A	4.75E-02	8.77E-30	1.82E-01	7.53E+00	5.63E+00	2.73E-02	
1_286500_A_T	1.38E-01	2.94E-58	6.43E-01	1.84E+00	3.96E+00	9.48E-03	
1_286635_T_A	1.00E-01	7.84E-37	3.00E-01	-6.64E+00	6.41E+00	2.12E-02	
1_286757_A_C	4.68E-01	1.54E-32	4.93E-01	2.15E+00	3.14E+00	1.40E-02	
1_288978_T_C	2.17E-02	3.16E-06	6.06E-01	2.78E+00	5.38E+00	1.05E-02	
1_290201_C_A	1.46E-02	3.19E-02	5.69E-01	-3.11E+00	5.47E+00	1.16E-02	
1_291050_C_A	7.31E-01	3.63E-108	6.35E-01	1.97E+00	4.15E+00	9.70E-03	
1_291244_T_C	1.98E-01	9.94E-05	4.18E-01	-3.76E+00	4.64E+00	1.65E-02	
1_291671_A_C	3.60E-01	4.32E-19	3.73E-01	2.75E+00	3.08E+00	1.82E-02	
1_292170_G_T	2.29E-02	1.86E-03	5.57E-01	4.15E+00	7.07E+00	1.20E-02	
1_292360_T_C	2.45E-01	1.01E-80	9.64E-01	-1.60E-01	3.58E+00	9.10E-04	
1_292536_C_G	7.37E-02	2.04E-06	6.70E-01	2.46E+00	5.77E+00	8.70E-03	
1_292910_C_G	4.37E-02	2.41E-36	1.74E-01	8.83E+00	6.49E+00	2.78E-02	
1_293793_C_T	1.00E-02	1.08E-01	9.89E-01	-9.86E-02	7.29E+00	2.76E-04	
1_293873_G_A	1.73E-01	3.67E-16	9.19E-01	-4.26E-01	4.21E+00	2.07E-03	
1_293881_G_C	4.00E-01	6.64E-04	9.16E-01	-3.32E-01	3.15E+00	2.15E-03	
1_294574_T_C	3.42E-02	9.24E-04	6.37E-01	4.04E+00	8.57E+00	9.64E-03	
1_294804_T_C	4.54E-02	7.55E-04	4.67E-01	3.72E+00	5.12E+00	1.48E-02	
1_295758_A_T	8.96E-02	3.28E-55	5.52E-01	2.40E+00	4.04E+00	1.21E-02	
1_297582_C_T	1.00E-02	1.57E-01	6.35E-01	-4.76E+00	1.00E+01	9.70E-03	
1_298861_T_G	1.88E-01	1.01E-20	5.25E-01	-2.35E+00	3.69E+00	1.30E-02	
1_299142_C_A	3.17E-02	4.34E-19	3.30E-01	5.08E+00	5.22E+00	1.99E-02	
1_299789_C_A	5.67E-02	6.61E-01	5.24E-01	-4.47E+00	7.02E+00	1.30E-02	
1_300039_T_G	9.63E-02	1.20E-21	1.11E-01	6.30E+00	3.95E+00	3.25E-02	
1_301927_A_G	1.10E-01	2.57E-38	9.00E-01	7.76E-01	6.18E+00	2.56E-03	
1_303071_A_C	2.00E-02	3.68E-19	1.20E-01	1.17E+01	7.50E+00	3.18E-02	
1_306609_G_T	1.50E-02	6.96E-01	4.86E-01	-3.94E+00	5.66E+00	1.42E-02	
1_306833_C_G	4.33E-02	3.62E-03	6.12E-01	1.76E+00	3.46E+00	1.04E-02	
1_307102_G_C	6.55E-01	5.83E-112	2.28E-01	-3.91E+00	3.25E+00	2.46E-02	
1_307523_G_T	7.79E-02	2.17E-23	8.53E-01	-8.12E-01	4.37E+00	3.79E-03	
1_307651_T_A	3.04E-02	2.38E-10	9.77E-01	1.48E-01	5.20E+00	5.79E-04	
1_308527_C_A	6.20E-01	3.99E-45	4.52E-01	2.24E+00	2.97E+00	1.54E-02	
1_309634_C_G	7.60E-01	4.84E-05	5.80E-01	-1.72E+00	3.11E+00	1.13E-02	
1_310397_G_C	1.92E-02	1.17E-13	4.92E-01	3.83E+00	5.57E+00	1.40E-02	
1_310570_A_C	3.41E-01	2.55E-13	3.81E-01	2.63E+00	3.00E+00	1.79E-02	
1_311724_A_C	1.54E-02	1.26E-12	5.93E-02	1.74E+01	9.21E+00	3.85E-02	
1_312114_C_G	2.29E-02	1.86E-03	5.57E-01	4.15E+00	7.07E+00	1.20E-02	
1_313430_T_G	9.17E-01	1.42E-63	2.09E-02	1.08E+01	4.67E+00	4.72E-02	
1_314344_A_G	4.61E-01	4.67E-20	5.04E-01	-2.28E+00	3.42E+00	1.36E-02	
1_314802_T_C	1.07E-01	2.88E-06	7.16E-01	-1.63E+00	4.47E+00	7.43E-03	
1_314874_G_A	3.88E-01	4.27E-70	7.38E-01	-1.08E+00	3.24E+00	6.83E-03	
1_315910_G_T	1.28E-01	3.08E-01	3.03E-01	-3.72E+00	3.61E+00	2.10E-02	
1_316500_T_A	4.88E-02	2.08E-07	2.04E-01	-8.52E+00	6.70E+00	2.60E-02	
1_316868_T_A	5.42E-01	1.33E-136	4.21E-01	-2.20E+00	2.73E+00	1.64E-02	
1_317658_A_G	3.00E-01	3.17E-95	1.61E-03	9.62E+00	3.05E+00	6.43E-02	
1_318771_T_C	1.35E-01	1.19E-52	1.20E-01	-8.21E+00	5.27E+00	3.18E-02	
1_318940_T_A	5.38E-01	3.59E-01	9.61E-01	-1.44E-01	2.94E+00	1.00E-03	
1_319259_T_C	1.87E-02	6.31E-14	9.39E-01	4.67E-01	6.07E+00	1.57E-03	
1_319352_C_A	3.57E-01	3.69E-68	4.18E-01	-2.09E+00	2.59E+00	1.65E-02	
1_319432_G_C	1.00E-01	1.07E-38	2.68E-01	-1.30E+01	1.18E+01	2.26E-02	
1_324315_G_C	1.06E-01	7.19E-15	2.51E-01	4.17E+00	3.63E+00	2.34E-02	
1_326897_C_G	6.17E-01	2.41E-164	6.92E-01	1.29E+00	3.26E+00	8.10E-03	
1_327946_C_T	1.21E-02	3.14E-02	4.10E-01	3.43E+00	4.16E+00	1.68E-02	
1_328683_A_C	1.00E-02	1.08E-01	9.89E-01	-9.86E-02	7.29E+00	2.76E-04	
1_332156_C_T	1.89E-01	1.36E-07	5.93E-03	1.12E+01	4.05E+00	5.62E-02	
1_333082_A_G	1.54E-02	1.26E-12	5.93E-02	1.74E+01	9.21E+00	3.85E-02	
1_335402_G_A	1.87E-01	7.90E-10	5.83E-01	1.91E+00	3.48E+00	1.12E-02	
1_335725_T_G	7.12E-02	4.67E-08	6.49E-01	-1.91E+00	4.21E+00	9.29E-03	
1_337986_T_A	7.33E-01	8.16E-106	3.30E-01	4.08E+00	4.19E+00	1.99E-02	
1_338508_A_C	1.00E-02	8.58E-04	6.94E-01	2.13E+00	5.42E+00	8.02E-03	
1_338950_T_C	3.79E-02	2.91E-05	3.50E-01	-7.03E+00	7.52E+00	1.91E-02	
1_341035_G_A	2.93E-01	3.04E-48	3.44E-01	3.58E+00	3.79E+00	1.93E-02	
1_341408_A_C	5.25E-01	1.84E-29	8.71E-01	-4.51E-01	2.78E+00	3.31E-03	
1_341649_A_T	3.68E-01	1.01E-128	1.29E-01	4.63E+00	3.05E+00	3.10E-02	
1_343185_A_T	1.09E-01	8.64E-09	8.99E-01	-4.09E-01	3.22E+00	2.59E-03	
1_343355_T_A	1.18E-01	7.41E-08	4.48E-01	3.75E+00	4.93E+00	1.55E-02	
1_343536_T_A	1.15E-01	1.72E-07	6.29E-01	2.11E+00	4.38E+00	9.86E-03	
1_343757_G_C	7.75E-02	1.92E-40	1.06E-01	-8.47E+00	5.24E+00	3.30E-02	
1_345393_C_T	2.08E-02	3.30E-03	9.02E-01	-1.26E+00	1.03E+01	2.50E-03	
1_345436_A_C	2.07E-01	1.01E-10	8.83E-01	-4.87E-01	3.32E+00	2.99E-03	
1_346319_G_C	9.08E-02	8.29E-13	4.77E-02	1.33E+01	6.74E+00	4.04E-02	
1_346342_C_G	1.03E-01	1.37E-19	1.16E-01	6.15E+00	3.91E+00	3.21E-02	
1_347003_T_A	2.15E-01	5.92E-48	4.45E-01	3.02E+00	3.95E+00	1.56E-02	
1_347325_T_A	5.74E-01	1.25E-18	9.97E-01	1.33E-02	3.14E+00	8.61E-05	
1_348819_G_C	7.46E-02	3.80E-01	1.79E-01	-6.13E+00	4.56E+00	2.74E-02	
1_349892_A_C	3.40E-01	8.71E-11	5.99E-01	1.43E+00	2.72E+00	1.07E-02	
1_350251_T_A	3.67E-02	1.46E-06	9.18E-01	-7.77E-01	7.53E+00	2.11E-03	
1_351093_G_C	5.23E-01	5.88E-48	1.89E-01	3.97E+00	3.02E+00	2.68E-02	
1_351607_T_G	6.46E-02	5.92E-19	4.28E-01	-5.00E+00	6.30E+00	1.62E-02	
1_352249_C_T	2.40E-01	1.90E-78	3.13E-01	3.62E+00	3.58E+00	2.06E-02	
1_352319_C_G	3.50E-01	2.00E-15	9.86E-01	-6.18E-02	3.47E+00	3.63E-04	
1_353275_A_C	2.33E-02	1.40E-03	9.47E-02	-9.41E+00	5.63E+00	3.41E-02	
1_355528_A_G	2.20E-01	3.23E-25	2.25E-01	-3.68E+00	3.03E+00	2.48E-02	
1_356602_T_C	4.60E-01	3.44E-49	9.45E-01	1.79E-01	2.60E+00	1.41E-03	
1_359537_A_G	2.30E-01	3.79E-01	7.25E-01	-9.47E-01	2.69E+00	7.17E-03	
1_360589_T_G	2.82E-01	9.05E-102	2.82E-02	-5.92E+00	2.69E+00	4.48E-02	
1_361791_A_C	4.08E-02	7.59E-02	9.03E-01	-5.62E-01	4.60E+00	2.50E-03	
1_361953_T_G	5.83E-02	3.54E-10	9.80E-01	1.18E-01	4.61E+00	5.22E-04	
1_362372_C_A	1.58E-02	1.71E-01	7.61E-01	1.71E+00	5.62E+00	6.20E-03	
1_363268_T_C	9.75E-02	1.36E-58	2.88E-01	3.29E+00	3.09E+00	2.17E-02	
1_363993_C_G	5.05E-01	4.07E-111	7.82E-01	-8.30E-01	3.00E+00	5.66E-03	
1_364338_A_C	5.28E-01	1.81E-162	5.94E-01	-1.42E+00	2.67E+00	1.09E-02	
1_365159_C_T	4.17E-02	4.79E-02	8.51E-01	-8.06E-01	4.29E+00	3.84E-03	
1_365882_C_G	4.60E-01	8.22E-101	5.70E-01	-1.57E+00	2.76E+00	1.16E-02	
1_366322_T_A	5.37E-02	6.48E-08	8.80E-01	-9.97E-01	6.58E+00	3.10E-03	
1_366599_T_C	7.42E-02	3.82E-19	3.39E-01	4.45E+00	4.65E+00	1.95E-02	
1_367943_A_C	1.33E-02	8.15E-02	2.52E-01	-7.11E+00	6.20E+00	2.34E-02	
1_368236_C_G	6.92E-02	3.05E-23	3.97E-01	5.30E+00	6.26E+00	1.73E-02	
1_370733_G_C	4.37E-02	1.35E-06	1.68E-01	9.67E+00	7.02E+00	2.81E-02	
1_371790_T_G	1.09E-01	4.45E-07	6.87E-01	1.76E+00	4.38E+00	8.22E-03	
1_372546_T_A	2.12E-01	7.81E-50	1.41E-02	9.72E+00	3.96E+00	5.01E-02	
1_372765_A_G	3.15E-01	4.03E-10	8.62E-01	-6.29E-01	3.61E+00	3.56E-03	
1_372985_C_G	2.29E-02	6.44E-29	8.32E-03	2.28E+01	8.64E+00	5.39E-02	
1_373164_G_C	3.45E-01	1.04E-07	8.70E-02	5.49E+00	3.21E+00	3.49E-02	
1_373583_C_T	2.58E-02	5.18E-12	5.73E-01	-3.41E+00	6.06E+00	1.15E-02	
1_376877_C_T	6.33E-02	2.06E-04	8.20E-01	9.66E-01	4.24E+00	4.66E-03	
1_377641_C_G	3.62E-01	2.71E-156	3.82E-01	2.47E+00	2.82E+00	1.79E-02	
1_378574_A_G	4.59E-01	1.43E-33	4.31E-01	2.15E+00	2.73E+00	1.61E-02	
1_379460_C_T	9.79E-02	2.87E-57	5.82E-01	-3.12E+00	5.67E+00	1.12E-02	
1_379812_A_T	1.57E-01	3.98E-26	2.94E-01	-3.80E+00	3.62E+00	2.14E-02	
1_380360_C_A	3.21E-02	3.41E-06	7.97E-01	1.02E+00	3.96E+00	5.25E-03	
1_381454_A_G	9.29E-02	6.32E-03	3.52E-01	-5.40E+00	5.80E+00	1.90E-02	
1_384774_G_A	2.87E-01	1.11E-87	6.58E-01	1.66E+00	3.75E+00	9.03E-03	
1_385893_G_T	1.23E-01	1.83E-36	9.46E-01	-2.20E-01	3.25E+00	1.38E-03	
1_387003_T_A	1.05E-01	8.09E-22	8.78E-01	-5.45E-01	3.55E+00	3.13E-03	
1_387088_G_C	5.25E-01	1.67E-24	4.87E-01	-1.90E+00	2.74E+00	1.42E-02	
1_388673_T_C	9.88E-02	4.96E-09	3.03E-01	3.80E+00	3.69E+00	2.10E-02	
1_390233_T_C	6.75E-02	3.44E-20	7.11E-01	-1.67E+00	4.51E+00	7.58E-03	
1_392009_T_C	1.90E-01	9.47E-01	6.72E-01	-1.21E+00	2.86E+00	8.65E-03	
1_392703_T_C	4.94E-01	9.15E-14	3.52E-01	2.31E+00	2.48E+00	1.90E-02	
1_393277_A_G	1.37E-01	2.89E-01	5.91E-02	-6.38E+00	3.38E+00	3.85E-02	
1_394110_C_T	2.17E-02	3.04E-02	4.48E-01	-8.70E+00	1.15E+01	1.55E-02	
1_395821_A_C	7.37E-02	2.24E-12	9.32E-01	3.78E-01	4.45E+00	1.73E-03	
1_397245_T_A	2.75E-02	2.89E-04	7.24E-01	-2.06E+00	5.83E+00	7.22E-03	
1_402004_T_A	2.42E-01	1.82E-08	2.40E-01	3.07E+00	2.61E+00	2.40E-02	
1_403080_T_G	6.46E-02	8.65E-17	9.42E-01	3.47E-01	4.76E+00	1.49E-03	
1_403797_C_T	9.11E-01	9.52E-39	6.25E-01	2.28E+00	4.67E+00	9.99E-03	
1_404220_T_G	7.17E-01	3.23E-109	7.32E-01	1.20E+00	3.50E+00	6.99E-03	
1_404573_T_G	2.91E-01	7.83E-13	5.22E-01	1.76E+00	2.74E+00	1.31E-02	
1_404604_A_C	1.00E-01	1.07E-38	2.68E-01	-1.30E+01	1.18E+01	2.26E-02	
1_405034_G_C	6.92E-02	6.47E-23	2.95E-01	-4.31E+00	4.11E+00	2.14E-02	
1_406644_A_C	6.34E-01	3.64E-77	5.94E-01	-1.41E+00	2.65E+00	1.09E-02	
1_408494_G_C	3.65E-01	7.60E-03	4.84E-01	2.22E+00	3.17E+00	1.43E-02	
1_409780_C_T	7.96E-02	2.50E-12	6.77E-01	2.01E+00	4.82E+00	8.52E-03	
1_411193_A_T	2.67E-01	3.06E-01	8.48E-01	-4.56E-01	2.37E+00	3.93E-03	
1_412223_T_G	9.67E-02	2.31E-50	6.31E-01	-1.90E+00	3.95E+00	9.82E-03	
1_413453_T_A	4.38E-01	8.94E-25	5.40E-01	1.86E+00	3.04E+00	1.25E-02	
1_415062_A_T	2.94E-01	1.71E-07	2.16E-01	-3.72E+00	3.00E+00	2.53E-02	
1_415299_C_G	3.75E-01	4.49E-09	5.28E-01	2.33E+00	3.69E+00	1.29E-02	
1_418762_C_A	2.30E-01	1.08E-01	8.69E-01	-4.95E-01	2.99E+00	3.38E-03	
1_418876_G_C	6.92E-02	2.95E-21	4.79E-02	1.03E+01	5.20E+00	4.04E-02	
1_419209_C_G	4.07E-01	7.21E-176	5.59E-01	-1.79E+00	3.06E+00	1.19E-02	
1_419875_A_T	6.29E-02	8.11E-19	9.26E-01	-5.01E-01	5.40E+00	1.89E-03	
1_420063_A_T	3.62E-02	9.50E-20	8.99E-01	7.99E-01	6.27E+00	2.60E-03	
1_420509_G_C	6.38E-01	6.16E-179	3.64E-01	3.79E+00	4.17E+00	1.85E-02	
1_420651_G_C	1.42E-01	1.91E-44	2.52E-01	-5.75E+00	5.01E+00	2.34E-02	
1_426592_T_C	3.74E-01	8.83E-119	1.51E-01	4.80E+00	3.34E+00	2.94E-02	
1_426967_C_A	3.60E-01	1.36E-99	5.96E-01	-1.84E+00	3.46E+00	1.08E-02	
1_427601_C_T	2.09E-01	3.78E-71	8.23E-01	6.86E-01	3.06E+00	4.58E-03	
1_427960_T_C	3.66E-01	3.64E-07	2.51E-01	3.06E+00	2.66E+00	2.34E-02	
1_433569_C_T	2.90E-01	1.12E-09	7.59E-01	1.01E+00	3.29E+00	6.26E-03	
1_433736_C_T	4.17E-02	1.91E-01	9.03E-01	-5.88E-01	4.84E+00	2.48E-03	
1_436161_A_T	5.15E-01	2.50E-06	7.14E-01	1.28E+00	3.48E+00	7.49E-03	
1_438665_C_A	4.79E-01	7.47E-10	8.13E-02	5.78E+00	3.31E+00	3.56E-02	
1_439683_C_A	9.74E-01	1.69E-02	8.86E-01	-6.05E-01	4.22E+00	2.93E-03	
1_441143_T_G	7.75E-02	2.93E-11	3.03E-01	-5.69E+00	5.52E+00	2.10E-02	
1_443667_T_C	5.63E-02	3.97E-22	8.89E-01	6.80E-01	4.86E+00	2.86E-03	
1_444902_C_A	7.29E-01	1.84E-110	3.25E-01	-4.02E+00	4.08E+00	2.01E-02	
1_445816_T_C	2.60E-01	3.22E-70	3.86E-01	-2.47E+00	2.86E+00	1.77E-02	
1_447687_C_T	1.00E-02	1.87E-07	7.80E-01	1.60E+00	5.75E+00	5.70E-03	
1_449075_G_T	1.33E-02	1.61E-03	5.07E-01	3.34E+00	5.03E+00	1.36E-02	
1_449992_T_A	4.00E-01	1.05E-97	8.30E-01	7.22E-01	3.36E+00	4.39E-03	
1_450031_T_C	5.56E-01	2.52E-105	9.51E-01	1.80E-01	2.95E+00	1.24E-03	
1_450612_A_T	1.95E-01	2.79E-104	1.78E-03	9.98E+00	3.19E+00	6.37E-02	
1_450861_G_A	8.69E-01	1.02E-46	7.24E-02	7.43E+00	4.13E+00	3.67E-02	
1_452639_G_T	1.57E-01	2.42E-18	1.45E-01	-5.26E+00	3.61E+00	2.98E-02	
1_454257_A_T	2.67E-02	7.16E-06	6.00E-02	-1.07E+01	5.71E+00	3.84E-02	
1_455400_C_T	2.23E-01	1.86E-03	1.58E-01	-3.90E+00	2.76E+00	2.88E-02	
1_455540_C_A	6.29E-02	7.20E-20	3.50E-01	8.77E+00	9.38E+00	1.91E-02	
1_456946_A_C	3.35E-01	1.15E-02	7.70E-01	8.02E-01	2.74E+00	5.97E-03	
1_457235_T_A	3.23E-01	7.99E-02	8.32E-01	8.61E-01	4.05E+00	4.34E-03	
1_457503_C_G	3.75E-02	2.74E-05	1.71E-01	-1.15E+01	8.38E+00	2.79E-02	
1_457855_G_T	3.61E-01	1.69E-35	5.93E-01	-1.41E+00	2.64E+00	1.09E-02	
1_462149_G_C	9.21E-02	3.34E-12	8.45E-01	1.01E+00	5.18E+00	3.99E-03	
1_462806_C_A	1.00E-01	1.01E-21	4.34E-01	-2.92E+00	3.73E+00	1.60E-02	
1_463586_A_T	6.08E-02	4.34E-04	1.27E-02	1.46E+01	5.84E+00	5.09E-02	
1_463642_C_A	2.49E-01	6.99E-39	2.98E-01	-2.92E+00	2.81E+00	2.12E-02	
1_464835_G_C	7.46E-02	2.75E-05	5.37E-01	-2.59E+00	4.20E+00	1.26E-02	
1_464841_C_T	1.96E-02	6.14E-13	6.95E-01	-2.31E+00	5.88E+00	8.01E-03	
1_467363_T_G	2.18E-01	1.03E-03	1.03E-01	5.71E+00	3.51E+00	3.33E-02	
1_467845_T_A	3.18E-01	1.96E-06	5.72E-01	-1.65E+00	2.92E+00	1.15E-02	
1_468958_G_T	1.58E-02	1.06E-01	1.12E-02	1.59E+01	6.26E+00	5.18E-02	
1_471789_C_T	2.61E-01	8.05E-34	3.23E-01	2.95E+00	2.99E+00	2.02E-02	
1_472536_G_A	2.96E-02	1.82E-13	9.17E-01	-5.00E-01	4.81E+00	2.12E-03	
1_473135_T_A	2.17E-01	7.09E-02	9.28E-01	-3.72E-01	4.09E+00	1.86E-03	
1_473200_A_T	3.52E-01	4.84E-25	4.07E-01	2.86E+00	3.45E+00	1.69E-02	
1_473648_G_A	2.12E-01	4.49E-02	5.79E-02	-6.31E+00	3.33E+00	3.87E-02	
1_474814_T_C	5.83E-02	1.25E-18	3.82E-01	-5.78E+00	6.61E+00	1.79E-02	
1_475010_C_T	1.55E-01	1.08E-04	3.60E-01	-3.71E+00	4.06E+00	1.87E-02	
1_477100_C_A	1.00E-02	1.57E-01	6.35E-01	-4.76E+00	1.00E+01	9.70E-03	
1_479042_C_G	1.50E-02	7.05E-02	8.87E-02	9.85E+00	5.78E+00	3.48E-02	
1_482130_T_G	2.05E-01	4.63E-16	4.03E-01	-3.37E+00	4.03E+00	1.71E-02	
1_482486_T_G	2.08E-02	3.24E-11	2.58E-01	-5.38E+00	4.76E+00	2.31E-02	
1_484342_G_A	4.61E-01	1.71E-109	3.10E-01	-3.08E+00	3.03E+00	2.07E-02	
1_487767_C_G	2.29E-02	7.58E-08	6.76E-01	2.44E+00	5.84E+00	8.53E-03	
1_487845_G_A	3.71E-02	1.06E-06	8.24E-01	-1.86E+00	8.38E+00	4.53E-03	
1_487867_T_G	1.54E-01	2.23E-38	3.42E-01	4.01E+00	4.22E+00	1.94E-02	
1_488306_G_C	1.05E-01	3.59E-03	9.48E-01	3.12E-01	4.74E+00	1.34E-03	
1_490149_T_A	5.50E-01	2.30E-72	2.35E-02	6.12E+00	2.70E+00	4.62E-02	
1_491436_C_A	2.41E-01	2.75E-75	5.90E-01	2.58E+00	4.78E+00	1.10E-02	
1_492551_A_C	1.78E-01	2.30E-08	1.74E-02	7.60E+00	3.20E+00	4.85E-02	
1_493325_A_G	1.57E-01	4.61E-06	3.95E-01	-2.90E+00	3.41E+00	1.74E-02	
1_493651_T_C	8.33E-02	1.10E-02	5.87E-01	1.77E+00	3.26E+00	1.11E-02	
1_494170_G_C	9.13E-01	1.00E-51	2.66E-01	4.71E+00	4.23E+00	2.27E-02	
1_494345_G_A	3.87E-02	4.59E-04	8.87E-01	-7.07E-01	4.96E+00	2.91E-03	
1_494478_A_C	1.73E-01	1.32E-44	1.62E-01	4.50E+00	3.22E+00	2.86E-02	
1_495806_T_A	3.49E-01	1.60E-43	2.59E-01	3.45E+00	3.06E+00	2.31E-02	
1_495912_C_G	8.42E-02	9.92E-04	6.05E-02	9.10E+00	4.84E+00	3.83E-02	
1_496471_T_G	1.68E-01	1.52E-12	8.89E-01	-4.86E-01	3.46E+00	2.86E-03	
1_497331_G_T	5.67E-02	2.37E-01	5.01E-01	3.37E+00	5.00E+00	1.37E-02	
1_497743_G_T	5.00E-02	2.03E-03	8.76E-01	-8.05E-01	5.15E+00	3.19E-03	
1_498264_T_A	4.84E-01	4.18E-42	4.30E-01	3.03E+00	3.85E+00	1.61E-02	
1_498881_A_G	4.69E-01	3.84E-126	8.76E-01	-6.49E-01	4.14E+00	3.20E-03	
1_499603_A_T	1.00E-02	1.27E-04	4.53E-01	6.68E+00	8.89E+00	1.53E-02	
1_499794_G_T	1.63E-01	9.76E-83	1.61E-01	9.36E+00	6.68E+00	2.86E-02	
1_501047_C_G	9.71E-02	1.81E-22	5.57E-01	2.07E+00	3.54E+00	1.20E-02	
1_502279_A_G	1.06E-01	1.65E-37	8.77E-02	-7.99E+00	4.68E+00	3.49E-02	
1_506024_G_T	5.37E-02	4.67E-04	5.12E-01	-2.72E+00	4.15E+00	1.34E-02	
1_506110_T_A	2.71E-02	1.76E-08	6.32E-01	2.25E+00	4.71E+00	9.77E-03	
1_506521_T_G	3.20E-01	7.33E-35	6.29E-01	-1.63E+00	3.37E+00	9.87E-03	
1_508186_A_G	1.16E-01	1.47E-42	6.72E-01	-2.69E+00	6.36E+00	8.65E-03	
1_510829_C_T	6.85E-01	7.80E-114	7.01E-01	-1.25E+00	3.24E+00	7.85E-03	
1_511408_G_T	1.60E-01	1.49E-04	5.09E-01	-1.81E+00	2.73E+00	1.35E-02	
1_515421_G_T	6.38E-02	3.78E-20	3.21E-01	5.02E+00	5.05E+00	2.03E-02	
1_515424_C_G	2.10E-01	1.94E-19	6.93E-01	1.14E+00	2.89E+00	8.06E-03	
1_515823_T_G	1.08E-01	3.20E-39	7.27E-01	-1.24E+00	3.55E+00	7.13E-03	
1_516964_A_T	1.54E-02	7.68E-12	4.14E-02	9.59E+00	4.70E+00	4.16E-02	
1_519388_C_G	2.13E-02	6.64E-02	7.51E-01	2.44E+00	7.67E+00	6.49E-03	
1_519538_G_C	2.17E-02	3.04E-02	4.48E-01	-8.70E+00	1.15E+01	1.55E-02	
1_523168_G_T	1.50E-01	3.20E-68	1.57E-01	4.24E+00	3.00E+00	2.89E-02	
1_525055_G_C	9.71E-02	2.59E-61	4.41E-02	1.20E+01	5.97E+00	4.11E-02	
1_526015_T_A	3.09E-01	3.14E-91	7.98E-01	7.76E-01	3.03E+00	5.23E-03	
1_528163_A_C	2.21E-01	1.77E-64	9.35E-01	2.94E-01	3.62E+00	1.66E-03	
1_529489_G_T	2.33E-01	1.25E-02	2.56E-01	-3.76E+00	3.31E+00	2.32E-02	
1_530496_T_C	4.83E-02	2.38E-10	7.84E-01	1.33E+00	4.85E+00	5.59E-03	
1_530688_G_C	1.82E-01	7.71E-05	9.45E-01	2.50E-01	3.61E+00	1.41E-03	
1_533302_G_A	1.96E-02	1.44E-01	7.12E-01	4.45E+00	1.20E+01	7.55E-03	
1_538551_A_G	4.08E-02	1.71E-04	5.61E-01	4.83E+00	8.32E+00	1.19E-02	
1_539343_G_A	6.47E-01	1.85E-90	4.64E-01	-2.10E+00	2.88E+00	1.49E-02	
1_540609_T_A	1.98E-01	5.00E-17	8.00E-01	-9.37E-01	3.70E+00	5.17E-03	
1_542686_C_G	1.13E-01	5.67E-14	6.98E-01	1.64E+00	4.21E+00	7.94E-03	
1_546511_G_T	6.42E-02	2.68E-19	6.67E-01	-4.64E+00	1.08E+01	8.80E-03	
1_546986_T_A	4.57E-01	9.88E-43	8.02E-01	6.46E-01	2.58E+00	5.12E-03	
1_549010_A_G	9.08E-02	2.70E-31	7.60E-01	-1.50E+00	4.91E+00	6.25E-03	
1_549540_G_A	2.54E-02	3.16E-17	5.69E-02	1.11E+01	5.81E+00	3.89E-02	
1_551896_C_A	1.58E-01	1.90E-18	6.31E-01	-1.83E+00	3.82E+00	9.80E-03	
1_553281_T_C	6.00E-02	8.71E-20	9.82E-01	-1.55E-01	6.80E+00	4.66E-04	
1_553468_G_C	5.51E-01	1.12E-36	4.41E-01	-2.09E+00	2.72E+00	1.57E-02	
1_553743_C_G	1.91E-01	8.21E-01	4.52E-01	2.63E+00	3.50E+00	1.54E-02	
1_554085_C_G	2.04E-02	1.01E-01	5.47E-01	-3.98E+00	6.61E+00	1.23E-02	
1_555836_T_A	1.08E-02	5.68E-05	1.57E-01	-6.41E+00	4.53E+00	2.89E-02	
1_557234_G_A	9.17E-02	2.28E-25	1.08E-01	8.89E+00	5.53E+00	3.28E-02	
1_557764_A_G	2.04E-02	2.11E-02	5.28E-01	-3.29E+00	5.21E+00	1.29E-02	
1_557986_G_T	3.19E-01	5.98E-02	8.90E-01	-4.65E-01	3.36E+00	2.83E-03	
1_557992_A_T	1.50E-02	4.26E-12	2.30E-01	9.94E+00	8.29E+00	2.45E-02	
1_558778_C_T	1.92E-02	2.43E-14	5.81E-01	-4.11E+00	7.44E+00	1.13E-02	
1_559894_G_C	2.92E-02	1.64E-18	1.10E-01	-1.20E+01	7.53E+00	3.26E-02	
1_560229_T_C	3.40E-01	1.14E-66	7.87E-01	7.26E-01	2.69E+00	5.51E-03	
1_560259_G_C	2.40E-01	4.74E-43	7.38E-01	-8.86E-01	2.65E+00	6.82E-03	
1_561074_G_A	8.71E-02	2.87E-03	3.34E-01	3.99E+00	4.13E+00	1.97E-02	
1_561386_C_G	2.50E-02	1.42E-01	2.17E-01	6.72E+00	5.45E+00	2.52E-02	
1_562812_A_G	1.74E-01	6.99E-54	7.10E-01	1.10E+00	2.96E+00	7.59E-03	
1_563407_T_C	3.14E-01	3.46E-47	2.50E-01	-3.26E+00	2.83E+00	2.35E-02	
1_564939_C_G	6.61E-01	2.62E-80	7.30E-01	-1.10E+00	3.20E+00	7.04E-03	
1_565158_A_G	1.63E-02	8.82E-01	2.21E-01	-1.20E+01	9.79E+00	2.50E-02	
1_565975_T_A	1.05E-01	3.25E-29	8.82E-02	-9.07E+00	5.32E+00	3.48E-02	
1_566120_G_C	4.31E-01	1.24E-106	4.86E-01	2.11E+00	3.03E+00	1.42E-02	
1_566827_C_T	2.27E-01	1.61E-01	5.74E-01	-2.37E+00	4.20E+00	1.15E-02	
1_568054_G_T	4.58E-02	1.93E-07	8.05E-01	2.91E+00	1.18E+01	5.03E-03	
1_568193_G_C	1.82E-01	7.90E-08	4.33E-01	3.12E+00	3.97E+00	1.60E-02	
1_568869_C_A	2.17E-02	3.04E-02	4.48E-01	-8.70E+00	1.15E+01	1.55E-02	
1_570137_A_C	1.02E-01	2.68E-37	1.58E-01	-1.54E+01	1.09E+01	2.89E-02	
1_572400_T_G	4.42E-02	1.29E-03	2.61E-01	-4.65E+00	4.14E+00	2.29E-02	
1_573298_A_T	2.17E-02	9.63E-04	8.23E-01	-1.75E+00	7.83E+00	4.56E-03	
1_573908_T_C	6.82E-01	1.96E-125	8.09E-01	6.82E-01	2.83E+00	4.93E-03	
1_574320_T_A	6.88E-02	2.47E-05	1.00E-02	-1.02E+01	3.94E+00	5.26E-02	
1_574685_T_A	1.71E-02	2.25E-01	2.16E-01	-5.13E+00	4.14E+00	2.53E-02	
1_574927_A_G	2.43E-01	2.47E-21	2.06E-01	-3.49E+00	2.76E+00	2.58E-02	
1_576136_G_T	6.63E-02	1.23E-18	6.13E-01	-2.06E+00	4.06E+00	1.03E-02	
1_577250_T_G	3.21E-02	2.51E-07	3.28E-01	6.59E+00	6.74E+00	2.00E-02	
1_577296_G_C	1.67E-02	7.15E-09	5.13E-01	-4.20E+00	6.41E+00	1.34E-02	
1_577544_T_C	5.79E-02	1.95E-05	4.13E-01	4.54E+00	5.56E+00	1.67E-02	
1_579334_G_C	4.96E-02	2.25E-06	9.72E-01	-2.26E-01	6.46E+00	7.13E-04	
1_579667_A_T	4.68E-01	3.82E-175	5.26E-01	2.42E+00	3.82E+00	1.29E-02	
1_579929_A_G	1.57E-01	4.05E-07	4.61E-01	-2.20E+00	2.98E+00	1.51E-02	
1_580606_C_T	1.12E-02	1.44E-11	6.26E-01	3.27E+00	6.72E+00	9.94E-03	
1_582617_G_A	5.13E-01	1.82E-25	9.35E-01	-2.33E-01	2.87E+00	1.66E-03	
1_583872_G_A	9.88E-02	1.40E-12	5.80E-01	3.19E+00	5.76E+00	1.13E-02	
1_584577_A_T	1.79E-01	1.02E-59	7.14E-01	1.10E+00	3.00E+00	7.48E-03	
1_586348_G_C	6.75E-02	2.91E-09	5.80E-01	2.08E+00	3.76E+00	1.13E-02	
1_587198_C_T	6.89E-01	2.00E-119	1.51E-01	-6.79E+00	4.72E+00	2.93E-02	
1_587657_G_A	3.83E-02	2.24E-36	4.51E-02	1.46E+01	7.28E+00	4.09E-02	
1_587968_A_G	1.99E-01	2.02E-50	7.48E-01	-1.18E+00	3.68E+00	6.55E-03	
1_588899_A_G	6.20E-01	2.62E-84	7.12E-02	5.04E+00	2.79E+00	3.68E-02	
1_590338_A_T	1.17E-02	2.29E-12	5.43E-01	3.83E+00	6.30E+00	1.24E-02	
1_593346_A_C	2.40E-01	1.35E-26	5.76E-01	1.67E+00	2.98E+00	1.14E-02	
1_595613_C_T	2.97E-01	2.77E-83	4.15E-01	-2.59E+00	3.17E+00	1.67E-02	
1_595756_C_T	5.07E-01	2.37E-54	4.67E-01	-2.69E+00	3.70E+00	1.49E-02	
1_595984_T_C	9.11E-01	7.29E-36	2.91E-01	-4.19E+00	3.97E+00	2.16E-02	
1_598694_A_C	1.04E-01	1.19E-22	5.44E-01	2.94E+00	4.83E+00	1.24E-02	
1_599216_T_G	5.17E-02	6.46E-17	3.65E-01	5.08E+00	5.61E+00	1.85E-02	
1_599677_G_C	1.00E-02	2.31E-08	8.14E-01	-1.56E+00	6.63E+00	4.80E-03	
1_600120_G_A	2.40E-01	4.22E-03	4.24E-01	3.68E+00	4.60E+00	1.63E-02	
1_601167_C_A	1.12E-02	4.58E-14	2.92E-01	7.07E+00	6.71E+00	2.15E-02	
1_603436_G_T	3.08E-02	3.96E-10	6.80E-01	2.23E+00	5.41E+00	8.44E-03	
1_606306_T_A	4.34E-01	6.96E-85	9.69E-01	1.19E-01	3.11E+00	7.83E-04	
1_606584_A_G	5.17E-02	1.11E-01	4.08E-01	-5.81E+00	7.02E+00	1.69E-02	
1_606633_C_G	6.21E-01	5.30E-90	3.59E-02	6.49E+00	3.09E+00	4.28E-02	
1_607244_C_A	2.76E-01	4.81E-01	8.51E-01	6.46E-01	3.43E+00	3.85E-03	
1_608330_C_G	2.55E-01	7.73E-10	1.77E-01	4.35E+00	3.22E+00	2.76E-02	
1_608650_C_A	4.66E-01	7.73E-31	1.74E-01	-4.14E+00	3.04E+00	2.78E-02	
1_608771_G_T	5.32E-01	4.17E-69	6.23E-01	1.57E+00	3.19E+00	1.00E-02	
1_609038_C_T	4.17E-02	1.41E-20	1.95E-01	6.63E+00	5.11E+00	2.65E-02	
1_609295_A_C	2.80E-01	3.82E-53	6.90E-01	1.22E+00	3.05E+00	8.14E-03	
1_609765_T_A	8.62E-02	5.75E-32	9.55E-01	2.29E-01	4.04E+00	1.16E-03	
1_610177_T_C	5.17E-01	1.66E-80	4.80E-01	1.98E+00	2.80E+00	1.44E-02	
1_610637_T_C	1.90E-01	1.88E-43	3.88E-01	2.66E+00	3.08E+00	1.76E-02	
1_612621_G_T	1.96E-02	7.78E-05	7.97E-01	2.15E+00	8.36E+00	5.26E-03	
1_613118_G_A	2.38E-02	5.19E-03	7.79E-01	-2.28E+00	8.11E+00	5.73E-03	
1_613187_T_C	2.08E-02	3.30E-03	9.02E-01	-1.26E+00	1.03E+01	2.50E-03	
1_613842_A_G	4.27E-01	2.62E-21	9.20E-01	3.18E-01	3.16E+00	2.05E-03	
1_614458_G_C	5.54E-02	5.50E-11	5.14E-01	3.16E+00	4.84E+00	1.33E-02	
1_615277_A_T	8.79E-02	6.86E-31	4.39E-01	-2.96E+00	3.82E+00	1.58E-02	
1_616924_G_A	5.55E-01	4.97E-50	5.35E-01	2.07E+00	3.33E+00	1.27E-02	
1_618564_A_G	8.87E-02	6.62E-07	7.08E-01	-1.50E+00	4.02E+00	7.64E-03	
1_619267_A_C	4.90E-01	2.05E-22	4.45E-01	-2.21E+00	2.90E+00	1.56E-02	
1_622066_C_T	4.84E-01	1.41E-07	9.77E-01	-9.09E-02	3.17E+00	5.86E-04	
1_622089_T_G	4.11E-01	7.23E-49	6.92E-01	-1.26E+00	3.19E+00	8.08E-03	
1_629103_C_G	3.16E-01	1.66E-10	7.91E-01	-9.44E-01	3.56E+00	5.42E-03	
1_633840_T_C	3.23E-01	1.25E-95	1.34E-01	-4.63E+00	3.09E+00	3.06E-02	
1_634291_A_T	2.42E-02	3.45E-11	4.05E-03	-2.31E+01	8.02E+00	5.86E-02	
1_635209_G_C	7.24E-01	7.84E-118	7.39E-01	1.51E+00	4.53E+00	6.80E-03	
1_637850_T_A	2.25E-02	6.83E-09	5.92E-01	-3.28E+00	6.13E+00	1.10E-02	
1_642152_A_T	9.92E-02	7.56E-62	1.14E-01	9.76E+00	6.17E+00	3.23E-02	
1_643930_A_G	5.12E-02	1.82E-01	9.40E-01	-4.70E-01	6.21E+00	1.55E-03	
1_644169_T_G	7.37E-02	9.60E-14	3.60E-02	-8.64E+00	4.12E+00	4.28E-02	
1_644215_A_T	4.52E-01	7.17E-91	1.32E-01	4.60E+00	3.05E+00	3.08E-02	
1_645480_A_C	2.71E-02	4.53E-02	4.70E-01	-5.42E+00	7.51E+00	1.47E-02	
1_647871_T_A	7.25E-01	4.54E-91	5.76E-01	2.20E+00	3.94E+00	1.14E-02	
1_649693_T_C	6.99E-01	7.64E-120	7.76E-01	1.02E+00	3.58E+00	5.82E-03	
1_649924_C_T	4.09E-01	9.60E-33	7.77E-01	8.89E-01	3.14E+00	5.78E-03	
1_650185_A_T	3.92E-02	1.52E-05	6.37E-01	-2.76E+00	5.83E+00	9.65E-03	
1_651265_G_C	1.26E-01	1.99E-04	1.36E-01	1.03E+01	6.88E+00	3.05E-02	
1_651474_T_A	1.99E-01	2.68E-75	8.03E-01	1.12E+00	4.48E+00	5.09E-03	
1_651640_C_T	7.83E-02	4.18E-03	6.61E-01	-1.77E+00	4.03E+00	8.96E-03	
1_651875_G_A	2.05E-01	9.25E-06	4.05E-01	-2.95E+00	3.54E+00	1.70E-02	
1_653581_A_C	8.68E-01	2.03E-49	5.10E-01	-1.84E+00	2.79E+00	1.34E-02	
1_653898_T_G	1.50E-02	1.47E-08	3.88E-01	3.93E+00	4.56E+00	1.76E-02	
1_654660_C_A	6.21E-01	4.57E-112	4.07E-01	-2.48E+00	2.99E+00	1.69E-02	
1_654688_C_T	2.80E-01	8.56E-19	1.50E-01	4.04E+00	2.81E+00	2.94E-02	
1_654776_T_G	3.41E-01	7.21E-121	4.04E-01	-2.62E+00	3.15E+00	1.70E-02	
1_658088_G_A	5.38E-01	2.63E-31	4.70E-02	6.20E+00	3.12E+00	4.05E-02	
1_659544_A_C	9.71E-02	2.26E-34	9.46E-01	-2.06E-01	3.03E+00	1.39E-03	
1_659807_T_C	2.04E-02	7.49E-13	2.73E-01	-5.84E+00	5.32E+00	2.24E-02	
1_663184_C_G	4.35E-01	1.20E-63	7.01E-01	1.09E+00	2.85E+00	7.83E-03	
1_663357_T_C	4.96E-01	5.35E-60	2.91E-01	-3.11E+00	2.95E+00	2.15E-02	
1_664848_A_G	5.38E-01	2.04E-47	3.27E-01	-2.66E+00	2.71E+00	2.00E-02	
1_665337_G_C	1.73E-01	6.52E-14	7.28E-01	-1.47E+00	4.22E+00	7.11E-03	
1_665387_C_A	3.38E-02	1.33E-01	4.37E-01	3.72E+00	4.78E+00	1.59E-02	
1_665872_A_G	1.96E-02	2.28E-03	7.22E-01	-1.81E+00	5.09E+00	7.25E-03	
1_667453_A_G	9.38E-02	5.82E-55	5.52E-01	-2.57E+00	4.33E+00	1.21E-02	
1_667860_A_T	8.96E-02	3.06E-03	8.82E-01	5.22E-01	3.51E+00	3.03E-03	
1_667951_C_A	1.00E-02	1.08E-01	9.89E-01	-9.86E-02	7.29E+00	2.76E-04	
1_668181_G_C	1.19E-01	1.43E-10	5.17E-03	1.33E+01	4.75E+00	5.71E-02	
1_668451_T_A	7.50E-02	1.74E-16	9.31E-01	5.69E-01	6.56E+00	1.77E-03	
1_670178_A_T	2.00E-01	8.99E-48	6.90E-01	1.37E+00	3.44E+00	8.15E-03	
1_670405_G_T	4.72E-01	1.17E-32	1.60E-01	4.86E+00	3.45E+00	2.87E-02	
1_670927_A_C	6.42E-02	2.05E-18	6.80E-01	2.40E+00	5.82E+00	8.43E-03	
1_671029_A_C	1.13E-01	2.18E-02	4.75E-01	5.18E+00	7.25E+00	1.46E-02	
1_672850_G_A	5.35E-01	4.23E-30	6.68E-01	-1.09E+00	2.54E+00	8.76E-03	
1_673540_T_G	2.27E-01	9.80E-01	2.25E-01	4.24E+00	3.49E+00	2.48E-02	
1_674268_A_T	6.08E-02	1.66E-25	9.62E-01	2.15E-01	4.54E+00	9.65E-04	
1_676015_T_G	5.35E-01	3.80E-35	3.82E-01	-2.33E+00	2.67E+00	1.79E-02	
1_676451_T_A	6.31E-01	7.54E-139	9.98E-01	-6.47E-03	2.99E+00	4.42E-05	
1_677320_A_C	1.00E-02	1.08E-01	9.89E-01	-9.86E-02	7.29E+00	2.76E-04	
1_677669_A_G	4.75E-02	1.20E-19	9.76E-02	-9.84E+00	5.94E+00	3.38E-02	
1_679027_C_A	3.33E-02	4.20E-03	8.46E-01	-9.38E-01	4.81E+00	3.98E-03	
1_681051_G_T	4.88E-02	1.25E-17	3.29E-01	-4.68E+00	4.79E+00	1.99E-02	
1_681783_G_A	5.32E-01	1.37E-41	6.64E-01	1.22E+00	2.81E+00	8.87E-03	
1_681980_A_T	1.63E-02	1.89E-04	3.73E-01	4.60E+00	5.16E+00	1.82E-02	
1_682279_A_C	4.89E-01	2.84E-81	6.11E-01	1.23E+00	2.42E+00	1.04E-02	
1_683271_C_A	6.96E-02	3.99E-08	3.14E-01	-4.54E+00	4.51E+00	2.06E-02	
1_684439_T_A	2.60E-01	5.37E-76	9.15E-01	-3.97E-01	3.73E+00	2.17E-03	
1_684561_T_G	7.50E-02	4.86E-07	8.07E-01	-1.20E+00	4.94E+00	4.98E-03	
1_686401_G_A	3.28E-01	1.77E-21	7.37E-01	1.10E+00	3.28E+00	6.85E-03	
1_687176_C_G	2.37E-01	3.14E-50	6.00E-01	1.70E+00	3.24E+00	1.07E-02	
1_687192_C_G	8.50E-02	1.32E-55	1.99E-01	6.17E+00	4.80E+00	2.63E-02	
1_688466_A_G	1.06E-01	4.84E-47	1.38E-02	-1.02E+01	4.14E+00	5.03E-02	
1_691283_C_T	6.63E-02	2.05E-17	5.43E-01	2.56E+00	4.20E+00	1.24E-02	
1_693781_C_A	1.07E-01	1.47E-25	9.93E-01	-3.99E-02	4.39E+00	1.85E-04	
1_694318_G_T	3.87E-02	1.89E-33	5.55E-02	1.29E+01	6.71E+00	3.91E-02	
1_694486_T_A	1.50E-01	9.02E-04	4.96E-01	3.70E+00	5.44E+00	1.39E-02	
1_695383_A_C	2.92E-01	8.76E-08	5.64E-01	-1.73E+00	2.99E+00	1.18E-02	
1_697660_C_G	7.54E-02	1.16E-19	3.77E-01	4.15E+00	4.71E+00	1.80E-02	
1_697706_C_G	4.67E-02	6.52E-34	1.93E-01	5.99E+00	4.59E+00	2.66E-02	
1_699353_A_G	5.03E-01	1.56E-14	7.32E-01	-8.68E-01	2.53E+00	6.99E-03	
1_699573_A_T	1.00E-02	1.57E-01	6.35E-01	-4.76E+00	1.00E+01	9.70E-03	
1_699811_T_G	2.29E-01	1.17E-55	8.38E-01	7.96E-01	3.90E+00	4.17E-03	
1_700124_T_C	4.95E-01	6.80E-46	4.51E-01	-2.67E+00	3.55E+00	1.54E-02	
1_701781_A_C	5.85E-01	6.12E-33	6.80E-01	-1.03E+00	2.50E+00	8.43E-03	
1_701895_A_G	1.25E-02	8.80E-05	3.19E-01	4.82E+00	4.84E+00	2.03E-02	
1_702185_C_T	1.28E-01	1.49E-06	7.52E-01	-1.33E+00	4.22E+00	6.45E-03	
1_703680_A_T	9.54E-02	6.50E-16	4.38E-01	3.09E+00	3.99E+00	1.58E-02	
1_703775_A_C	4.67E-01	5.03E-75	1.21E-02	7.15E+00	2.85E+00	5.12E-02	
1_703883_G_A	3.76E-01	3.06E-144	8.23E-02	4.60E+00	2.65E+00	3.55E-02	
1_704061_G_C	2.00E-02	3.68E-19	1.20E-01	1.17E+01	7.50E+00	3.18E-02	
1_705029_C_A	1.18E-01	1.13E-53	4.86E-01	2.69E+00	3.87E+00	1.42E-02	
1_707976_A_C	1.00E-01	6.94E-12	8.95E-01	5.72E-01	4.31E+00	2.71E-03	
1_707997_C_T	3.46E-02	4.03E-01	9.94E-01	-3.52E-02	5.06E+00	1.42E-04	
1_708729_C_A	2.67E-02	9.03E-23	4.63E-01	4.49E+00	6.11E+00	1.50E-02	
1_710241_A_T	3.96E-02	1.04E-21	5.52E-01	4.22E+00	7.10E+00	1.21E-02	
1_710374_C_T	1.04E-02	1.83E-03	1.39E-01	-8.68E+00	5.87E+00	3.02E-02	
1_710990_T_A	6.50E-02	4.35E-20	2.33E-01	8.31E+00	6.96E+00	2.44E-02	
1_712273_G_T	4.08E-02	1.81E-15	3.64E-01	-3.62E+00	3.98E+00	1.86E-02	
1_712944_A_C	4.67E-02	2.21E-24	1.87E-01	6.75E+00	5.12E+00	2.69E-02	
1_713314_C_T	1.60E-01	2.55E-35	8.88E-02	4.83E+00	2.84E+00	3.47E-02	
1_713915_C_G	4.58E-02	7.79E-21	5.85E-01	-2.55E+00	4.68E+00	1.11E-02	
1_714826_T_G	2.08E-02	3.30E-03	9.02E-01	-1.26E+00	1.03E+01	2.50E-03	
1_717610_G_T	1.56E-01	1.58E-36	9.68E-02	-5.70E+00	3.43E+00	3.39E-02	
1_719423_G_A	2.07E-01	4.84E-39	1.65E-02	9.47E+00	3.95E+00	4.89E-02	
1_720224_G_T	2.17E-02	3.04E-02	4.48E-01	-8.70E+00	1.15E+01	1.55E-02	
1_720836_A_T	1.25E-02	1.12E-03	8.29E-01	-1.13E+00	5.23E+00	4.42E-03	
1_723068_T_A	1.96E-02	7.78E-05	7.97E-01	2.15E+00	8.36E+00	5.26E-03	
1_723864_T_C	8.12E-01	5.43E-61	8.68E-01	6.70E-01	4.04E+00	3.39E-03	
1_724875_A_C	4.50E-01	3.20E-13	9.06E-01	-2.97E-01	2.51E+00	2.42E-03	
1_725839_A_T	1.00E-01	6.62E-03	7.18E-01	-1.60E+00	4.42E+00	7.38E-03	
1_728086_C_G	4.13E-02	5.32E-04	2.48E-01	6.38E+00	5.53E+00	2.36E-02	
1_728956_G_C	2.40E-01	2.14E-29	8.91E-01	4.45E-01	3.25E+00	2.80E-03	
1_730007_T_G	1.63E-01	2.98E-43	5.00E-01	-3.70E+00	5.48E+00	1.38E-02	
1_730230_G_C	2.94E-01	2.90E-04	9.27E-01	3.06E-01	3.32E+00	1.88E-03	
1_731858_T_C	1.00E-02	1.57E-01	6.35E-01	-4.76E+00	1.00E+01	9.70E-03	
1_732120_G_C	2.53E-01	1.78E-27	6.64E-01	-1.21E+00	2.79E+00	8.86E-03	
1_733538_G_C	2.25E-01	2.96E-02	3.24E-01	-3.82E+00	3.88E+00	2.01E-02	
1_733708_G_T	3.37E-01	2.49E-16	6.83E-01	1.03E+00	2.53E+00	8.33E-03	
1_735039_G_C	3.62E-02	2.40E-20	7.42E-01	2.39E+00	7.25E+00	6.73E-03	
1_737311_T_C	5.71E-02	3.30E-08	7.92E-01	1.21E+00	4.60E+00	5.39E-03	
1_737652_G_C	1.86E-01	7.59E-08	6.87E-01	1.18E+00	2.92E+00	8.23E-03	
1_737736_G_C	2.53E-01	2.72E-01	9.88E-01	-3.86E-02	2.66E+00	2.96E-04	
1_738315_T_C	1.38E-02	2.04E-08	3.55E-02	-1.26E+01	5.99E+00	4.29E-02	
1_739245_T_G	3.67E-02	1.33E-03	4.23E-01	3.87E+00	4.83E+00	1.64E-02	
1_741674_C_T	5.59E-01	7.97E-59	2.49E-01	-2.88E+00	2.50E+00	2.35E-02	
1_742819_T_A	2.08E-02	3.30E-03	9.02E-01	-1.26E+00	1.03E+01	2.50E-03	
1_743237_T_A	4.71E-02	2.90E-20	4.61E-01	-4.07E+00	5.52E+00	1.51E-02	
1_743670_G_A	2.03E-01	1.14E-10	5.47E-01	2.05E+00	3.40E+00	1.23E-02	
1_744238_A_T	4.19E-01	1.32E-97	4.43E-01	2.27E+00	2.96E+00	1.57E-02	
1_744765_C_A	5.90E-01	1.67E-47	9.25E-01	2.93E-01	3.13E+00	1.91E-03	
1_745810_G_C	1.02E-01	1.29E-37	2.47E-01	-5.94E+00	5.14E+00	2.36E-02	
1_746026_A_T	1.06E-01	7.91E-01	4.36E-01	-3.21E+00	4.12E+00	1.59E-02	
1_746580_T_A	5.20E-01	7.29E-94	8.80E-01	4.22E-01	2.81E+00	3.07E-03	
1_747070_C_T	5.17E-01	2.37E-18	8.81E-01	3.83E-01	2.55E+00	3.06E-03	
1_748524_C_A	5.74E-01	8.40E-45	3.44E-01	2.59E+00	2.74E+00	1.93E-02	
1_748693_T_A	5.41E-01	1.36E-154	2.44E-01	3.19E+00	2.73E+00	2.38E-02	
1_749536_T_A	1.00E-02	1.08E-01	9.89E-01	-9.86E-02	7.29E+00	2.76E-04	
1_752909_A_G	9.00E-02	1.00E-09	8.08E-01	-1.15E+00	4.74E+00	4.96E-03	
1_752970_T_G	1.38E-02	2.04E-08	3.55E-02	-1.26E+01	5.99E+00	4.29E-02	
1_753416_T_C	3.54E-02	1.14E-01	9.41E-01	-3.12E-01	4.25E+00	1.50E-03	
1_753992_T_A	5.08E-02	8.12E-13	4.94E-01	2.50E+00	3.65E+00	1.40E-02	
1_754597_A_G	1.12E-02	5.41E-09	8.01E-01	1.56E+00	6.20E+00	5.14E-03	
1_754785_A_T	1.17E-02	8.35E-13	6.17E-01	3.25E+00	6.50E+00	1.02E-02	
1_754948_C_G	1.12E-02	1.09E-04	7.04E-01	-1.89E+00	4.98E+00	7.75E-03	
1_756050_T_A	3.23E-01	7.51E-85	7.50E-01	1.05E+00	3.31E+00	6.50E-03	
1_756578_T_G	1.58E-02	4.52E-13	4.93E-02	1.59E+01	8.07E+00	4.01E-02	
1_758356_T_G	5.24E-01	1.16E-48	3.79E-01	2.49E+00	2.82E+00	1.80E-02	
1_758798_C_G	7.46E-02	6.51E-08	8.38E-01	-7.71E-01	3.76E+00	4.18E-03	
1_760376_C_G	2.46E-02	8.86E-02	5.55E-02	-1.10E+01	5.75E+00	3.91E-02	
1_760840_T_G	3.06E-01	4.32E-35	3.48E-01	2.72E+00	2.90E+00	1.92E-02	
1_761335_T_C	3.67E-02	2.59E-01	3.56E-01	-6.28E+00	6.79E+00	1.89E-02	
1_763100_T_G	2.28E-01	1.56E-01	2.41E-01	3.92E+00	3.35E+00	2.39E-02	
1_763227_A_C	5.18E-01	9.27E-55	9.94E-01	-2.83E-02	3.89E+00	1.48E-04	
1_764278_G_T	1.10E-01	8.77E-56	3.43E-01	5.03E+00	5.30E+00	1.94E-02	
1_765430_G_A	5.43E-01	9.99E-84	1.87E-01	-3.65E+00	2.76E+00	2.70E-02	
1_766046_A_T	6.31E-01	1.32E-65	6.49E-02	5.57E+00	3.01E+00	3.77E-02	
1_767433_G_A	2.13E-02	1.85E-03	8.98E-01	1.13E+00	8.81E+00	2.62E-03	
1_768124_C_A	1.08E-02	3.89E-14	3.86E-01	6.33E+00	7.29E+00	1.77E-02	
1_768314_A_C	1.54E-02	1.26E-12	5.93E-02	1.74E+01	9.21E+00	3.85E-02	
1_769514_G_C	6.65E-01	1.79E-54	4.17E-01	-2.41E+00	2.96E+00	1.66E-02	
1_769514_G_T	6.83E-02	1.08E-12	6.02E-01	1.86E+00	3.58E+00	1.06E-02	
1_770043_G_A	3.10E-01	3.12E-29	5.49E-01	1.54E+00	2.57E+00	1.23E-02	
1_770178_G_C	1.50E-01	3.98E-02	8.49E-01	8.31E-01	4.38E+00	3.88E-03	
1_770765_C_A	4.97E-01	6.99E-107	9.83E-01	-5.61E-02	2.69E+00	4.27E-04	
1_771574_A_G	7.60E-01	6.89E-94	1.45E-01	-5.51E+00	3.78E+00	2.97E-02	
1_772742_T_G	7.46E-02	5.50E-03	4.48E-01	-2.80E+00	3.69E+00	1.55E-02	
1_773410_A_C	2.14E-01	4.95E-01	3.09E-01	4.10E+00	4.03E+00	2.08E-02	
1_776470_A_T	4.12E-01	2.11E-53	7.91E-01	-8.35E-01	3.15E+00	5.41E-03	
1_776934_T_A	2.06E-01	1.35E-64	8.28E-01	7.69E-01	3.53E+00	4.44E-03	
1_777461_A_G	3.11E-01	4.26E-57	2.81E-01	3.39E+00	3.15E+00	2.20E-02	
1_777874_T_G	6.14E-01	6.99E-11	4.55E-01	1.83E+00	2.45E+00	1.53E-02	
1_778029_C_T	4.25E-02	7.18E-22	8.27E-01	-9.13E-01	4.18E+00	4.46E-03	
1_779245_C_G	3.51E-01	3.18E-44	7.70E-01	8.19E-01	2.80E+00	5.98E-03	
1_780064_G_T	4.68E-01	8.27E-10	9.24E-02	4.44E+00	2.64E+00	3.44E-02	
1_780186_A_C	2.47E-01	2.96E-05	2.34E-01	3.09E+00	2.59E+00	2.43E-02	
1_781021_C_T	8.87E-02	1.89E-03	2.70E-01	5.03E+00	4.56E+00	2.25E-02	
1_782122_T_G	1.29E-01	4.00E-31	1.42E-01	-4.31E+00	2.93E+00	3.00E-02	
1_785580_G_T	1.05E-01	7.44E-03	8.80E-01	-4.83E-01	3.19E+00	3.09E-03	
1_785902_C_G	3.95E-01	4.27E-80	9.40E-02	4.09E+00	2.44E+00	3.42E-02	
1_788042_T_C	1.71E-02	7.63E-16	8.39E-02	1.09E+01	6.32E+00	3.53E-02	
1_789789_G_C	7.88E-01	1.87E-75	8.92E-01	4.18E-01	3.07E+00	2.78E-03	
1_792092_A_C	2.50E-02	2.07E-02	7.03E-01	-3.41E+00	8.95E+00	7.79E-03	
1_792341_A_G	2.08E-02	1.60E-03	5.57E-02	8.63E+00	4.51E+00	3.91E-02	
1_793315_T_C	6.25E-02	1.00E-15	2.35E-01	-6.59E+00	5.55E+00	2.42E-02	
1_794175_G_A	1.02E-01	8.21E-59	3.71E-01	3.83E+00	4.29E+00	1.83E-02	
1_802382_C_G	2.42E-02	3.45E-11	4.05E-03	-2.31E+01	8.02E+00	5.86E-02	
1_802437_C_G	2.78E-01	3.80E-38	9.39E-01	2.24E-01	2.91E+00	1.57E-03	
1_805113_G_C	1.00E-01	2.57E-03	6.27E-01	-2.56E+00	5.27E+00	9.91E-03	
1_805749_G_A	7.04E-01	5.61E-58	9.61E-01	1.53E-01	3.14E+00	9.96E-04	
1_806759_C_A	1.54E-02	6.94E-02	6.78E-02	1.11E+01	6.10E+00	3.73E-02	
1_807158_T_A	1.25E-01	5.10E-26	1.79E-01	-8.73E+00	6.49E+00	2.75E-02	
1_808846_C_A	1.02E-01	3.36E-57	5.15E-01	-3.23E+00	4.96E+00	1.33E-02	
1_808889_T_C	1.86E-01	1.07E-35	3.90E-01	3.01E+00	3.50E+00	1.75E-02	
1_809958_T_G	1.17E-01	1.10E-26	2.52E-01	-5.29E+00	4.62E+00	2.34E-02	
1_810644_A_T	1.71E-02	4.67E-13	6.35E-01	2.81E+00	5.93E+00	9.68E-03	
1_811707_G_T	6.50E-01	1.30E-97	6.25E-02	1.02E+01	5.50E+00	3.80E-02	
1_811868_A_C	1.09E-01	1.42E-35	7.26E-01	-2.08E+00	5.94E+00	7.16E-03	
1_812235_T_G	3.25E-02	1.06E-07	9.31E-01	3.61E-01	4.19E+00	1.76E-03	
1_813722_A_T	1.04E-02	8.38E-02	7.27E-01	2.34E+00	6.71E+00	7.13E-03	
1_814262_G_C	7.28E-01	8.72E-115	2.15E-01	4.24E+00	3.42E+00	2.53E-02	
1_814472_C_G	3.75E-02	3.91E-21	4.93E-01	6.85E+00	9.99E+00	1.40E-02	
1_816892_G_A	2.75E-02	9.67E-05	7.83E-01	1.27E+00	4.60E+00	5.62E-03	
1_817164_T_A	4.17E-02	5.12E-03	9.95E-01	3.42E-02	5.15E+00	1.36E-04	
1_818021_T_G	1.21E-02	7.79E-02	6.69E-01	2.88E+00	6.74E+00	8.74E-03	
1_818035_C_T	5.67E-02	1.52E-24	3.67E-01	4.57E+00	5.07E+00	1.84E-02	
1_818208_A_G	5.67E-02	1.52E-24	3.67E-01	4.57E+00	5.07E+00	1.84E-02	
1_818537_G_C	3.72E-01	1.38E-63	5.19E-02	5.41E+00	2.78E+00	3.97E-02	
1_821721_A_G	6.78E-01	1.72E-114	9.47E-01	-2.31E-01	3.49E+00	1.35E-03	
1_822482_A_G	7.67E-01	3.15E-85	2.48E-01	3.49E+00	3.02E+00	2.36E-02	
1_824204_C_A	6.17E-02	8.66E-03	4.84E-01	-3.16E+00	4.51E+00	1.43E-02	
1_825928_A_C	6.03E-01	3.40E-88	9.94E-01	2.51E-02	3.28E+00	1.57E-04	
1_827834_C_G	7.00E-01	7.00E-106	7.46E-01	1.13E+00	3.49E+00	6.62E-03	
1_828527_C_T	4.76E-01	1.39E-61	6.96E-01	1.34E+00	3.43E+00	7.99E-03	
1_829449_A_C	2.71E-02	4.51E-05	8.21E-01	-1.03E+00	4.54E+00	4.63E-03	
1_831591_C_G	2.38E-01	2.87E-51	3.97E-01	-2.77E+00	3.26E+00	1.73E-02	
1_832118_G_A	3.84E-01	5.15E-46	3.50E-01	-2.63E+00	2.81E+00	1.91E-02	
1_832829_C_G	1.40E-01	9.30E-42	6.34E-01	-2.53E+00	5.32E+00	9.71E-03	
1_833000_G_C	2.40E-01	1.23E-13	9.37E-01	-2.65E-01	3.34E+00	1.62E-03	
1_833674_A_C	3.10E-01	5.70E-18	7.08E-01	-1.13E+00	3.03E+00	7.64E-03	
1_836570_G_T	2.65E-01	2.94E-01	1.85E-01	-4.40E+00	3.32E+00	2.71E-02	
1_839239_A_C	5.73E-01	2.10E-105	3.59E-01	2.54E+00	2.77E+00	1.87E-02	
1_840275_C_T	1.93E-01	1.43E-59	8.51E-01	5.59E-01	2.97E+00	3.85E-03	
1_841093_A_C	3.40E-01	2.38E-46	9.19E-01	2.56E-01	2.53E+00	2.07E-03	
1_841216_C_G	9.58E-02	2.44E-03	6.09E-01	-3.68E+00	7.19E+00	1.05E-02	
1_842495_T_C	1.12E-01	7.48E-03	5.91E-01	1.67E+00	3.11E+00	1.10E-02	
1_842562_C_G	5.42E-02	2.66E-05	2.31E-02	-9.40E+00	4.14E+00	4.64E-02	
1_842765_A_G	6.93E-01	8.62E-167	3.09E-01	3.06E+00	3.01E+00	2.08E-02	
1_843186_G_A	1.39E-01	8.43E-01	3.55E-01	3.71E+00	4.02E+00	1.89E-02	
1_843503_C_A	1.96E-02	1.44E-01	7.12E-01	4.45E+00	1.20E+01	7.55E-03	
1_845356_A_C	7.38E-01	5.73E-112	4.87E-01	4.78E+00	6.88E+00	1.42E-02	
1_847295_A_T	4.83E-02	1.91E-06	7.58E-01	1.58E+00	5.12E+00	6.29E-03	
1_849310_A_T	7.92E-01	4.39E-110	6.70E-01	1.61E+00	3.77E+00	8.70E-03	
1_849418_G_T	1.90E-01	8.27E-73	5.19E-01	2.12E+00	3.29E+00	1.32E-02	
1_849777_A_G	8.54E-02	2.04E-25	2.22E-01	5.02E+00	4.11E+00	2.49E-02	
1_851099_T_A	3.75E-02	3.91E-21	4.93E-01	6.85E+00	9.99E+00	1.40E-02	
1_851107_A_T	1.12E-02	1.91E-01	8.35E-01	-1.56E+00	7.46E+00	4.26E-03	
1_851242_A_G	3.53E-01	1.32E-89	2.49E-01	3.50E+00	3.04E+00	2.35E-02	
1_851674_C_G	4.25E-01	1.91E-76	1.93E-01	-3.86E+00	2.96E+00	2.66E-02	
1_852542_A_C	1.63E-02	8.82E-01	2.21E-01	-1.20E+01	9.79E+00	2.50E-02	
1_853778_C_A	1.05E-01	1.90E-34	5.94E-01	-3.50E+00	6.56E+00	1.09E-02	
1_854826_A_G	1.88E-01	1.89E-01	7.25E-01	1.57E+00	4.47E+00	7.19E-03	
1_855001_G_T	3.06E-01	1.41E-70	8.05E-01	-9.51E-01	3.85E+00	5.04E-03	
1_856076_G_C	1.85E-01	5.99E-03	6.46E-01	1.53E+00	3.34E+00	9.37E-03	
1_857510_G_C	7.62E-01	4.68E-97	6.89E-01	1.32E+00	3.30E+00	8.18E-03	
1_858147_A_C	4.08E-01	8.51E-162	8.80E-01	4.20E-01	2.78E+00	3.09E-03	
1_859346_A_C	6.06E-01	5.52E-51	5.41E-01	-1.86E+00	3.04E+00	1.25E-02	
1_861173_A_T	2.04E-02	4.54E-01	6.47E-01	2.37E+00	5.19E+00	9.34E-03	
1_863083_C_A	1.87E-02	1.77E-04	9.68E-01	2.84E-01	7.01E+00	8.27E-04	
1_863433_C_A	5.75E-02	5.19E-01	6.41E-01	3.94E+00	8.45E+00	9.52E-03	
1_863760_C_T	7.62E-02	2.58E-06	8.70E-01	8.21E-01	5.01E+00	3.35E-03	
1_864658_G_A	4.09E-01	1.00E-31	5.03E-01	-1.93E+00	2.88E+00	1.37E-02	
1_864760_G_C	1.12E-02	1.91E-01	8.35E-01	-1.56E+00	7.46E+00	4.26E-03	
1_864872_T_G	3.92E-01	3.08E-44	5.66E-01	-1.56E+00	2.71E+00	1.17E-02	
1_865317_T_A	5.05E-01	1.25E-93	2.52E-01	3.31E+00	2.89E+00	2.34E-02	
1_866203_A_G	3.08E-02	1.86E-14	9.75E-01	-1.46E-01	4.64E+00	6.44E-04	
1_866693_A_G	1.59E-01	4.99E-01	1.53E-01	5.52E+00	3.86E+00	2.92E-02	
1_868157_G_C	3.25E-01	5.20E-01	2.25E-01	-3.77E+00	3.10E+00	2.48E-02	
1_869368_C_T	2.07E-01	9.10E-68	3.88E-01	2.47E+00	2.85E+00	1.76E-02	
1_869723_T_G	3.14E-01	1.04E-33	5.29E-01	-2.13E+00	3.38E+00	1.28E-02	
1_871546_C_T	6.21E-01	6.70E-168	4.08E-01	-3.74E+00	4.52E+00	1.69E-02	
1_875230_C_T	2.35E-01	1.75E-84	8.04E-01	8.09E-01	3.26E+00	5.06E-03	
1_881150_A_G	2.29E-02	6.44E-29	8.32E-03	2.28E+01	8.64E+00	5.39E-02	
1_881951_C_G	3.83E-01	3.36E-20	3.29E-01	-2.82E+00	2.89E+00	1.99E-02	
1_882677_A_T	1.11E-01	1.01E-15	4.30E-01	2.53E+00	3.21E+00	1.61E-02	
1_883081_T_G	2.62E-02	2.29E-01	9.48E-01	-3.39E-01	5.20E+00	1.33E-03	
1_884224_G_C	4.28E-01	5.56E-05	1.17E-01	-4.56E+00	2.91E+00	3.20E-02	
1_885935_C_G	2.17E-02	3.04E-02	4.48E-01	-8.70E+00	1.15E+01	1.55E-02	
1_886232_G_A	2.86E-01	6.70E-07	6.02E-01	-1.33E+00	2.54E+00	1.07E-02	
1_889034_T_C	1.17E-02	1.83E-01	4.05E-01	5.47E+00	6.58E+00	1.70E-02	
1_889842_T_G	2.47E-01	2.30E-01	5.48E-01	-1.94E+00	3.23E+00	1.23E-02	
1_891534_G_C	1.01E-01	3.15E-60	9.34E-01	6.22E-01	7.55E+00	1.68E-03	
1_893199_T_A	2.43E-01	1.72E-20	1.98E-01	-5.07E+00	3.93E+00	2.63E-02	
1_894018_G_C	6.79E-02	1.98E-06	5.48E-01	3.38E+00	5.64E+00	1.23E-02	
1_894321_G_T	1.32E-01	1.02E-11	4.62E-01	-3.43E+00	4.67E+00	1.50E-02	
1_896523_C_G	9.63E-02	3.22E-03	7.59E-01	-1.88E+00	6.12E+00	6.27E-03	
1_902221_T_G	2.70E-01	5.40E-19	8.08E-01	-7.85E-01	3.22E+00	4.97E-03	
1_902421_G_T	1.09E-01	1.60E-08	9.77E-01	1.41E-01	5.01E+00	5.76E-04	
1_905799_G_T	6.29E-02	4.34E-19	5.08E-01	-6.38E+00	9.64E+00	1.35E-02	
1_906032_T_G	2.21E-02	6.59E-02	7.06E-01	-3.59E+00	9.50E+00	7.72E-03	
1_906275_G_A	2.52E-01	2.58E-30	3.62E-01	3.72E+00	4.08E+00	1.86E-02	
1_906397_G_C	6.33E-02	1.86E-19	8.52E-01	-2.18E+00	1.17E+01	3.80E-03	
1_908144_C_G	2.54E-02	5.77E-03	2.68E-01	4.97E+00	4.49E+00	2.26E-02	
1_908522_G_C	5.04E-02	2.58E-06	9.40E-01	-4.87E-01	6.49E+00	1.53E-03	
1_908684_A_G	2.07E-01	9.89E-121	4.89E-05	1.48E+01	3.64E+00	8.28E-02	
1_909750_G_A	3.62E-01	4.25E-150	1.32E-01	5.31E+00	3.53E+00	3.07E-02	
1_911024_G_C	5.53E-01	6.84E-53	7.21E-01	9.47E-01	2.65E+00	7.29E-03	
1_911544_A_G	3.12E-02	4.11E-11	7.14E-01	-1.98E+00	5.40E+00	7.49E-03	
1_911727_G_A	3.40E-01	1.64E-58	5.27E-01	2.18E+00	3.45E+00	1.29E-02	
1_913353_T_C	5.50E-01	3.84E-48	3.19E-01	2.89E+00	2.90E+00	2.03E-02	
1_915443_T_A	4.29E-02	7.32E-21	5.89E-01	-3.06E+00	5.66E+00	1.10E-02	
1_916064_G_A	3.08E-02	3.96E-10	6.80E-01	2.23E+00	5.41E+00	8.44E-03	
1_917690_G_A	5.78E-01	7.66E-14	2.58E-02	5.82E+00	2.61E+00	4.55E-02	
1_920311_C_T	7.42E-02	1.55E-13	9.37E-01	-3.33E-01	4.20E+00	1.62E-03	
1_920482_G_A	1.00E-02	1.57E-01	6.35E-01	-4.76E+00	1.00E+01	9.70E-03	
1_920868_G_C	5.40E-01	2.43E-44	2.49E-01	4.23E+00	3.66E+00	2.36E-02	
1_920885_C_T	5.49E-01	1.38E-38	3.39E-01	4.19E+00	4.37E+00	1.95E-02	
1_920973_A_G	1.00E-02	1.57E-01	6.35E-01	-4.76E+00	1.00E+01	9.70E-03	
1_922585_G_A	1.92E-02	1.01E-01	6.78E-01	-4.19E+00	1.01E+01	8.48E-03	
1_922712_G_A	3.84E-01	2.24E-139	2.50E-01	4.85E+00	4.21E+00	2.35E-02	
1_922719_C_T	3.85E-01	6.70E-140	1.30E-01	6.07E+00	4.01E+00	3.09E-02	
1_922992_T_A	4.71E-01	1.88E-02	9.30E-01	2.46E-01	2.79E+00	1.80E-03	
1_924994_G_C	1.42E-02	6.20E-01	6.49E-01	-2.26E+00	4.96E+00	9.31E-03	
1_925922_C_A	3.15E-01	6.36E-101	5.51E-01	2.88E+00	4.83E+00	1.22E-02	
1_926574_A_G	4.46E-01	1.76E-21	4.77E-01	2.06E+00	2.90E+00	1.45E-02	
1_926957_A_G	3.56E-01	7.28E-57	7.72E-01	-7.52E-01	2.59E+00	5.93E-03	
1_927488_A_C	4.37E-02	6.34E-28	1.17E-01	6.19E+00	3.95E+00	3.20E-02	
1_928402_T_A	3.08E-02	3.99E-05	3.35E-01	-8.79E+00	9.10E+00	1.97E-02	
1_930571_A_G	3.87E-01	1.66E-47	3.15E-01	-2.88E+00	2.87E+00	2.05E-02	
1_932009_G_C	3.75E-02	3.91E-21	4.93E-01	6.85E+00	9.99E+00	1.40E-02	
1_933644_G_T	1.54E-02	1.26E-12	5.93E-02	1.74E+01	9.21E+00	3.85E-02	
1_934570_G_C	7.70E-01	2.08E-95	5.37E-02	5.30E+00	2.75E+00	3.94E-02	
1_936251_T_A	7.54E-02	2.09E-05	4.90E-01	-2.77E+00	4.01E+00	1.41E-02	
1_936897_A_C	7.29E-01	2.48E-102	3.61E-01	3.89E+00	4.26E+00	1.87E-02	
1_937966_C_T	6.54E-02	5.92E-08	9.47E-01	3.53E-01	5.27E+00	1.37E-03	
1_938856_A_C	3.30E-01	7.53E-97	8.71E-01	-4.38E-01	2.70E+00	3.31E-03	
1_939751_T_G	3.71E-02	1.06E-06	8.24E-01	-1.86E+00	8.38E+00	4.53E-03	
1_940301_C_T	8.38E-02	1.72E-12	4.72E-01	2.89E+00	4.02E+00	1.47E-02	
1_940494_G_T	1.86E-01	1.64E-09	4.23E-01	-3.25E+00	4.05E+00	1.63E-02	
1_941752_C_G	1.03E-01	2.12E-36	9.54E-01	-4.71E-01	8.10E+00	1.19E-03	
1_941819_G_C	1.02E-01	8.30E-37	7.34E-01	3.34E+00	9.81E+00	6.94E-03	
1_943206_T_G	9.17E-02	4.51E-08	7.08E-01	-1.53E+00	4.08E+00	7.64E-03	
1_943883_C_A	2.46E-02	1.11E-01	1.84E-01	7.59E+00	5.71E+00	2.71E-02	
1_944197_C_G	4.96E-01	2.33E-38	9.33E-01	2.58E-01	3.05E+00	1.73E-03	
1_947768_C_A	2.96E-01	4.99E-102	4.46E-01	2.17E+00	2.85E+00	1.56E-02	
1_947810_C_T	1.11E-01	9.33E-18	9.75E-01	1.24E-01	4.03E+00	6.27E-04	
1_947987_G_A	4.99E-01	7.42E-40	7.52E-01	1.00E+00	3.17E+00	6.45E-03	
1_948292_A_T	7.54E-02	1.99E-03	1.45E-01	-6.68E+00	4.58E+00	2.98E-02	
1_948886_T_C	2.62E-02	1.02E-02	8.86E-01	-1.37E+00	9.53E+00	2.93E-03	
1_949382_G_T	5.13E-01	6.53E-07	9.06E-01	-3.15E-01	2.67E+00	2.41E-03	
1_949654_C_G	4.79E-01	2.77E-135	6.43E-01	-1.42E+00	3.06E+00	9.48E-03	
1_951307_G_A	4.88E-01	2.33E-14	9.92E-01	3.58E-02	3.43E+00	2.13E-04	
1_951736_C_T	4.70E-01	1.24E-07	4.35E-01	-2.06E+00	2.64E+00	1.59E-02	
1_952832_T_A	7.08E-02	2.71E-21	4.03E-01	5.93E+00	7.09E+00	1.71E-02	
1_953013_T_G	1.00E-02	2.31E-08	8.14E-01	-1.56E+00	6.63E+00	4.80E-03	
1_954157_A_T	2.37E-01	1.81E-36	7.50E-01	-1.06E+00	3.32E+00	6.50E-03	
1_954951_A_T	4.96E-02	2.25E-06	9.72E-01	-2.26E-01	6.46E+00	7.13E-04	
1_958545_G_C	2.12E-01	1.43E-47	1.37E-03	1.13E+01	3.52E+00	6.53E-02	
1_958758_G_A	1.68E-01	4.55E-29	3.75E-01	3.30E+00	3.71E+00	1.81E-02	
1_960109_G_C	2.43E-01	8.80E-08	9.83E-01	-6.82E-02	3.18E+00	4.38E-04	
1_960881_C_T	6.88E-02	3.50E-06	7.27E-01	1.33E+00	3.82E+00	7.13E-03	
1_961909_G_A	2.45E-01	4.27E-58	9.72E-01	-9.22E-02	2.64E+00	7.13E-04	
1_961988_T_C	3.33E-02	8.90E-06	8.42E-01	-1.16E+00	5.80E+00	4.08E-03	
1_962529_G_C	1.60E-01	1.09E-03	5.29E-01	-1.95E+00	3.09E+00	1.29E-02	
1_963936_T_G	6.58E-02	5.85E-39	5.65E-01	2.59E+00	4.50E+00	1.18E-02	
1_963983_G_C	5.46E-02	6.65E-07	8.18E-01	-1.86E+00	8.04E+00	4.71E-03	
1_966675_C_A	1.39E-01	1.55E-05	8.28E-02	5.65E+00	3.26E+00	3.54E-02	
1_967291_G_A	7.94E-01	1.24E-13	1.23E-01	4.60E+00	2.98E+00	3.15E-02	
1_967652_G_T	1.54E-01	2.30E-42	6.23E-01	3.13E+00	6.36E+00	1.01E-02	
1_969277_T_A	2.17E-02	3.04E-02	4.48E-01	-8.70E+00	1.15E+01	1.55E-02	
1_970041_A_T	1.24E-01	1.65E-22	4.67E-01	5.13E+00	7.05E+00	1.49E-02	
1_970922_T_C	1.41E-01	1.78E-05	7.88E-01	9.20E-01	3.42E+00	5.49E-03	
1_971975_T_G	3.31E-01	4.61E-54	8.75E-01	5.07E-01	3.23E+00	3.20E-03	
1_972570_C_G	3.39E-01	1.85E-07	6.57E-01	1.48E+00	3.34E+00	9.08E-03	
1_974057_G_A	1.10E-01	1.59E-31	4.68E-01	3.80E+00	5.24E+00	1.48E-02	
1_974088_T_C	3.79E-02	1.25E-20	9.42E-01	3.90E-01	5.32E+00	1.50E-03	
1_974961_T_G	1.08E-01	3.80E-17	1.55E-01	-5.93E+00	4.16E+00	2.91E-02	
1_976471_C_G	9.20E-01	3.11E-54	3.41E-01	4.54E+00	4.76E+00	1.95E-02	
1_976723_A_T	1.00E-02	1.27E-04	4.53E-01	6.68E+00	8.89E+00	1.53E-02	
1_977592_A_G	2.97E-01	6.94E-02	9.09E-01	-3.40E-01	2.99E+00	2.32E-03	
1_978697_G_A	1.95E-01	1.35E-13	8.16E-01	-7.26E-01	3.13E+00	4.74E-03	
1_978933_C_T	4.71E-02	2.14E-17	1.40E-01	-9.67E+00	6.55E+00	3.01E-02	
1_980573_A_G	1.21E-02	6.05E-15	2.03E-01	8.73E+00	6.85E+00	2.60E-02	
1_982769_A_C	3.38E-02	3.61E-02	4.86E-01	-4.08E+00	5.85E+00	1.42E-02	
1_984179_T_G	5.54E-02	6.83E-01	7.03E-01	-2.27E+00	5.96E+00	7.77E-03	
1_984607_T_A	3.25E-02	8.95E-08	3.82E-01	5.61E+00	6.42E+00	1.78E-02	
1_985590_G_A	7.54E-02	7.13E-07	2.76E-01	9.34E+00	8.56E+00	2.23E-02	
1_986239_A_T	5.17E-01	9.84E-40	7.33E-01	-1.18E+00	3.44E+00	6.98E-03	
1_988152_T_C	1.92E-02	1.07E-01	7.79E-01	-2.77E+00	9.87E+00	5.72E-03	
1_989313_G_C	4.40E-01	5.09E-07	7.54E-01	8.17E-01	2.61E+00	6.40E-03	
1_989658_G_A	2.05E-01	3.11E-38	8.39E-01	-6.05E-01	2.98E+00	4.15E-03	
1_989831_C_T	7.29E-02	9.70E-07	8.31E-01	1.30E+00	6.08E+00	4.35E-03	
1_990182_T_C	1.15E-01	7.85E-35	1.68E-01	-8.80E+00	6.38E+00	2.81E-02	
1_990561_G_T	2.17E-02	3.01E-27	4.28E-01	5.41E+00	6.82E+00	1.62E-02	
1_990975_G_T	1.21E-01	7.29E-04	4.56E-02	9.92E+00	4.96E+00	4.08E-02	
1_991178_A_G	2.92E-02	4.29E-12	5.27E-01	-3.09E+00	4.89E+00	1.29E-02	
1_991236_G_C	1.17E-02	6.09E-01	9.86E-01	1.08E-01	6.17E+00	3.57E-04	
1_992371_T_C	6.75E-02	2.01E-20	7.54E-01	1.56E+00	5.00E+00	6.39E-03	
1_994341_G_A	4.01E-01	4.79E-24	6.74E-01	-1.26E+00	2.99E+00	8.60E-03	
1_994556_G_T	9.33E-02	4.69E-08	4.95E-01	2.66E+00	3.90E+00	1.39E-02	
1_995629_G_T	1.02E-01	1.48E-15	2.97E-01	5.37E+00	5.16E+00	2.13E-02	
1_996052_C_A	4.58E-02	1.93E-07	8.05E-01	2.91E+00	1.18E+01	5.03E-03	
1_996488_T_G	1.01E-01	1.76E-37	5.59E-02	-1.36E+01	7.08E+00	3.90E-02	
1_996664_G_C	6.85E-01	8.31E-57	2.53E-01	-4.27E+00	3.73E+00	2.34E-02	
1_997937_A_C	1.04E-02	7.60E-02	9.63E-01	-4.09E-01	8.93E+00	9.36E-04	
