sample_id	sample_id2	phensim
zero	zero	-22.3293
1	1	7.84847
2	2	23.5524
3	3	-19.2884
4	4	5.29953
5	5	-9.17024
6	6	-19.0243
7	7	4.20527
8	8	-30.3069
9	9	2.52335
10	10	0.236381
11	11	-15.2261
12	12	-2.80073
13	13	-13.1215
14	14	3.60712
15	15	31.2671
16	16	-0.747069
17	17	11.3533
18	18	28.7634
19	19	21.6687
20	20	44.355
21	21	-19.4783
22	22	31.5224
23	23	-16.6921
24	24	17.7214
25	25	-30.3648
26	26	22.3134
27	27	9.21105
28	28	4.59411
29	29	17.4628
30	30	33.188
31	31	-1.8032
32	32	21.8969
33	33	31.3381
34	34	-7.77338
35	35	-6.4502
36	36	-56.3873
37	37	-11.4709
38	38	10.6626
39	39	-25.7233
40	40	-33.6103
41	41	2.86378
42	42	-16.9276
43	43	45.4497
44	44	4.44112
45	45	-30.7394
46	46	27.2981
47	47	8.69735
48	48	-26.8177
49	49	-4.55277
50	50	8.25568
51	51	17.5087
52	52	6.8198
53	53	3.14915
54	54	-4.04691
55	55	-18.3128
56	56	5.06298
57	57	35.8826
58	58	3.63819
59	59	-17.9718
60	60	2.95844
61	61	36.3443
62	62	-13.9672
63	63	39.6611
64	64	-4.39821
65	65	3.18778
66	66	0.860053
67	67	7.67988
68	68	-30.5831
69	69	-52.4288
70	70	-24.0455
71	71	38.0154
72	72	30.3734
73	73	4.77255
74	74	0.22537
75	75	14.8284
76	76	-3.05271
77	77	-9.83919
78	78	20.1248
79	79	19.8931
80	80	3.21579
81	81	6.31708
82	82	-11.0062
83	83	4.97883
84	84	26.9596
85	85	6.56107
86	86	6.11299
87	87	-9.15432
88	88	3.92631
89	89	33.1907
90	90	5.96236
91	91	36.7718
92	92	50.2031
93	93	-38.3403
94	94	0.605893
95	95	25.0983
96	96	1.41862
97	97	15.5259
98	98	-7.46615
99	99	29.2668
100	100	-15.6398
101	101	21.8099
102	102	-19.3835
103	103	3.46554
104	104	26.9495
105	105	29.7164
106	106	26.9843
107	107	-16.7747
108	108	-10.4883
109	109	-24.4383
110	110	6.41765
111	111	-17.5364
112	112	-4.65514
113	113	-1.55055
114	114	33.6379
115	115	3.97328
116	116	47.6339
117	117	-2.87522
118	118	-50.9892
119	119	9.54344
120	120	22.8572
121	121	15.8249
122	122	-18.0788
123	123	1.82753
124	124	-12.6455
125	125	-4.31544
126	126	19.857
127	127	-25.6391
128	128	-11.7195
129	129	-21.7648
130	130	-10.307
131	131	24.3654
132	132	-6.03767
133	133	11.5066
134	134	-3.17197
135	135	-26.1073
136	136	-19.8268
137	137	-48.6688
138	138	-3.51256
139	139	-2.15605
140	140	1.20332
141	141	18.7625
142	142	-8.28593
143	143	-53.8989
144	144	-11.0777
145	145	16.4911
146	146	0.444035
147	147	39.7541
148	148	-5.92499
149	149	1.79342
150	150	-0.526813
151	151	-22.1609
152	152	49.5247
153	153	9.27645
154	154	5.86857
155	155	-42.116
156	156	-18.643
157	157	17.504
158	158	-13.461
159	159	-41.6072
160	160	-15.8469
161	161	20.1337
162	162	-27.9939
163	163	5.21307
164	164	32.5749
165	165	-3.05257
166	166	-44.0995
167	167	-15.8322
168	168	-20.8385
169	169	-7.28139
170	170	1.57151
171	171	12.9219
172	172	37.8876
173	173	23.6902
174	174	-6.12476
175	175	3.23747
176	176	-18.3235
177	177	0.00771621
178	178	-19.4407
179	179	5.53063
180	180	-12.4748
181	181	-42.8655
182	182	6.74862
183	183	8.99294
184	184	-40.0612
185	185	24.6371
186	186	-5.75743
187	187	-11.95
188	188	-42.5057
189	189	3.11079
190	190	17.3484
191	191	-25.3739
192	192	-23.5681
193	193	-10.784
194	194	65.5927
195	195	-49.6004
196	196	13.1983
197	197	-12.9779
198	198	39.4631
199	199	-13.6217
200	200	39.1064
201	201	-20.8459
202	202	-1.97625
203	203	12.106
204	204	0.0387876
205	205	14.7288
206	206	4.23405
207	207	-48.5895
208	208	17.1114
209	209	-6.43557
210	210	-24.4352
211	211	17.7644
212	212	18.5888
213	213	-1.13802
214	214	-8.70793
215	215	-24.5004
216	216	2.85047
217	217	11.4341
218	218	38.464
219	219	15.9049
220	220	10.5603
221	221	-14.5907
222	222	22.947
223	223	-9.6252
224	224	-10.5295
225	225	-46.7436
226	226	35.419
227	227	-30.5342
228	228	-44.3572
229	229	-27.6904
230	230	-31.1289
231	231	13.6534
232	232	5.72215
233	233	33.6024
234	234	-20.7995
235	235	-26.1033
236	236	-1.49489
237	237	2.21553
238	238	20.8144
239	239	-24.3923
240	240	-1.50873
241	241	-1.04842
242	242	5.48859
243	243	-10.7418
244	244	-16.0603
245	245	21.8518
246	246	9.99652
247	247	-11.9519
248	248	14.8302
249	249	2.04372
250	250	-20.6023
251	251	19.0135
252	252	-27.0353
253	253	48.4914
254	254	37.7189
255	255	-4.05057
256	256	-16.909
257	257	-43.1344
258	258	-27.5046
259	259	15.513
260	260	10.9427
261	261	4.85824
262	262	-27.1267
263	263	-6.62233
264	264	24.507
265	265	55.7686
266	266	-0.53638
267	267	-20.0555
268	268	-0.779134
269	269	-33.0846
270	270	-27.6144
271	271	-32.7324
272	272	-14.2521
273	273	33.2145
274	274	7.45041
275	275	6.43854
276	276	-24.3157
277	277	-29.801
278	278	-22.6846
279	279	-4.59921
280	280	-8.17525
281	281	-8.30509
282	282	-16.5421
283	283	-0.977272
284	284	-1.08433
285	285	-2.34539
286	286	-43.8913
287	287	-0.262693
288	288	-3.51035
289	289	19.1075
290	290	6.17926
291	291	-26.8644
292	292	-9.32012
293	293	-24.0616
294	294	-2.9169
295	295	-7.68873
296	296	28.9305
297	297	-41.6109
298	298	34.8023
299	299	27.8412
300	300	21.1199
301	301	-10.0097
302	302	10.0463
303	303	-49.9443
304	304	-23.3558
305	305	-1.33712
306	306	-21.0136
307	307	8.77614
308	308	-9.42104
309	309	-8.43839
310	310	-7.12935
311	311	-6.757
312	312	-15.759
313	313	-48.8741
314	314	-9.19848
315	315	-25.2889
316	316	-46.4462
317	317	3.27856
318	318	-3.48677
319	319	-13.2038
320	320	-3.77571
321	321	-55.1838
322	322	16.5476
323	323	64.1546
324	324	7.83734
325	325	0.1905
326	326	7.00773
327	327	-21.3831
328	328	6.65758
329	329	37.3858
330	330	39.0577
331	331	1.99691
332	332	8.69851
333	333	57.2002
334	334	14.1685
335	335	-11.0824
336	336	17.6299
337	337	-19.3521
338	338	-10.023
339	339	-16.4534
340	340	28.6781
341	341	-18.3271
342	342	-13.7277
343	343	8.04242
344	344	-8.47681
345	345	-0.954699
346	346	7.5616
347	347	-21.1266
348	348	-7.84749
349	349	1.29874
350	350	-0.430277
351	351	-48.6476
352	352	-0.450928
353	353	-15.771
354	354	-39.2815
355	355	-12.2147
356	356	12.6372
357	357	-5.54619
358	358	-7.35874
359	359	-19.8341
360	360	16.3962
361	361	-25.53
362	362	23.7921
363	363	-29.488
364	364	5.27908
365	365	-26.4701
366	366	-25.8445
367	367	-5.79027
368	368	-23.793
369	369	7.25991
370	370	-27.6544
371	371	19.5605
372	372	-9.88079
373	373	2.94322
374	374	23.5875
375	375	2.03368
376	376	-34.7174
377	377	-22.0004
378	378	-25.4345
379	379	-9.45678
380	380	-8.14485
381	381	34.3872
382	382	-17.3108
383	383	-20.5517
384	384	6.42141
385	385	-6.73344
386	386	29.9563
387	387	9.88102
388	388	-18.4806
389	389	7.78421
390	390	29.5764
391	391	-6.93825
392	392	28.0838
393	393	-20.6091
394	394	-14.4103
395	395	-0.996672
396	396	-23.7224
397	397	-38.2289
398	398	-15.206
399	399	7.46295
400	400	17.2596
401	401	-5.58848
402	402	42.2886
403	403	8.75257
404	404	10.3033
405	405	-7.38267
406	406	13.1618
407	407	19.3939
408	408	-16.6933
409	409	28.8475
410	410	36.7895
411	411	-18.5237
412	412	-5.21147
413	413	-21.9075
414	414	-22.8752
415	415	-24.3761
416	416	-48.807
417	417	-26.7062
418	418	-29.1905
419	419	-13.4569
420	420	5.1471
421	421	-34.2257
422	422	27.4153
423	423	31.8487
424	424	16.6623
425	425	15.3592
426	426	32.1971
427	427	-34.9477
428	428	-14.7289
429	429	-5.62193
430	430	-16.8931
431	431	1.82434
432	432	35.6811
433	433	-30.7218
434	434	16.346
435	435	-12.1765
436	436	10.1734
437	437	-7.62026
438	438	19.3773
439	439	31.799
440	440	-12.6187
441	441	-19.8508
442	442	34.249
443	443	-0.267015
444	444	10.9851
445	445	-7.34411
446	446	22.5174
447	447	-35.0705
448	448	-18.5801
449	449	-15.1615
450	450	2.01351
451	451	13.859
452	452	-24.4402
453	453	7.03941
454	454	5.42875
455	455	31.0267
456	456	-6.17776
457	457	23.6211
458	458	-0.65303
459	459	-17.0112
460	460	-8.88667
461	461	-24.4706
462	462	9.45977
463	463	-36.631
464	464	21.0142
465	465	-1.61952
466	466	-14.5411
467	467	42.3331
468	468	48.2546
469	469	-26.5156
470	470	-23.895
471	471	38.6648
472	472	-31.8137
473	473	9.59398
474	474	35.247
475	475	-19.9961
476	476	21.1341
477	477	-0.790858
478	478	-0.562851
479	479	-28.4193
480	480	19.2061
481	481	-19.8995
482	482	-16.74
483	483	0.561717
484	484	8.0845
485	485	35.2719
486	486	-12.7741
487	487	3.02735
488	488	3.12515
489	489	-3.39398
490	490	-6.63216
491	491	-10.215
492	492	-23.9205
493	493	2.34166
494	494	23.2025
495	495	21.7027
496	496	-13.136
497	497	-53.8764
498	498	46.8533
499	499	-38.3419
500	500	32.7484
501	501	-28.5972
502	502	51.5637
503	503	-17.925
504	504	-17.588
505	505	9.80833
506	506	34.017
507	507	-3.87977
508	508	-16.8341
509	509	17.7925
510	510	8.75385
511	511	-3.88665
512	512	-22.3286
513	513	12.8253
514	514	-7.6517
515	515	-12.5119
516	516	5.87442
517	517	-24.4654
518	518	-19.4875
519	519	42.4412
520	520	24.6806
521	521	13.1795
522	522	44.3933
523	523	-40.481
524	524	31.0104
525	525	27.7143
526	526	0.517623
527	527	26.8182
528	528	-9.27595
529	529	-6.91185
530	530	-22.732
531	531	-27.908
532	532	-36.2155
533	533	41.278
534	534	28.0835
535	535	-12.5262
536	536	4.05474
537	537	-27.7428
538	538	-29.7299
539	539	14.6697
540	540	-29.1518
541	541	16.7692
542	542	21.2013
543	543	18.5032
544	544	38.9275
545	545	15.7962
546	546	-17.2006
547	547	4.28958
548	548	-15.3364
549	549	38.3759
550	550	-24.2002
551	551	37.9308
552	552	21.8262
553	553	18.5732
554	554	-14.779
555	555	13.5186
556	556	-51.8201
557	557	39.0543
558	558	-2.95398
559	559	-24.4873
560	560	-1.14661
561	561	35.2361
562	562	28.3966
563	563	33.0321
564	564	7.70993
565	565	9.39665
566	566	11.9309
567	567	21.9807
568	568	19.2005
569	569	14.613
570	570	-2.39904
571	571	-6.29662
572	572	-5.3968
573	573	-22.2314
574	574	8.21874
575	575	15.123
576	576	12.4905
577	577	25.6145
578	578	-31.7754
579	579	40.1108
580	580	19.4174
581	581	-1.61987
582	582	1.71229
583	583	19.4651
584	584	-8.33703
585	585	54.5888
586	586	-17.1038
587	587	-39.4484
588	588	0.11567
589	589	-8.00746
590	590	-36.009
591	591	18.7277
592	592	29.9006
593	593	1.48832
594	594	11.9524
595	595	8.42911
596	596	-14.1731
597	597	-31.6308
598	598	28.284
599	599	-48.2775
600	600	-2.77139
601	601	1.1506
602	602	3.14529
603	603	20.4689
604	604	45.9516
605	605	-20.1937
606	606	-7.87282
607	607	-30.4719
608	608	13.741
609	609	-14.6886
610	610	1.4783
611	611	23.3636
612	612	-1.90248
613	613	-1.1098
614	614	-6.56538
615	615	-9.12972
616	616	-23.3608
617	617	-18.402
618	618	-5.55377
619	619	-20.24
620	620	2.80406
621	621	-15.9937
622	622	-15.0283
623	623	2.12866
624	624	6.75592
625	625	-48.6131
626	626	-0.0200208
627	627	23.5947
628	628	8.28551
629	629	17.3936
630	630	-32.6294
631	631	14.057
632	632	28.2935
633	633	-30.8373
634	634	19.5262
635	635	23.9144
636	636	3.15953
637	637	8.20318
638	638	-1.22081
639	639	2.2811
640	640	32.2293
641	641	-1.47291
642	642	-20.6151
643	643	-8.36528
644	644	-14.2293
645	645	20.5508
646	646	6.4962
647	647	22.3202
648	648	-15.8454
649	649	-26.455
650	650	-12.3715
651	651	-9.58578
652	652	-20.9928
653	653	-6.15639
654	654	-9.24411
655	655	-9.77622
656	656	16.5384
657	657	7.83248
658	658	11.2235
659	659	-21.6136
660	660	-30.5428
661	661	-9.04175
662	662	-27.8035
663	663	-40.7833
664	664	28.6114
665	665	29.2671
666	666	-33.8973
667	667	-41.0905
668	668	38.7694
669	669	-15.0088
670	670	-18.7986
671	671	-12.9832
672	672	7.09611
673	673	-39.7296
674	674	14.1228
675	675	-12.7986
676	676	15.6032
677	677	-4.21247
678	678	38.4991
679	679	-14.5229
680	680	-12.6034
681	681	-2.1765
682	682	4.21342
683	683	-32.1877
684	684	-20.8923
685	685	-10.0521
686	686	-34.8961
687	687	-2.70059
688	688	-24.6116
689	689	-15.6369
690	690	-1.71888
691	691	12.2814
692	692	-11.5143
693	693	-14.6057
694	694	-50.6787
695	695	18.3109
696	696	22.9354
697	697	-17.7886
698	698	-5.71902
699	699	24.4923
700	700	11.4379
701	701	-8.83471
702	702	47.412
703	703	-28.3378
704	704	35.9476
705	705	-37.0519
706	706	-8.5668
707	707	-9.20561
708	708	-25.0224
709	709	-7.01395
710	710	-6.16248
711	711	16.5927
712	712	54.3923
713	713	-15.9273
714	714	16.2267
715	715	16.8208
716	716	-0.918977
717	717	34.0263
718	718	3.54006
719	719	-11.6063
720	720	27.1859
721	721	9.21141
722	722	8.22587
723	723	-61.3689
724	724	-28.2555
725	725	-7.99325
726	726	-22.9382
727	727	9.23689
728	728	4.83255
729	729	-35.7221
730	730	-0.589468
731	731	0.939429
732	732	0.697734
733	733	-24.5784
734	734	-7.29459
735	735	-32.0177
736	736	13.4436
737	737	-8.45147
738	738	-38.1629
739	739	2.58044
740	740	-1.46864
741	741	5.36147
742	742	-15.8908
743	743	11.5639
744	744	-29.0144
745	745	22.744
746	746	5.69529
747	747	-9.09221
748	748	8.00366
749	749	-14.5274
750	750	37.3095
751	751	-54.6747
752	752	-2.93434
753	753	11.2783
754	754	36.5481
755	755	-25.0174
756	756	25.36
757	757	-9.45712
758	758	6.46399
759	759	-11.1325
760	760	18.4109
761	761	4.37251
762	762	36.3091
763	763	16.3438
764	764	23.7546
765	765	55.1277
766	766	25.4212
767	767	-19.4673
768	768	22.7447
769	769	10.3378
770	770	-1.74601
771	771	19.1297
772	772	41.995
773	773	-31.5444
774	774	-35.0105
775	775	3.55102
776	776	-37.1194
777	777	-13.9789
778	778	8.16373
779	779	-1.45307
780	780	-0.00476694
781	781	40.9704
782	782	8.27021
783	783	-7.09482
784	784	40.7948
785	785	-10.4519
786	786	-39.9378
787	787	2.91952
788	788	-0.096635
789	789	7.04753
790	790	13.6277
791	791	-12.6391
792	792	-21.2094
793	793	10.502
794	794	-6.43871
795	795	27.6304
796	796	4.54317
797	797	0.715286
798	798	-13.4623
799	799	-11.7376
800	800	-41.842
801	801	-18.2131
802	802	21.8227
803	803	4.6812
804	804	-8.44309
805	805	-0.323066
806	806	-25.8823
807	807	10.1097
808	808	13.5779
809	809	-29.0272
810	810	-22.3587
811	811	-43.9761
812	812	5.38686
813	813	29.2443
814	814	47.4557
815	815	-8.34628
816	816	6.16723
817	817	-28.6843
818	818	-30.9739
819	819	-6.55033
820	820	-1.58496
821	821	9.92671
822	822	-3.56258
823	823	-26.1649
824	824	-5.91323
825	825	-35.6438
826	826	1.01793
827	827	-39.4411
828	828	-46.046
829	829	28.669
830	830	-14.4474
831	831	-26.5601
832	832	22.5063
833	833	-2.86775
834	834	-19.2891
835	835	20.416
836	836	-14.1795
837	837	-30.1889
838	838	25.244
839	839	6.09915
840	840	-49.3484
841	841	36.6149
842	842	-4.24759
843	843	21.6998
844	844	-43.8978
845	845	5.33791
846	846	-50.6045
847	847	-32.0035
848	848	-0.905112
849	849	39.874
850	850	-43.1376
851	851	-37.4573
852	852	-24.2138
853	853	11.3078
854	854	25.5673
855	855	-1.39459
856	856	40.8188
857	857	27.9645
858	858	24.5202
859	859	5.7459
860	860	12.3141
861	861	48.3919
862	862	11.8716
863	863	12.9963
864	864	30.5658
865	865	-32.6377
866	866	-19.6135
867	867	7.3818
868	868	44.6646
869	869	-25.0674
870	870	28.6334
871	871	9.57403
872	872	-17.7536
873	873	-1.19545
874	874	-19.3583
875	875	-11.3959
876	876	28.8195
877	877	-12.6394
878	878	-4.84123
879	879	-10.838
880	880	-17.1947
881	881	4.03878
882	882	11.8841
883	883	4.73968
884	884	-14.7597
885	885	21.3534
886	886	-13.5598
887	887	17.8142
888	888	14.7164
889	889	-22.1528
890	890	14.435
891	891	-34.0419
892	892	7.66858
893	893	5.02888
894	894	-38.4798
895	895	24.2512
896	896	21.2211
897	897	-9.30409
898	898	2.18241
899	899	21.5441
900	900	-19.1345
901	901	-19.7477
902	902	-1.00838
903	903	-27.7188
904	904	-31.5868
905	905	-0.601488
906	906	-2.15469
907	907	18.2786
908	908	-26.3881
909	909	18.5043
910	910	33.6039
911	911	-4.73184
912	912	10.7317
913	913	-12.5435
914	914	2.53506
915	915	-24.4136
916	916	-5.06245
917	917	-21.9414
918	918	-10.2403
919	919	4.21462
920	920	-12.3143
921	921	-9.8419
922	922	9.60482
923	923	-33.2905
924	924	-13.4551
925	925	-8.82314
926	926	10.3481
927	927	-18.2731
928	928	8.62953
929	929	2.51268
930	930	-3.57134
931	931	-20.5791
932	932	-4.52717
933	933	-3.57363
934	934	19.6562
935	935	-23.6542
936	936	-16.2407
937	937	0.788349
938	938	-4.1978
939	939	-48.0703
940	940	-17.1362
941	941	25.1662
942	942	-8.64475
943	943	-2.25702
944	944	-6.27571
945	945	-42.1088
946	946	21.5677
947	947	7.10243
948	948	-10.1558
949	949	-1.98638
950	950	-14.7761
951	951	-16.5767
952	952	5.93298
953	953	1.8414
954	954	-10.0476
955	955	13.6985
956	956	36.507
957	957	25.7814
958	958	-7.17288
959	959	14.2755
960	960	-5.86487
961	961	-12.1708
962	962	-14.4596
963	963	3.19838
964	964	-2.20135
965	965	-29.0451
966	966	-44.3665
967	967	-7.44719
968	968	6.23489
969	969	-12.3367
970	970	2.14457
971	971	-18.2603
972	972	-0.135335
973	973	50.6163
974	974	-28.0978
975	975	-4.31892
976	976	16.2527
977	977	20.8276
978	978	-14.7304
979	979	43.5768
980	980	32.1998
981	981	-26.3103
982	982	36.6203
983	983	63.1947
984	984	4.02137
985	985	-19.6553
986	986	-18.0342
987	987	-39.3346
988	988	3.42445
989	989	-34.5831
990	990	40.6448
991	991	28.1986
992	992	-18.3744
993	993	-7.95287
994	994	1.39467
995	995	-0.637709
996	996	-30.7431
997	997	-16.1796
998	998	21.8633
999	999	13.0604
1000	1000	-8.69967
1001	1001	8.55612
1002	1002	33.4119
1003	1003	16.6152
1004	1004	-32.3181
1005	1005	15.4432
1006	1006	9.22856
1007	1007	-29.7452
1008	1008	23.968
1009	1009	-37.2196
1010	1010	8.40678
1011	1011	9.58251
1012	1012	-41.2802
1013	1013	29.5723
1014	1014	27.3161
1015	1015	19.6951
1016	1016	-12.6041
1017	1017	-22.2276
1018	1018	-8.68752
1019	1019	1.99643
1020	1020	-14.7265
1021	1021	11.8316
1022	1022	-10.7751
1023	1023	-0.110079
1024	1024	-29.0494
1025	1025	48.1501
1026	1026	-19.2596
1027	1027	-5.85803
1028	1028	-2.99889
1029	1029	-51.9693
1030	1030	46.8542
1031	1031	11.9101
1032	1032	28.3188
1033	1033	7.49449
1034	1034	-24.2737
1035	1035	-26.8266
1036	1036	5.46461
1037	1037	20.7102
1038	1038	8.45936
1039	1039	17.6852
1040	1040	-24.6325
1041	1041	-34.6653
1042	1042	-35.1928
1043	1043	-18.0284
1044	1044	28.4005
1045	1045	23.531
1046	1046	4.33775
1047	1047	7.7499
1048	1048	-41.0621
1049	1049	17.874
1050	1050	23.2055
1051	1051	33.5432
1052	1052	14.4518
1053	1053	10.6175
1054	1054	39.228
1055	1055	-25.5021
1056	1056	13.8059
1057	1057	0.167212
1058	1058	-1.5841
1059	1059	7.45481
1060	1060	66.6425
1061	1061	36.2205
1062	1062	3.87835
1063	1063	-5.9525
1064	1064	-18.0272
1065	1065	15.9062
1066	1066	-1.99936
1067	1067	-9.46026
1068	1068	-23.9723
1069	1069	33.8649
1070	1070	-18.3696
1071	1071	-19.2644
1072	1072	-4.9789
1073	1073	22.2838
1074	1074	-0.491205
1075	1075	18.4387
1076	1076	34.4351
1077	1077	18.4761
1078	1078	-8.17979
1079	1079	-20.7415
1080	1080	-8.60251
1081	1081	6.12901
1082	1082	18.1788
1083	1083	-5.8683
1084	1084	10.1753
1085	1085	-25.7903
1086	1086	2.83706
1087	1087	29.9371
1088	1088	-60.7318
1089	1089	-37.5107
1090	1090	-19.8972
1091	1091	64.9474
1092	1092	-4.05874
1093	1093	-6.25536
1094	1094	-3.48042
1095	1095	-13.97
1096	1096	31.0898
1097	1097	-26.2243
1098	1098	-4.58528
1099	1099	-6.30454
1100	1100	1.71886
1101	1101	-20.3565
1102	1102	-29.1329
1103	1103	-19.7732
1104	1104	41.7819
1105	1105	-13.7929
1106	1106	27.2187
1107	1107	28.1069
1108	1108	29.8366
1109	1109	2.57397
1110	1110	44.9485
1111	1111	30.9958
1112	1112	39.4963
1113	1113	3.82504
1114	1114	47.5369
1115	1115	28.2775
1116	1116	-9.20797
1117	1117	18.9909
1118	1118	-7.54398
1119	1119	-0.812062
1120	1120	9.52945
1121	1121	-62.47
1122	1122	18.3407
1123	1123	2.31627
1124	1124	-12.6892
1125	1125	4.4949
1126	1126	-2.26564
1127	1127	-9.32061
1128	1128	9.28673
1129	1129	19.6976
1130	1130	-19.3555
1131	1131	12.5989
1132	1132	2.34284
1133	1133	-8.31504
1134	1134	-31.8213
1135	1135	27.5385
1136	1136	36.3737
1137	1137	8.13893
1138	1138	22.2984
1139	1139	30.2845
1140	1140	10.4763
1141	1141	-26.0766
1142	1142	-16.871
1143	1143	17.2714
1144	1144	-9.72397
1145	1145	-26.3213
1146	1146	20.3053
1147	1147	-16.6316
1148	1148	23.4985
1149	1149	4.41558
1150	1150	-3.93336
1151	1151	13.3182
1152	1152	-47.9
1153	1153	-22.2155
1154	1154	27.212
1155	1155	-9.70867
1156	1156	-10.1027
1157	1157	-19.3165
1158	1158	15.6686
1159	1159	-14.906
1160	1160	-30.4928
1161	1161	32.4838
1162	1162	-35.1851
1163	1163	-5.96215
1164	1164	-36.8757
1165	1165	-22.7576
1166	1166	27.9835
1167	1167	42.2681
1168	1168	-3.92771
1169	1169	-17.5245
1170	1170	-23.2974
1171	1171	-11.0741
1172	1172	3.10296
1173	1173	8.22934
1174	1174	-38.8916
1175	1175	4.75264
1176	1176	42.3175
1177	1177	14.1375
1178	1178	-25.1308
1179	1179	24.0932
1180	1180	31.781
1181	1181	-15.0761
1182	1182	-15.9261
1183	1183	6.75877
1184	1184	-32.7676
1185	1185	8.6222
1186	1186	-6.49459
1187	1187	-9.25811
1188	1188	-4.36257
1189	1189	-8.56912
1190	1190	-4.56136
1191	1191	-19.4868
1192	1192	47.5333
1193	1193	20.5644
1194	1194	-24.5219
1195	1195	-42.0976
1196	1196	-17.5032
1197	1197	28.0728
1198	1198	-12.3101
1199	1199	29.1735
1200	1200	-26.0786
1201	1201	10.6907
1202	1202	-14.7993
1203	1203	22.8411
1204	1204	-12.5624
1205	1205	-30.2967
1206	1206	-32.2384
1207	1207	19.8709
1208	1208	-10.2458
1209	1209	-19.4003
1210	1210	35.9825
1211	1211	6.65503
1212	1212	36.5096
1213	1213	6.97267
1214	1214	2.9422
1215	1215	15.7746
1216	1216	-37.944
1217	1217	-11.1767
1218	1218	-28.9872
1219	1219	-37.4033
1220	1220	33.2705
1221	1221	-11.5929
1222	1222	6.91802
1223	1223	-31.371
1224	1224	27.5017
1225	1225	-27.1876
1226	1226	-29.7609
1227	1227	-5.25442
1228	1228	20.9987
1229	1229	17.0615
1230	1230	29.7828
1231	1231	-19.4642
1232	1232	55.8638
1233	1233	-27.5933
1234	1234	-44.9503
1235	1235	-7.35608
1236	1236	57.1263
1237	1237	-13.8276
1238	1238	-6.49489
1239	1239	-1.1963
1240	1240	4.41875
1241	1241	-25.0152
1242	1242	-7.1921
1243	1243	14.6573
1244	1244	4.17979
1245	1245	28.7627
1246	1246	-19.8425
1247	1247	-22.6771
1248	1248	-18.7061
1249	1249	55.857
1250	1250	-5.29937
1251	1251	-29.6961
1252	1252	-27.0314
1253	1253	21.7238
1254	1254	-20.4025
1255	1255	54.3757
1256	1256	-22.8337
1257	1257	7.18588
1258	1258	2.06719
1259	1259	19.6496
1260	1260	8.69864
1261	1261	-39.8296
1262	1262	46.9205
1263	1263	40.0159
1264	1264	17.208
1265	1265	1.76206
1266	1266	-25.4355
1267	1267	24.379
1268	1268	-2.46546
1269	1269	-6.60593
1270	1270	13.016
1271	1271	-4.56745
1272	1272	4.56236
1273	1273	-0.185551
1274	1274	17.8779
1275	1275	-22.7492
1276	1276	8.3035
1277	1277	-5.80746
1278	1278	-4.28306
1279	1279	6.31304
1280	1280	-3.95701
1281	1281	-20.5952
1282	1282	-17.1065
1283	1283	-44.7919
1284	1284	-53.9284
1285	1285	1.46963
1286	1286	17.2276
1287	1287	39.9237
1288	1288	8.83838
1289	1289	-11.8889
1290	1290	5.66254
1291	1291	-11.9984
1292	1292	25.0729
1293	1293	10.9529
1294	1294	1.91044
1295	1295	11.315
1296	1296	3.22557
1297	1297	4.64667
1298	1298	23.7068
1299	1299	22.2919
1300	1300	7.41244
1301	1301	13.8365
1302	1302	41.1795
1303	1303	-5.44968
1304	1304	-12.845
1305	1305	14.9256
1306	1306	-28.4676
1307	1307	27.8795
1308	1308	-7.85986
1309	1309	-17.7598
1310	1310	12.5641
1311	1311	29.1434
1312	1312	-7.31711
1313	1313	-6.66559
1314	1314	26.3214
1315	1315	26.5563
1316	1316	-28.2295
1317	1317	-36.6469
1318	1318	9.23814
1319	1319	6.31874
1320	1320	33.6599
1321	1321	38.5042
1322	1322	18.9008
1323	1323	-59.4088
1324	1324	-4.93286
1325	1325	18.8372
1326	1326	-5.21253
1327	1327	-22.6612
1328	1328	-10.1127
1329	1329	1.76093
1330	1330	18.3414
1331	1331	50.3525
1332	1332	-3.31481
1333	1333	17.4765
1334	1334	39.1706
1335	1335	18.342
1336	1336	-8.35642
1337	1337	-33.8957
1338	1338	-3.40192
1339	1339	0.22136
1340	1340	2.63383
1341	1341	-4.52907
1342	1342	19.5051
1343	1343	-31.4446
1344	1344	16.4257
1345	1345	-12.7517
1346	1346	6.5463
1347	1347	5.52887
1348	1348	29.7689
1349	1349	5.57355
1350	1350	60.2891
1351	1351	13.972
1352	1352	-26.8104
1353	1353	-21.946
1354	1354	11.6058
1355	1355	-17.901
1356	1356	3.0962
1357	1357	16.9818
1358	1358	20.571
1359	1359	28.7543
1360	1360	34.8121
1361	1361	4.29453
1362	1362	25.0642
1363	1363	28.5064
1364	1364	30.0836
1365	1365	5.68029
1366	1366	-6.83654
1367	1367	-6.2683
1368	1368	0.546148
1369	1369	-13.7575
1370	1370	-19.4054
1371	1371	15.7416
1372	1372	20.7618
1373	1373	-46.043
1374	1374	31.7398
1375	1375	33.7587
1376	1376	-2.89916
1377	1377	-8.99438
1378	1378	25.0345
1379	1379	-59.8676
1380	1380	-30.1489
1381	1381	5.11266
1382	1382	23.1503
1383	1383	11.5782
1384	1384	-6.97292
1385	1385	31.5349
1386	1386	-14.6807
1387	1387	-0.941948
1388	1388	7.03353
1389	1389	-16.4981
1390	1390	1.60324
1391	1391	18.3005
1392	1392	-12.99
1393	1393	-28.2499
1394	1394	-2.39376
1395	1395	-18.5731
1396	1396	-16.5497
1397	1397	-19.3988
1398	1398	7.38478
1399	1399	52.6105
1400	1400	27.2077
1401	1401	-35.3507
1402	1402	37.6457
1403	1403	14.7489
1404	1404	-14.9745
1405	1405	-28.6861
1406	1406	-18.7458
1407	1407	35.1001
1408	1408	-35.6412
1409	1409	-6.90952
1410	1410	64.9176
1411	1411	-36.2335
1412	1412	0.177284
1413	1413	20.2275
1414	1414	16.7531
1415	1415	-20.1739
1416	1416	21.2854
1417	1417	0.551445
1418	1418	-0.436447
1419	1419	-15.8849
1420	1420	-11.1458
1421	1421	-13.7284
1422	1422	-49.6452
1423	1423	-9.73936
1424	1424	-2.04885
1425	1425	17.671
1426	1426	34.5301
1427	1427	-17.4434
1428	1428	16.4481
1429	1429	-10.2769
1430	1430	0.574085
1431	1431	20.0373
1432	1432	8.01921
1433	1433	-0.707445
1434	1434	-27.0969
1435	1435	-11.2586
1436	1436	-41.2198
1437	1437	13.2059
1438	1438	-9.2915
1439	1439	12.3154
1440	1440	-17.7841
1441	1441	29.4556
1442	1442	19.9939
1443	1443	-22.6972
1444	1444	13.3657
1445	1445	17.1346
1446	1446	-25.9179
1447	1447	58.8204
1448	1448	-2.79972
1449	1449	-22.8211
1450	1450	30.3967
1451	1451	-0.181263
1452	1452	13.8274
1453	1453	-19.6826
1454	1454	23.9032
1455	1455	58.9533
1456	1456	-7.1904
1457	1457	-22.3023
1458	1458	1.82324
1459	1459	9.64047
1460	1460	-20.6828
1461	1461	-5.91443
1462	1462	-32.7815
1463	1463	40.3085
1464	1464	18.1054
1465	1465	21.3286
1466	1466	4.39881
1467	1467	27.2803
1468	1468	6.68074
1469	1469	-10.8255
1470	1470	-46.0743
1471	1471	4.21714
1472	1472	39.918
1473	1473	21.4224
1474	1474	-10.2082
1475	1475	-0.908722
1476	1476	21.9233
1477	1477	-20.2608
1478	1478	-43.7576
1479	1479	21.3611
1480	1480	21.7385
1481	1481	-11.8404
1482	1482	11.3292
1483	1483	-1.42991
1484	1484	5.05907
1485	1485	21.6888
1486	1486	-39.1526
1487	1487	42.159
1488	1488	-29.387
1489	1489	-33.2911
1490	1490	13.7747
1491	1491	-9.94302
1492	1492	-14.671
1493	1493	-25.5566
1494	1494	3.1403
1495	1495	-16.9705
1496	1496	14.8706
1497	1497	-16.267
1498	1498	41.003
1499	1499	16.7301
1500	1500	-33.1061
1501	1501	27.2072
1502	1502	7.42435
1503	1503	-17.6475
1504	1504	30.0833
1505	1505	-36.3649
1506	1506	-7.10927
1507	1507	10.4705
1508	1508	6.08433
1509	1509	45.2366
1510	1510	-17.553
1511	1511	6.97208
1512	1512	-0.116714
1513	1513	-17.0358
1514	1514	-8.5037
1515	1515	11.0886
1516	1516	-29.0832
1517	1517	-63.3368
1518	1518	-44.3029
1519	1519	-15.7269
1520	1520	-25.4413
1521	1521	22.6589
1522	1522	-14.2065
1523	1523	34.4428
1524	1524	17.0916
1525	1525	30.7692
1526	1526	4.14074
1527	1527	-7.88393
1528	1528	1.56004
1529	1529	46.272
1530	1530	-4.56868
1531	1531	24.2141
1532	1532	-5.02651
1533	1533	-37.6865
1534	1534	-23.8489
1535	1535	-2.55297
1536	1536	-20.1768
1537	1537	-24.4972
1538	1538	26.3366
1539	1539	-22.373
1540	1540	1.778
1541	1541	-33.8697
1542	1542	-4.83661
1543	1543	-16.0882
1544	1544	17.0718
1545	1545	28.1758
1546	1546	16.3929
1547	1547	17.9441
1548	1548	21.1979
1549	1549	26.0279
1550	1550	-9.29496
1551	1551	45.8052
1552	1552	-40.7259
1553	1553	1.10897
1554	1554	-7.90753
1555	1555	15.2382
1556	1556	24.8197
1557	1557	-29.4034
1558	1558	5.37143
1559	1559	19.2812
1560	1560	13.7713
1561	1561	49.8104
1562	1562	75.8236
1563	1563	7.74418
1564	1564	4.73008
1565	1565	-32.077
1566	1566	-0.339818
1567	1567	-6.13458
1568	1568	3.64248
1569	1569	7.78229
1570	1570	-35.5658
1571	1571	8.19582
1572	1572	-4.19967
1573	1573	-4.35779
1574	1574	-22.6508
1575	1575	-33.9539
1576	1576	-5.01575
1577	1577	-38.6338
1578	1578	8.89641
1579	1579	-13.6791
1580	1580	-15.9803
1581	1581	-21.1363
1582	1582	11.5468
1583	1583	-16.9895
1584	1584	-2.50369
1585	1585	21.3146
1586	1586	-21.8548
1587	1587	-17.632
1588	1588	13.6734
1589	1589	-1.37175
1590	1590	24.1557
1591	1591	-3.32045
1592	1592	6.55904
1593	1593	15.9003
1594	1594	-10.4163
1595	1595	-29.8563
1596	1596	5.13247
1597	1597	-21.6973
1598	1598	15.6075
1599	1599	-30.5416
1600	1600	-27.3466
1601	1601	24.8492
1602	1602	50.288
1603	1603	-25.4064
1604	1604	19.0989
1605	1605	-27.6987
1606	1606	18.7615
1607	1607	-21.2977
1608	1608	53.7253
1609	1609	-25.7313
1610	1610	-45.4372
1611	1611	-26.9366
1612	1612	9.97597
1613	1613	-40.5169
1614	1614	16.5765
1615	1615	38.9757
1616	1616	11.1193
1617	1617	21.8651
1618	1618	-6.08517
1619	1619	3.12627
1620	1620	-4.11921
1621	1621	-4.74739
1622	1622	-38.1856
1623	1623	-8.62713
1624	1624	8.76873
1625	1625	5.01603
1626	1626	-21.1581
1627	1627	18.1988
1628	1628	-34.8577
1629	1629	-4.86286
1630	1630	-32.0157
1631	1631	18.6396
1632	1632	-6.55534
1633	1633	-43.3508
1634	1634	4.65314
1635	1635	14.0832
1636	1636	-28.7813
1637	1637	-45.8503
1638	1638	-3.35753
1639	1639	-13.9325
1640	1640	22.5494
1641	1641	-28.8908
1642	1642	-2.00269
1643	1643	31.8723
1644	1644	7.29713
1645	1645	17.9258
1646	1646	-39.8446
1647	1647	5.52145
1648	1648	-30.2672
1649	1649	18.9382
1650	1650	-2.41951
1651	1651	-16.9971
1652	1652	-52.9163
1653	1653	24.6064
1654	1654	-13.6415
1655	1655	-5.09503
1656	1656	-3.4988
1657	1657	27.2779
1658	1658	-9.92584
1659	1659	49.7429
1660	1660	-49.1867
1661	1661	-3.33307
1662	1662	-32.1692
1663	1663	0.841853
1664	1664	28.1472
1665	1665	44.713
1666	1666	8.37152
1667	1667	-39.0029
1668	1668	-2.50427
1669	1669	15.0741
1670	1670	29.6159
1671	1671	-10.5271
1672	1672	-25.5025
1673	1673	-52.2118
1674	1674	11.8727
1675	1675	27.3347
1676	1676	-9.20409
1677	1677	18.2636
1678	1678	19.7636
1679	1679	-21.5604
1680	1680	-44.0586
1681	1681	22.1236
1682	1682	8.27317
1683	1683	32.2108
1684	1684	4.30773
1685	1685	-24.9687
1686	1686	1.23874
1687	1687	-25.4828
1688	1688	-14.0022
1689	1689	-20.8806
1690	1690	-29.052
1691	1691	9.22977
1692	1692	20.0838
1693	1693	-46.2252
1694	1694	-4.09478
1695	1695	10.7501
1696	1696	-47.3034
1697	1697	39.83
1698	1698	-6.43702
1699	1699	-14.2551
1700	1700	-23.8413
1701	1701	-2.99307
1702	1702	15.709
1703	1703	-31.41
1704	1704	57.5494
1705	1705	-22.9542
1706	1706	11.8676
1707	1707	25.5651
1708	1708	-13.7068
1709	1709	60.3418
1710	1710	-27.0133
1711	1711	3.69041
1712	1712	-1.39476
1713	1713	33.3872
1714	1714	47.6442
1715	1715	-12.2698
1716	1716	-48.2108
1717	1717	-1.80036
1718	1718	-44.9296
1719	1719	-6.4736
1720	1720	25.113
1721	1721	28.8171
1722	1722	-7.20164
1723	1723	-4.51402
1724	1724	-23.1789
1725	1725	-9.09722
1726	1726	-41.5216
1727	1727	-14.1474
1728	1728	-15.3211
1729	1729	-1.88168
1730	1730	-3.43434
1731	1731	30.2407
1732	1732	7.45905
1733	1733	-37.5769
1734	1734	-28.1292
1735	1735	1.9301
1736	1736	44.3273
1737	1737	44.4664
1738	1738	-33.5486
1739	1739	-12.6532
1740	1740	12.3665
1741	1741	35.273
1742	1742	-7.93563
1743	1743	40.3309
1744	1744	-4.3852
1745	1745	27.3525
1746	1746	-19.9517
1747	1747	14.4516
1748	1748	-25.7411
1749	1749	9.53456
1750	1750	-21.4838
1751	1751	-35.5644
1752	1752	18.8263
1753	1753	20.4426
1754	1754	-10.4412
1755	1755	-28.1129
1756	1756	13.7319
1757	1757	-10.3745
1758	1758	39.7884
1759	1759	11.0022
1760	1760	7.97952
1761	1761	7.48779
1762	1762	-15.4623
1763	1763	-3.3312
1764	1764	25.8112
1765	1765	65.2058
1766	1766	-17.2371
1767	1767	-35.4522
1768	1768	-12.0403
1769	1769	-9.13661
1770	1770	-16.7964
1771	1771	-4.68271
1772	1772	7.90137
1773	1773	-12.0435
1774	1774	10.563
1775	1775	-35.0366
1776	1776	-25.793
1777	1777	-6.1485
1778	1778	4.36565
1779	1779	-19.8991
1780	1780	1.99891
1781	1781	47.1259
1782	1782	7.24166
1783	1783	-30.759
1784	1784	-35.2734
1785	1785	-16.846
1786	1786	-1.49982
1787	1787	36.3535
1788	1788	7.01419
1789	1789	16.6893
1790	1790	8.15983
1791	1791	-4.1722
1792	1792	-10.9857
1793	1793	-9.35772
1794	1794	-48.5967
1795	1795	7.49472
1796	1796	2.10917
1797	1797	-14.518
1798	1798	3.7984
1799	1799	4.47414
1800	1800	51.6527
1801	1801	-45.5936
1802	1802	24.5445
1803	1803	23.8534
1804	1804	37.5502
1805	1805	-10.9203
1806	1806	-5.57376
1807	1807	-1.19307
1808	1808	-23.8369
1809	1809	3.20857
1810	1810	6.2082
1811	1811	-13.6567
1812	1812	21.3414
1813	1813	-19.5358
1814	1814	-44.5057
1815	1815	20.1928
1816	1816	-16.2749
1817	1817	-8.15081
1818	1818	-9.8749
1819	1819	21.1753
1820	1820	-31.6666
1821	1821	8.71172
1822	1822	-8.82463
1823	1823	9.62155
1824	1824	-11.9759
1825	1825	-44.4287
1826	1826	5.45683
1827	1827	-23.773
1828	1828	5.93306
1829	1829	-10.5638
1830	1830	4.55155
1831	1831	-36.4048
1832	1832	-23.0333
1833	1833	-2.04609
1834	1834	31.2495
1835	1835	-16.4367
1836	1836	58.8583
1837	1837	-3.85549
1838	1838	12.3626
1839	1839	-32.9969
1840	1840	-11.3932
1841	1841	18.7644
1842	1842	29.7822
1843	1843	54.2739
1844	1844	-0.0494037
1845	1845	-6.76071
1846	1846	-11.8869
1847	1847	13.9713
1848	1848	-8.81451
1849	1849	-25.8785
1850	1850	10.7548
1851	1851	3.33666
1852	1852	10.2147
1853	1853	0.700121
1854	1854	-9.20097
1855	1855	46.643
1856	1856	1.92496
1857	1857	1.62422
1858	1858	21.1385
1859	1859	-23.6535
1860	1860	39.4288
1861	1861	2.91257
1862	1862	32.5586
1863	1863	-33.0681
1864	1864	24.7038
1865	1865	-22.3133
1866	1866	7.48228
1867	1867	24.2372
1868	1868	-5.61585
1869	1869	-15.7237
1870	1870	-23.1636
1871	1871	12.1651
1872	1872	-13.4787
1873	1873	12.2133
1874	1874	-23.4683
1875	1875	26.0108
1876	1876	-20.4143
1877	1877	-7.28435
1878	1878	15.5622
1879	1879	-32.9864
1880	1880	-22.5505
1881	1881	0.50904
1882	1882	33.3773
1883	1883	0.352527
1884	1884	-33.0384
1885	1885	10.2019
1886	1886	-14.6915
1887	1887	13.0007
1888	1888	-8.47558
1889	1889	-19.3303
1890	1890	7.86298
1891	1891	-28.6362
1892	1892	21.6508
1893	1893	25.103
1894	1894	-9.73171
1895	1895	-24.4253
1896	1896	26.4394
1897	1897	-19.3596
1898	1898	-53.8643
1899	1899	-25.1169
1900	1900	-11.4096
1901	1901	20.8687
1902	1902	-1.08868
1903	1903	21.4868
1904	1904	-5.52187
1905	1905	-22.7842
1906	1906	-16.8483
1907	1907	22.7245
1908	1908	17.5374
1909	1909	17.0207
1910	1910	-20.7265
1911	1911	-10.1913
1912	1912	21.5803
1913	1913	-0.0192753
1914	1914	15.4372
1915	1915	0.0578973
1916	1916	0.221192
1917	1917	-8.92714
1918	1918	4.00975
1919	1919	14.4776
1920	1920	46.3175
1921	1921	0.137557
1922	1922	8.30893
1923	1923	-44.7005
1924	1924	6.79934
1925	1925	25.1626
1926	1926	10.6543
1927	1927	-11.4622
1928	1928	-44.9345
1929	1929	23.3433
1930	1930	29.7052
1931	1931	22.7385
1932	1932	5.24032
1933	1933	43.2588
1934	1934	-7.677
1935	1935	32.3387
1936	1936	-5.15956
1937	1937	-25.2349
1938	1938	48.9123
1939	1939	-12.3704
1940	1940	17.069
1941	1941	38.8737
1942	1942	10.7262
1943	1943	51.4159
1944	1944	-2.96453
1945	1945	-5.68362
1946	1946	-7.53251
1947	1947	-5.12354
1948	1948	-43.8169
1949	1949	-4.23416
1950	1950	12.7221
1951	1951	-7.61575
1952	1952	-13.7164
1953	1953	40.9575
1954	1954	2.55038
1955	1955	-36.2148
1956	1956	-17.4766
1957	1957	15.9823
1958	1958	-25.1159
1959	1959	8.09068
1960	1960	16.8025
1961	1961	-6.13343
1962	1962	-12.9266
1963	1963	-10.0701
1964	1964	-13.2139
1965	1965	54.7156
1966	1966	-28.3232
1967	1967	21.6873
1968	1968	-43.6194
1969	1969	13.5601
1970	1970	-1.60253
1971	1971	-36.3612
1972	1972	21.124
1973	1973	4.33921
1974	1974	2.68286
1975	1975	-36.8656
1976	1976	-19.6056
1977	1977	21.7929
1978	1978	-17.2056
1979	1979	-10.3364
1980	1980	14.2243
1981	1981	26.7437
1982	1982	10.0702
1983	1983	16.9741
1984	1984	14.8393
1985	1985	-16.6277
1986	1986	-5.61449
1987	1987	-11.514
1988	1988	23.483
1989	1989	-6.17063
1990	1990	2.83602
1991	1991	-15.0196
1992	1992	-44.5231
1993	1993	31.7014
1994	1994	-23.9259
1995	1995	-35.1206
1996	1996	40.6669
1997	1997	-9.23599
1998	1998	12.3911
1999	1999	9.33458
2000	2000	2.05997
2001	2001	-20.4502
2002	2002	36.4404
2003	2003	19.4973
2004	2004	1.93089
2005	2005	-3.16516
2006	2006	-23.8638
2007	2007	24.7465
2008	2008	-10.1675
2009	2009	-9.28169
2010	2010	-23.4904
2011	2011	22.321
2012	2012	9.22354
2013	2013	-5.29702
2014	2014	-7.07897
2015	2015	13.8147
2016	2016	51.437
2017	2017	15.1084
2018	2018	4.5255
2019	2019	32.6478
2020	2020	-32.7698
2021	2021	-16.2474
2022	2022	-9.01349
2023	2023	-11.8601
2024	2024	-28.2136
2025	2025	5.42619
2026	2026	22.5512
2027	2027	26.7843
2028	2028	-5.0787
2029	2029	44.7713
2030	2030	-11.0017
2031	2031	32.3186
2032	2032	-20.6393
2033	2033	28.4824
2034	2034	-0.713028
2035	2035	14.9669
2036	2036	8.57898
2037	2037	17.9644
2038	2038	10.442
2039	2039	-34.7171
2040	2040	1.93827
2041	2041	-11.388
2042	2042	-25.872
2043	2043	-12.8416
2044	2044	-11.0159
2045	2045	-7.90641
2046	2046	6.887
2047	2047	-13.5347
2048	2048	15.267
2049	2049	34.4061
2050	2050	-29.3318
2051	2051	22.2965
2052	2052	14.1056
2053	2053	-27.232
2054	2054	25.2341
2055	2055	-1.90247
2056	2056	-6.22447
2057	2057	-22.7034
2058	2058	-0.147379
2059	2059	37.0155
2060	2060	-26.1083
2061	2061	16.8217
2062	2062	-12.8901
2063	2063	-17.7633
2064	2064	-64.1067
2065	2065	1.58223
2066	2066	8.66974
2067	2067	-2.29929
2068	2068	-15.6758
2069	2069	-28.0124
2070	2070	-13.5753
2071	2071	-41.84
2072	2072	36.6711
2073	2073	55.7761
2074	2074	-10.2426
2075	2075	-39.8401
2076	2076	26.7673
2077	2077	18.8275
2078	2078	9.68193
2079	2079	11.0575
2080	2080	-11.6387
2081	2081	-0.169137
2082	2082	-21.4697
2083	2083	35.6032
2084	2084	-10.8041
2085	2085	-6.19171
2086	2086	45.9053
2087	2087	20.4883
2088	2088	7.14693
2089	2089	23.0637
2090	2090	-27.4808
2091	2091	-62.8736
2092	2092	4.42435
2093	2093	11.3278
2094	2094	43.6754
2095	2095	6.88352
2096	2096	15.6486
2097	2097	38.0462
2098	2098	20.5811
2099	2099	28.4319
2100	2100	-7.16544
2101	2101	32.9561
2102	2102	53.5152
2103	2103	-29.8735
2104	2104	-3.37257
2105	2105	-23.3957
2106	2106	33.9145
2107	2107	-1.73813
2108	2108	-5.46065
2109	2109	29.6616
2110	2110	-19.6923
2111	2111	0.297327
2112	2112	-12.1459
2113	2113	-13.4886
2114	2114	-37.1627
2115	2115	-33.0687
2116	2116	7.45165
2117	2117	15.2396
2118	2118	-13.4892
2119	2119	12.5296
2120	2120	-24.9184
2121	2121	16.5383
2122	2122	-9.39627
2123	2123	17.283
2124	2124	-15.2484
2125	2125	30.2642
2126	2126	-20.0918
2127	2127	3.29064
2128	2128	6.62956
2129	2129	-4.29533
2130	2130	-26.6727
2131	2131	6.19811
2132	2132	3.94233
2133	2133	-18.2086
2134	2134	-11.3429
2135	2135	-2.63362
2136	2136	27.8067
2137	2137	8.99159
2138	2138	19.6672
2139	2139	27.4502
2140	2140	-23.4986
2141	2141	-16.7931
2142	2142	-22.0542
2143	2143	0.989832
2144	2144	25.4004
2145	2145	-19.3839
2146	2146	-17.8811
2147	2147	-39.4535
2148	2148	-16.7325
2149	2149	46.4397
2150	2150	-40.1548
2151	2151	-16.3063
2152	2152	1.14228
2153	2153	-12.0256
2154	2154	5.40627
2155	2155	-7.27564
2156	2156	31.5447
2157	2157	34.737
2158	2158	17.5626
2159	2159	-11.5242
2160	2160	-7.32421
2161	2161	-33.0004
2162	2162	-7.86197
2163	2163	18.6376
2164	2164	-37.7018
2165	2165	-1.25839
2166	2166	15.0286
2167	2167	17.4093
2168	2168	17.1496
2169	2169	2.80084
2170	2170	39.783
2171	2171	-13.5827
2172	2172	47.7737
2173	2173	-37.1406
2174	2174	-10.9485
2175	2175	7.39773
2176	2176	-18.0733
2177	2177	11.2928
2178	2178	-23.5119
2179	2179	-7.52472
2180	2180	-8.2459
2181	2181	-15.1797
2182	2182	-12.6479
2183	2183	-28.5233
2184	2184	-9.08676
2185	2185	-22.9666
2186	2186	32.8811
2187	2187	20.5827
2188	2188	-5.35963
2189	2189	-35.0757
2190	2190	-30.8737
2191	2191	-10.2639
2192	2192	2.6599
2193	2193	39.5175
2194	2194	-19.4052
2195	2195	-6.5114
2196	2196	-9.40254
2197	2197	-24.2169
2198	2198	1.35976
2199	2199	-21.3713
2200	2200	-15.3277
2201	2201	-33.6956
2202	2202	-43.2955
2203	2203	-27.8183
2204	2204	41.8141
2205	2205	-15.794
2206	2206	6.07811
2207	2207	10.7799
2208	2208	36.9004
2209	2209	15.624
2210	2210	-2.35311
2211	2211	-24.6859
2212	2212	-4.4293
2213	2213	-37.4285
2214	2214	12.9146
2215	2215	6.15956
2216	2216	33.8992
2217	2217	-22.1024
2218	2218	-14.1474
2219	2219	5.33506
2220	2220	-43.6689
2221	2221	-17.7298
2222	2222	44.4609
2223	2223	19.2652
2224	2224	11.768
2225	2225	35.6914
2226	2226	-29.2066
2227	2227	-38.4822
2228	2228	-29.9988
2229	2229	-1.5808
2230	2230	-34.3548
2231	2231	9.46381
2232	2232	18.291
2233	2233	18.3281
2234	2234	2.80492
2235	2235	-2.82849
2236	2236	-34.8387
2237	2237	14.3054
2238	2238	11.0195
2239	2239	18.908
2240	2240	23.6438
2241	2241	36.5175
2242	2242	-28.8022
2243	2243	46.1854
2244	2244	29.8874
2245	2245	30.5444
2246	2246	36.0316
2247	2247	-14.8706
2248	2248	-24.4556
2249	2249	-43.3943
2250	2250	43.2408
2251	2251	-34.8828
2252	2252	15.7363
2253	2253	5.65684
2254	2254	11.7129
2255	2255	42.4374
2256	2256	9.04546
2257	2257	-1.7543
2258	2258	-12.7924
2259	2259	-7.65609
2260	2260	-0.915475
2261	2261	-12.2032
2262	2262	-29.7728
2263	2263	-10.1113
2264	2264	-17.9814
2265	2265	-3.71017
2266	2266	14.5014
2267	2267	-11.0016
2268	2268	33.2976
2269	2269	14.7185
2270	2270	-27.4472
2271	2271	14.8553
2272	2272	1.7499
2273	2273	-32.2622
2274	2274	11.8351
2275	2275	-11.2537
2276	2276	-6.09711
2277	2277	-8.98773
2278	2278	-34.5008
2279	2279	24.9866
2280	2280	-12.8555
2281	2281	18.573
2282	2282	-1.5202
2283	2283	18.2015
2284	2284	45.4393
2285	2285	-6.42754
2286	2286	-40.2853
2287	2287	2.26795
2288	2288	-14.4933
2289	2289	-22.6059
2290	2290	-21.4405
2291	2291	50.286
2292	2292	-3.93263
2293	2293	15.5409
2294	2294	19.3463
2295	2295	36.9469
2296	2296	-19.3096
2297	2297	-15.5663
2298	2298	-58.0355
2299	2299	20.4622
2300	2300	-5.83268
2301	2301	3.16338
2302	2302	-3.77387
2303	2303	-15.5696
2304	2304	8.05365
2305	2305	1.29016
2306	2306	-27.0277
2307	2307	-48.1517
2308	2308	0.563606
2309	2309	-47.446
2310	2310	-14.0928
2311	2311	9.98084
2312	2312	-41.4565
2313	2313	-21.2666
2314	2314	-3.86861
2315	2315	-12.9496
2316	2316	20.4903
2317	2317	-18.7114
2318	2318	-22.7447
2319	2319	-33.0539
2320	2320	21.5476
2321	2321	-11.1442
2322	2322	-5.44996
2323	2323	-12.3948
2324	2324	-20.3152
2325	2325	-14.6362
2326	2326	-11.251
2327	2327	-0.410043
2328	2328	-34.5079
2329	2329	4.22489
2330	2330	19.3643
2331	2331	30.7798
2332	2332	-13.6575
2333	2333	12.2034
2334	2334	-29.1893
2335	2335	-18.3697
2336	2336	-5.65678
2337	2337	17.1686
2338	2338	-5.20229
2339	2339	63.4715
2340	2340	55.3456
2341	2341	-17.4528
2342	2342	-0.145052
2343	2343	-23.6249
2344	2344	-12.5931
2345	2345	-15.7122
2346	2346	-17.2859
2347	2347	1.6491
2348	2348	12.1337
2349	2349	-1.65256
2350	2350	-8.42285
2351	2351	49.0046
2352	2352	38.4642
2353	2353	-31.4381
2354	2354	-16.3363
2355	2355	6.45212
2356	2356	30.22
2357	2357	-11.7155
2358	2358	-23.3806
2359	2359	6.12593
2360	2360	10.3039
2361	2361	6.70881
2362	2362	-15.0481
2363	2363	-12.9003
2364	2364	25.5809
2365	2365	-3.7834
2366	2366	-8.11126
2367	2367	36.0142
2368	2368	0.327722
2369	2369	-20.9375
2370	2370	-26.1521
2371	2371	-18.9297
2372	2372	-36.8374
2373	2373	-28.7428
2374	2374	-17.542
2375	2375	-2.54921
2376	2376	-16.2392
2377	2377	-1.91022
2378	2378	7.9504
2379	2379	-2.4257
2380	2380	-6.50153
2381	2381	14.4651
2382	2382	19.6228
2383	2383	3.42443
2384	2384	-8.00218
2385	2385	-19.5655
2386	2386	-6.0255
2387	2387	11.0402
2388	2388	4.60836
2389	2389	-42.2759
2390	2390	18.0554
2391	2391	8.64774
2392	2392	-15.5121
2393	2393	23.4593
2394	2394	-19.2247
2395	2395	-46.3231
2396	2396	-20.8848
2397	2397	-26.6297
2398	2398	19.3056
2399	2399	-19.4204
