sample_id	sample_id2	phensim
zero	zero	-55.9715
1	1	30.3077
2	2	38.2174
3	3	-12.3191
4	4	-43.9296
5	5	22.6948
6	6	3.91562
7	7	-11.2041
8	8	-41.0291
9	9	-24.1828
10	10	8.28624
11	11	-31.6558
12	12	4.02234
13	13	-24.5
14	14	24.8124
15	15	20.5872
16	16	-18.7028
17	17	8.38863
18	18	-31.0301
19	19	19.2716
20	20	-31.8212
21	21	-7.48968
22	22	-2.04918
23	23	-28.9188
24	24	-14.0665
25	25	-14.9065
26	26	1.23474
27	27	24.3481
28	28	-5.55236
29	29	25.2179
30	30	20.7393
31	31	26.5326
32	32	-17.6985
33	33	-11.2213
34	34	-3.71727
35	35	2.38194
36	36	-39.0232
37	37	-19.9064
38	38	17.9517
39	39	-5.89362
40	40	15.303
41	41	49.4215
42	42	-21.4528
43	43	7.64407
44	44	-36.9101
45	45	-33.5625
46	46	-13.369
47	47	21.5578
48	48	13.8843
49	49	-4.45345
50	50	-10.6593
51	51	-3.21914
52	52	-29.3039
53	53	-18.4992
54	54	-10.9422
55	55	29.8585
56	56	9.72095
57	57	8.8564
58	58	12.0446
59	59	-36.7256
60	60	18.8175
61	61	3.01412
62	62	10.1959
63	63	19.3612
64	64	7.08274
65	65	20.0623
66	66	-3.54753
67	67	19.4913
68	68	-44.8198
69	69	-33.7702
70	70	-20.2306
71	71	8.40972
72	72	48.3704
73	73	-1.49889
74	74	0.376907
75	75	27.5098
76	76	6.00741
77	77	-9.29291
78	78	-3.78787
79	79	2.59628
80	80	-23.0221
81	81	7.49807
82	82	10.3647
83	83	47.5335
84	84	34.891
85	85	-35.8977
86	86	4.67018
87	87	15.5977
88	88	-0.403182
89	89	-6.28299
90	90	-35.4469
91	91	7.36859
92	92	-25.8927
93	93	-7.59558
94	94	-5.69471
95	95	-11.0456
96	96	-8.56466
97	97	-22.5852
98	98	0.158206
99	99	-11.8539
100	100	-27.6452
101	101	20.997
102	102	-13.4374
103	103	10.2396
104	104	0.593519
105	105	13.4416
106	106	25.4679
107	107	1.80562
108	108	-20.1859
109	109	-17.4148
110	110	47.3948
111	111	20.0331
112	112	-12.5207
113	113	-30.8292
114	114	33.429
115	115	-9.6532
116	116	-8.35258
117	117	45.3146
118	118	-26.3314
119	119	6.45694
120	120	57.6518
121	121	16.1123
122	122	-42.4567
123	123	17.4203
124	124	30.0619
125	125	15.3187
126	126	23.9861
127	127	-37.0552
128	128	-24.7157
129	129	2.06068
130	130	8.88167
131	131	-16.3727
132	132	21.3776
133	133	35.8894
134	134	24.3421
135	135	-10.0786
136	136	6.15844
137	137	7.64473
138	138	10.2463
139	139	13.7627
140	140	4.81888
141	141	-1.67414
142	142	-1.58368
143	143	-39.2886
144	144	25.4879
145	145	23.8533
146	146	-8.99923
147	147	-20.0336
148	148	-6.78831
149	149	-31.2381
150	150	-24.3784
151	151	-8.14526
152	152	-5.71119
153	153	-36.858
154	154	-31.1223
155	155	-27.2973
156	156	2.04351
157	157	49.3113
158	158	26.7679
159	159	5.80979
160	160	-33.8163
161	161	45.1059
162	162	-9.77858
163	163	24.3451
164	164	10.255
165	165	-28.0194
166	166	20.0625
167	167	-39.3615
168	168	-39.4725
169	169	-30.0167
170	170	31.5176
171	171	31.4962
172	172	1.70038
173	173	22.4186
174	174	-57.3924
175	175	11.2639
176	176	-0.678899
177	177	24.2781
178	178	16.4375
179	179	-26.503
180	180	5.91347
181	181	-17.5084
182	182	-20.0789
183	183	30.7265
184	184	-47.8257
185	185	-8.66472
186	186	22.0796
187	187	-21.7899
188	188	-23.4427
189	189	-9.07915
190	190	-26.659
191	191	-12.3743
192	192	12.1901
193	193	-3.92565
194	194	5.29871
195	195	17.2091
196	196	-9.23768
197	197	10.6898
198	198	9.29375
199	199	-42.7688
200	200	21.8223
201	201	30.8365
202	202	7.10907
203	203	10.306
204	204	12.9354
205	205	-5.97132
206	206	-29.7742
207	207	-5.2227
208	208	30.2491
209	209	-5.21808
210	210	-13.6474
211	211	13.5499
212	212	-10.7219
213	213	-13.6642
214	214	46.6922
215	215	20.5992
216	216	-5.25081
217	217	6.44919
218	218	21.6098
219	219	44.5296
220	220	36.9939
221	221	-12.9947
222	222	47.5684
223	223	5.52614
224	224	-13.4492
225	225	2.71147
226	226	-20.7848
227	227	-0.335644
228	228	-20.9453
229	229	11.7206
230	230	-24.5936
231	231	26.3478
232	232	50.5836
233	233	-41.3515
234	234	5.8504
235	235	-48.0534
236	236	-5.9449
237	237	6.8715
238	238	-11.177
239	239	24.2111
240	240	-7.51905
241	241	10.6568
242	242	-40.0677
243	243	-1.76624
244	244	-21.7675
245	245	10.5792
246	246	27.5459
247	247	-9.11705
248	248	-35.3251
249	249	9.46072
250	250	6.15362
251	251	5.24172
252	252	12.6177
253	253	16.4147
254	254	15.8807
255	255	-13.6611
256	256	-2.91808
257	257	22.1804
258	258	-18.9043
259	259	23.2201
260	260	7.20922
261	261	-31.1624
262	262	-18.2069
263	263	-12.5967
264	264	-5.85683
265	265	-8.11815
266	266	-26.6466
267	267	-21.9801
268	268	11.1756
269	269	-7.50716
270	270	-16.9103
271	271	-2.09372
272	272	-36.81
273	273	73.1237
274	274	9.24348
275	275	26.6329
276	276	4.0026
277	277	-43.2812
278	278	-51.3136
279	279	-13.7684
280	280	-40.1655
281	281	-32.4281
282	282	-20.8147
283	283	10.7621
284	284	45.9874
285	285	-14.6176
286	286	-19.8855
287	287	6.19344
288	288	26.0148
289	289	15.6398
290	290	11.745
291	291	-17.2227
292	292	-5.34499
293	293	31.4034
294	294	43.759
295	295	-32.3385
296	296	12.4369
297	297	-19.6192
298	298	-4.25313
299	299	-15.7697
300	300	8.63589
301	301	-40.9958
302	302	1.3905
303	303	-7.66111
304	304	-11.3556
305	305	-50.8927
306	306	-1.59292
307	307	-2.29505
308	308	-11.051
309	309	-33.8095
310	310	-13.8606
311	311	-13.1133
312	312	17.2128
313	313	-25.8401
314	314	32.7447
315	315	-8.40569
316	316	0.937744
317	317	-21.99
318	318	4.97627
319	319	-15.4441
320	320	-41.168
321	321	-17.3141
322	322	-25.5329
323	323	-5.86456
324	324	38.1636
325	325	-13.6756
326	326	2.96529
327	327	-10.4822
328	328	8.64948
329	329	27.8103
330	330	-11.5498
331	331	-7.72795
332	332	-17.4404
333	333	10.0063
334	334	-9.16445
335	335	-0.456066
336	336	-41.9377
337	337	-7.92432
338	338	-15.44
339	339	17.7741
340	340	21.3136
341	341	24.5598
342	342	4.7167
343	343	-18.4352
344	344	27.2817
345	345	0.864711
346	346	46.041
347	347	-5.18016
348	348	-22.3563
349	349	0.911912
350	350	-43.4845
351	351	-34.763
352	352	12.3938
353	353	39.8933
354	354	-15.0871
355	355	-20.7573
356	356	32.8071
357	357	-43.1031
358	358	3.77557
359	359	-0.373092
360	360	8.24549
361	361	-6.28859
362	362	14.0251
363	363	-3.99909
364	364	-0.2486
365	365	-6.41687
366	366	-1.58331
367	367	-24.9362
368	368	17.4862
369	369	-3.04088
370	370	22.9645
371	371	12.4408
372	372	24.077
373	373	-13.6816
374	374	-14.8602
375	375	5.26977
376	376	-23.4669
377	377	14.048
378	378	-31.1687
379	379	-17.8337
380	380	8.7333
381	381	-5.66428
382	382	-36.9656
383	383	0.67199
384	384	-40.3122
385	385	10.4542
386	386	-30.0717
387	387	36.0883
388	388	-48.9695
389	389	11.3184
390	390	21.8328
391	391	3.06231
392	392	38.3784
393	393	-9.57903
394	394	-9.91859
395	395	22.9444
396	396	2.58816
397	397	-35.2429
398	398	12.1107
399	399	37.2878
400	400	19.9565
401	401	34.7748
402	402	9.42992
403	403	0.0064837
404	404	-18.2017
405	405	-14.5822
406	406	9.12037
407	407	26.0842
408	408	19.743
409	409	8.78712
410	410	34.306
411	411	5.34583
412	412	46.1783
413	413	-23.0585
414	414	7.67932
415	415	-21.1246
416	416	34.2075
417	417	2.18526
418	418	-32.4017
419	419	-15.5921
420	420	19.168
421	421	9.97764
422	422	35.7153
423	423	-6.20393
424	424	36.0155
425	425	23.5672
426	426	-3.238
427	427	-51.4931
428	428	-20.98
429	429	5.97402
430	430	-26.6611
431	431	60.3302
432	432	21.4803
433	433	-20.6518
434	434	20.7311
435	435	-15.6441
436	436	1.77858
437	437	12.1559
438	438	18.2431
439	439	2.26804
440	440	-38.4356
441	441	-3.70394
442	442	-55.6258
443	443	-15.0266
444	444	-4.71617
445	445	12.3447
446	446	18.8489
447	447	-22.2165
448	448	2.26524
449	449	-9.11996
450	450	28.8329
451	451	3.97342
452	452	0.627896
453	453	26.2377
454	454	21.8364
455	455	27.3534
456	456	-32.4433
457	457	41.9715
458	458	-11.9648
459	459	2.83325
460	460	-39.8623
461	461	-37.4536
462	462	-39.0532
463	463	-9.06116
464	464	30.7454
465	465	0.928356
466	466	-8.70101
467	467	-0.326245
468	468	-6.93621
469	469	-2.84484
470	470	-26.6744
471	471	11.7197
472	472	9.81826
473	473	-4.36831
474	474	-6.4046
475	475	6.23595
476	476	22.3859
477	477	-2.91777
478	478	1.70295
479	479	13.7239
480	480	-1.97949
481	481	-14.2719
482	482	-10.2573
483	483	8.60421
484	484	32.5487
485	485	22.7197
486	486	9.56674
487	487	17.2332
488	488	9.50398
489	489	3.88009
490	490	-33.8048
491	491	-28.4215
492	492	-22.0384
493	493	-27.3836
494	494	-6.9405
495	495	6.46691
496	496	-27.4049
497	497	1.19452
498	498	30.5167
499	499	-42.2533
500	500	31.4704
501	501	-0.878644
502	502	26.7781
503	503	-2.6665
504	504	20.0832
505	505	37.4861
506	506	-45.1163
507	507	41.4256
508	508	-22.1421
509	509	24.8941
510	510	0.424075
511	511	-22.5834
512	512	-20.0642
513	513	0.815668
514	514	10.6084
515	515	6.87101
516	516	-11.7086
517	517	-6.61427
518	518	17.714
519	519	7.88716
520	520	10.4748
521	521	23.7972
522	522	-28.6246
523	523	-26.2108
524	524	30.7374
525	525	22.4311
526	526	-14.2591
527	527	5.15382
528	528	-7.71912
529	529	-10.1002
530	530	22.5035
531	531	9.80752
532	532	19.7635
533	533	11.2215
534	534	15.0021
535	535	-18.8404
536	536	26.9921
537	537	-1.43767
538	538	37.7723
539	539	7.51662
540	540	-13.3012
541	541	-12.7531
542	542	2.37891
543	543	26.5011
544	544	-11.7548
545	545	-15.0009
546	546	42.3209
547	547	9.70291
548	548	-33.2206
549	549	3.20322
550	550	20.699
551	551	32.9203
552	552	20.9525
553	553	44.9297
554	554	41.3279
555	555	-1.03601
556	556	14.6207
557	557	23.5993
558	558	0.144173
559	559	-12.3499
560	560	10.7014
561	561	13.5627
562	562	-5.3757
563	563	6.81847
564	564	23.8159
565	565	-20.2076
566	566	-6.98157
567	567	4.92747
568	568	19.0241
569	569	50.4825
570	570	-39.9464
571	571	25.4257
572	572	-6.98937
573	573	-2.63631
574	574	18.3131
575	575	-5.66904
576	576	61.7553
577	577	14.1888
578	578	30.4053
579	579	24.4301
580	580	-54.2319
581	581	-13.1389
582	582	6.44415
583	583	-3.8573
584	584	-14.6081
585	585	-27.2974
586	586	25.0211
587	587	-8.93706
588	588	35.4598
589	589	-52.4767
590	590	-23.448
591	591	-12.5901
592	592	-5.31842
593	593	2.85382
594	594	25.3518
595	595	61.4258
596	596	37.7064
597	597	-22.1698
598	598	-0.352964
599	599	-8.69134
600	600	-28.3193
601	601	-0.704889
602	602	-17.09
603	603	9.60287
604	604	3.77124
605	605	-26.9565
606	606	-17.2236
607	607	13.5544
608	608	49.5015
609	609	-27.9476
610	610	2.7163
611	611	-16.3485
612	612	21.6349
613	613	-27.8031
614	614	-8.22698
615	615	28.4513
616	616	16.3189
617	617	-37.2492
618	618	-3.67738
619	619	-6.19932
620	620	29.3065
621	621	-60.0432
622	622	10.744
623	623	-36.5452
624	624	27.7746
625	625	-0.532098
626	626	-16.506
627	627	-4.86551
628	628	23.163
629	629	-7.734
630	630	-13.168
631	631	-40.0432
632	632	0.797586
633	633	-21.6466
634	634	45.113
635	635	41.7925
636	636	13.809
637	637	21.4425
638	638	12.3266
639	639	-9.75365
640	640	31.5732
641	641	-15.301
642	642	-2.83425
643	643	16.127
644	644	22.4301
645	645	26.964
646	646	-17.5547
647	647	19.4756
648	648	-40.7087
649	649	-28.4453
650	650	5.37996
651	651	29.5599
652	652	16.4589
653	653	-3.07604
654	654	1.30166
655	655	-3.05601
656	656	-30.456
657	657	0.271537
658	658	25.6782
659	659	-22.1962
660	660	46.1571
661	661	1.36602
662	662	-11.497
663	663	-35.2529
664	664	31.6343
665	665	23.8076
666	666	14.068
667	667	-17.9214
668	668	8.84235
669	669	8.08679
670	670	-22.8793
671	671	-7.74143
672	672	-34.258
673	673	-5.11091
674	674	-0.918995
675	675	-16.1976
676	676	5.62365
677	677	-24.8595
678	678	7.64805
679	679	36.8484
680	680	-21.1246
681	681	-19.9155
682	682	23.9639
683	683	-9.42987
684	684	-47.0794
685	685	-15.4346
686	686	14.5878
687	687	-2.02635
688	688	47.0368
689	689	-11.3161
690	690	-12.577
691	691	22.4907
692	692	-12.5177
693	693	5.84859
694	694	27.5416
695	695	-14.7958
696	696	6.13047
697	697	-26.8956
698	698	23.3
699	699	13.4266
700	700	5.5925
701	701	2.72311
702	702	32.3166
703	703	-29.6599
704	704	-2.96397
705	705	-29.8011
706	706	-32.6925
707	707	-29.9027
708	708	26.9904
709	709	0.715578
710	710	-27.1015
711	711	56.1469
712	712	-51.0069
713	713	7.7834
714	714	-7.75498
715	715	-49.8063
716	716	-9.65066
717	717	31.5223
718	718	-32.4556
719	719	-44.3633
720	720	-1.55384
721	721	9.07426
722	722	-2.97705
723	723	-2.27221
724	724	-25.1765
725	725	-4.66863
726	726	-23.3091
727	727	-4.11231
728	728	7.10557
729	729	-19.3653
730	730	-14.9919
731	731	38.596
732	732	1.96646
733	733	0.733198
734	734	-23.6078
735	735	-15.0717
736	736	0.905708
737	737	12.8935
738	738	-50.2527
739	739	-33.0366
740	740	-6.26419
741	741	11.0912
742	742	-9.39561
743	743	8.70038
744	744	13.2678
745	745	4.40731
746	746	16.2543
747	747	-9.10643
748	748	-10.8973
749	749	-17.1876
750	750	1.62291
751	751	-25.6986
752	752	-13.3254
753	753	13.1944
754	754	27.4524
755	755	-6.13839
756	756	-6.62353
757	757	32.4042
758	758	9.13513
759	759	-15.3565
760	760	-1.47194
761	761	23.6405
762	762	1.39457
763	763	-15.1029
764	764	41.4273
765	765	19.5821
766	766	-13.2644
767	767	-8.24401
768	768	21.0177
769	769	22.6073
770	770	12.5813
771	771	38.3681
772	772	3.21547
773	773	24.7534
774	774	-16.9946
775	775	-3.84617
776	776	22.9183
777	777	11.1036
778	778	24.2058
779	779	-5.43451
780	780	12.1189
781	781	-12.7916
782	782	-31.9625
783	783	39.1305
784	784	-10.4918
785	785	-14.0438
786	786	-13.9467
787	787	-20.11
788	788	0.661102
789	789	-1.67876
790	790	0.182886
791	791	-8.41245
792	792	-5.0531
793	793	19.6244
794	794	12.6778
795	795	32.4466
796	796	-24.4796
797	797	20.3707
798	798	-7.6251
799	799	6.62157
800	800	12.9297
801	801	-20.4837
802	802	-15.2729
803	803	4.95941
804	804	37.8757
805	805	4.47963
806	806	23.0617
807	807	32.4887
808	808	16.9524
809	809	-9.98253
810	810	-10.7712
811	811	15.5281
812	812	23.6817
813	813	-0.452209
814	814	-3.02917
815	815	-5.0447
816	816	23.4171
817	817	-17.617
818	818	28.1972
819	819	19.3043
820	820	-34.3505
821	821	25.6035
822	822	49.8231
823	823	-27.4388
824	824	-11.0928
825	825	0.920606
826	826	23.2439
827	827	16.1693
828	828	-5.22643
829	829	10.8828
830	830	4.13511
831	831	-29.3257
832	832	-21.9908
833	833	-21.7647
834	834	-9.38805
835	835	-30.5427
836	836	24.3673
837	837	19.7013
838	838	17.0301
839	839	-35.4486
840	840	-24.1825
841	841	-6.0598
842	842	-2.94989
843	843	-40.0773
844	844	35.3315
845	845	32.8243
846	846	-32.5476
847	847	12.9959
848	848	-7.72408
849	849	1.08451
850	850	9.51855
851	851	-46.9913
852	852	24.8433
853	853	2.85975
854	854	0.140626
855	855	-13.2304
856	856	10.9722
857	857	14.1395
858	858	-19.2177
859	859	12.2403
860	860	-29.6472
861	861	27.7523
862	862	-11.9262
863	863	21.374
864	864	22.7291
865	865	-16.2384
866	866	-33.5707
867	867	-1.84152
868	868	15.4243
869	869	-10.855
870	870	15.304
871	871	-4.84686
872	872	37.8736
873	873	34.2628
874	874	18.0733
875	875	5.95559
876	876	46.255
877	877	1.27454
878	878	47.4245
879	879	4.64381
880	880	-1.00825
881	881	-36.8158
882	882	36.1485
883	883	27.6321
884	884	-15.7264
885	885	5.03725
886	886	-19.2335
887	887	-3.71612
888	888	-6.28832
889	889	6.35566
890	890	7.45475
891	891	8.14773
892	892	31.0765
893	893	27.2282
894	894	-11.8335
895	895	43.218
896	896	2.81469
897	897	13.8789
898	898	40.5366
899	899	39.0991
900	900	-39.6294
901	901	-12.0412
902	902	-25.8907
903	903	3.65126
904	904	34.0779
905	905	0.43626
906	906	-17.8736
907	907	9.28856
908	908	-33.7179
909	909	-1.17118
910	910	-50.8988
911	911	-18.4422
912	912	37.5569
913	913	13.0241
914	914	-3.53438
915	915	-14.3115
916	916	27.9434
917	917	-29.7269
918	918	10.2865
919	919	-14.1356
920	920	-9.09297
921	921	-37.2329
922	922	14.8936
923	923	26.7776
924	924	12.1861
925	925	-24.1607
926	926	19.4623
927	927	-30.4113
928	928	18.2167
929	929	25.5882
930	930	4.68407
931	931	22.9575
932	932	-4.89582
933	933	-29.6595
934	934	-0.135152
935	935	-12.2621
936	936	-12.6306
937	937	-48.0683
938	938	24.5975
939	939	-76.6642
940	940	-9.59238
941	941	14.6814
942	942	31.2373
943	943	3.34588
944	944	-24.4715
945	945	9.82041
946	946	25.2477
947	947	-8.64786
948	948	0.491094
949	949	-19.8248
950	950	-0.178712
951	951	-40.3662
952	952	29.0057
953	953	25.8867
954	954	18.0286
955	955	0.774295
956	956	19.4172
957	957	10.8247
958	958	-22.0243
959	959	33.958
960	960	5.61402
961	961	-7.16761
962	962	-4.08569
963	963	18.048
964	964	-18.6013
965	965	31.8297
966	966	23.4975
967	967	-23.9053
968	968	-23.2434
969	969	-32.8631
970	970	24.0197
971	971	-2.74646
972	972	-20.0487
973	973	18.5717
974	974	-21.9798
975	975	42.8074
976	976	30.646
977	977	4.65428
978	978	-36.6823
979	979	32.6103
980	980	-2.5585
981	981	-6.492
982	982	6.69682
983	983	5.07423
984	984	1.17445
985	985	-42.745
986	986	-9.45618
987	987	11.4614
988	988	19.1156
989	989	-19.719
990	990	-6.83444
991	991	10.2755
992	992	-34.5829
993	993	-58.0406
994	994	2.63443
995	995	-21.0901
996	996	-40.8109
997	997	-27.8983
998	998	10.2241
999	999	7.07943
1000	1000	10.6374
1001	1001	-0.586992
1002	1002	-17.9075
1003	1003	18.3513
1004	1004	18.265
1005	1005	-1.46262
1006	1006	23.2835
1007	1007	3.47606
1008	1008	24.0385
1009	1009	-30.642
1010	1010	-32.9622
1011	1011	7.20404
1012	1012	-23.3422
1013	1013	0.526932
1014	1014	14.9665
1015	1015	12.8936
1016	1016	-9.30904
1017	1017	-15.5284
1018	1018	29.2779
1019	1019	36.5556
1020	1020	-13.087
1021	1021	-11.4192
1022	1022	8.20714
1023	1023	-35.0493
1024	1024	-39.0524
1025	1025	42.9122
1026	1026	-36.97
1027	1027	5.07883
1028	1028	45.3704
1029	1029	-19.4733
1030	1030	10.0833
1031	1031	-27.7944
1032	1032	-17.5905
1033	1033	50.6259
1034	1034	-4.30597
1035	1035	-25.9909
1036	1036	41.0871
1037	1037	28.3918
1038	1038	13.0641
1039	1039	0.338376
1040	1040	4.36091
1041	1041	-17.8658
1042	1042	-15.8776
1043	1043	5.19329
1044	1044	9.43187
1045	1045	6.91233
1046	1046	-8.54898
1047	1047	-16.8602
1048	1048	-8.42029
1049	1049	26.9525
1050	1050	15.8995
1051	1051	56.9683
1052	1052	31.3271
1053	1053	29.633
1054	1054	19.8941
1055	1055	-20.7025
1056	1056	-6.94518
1057	1057	-21.4037
1058	1058	11.5621
1059	1059	-48.1384
1060	1060	-42.07
1061	1061	44.282
1062	1062	-25.363
1063	1063	-24.9266
1064	1064	7.05223
1065	1065	40.4937
1066	1066	12.3834
1067	1067	-42.4602
1068	1068	-28.4392
1069	1069	-8.66387
1070	1070	-19.4693
1071	1071	-32.9372
1072	1072	-0.0992282
1073	1073	19.1196
1074	1074	21.7457
1075	1075	19.9236
1076	1076	-37.9608
1077	1077	3.033
1078	1078	9.32743
1079	1079	-5.84142
1080	1080	-6.50824
1081	1081	44.0965
1082	1082	9.89943
1083	1083	-14.3976
1084	1084	-11.9598
1085	1085	-33.9369
1086	1086	20.2228
1087	1087	39.0295
1088	1088	11.6214
1089	1089	-15.5737
1090	1090	-14.4422
1091	1091	24.8071
1092	1092	36.6571
1093	1093	8.94206
1094	1094	-7.23326
1095	1095	20.014
1096	1096	-3.23135
1097	1097	-22.9092
1098	1098	-22.8389
1099	1099	-28.6838
1100	1100	13.1394
1101	1101	-7.74663
1102	1102	-18.5786
1103	1103	-30.0896
1104	1104	32.3485
1105	1105	-0.617017
1106	1106	4.18654
1107	1107	1.16515
1108	1108	11.7886
1109	1109	19.587
1110	1110	25.5637
1111	1111	10.9028
1112	1112	-45.3029
1113	1113	28.3445
1114	1114	48.3582
1115	1115	6.40365
1116	1116	2.99685
1117	1117	7.75195
1118	1118	22.1004
1119	1119	-44.5547
1120	1120	-34.4352
1121	1121	-7.40454
1122	1122	-17.7832
1123	1123	-13.8583
1124	1124	-19.6285
1125	1125	-32.2684
1126	1126	48.1697
1127	1127	-14.9896
1128	1128	-14.4323
1129	1129	43.7368
1130	1130	-27.8792
1131	1131	-17.5933
1132	1132	1.74102
1133	1133	-36.7526
1134	1134	-24.7669
1135	1135	35.9002
1136	1136	-2.68501
1137	1137	-16.6955
1138	1138	-29.5412
1139	1139	6.60349
1140	1140	21.1501
1141	1141	-35.2781
1142	1142	-6.67857
1143	1143	-47.3097
1144	1144	16.6904
1145	1145	39.4509
1146	1146	8.95262
1147	1147	-29.3387
1148	1148	16.6796
1149	1149	-16.4159
1150	1150	-14.2285
1151	1151	18.192
1152	1152	-45.4887
1153	1153	-19.7399
1154	1154	-7.63673
1155	1155	10.7534
1156	1156	-39.3353
1157	1157	1.63461
1158	1158	13.02
1159	1159	8.56119
1160	1160	-30.2026
1161	1161	4.97409
1162	1162	-3.15008
1163	1163	-9.83698
1164	1164	7.03774
1165	1165	12.6355
1166	1166	28.6853
1167	1167	-9.82314
1168	1168	-15.3593
1169	1169	39.918
1170	1170	-24.4993
1171	1171	-29.1419
1172	1172	-12.5962
1173	1173	38.4909
1174	1174	-33.3496
1175	1175	48.5274
1176	1176	26.485
1177	1177	-6.2893
1178	1178	50.7178
1179	1179	-19.7208
1180	1180	8.53538
1181	1181	3.29106
1182	1182	6.10775
1183	1183	27.8731
1184	1184	-42.1553
1185	1185	54.6327
1186	1186	17.1243
1187	1187	12.8786
1188	1188	-2.17357
1189	1189	-26.7497
1190	1190	21.7049
1191	1191	-6.49434
1192	1192	13.2743
1193	1193	-3.41639
1194	1194	-12.0293
1195	1195	-36.8338
1196	1196	-9.98484
1197	1197	28.4962
1198	1198	-58.8043
1199	1199	-25.3672
1200	1200	9.52774
1201	1201	-10.2939
1202	1202	23.9409
1203	1203	24.9561
1204	1204	11.7144
1205	1205	-31.8852
1206	1206	-2.4158
1207	1207	-39.2524
1208	1208	16.604
1209	1209	-28.0898
1210	1210	11.3514
1211	1211	5.55922
1212	1212	7.60556
1213	1213	29.9805
1214	1214	32.921
1215	1215	29.7499
1216	1216	-16.581
1217	1217	-53.1274
1218	1218	-11.5328
1219	1219	35.0125
1220	1220	-17.4925
1221	1221	-3.96337
1222	1222	-0.262377
1223	1223	-48.0473
1224	1224	8.30274
1225	1225	-15.2018
1226	1226	-22.0892
1227	1227	17.1241
1228	1228	-17.7628
1229	1229	2.89562
1230	1230	13.0184
1231	1231	-43.6305
1232	1232	-5.35701
1233	1233	-53.319
1234	1234	-40.4399
1235	1235	-36.9801
1236	1236	17.0184
1237	1237	-19.1042
1238	1238	26.753
1239	1239	38.3749
1240	1240	37.5395
1241	1241	1.97744
1242	1242	-4.82466
1243	1243	9.14417
1244	1244	46.8739
1245	1245	-34.4801
1246	1246	-20.6384
1247	1247	-30.5863
1248	1248	-32.0794
1249	1249	34.6597
1250	1250	23.9757
1251	1251	-16.8494
1252	1252	16.3756
1253	1253	31.3389
1254	1254	-34.5365
1255	1255	27.5397
1256	1256	10.1076
1257	1257	16.5165
1258	1258	-6.98122
1259	1259	24.9906
1260	1260	16.846
1261	1261	7.35028
1262	1262	52.9665
1263	1263	10.8009
1264	1264	11.5136
1265	1265	-8.59697
1266	1266	9.9116
1267	1267	5.30092
1268	1268	1.25516
1269	1269	-17.7284
1270	1270	-8.39376
1271	1271	-4.4859
1272	1272	-26.1848
1273	1273	-59.9013
1274	1274	-9.24459
1275	1275	-11.638
1276	1276	-23.9633
1277	1277	7.63023
1278	1278	-40.2924
1279	1279	-32.6876
1280	1280	-7.28751
1281	1281	-7.63257
1282	1282	-44.3387
1283	1283	-18.4978
1284	1284	-27.0542
1285	1285	-1.18149
1286	1286	28.0262
1287	1287	-15.9447
1288	1288	4.6002
1289	1289	17.0342
1290	1290	3.07665
1291	1291	-51.7306
1292	1292	-12.2644
1293	1293	-5.57075
1294	1294	-13.6987
1295	1295	4.51307
1296	1296	14.6508
1297	1297	37.4747
1298	1298	6.68847
1299	1299	-7.59878
1300	1300	11.2159
1301	1301	29.9414
1302	1302	14.3126
1303	1303	-7.38594
1304	1304	-1.85186
1305	1305	-20.9052
1306	1306	-0.829056
1307	1307	23.6157
1308	1308	-25.6895
1309	1309	-24.6308
1310	1310	37.7114
1311	1311	6.78457
1312	1312	15.3263
1313	1313	13.617
1314	1314	24.2506
1315	1315	48.3552
1316	1316	17.9428
1317	1317	12.6552
1318	1318	-27.2992
1319	1319	25.112
1320	1320	49.1085
1321	1321	24.1296
1322	1322	22.8468
1323	1323	-8.23372
1324	1324	-4.54508
1325	1325	32.5524
1326	1326	-15.7838
1327	1327	2.04553
1328	1328	-45.1709
1329	1329	7.10029
1330	1330	31.3525
1331	1331	-18.1086
1332	1332	35.1012
1333	1333	1.57796
1334	1334	2.87828
1335	1335	28.7135
1336	1336	23.9268
1337	1337	-42.8702
1338	1338	-4.8661
1339	1339	2.06625
1340	1340	-24.4333
1341	1341	-4.84765
1342	1342	19.1109
1343	1343	11.3826
1344	1344	10.8046
1345	1345	-5.38752
1346	1346	12.136
1347	1347	-9.00301
1348	1348	32.7459
1349	1349	37.196
1350	1350	22.291
1351	1351	19.1214
1352	1352	-9.11299
1353	1353	-25.3314
1354	1354	-2.26442
1355	1355	-28.5098
1356	1356	-25.839
1357	1357	-15.0964
1358	1358	10.2675
1359	1359	-34.0106
1360	1360	18.3269
1361	1361	-6.95308
1362	1362	-37.2474
1363	1363	18.8599
1364	1364	13.1343
1365	1365	-1.69607
1366	1366	-31.4954
1367	1367	21.3901
1368	1368	10.5349
1369	1369	-23.4607
1370	1370	21.201
1371	1371	-4.30335
1372	1372	-21.4585
1373	1373	19.5052
1374	1374	-14.8293
1375	1375	-31.7213
1376	1376	0.268455
1377	1377	40.4426
1378	1378	12.3023
1379	1379	-18.894
1380	1380	-43.7314
1381	1381	14.3949
1382	1382	5.87574
1383	1383	7.27798
1384	1384	28.2059
1385	1385	30.9485
1386	1386	-21.2908
1387	1387	67.7868
1388	1388	6.52671
1389	1389	-14.1095
1390	1390	13.8544
1391	1391	1.00105
1392	1392	-6.12659
1393	1393	-35.8057
1394	1394	2.37518
1395	1395	2.75119
1396	1396	-25.3317
1397	1397	-23.8554
1398	1398	35.9909
1399	1399	22.1035
1400	1400	29.5623
1401	1401	-6.12093
1402	1402	1.00496
1403	1403	31.7224
1404	1404	27.2225
1405	1405	-27.6011
1406	1406	15.4953
1407	1407	2.4777
1408	1408	-7.58172
1409	1409	-1.78933
1410	1410	40.2271
1411	1411	2.25525
1412	1412	-3.53938
1413	1413	-4.83969
1414	1414	40.8448
1415	1415	-34.1336
1416	1416	12.4141
1417	1417	20.7219
1418	1418	34.1889
1419	1419	-22.9156
1420	1420	-19.67
1421	1421	3.62425
1422	1422	20.128
1423	1423	-26.0693
1424	1424	25.0767
1425	1425	19.5468
1426	1426	-1.12818
1427	1427	-34.3705
1428	1428	17.4928
1429	1429	-0.0946232
1430	1430	-33.7794
1431	1431	14.097
1432	1432	12.8856
1433	1433	-0.753549
1434	1434	-5.41997
1435	1435	-29.238
1436	1436	-35.8607
1437	1437	25.4042
1438	1438	-0.120218
1439	1439	72.5041
1440	1440	26.9286
1441	1441	0.289198
1442	1442	-5.06031
1443	1443	-15.7404
1444	1444	24.5888
1445	1445	45.2325
1446	1446	28.0017
1447	1447	8.44436
1448	1448	39.9681
1449	1449	-15.2815
1450	1450	11.9161
1451	1451	12.5129
1452	1452	29.3676
1453	1453	-0.587208
1454	1454	21.2959
1455	1455	-8.05803
1456	1456	-5.07812
1457	1457	14.2352
1458	1458	-36.6687
1459	1459	25.2163
1460	1460	-31.1373
1461	1461	3.89688
1462	1462	-25.2993
1463	1463	22.5968
1464	1464	-4.51269
1465	1465	5.58943
1466	1466	-8.71372
1467	1467	-12.638
1468	1468	-7.68238
1469	1469	-4.36901
1470	1470	-4.54213
1471	1471	-14.2804
1472	1472	-32.6939
1473	1473	18.6662
1474	1474	24.9551
1475	1475	43.8174
1476	1476	33.1366
1477	1477	-16.8293
1478	1478	-6.27872
1479	1479	8.42044
1480	1480	-19.2535
1481	1481	-27.4515
1482	1482	13.2409
1483	1483	-34.1316
1484	1484	24.4193
1485	1485	17.2606
1486	1486	4.91652
1487	1487	1.21964
1488	1488	1.41878
1489	1489	20.4951
1490	1490	-1.20831
1491	1491	19.041
1492	1492	-10.2804
1493	1493	-26.9187
1494	1494	-22.6974
1495	1495	4.59963
1496	1496	-13.9399
1497	1497	15.6507
1498	1498	-7.52244
1499	1499	-0.920667
1500	1500	-7.90184
1501	1501	0.152753
1502	1502	-13.4207
1503	1503	-9.44771
1504	1504	12.1698
1505	1505	-4.92613
1506	1506	-2.29017
1507	1507	-30.819
1508	1508	6.97861
1509	1509	31.7297
1510	1510	8.4245
1511	1511	-11.146
1512	1512	-34.3285
1513	1513	-33.8284
1514	1514	37.6271
1515	1515	25.9868
1516	1516	-25.3283
1517	1517	-43.4505
1518	1518	-27.714
1519	1519	0.618445
1520	1520	-15.6023
1521	1521	24.0362
1522	1522	-50.3862
1523	1523	22.5991
1524	1524	27.3556
1525	1525	29.5836
1526	1526	13.4797
1527	1527	-15.6704
1528	1528	24.6875
1529	1529	6.89152
1530	1530	4.73382
1531	1531	-30.8171
1532	1532	-3.43245
1533	1533	-19.7009
1534	1534	-9.46312
1535	1535	-24.2924
1536	1536	-39.7012
1537	1537	15.1756
1538	1538	40.4323
1539	1539	17.4019
1540	1540	53.7861
1541	1541	32.1061
1542	1542	14.3776
1543	1543	-27.8072
1544	1544	-9.58594
1545	1545	13.7156
1546	1546	-13.5815
1547	1547	7.99433
1548	1548	63.8898
1549	1549	25.3339
1550	1550	5.39766
1551	1551	18.8685
1552	1552	-33.2331
1553	1553	1.82949
1554	1554	2.67994
1555	1555	19.5201
1556	1556	2.07386
1557	1557	-36.9934
1558	1558	30.9233
1559	1559	-27.3591
1560	1560	-17.8853
1561	1561	-17.3259
1562	1562	3.4217
1563	1563	-33.7529
1564	1564	-3.0209
1565	1565	7.68631
1566	1566	-19.084
1567	1567	-0.669612
1568	1568	-7.79308
1569	1569	-13.4116
1570	1570	22.0451
1571	1571	44.3183
1572	1572	34.6373
1573	1573	-6.35135
1574	1574	-37.3886
1575	1575	-26.1569
1576	1576	25.7287
1577	1577	6.01627
1578	1578	-25.8106
1579	1579	-8.67289
1580	1580	-14.4768
1581	1581	-5.89279
1582	1582	-20.3459
1583	1583	2.09834
1584	1584	-23.1328
1585	1585	-1.52681
1586	1586	24.6993
1587	1587	-31.4048
1588	1588	7.29457
1589	1589	42.5752
1590	1590	18.9691
1591	1591	-48.66
1592	1592	-2.49204
1593	1593	12.1288
1594	1594	-22.6928
1595	1595	34.6181
1596	1596	-8.24105
1597	1597	-23.1742
1598	1598	14.8104
1599	1599	-18.6986
1600	1600	-26.9802
1601	1601	49.0131
1602	1602	-15.7456
1603	1603	-32.3046
1604	1604	36.1191
1605	1605	-18.7199
1606	1606	36.251
1607	1607	23.962
1608	1608	29.0972
1609	1609	7.25187
1610	1610	-22.3971
1611	1611	-11.6421
1612	1612	-24.8448
1613	1613	10.4541
1614	1614	18.9627
1615	1615	0.696202
1616	1616	11.4876
1617	1617	-1.19262
1618	1618	9.69637
1619	1619	4.83751
1620	1620	42.3637
1621	1621	-4.96548
1622	1622	-15.6305
1623	1623	33.9256
1624	1624	-20.5341
1625	1625	-12.5644
1626	1626	-9.33638
1627	1627	21.0853
1628	1628	-26.0582
1629	1629	-21.8517
1630	1630	-20.8521
1631	1631	42.0573
1632	1632	-43.7618
1633	1633	-10.7051
1634	1634	17.0002
1635	1635	9.05608
1636	1636	-1.44641
1637	1637	-25.7924
1638	1638	44.2686
1639	1639	-10.316
1640	1640	37.4899
1641	1641	-12.3356
1642	1642	31.7054
1643	1643	7.20066
1644	1644	11.606
1645	1645	10.9859
1646	1646	-31.0486
1647	1647	14.6784
1648	1648	-18.8995
1649	1649	-1.58385
1650	1650	10.6721
1651	1651	1.41985
1652	1652	-23.5389
1653	1653	18.9569
1654	1654	27.2531
1655	1655	30.3577
1656	1656	-7.25524
1657	1657	17.096
1658	1658	-38.84
1659	1659	10.3363
1660	1660	7.76148
1661	1661	22.7766
1662	1662	-6.49021
1663	1663	13.8554
1664	1664	6.14727
1665	1665	-0.551991
1666	1666	0.784993
1667	1667	11.2831
1668	1668	-50.8183
1669	1669	7.63572
1670	1670	11.9932
1671	1671	28.1439
1672	1672	20.8609
1673	1673	-14.6457
1674	1674	39.9868
1675	1675	13.472
1676	1676	-34.5103
1677	1677	8.6105
1678	1678	-27.9585
1679	1679	25.1783
1680	1680	17.8469
1681	1681	40.8809
1682	1682	9.69503
1683	1683	2.97567
1684	1684	-9.30628
1685	1685	-45.9278
1686	1686	-8.64991
1687	1687	-34.556
1688	1688	1.67445
1689	1689	-14.6843
1690	1690	-10.4504
1691	1691	-8.02256
1692	1692	-31.9925
1693	1693	-36.3852
1694	1694	49.8205
1695	1695	-11.9958
1696	1696	-9.51656
1697	1697	14.1291
1698	1698	31.0391
1699	1699	31.0757
1700	1700	23.988
1701	1701	4.08476
1702	1702	8.60627
1703	1703	-15.0074
1704	1704	21.9279
1705	1705	-22.6108
1706	1706	16.1669
1707	1707	0.186539
1708	1708	-11.4817
1709	1709	-4.95436
1710	1710	3.67329
1711	1711	-2.87283
1712	1712	-4.54467
1713	1713	30.1049
1714	1714	22.4439
1715	1715	-5.08568
1716	1716	-38.7258
1717	1717	-29.8902
1718	1718	18.9406
1719	1719	-10.3347
1720	1720	-0.38217
1721	1721	10.1981
1722	1722	-4.14434
1723	1723	-2.76131
1724	1724	20.6676
1725	1725	17.4002
1726	1726	-0.948031
1727	1727	-2.04005
1728	1728	-5.77411
1729	1729	21.4665
1730	1730	-12.0002
1731	1731	24.2778
1732	1732	-12.8349
1733	1733	-23.0607
1734	1734	-27.4838
1735	1735	2.96473
1736	1736	11.718
1737	1737	-24.4398
1738	1738	20.4182
1739	1739	-31.3026
1740	1740	32.3633
1741	1741	-1.06738
1742	1742	-5.42206
1743	1743	5.74589
1744	1744	34.8988
1745	1745	18.7425
1746	1746	-32.8637
1747	1747	-11.2726
1748	1748	-15.1405
1749	1749	21.8278
1750	1750	51.9161
1751	1751	-47.4411
1752	1752	-7.52825
1753	1753	20.7706
1754	1754	-7.51115
1755	1755	-30.1199
1756	1756	-34.3571
1757	1757	-19.3869
1758	1758	1.63754
1759	1759	10.8174
1760	1760	8.32852
1761	1761	9.12289
1762	1762	-8.42543
1763	1763	10.8063
1764	1764	-7.96408
1765	1765	-11.3691
1766	1766	2.06664
1767	1767	-7.99504
1768	1768	-15.0571
1769	1769	-4.71496
1770	1770	-15.1341
1771	1771	3.31861
1772	1772	35.5597
1773	1773	-40.4553
1774	1774	33.2986
1775	1775	-2.00668
1776	1776	10.6323
1777	1777	10.9717
1778	1778	-4.42097
1779	1779	-8.07564
1780	1780	2.44193
1781	1781	23.6416
1782	1782	-18.9349
1783	1783	-4.71675
1784	1784	-25.2845
1785	1785	-35.2061
1786	1786	-26.7032
1787	1787	-4.66461
1788	1788	22.4372
1789	1789	7.52107
1790	1790	-21.0951
1791	1791	12.5004
1792	1792	-11.7263
1793	1793	6.01904
1794	1794	39.847
1795	1795	-8.61133
1796	1796	46.4467
1797	1797	-3.9759
1798	1798	-1.4766
1799	1799	-22.2054
1800	1800	5.29627
1801	1801	7.13918
1802	1802	-5.99652
1803	1803	6.69503
1804	1804	-2.82974
1805	1805	38.5793
1806	1806	-19.8646
1807	1807	23.0574
1808	1808	-29.6874
1809	1809	42.9562
1810	1810	30.5157
1811	1811	-16.3686
1812	1812	3.40742
1813	1813	-32.4325
1814	1814	10.9598
1815	1815	21.3276
1816	1816	0.273011
1817	1817	58.439
1818	1818	29.5191
1819	1819	35.8511
1820	1820	-3.62012
1821	1821	58.7786
1822	1822	43.3569
1823	1823	-52.6233
1824	1824	37.8287
1825	1825	-8.54035
1826	1826	-20.4266
1827	1827	-11.722
1828	1828	44.1405
1829	1829	31.6414
1830	1830	12.2835
1831	1831	-27.1967
1832	1832	-31.2676
1833	1833	4.85351
1834	1834	-25.804
1835	1835	-40.6735
1836	1836	3.75436
1837	1837	26.1917
1838	1838	6.74946
1839	1839	-20.2219
1840	1840	-0.738607
1841	1841	4.45893
1842	1842	-11.7339
1843	1843	-30.5007
1844	1844	41.9447
1845	1845	-6.85125
1846	1846	-30.0684
1847	1847	29.8057
1848	1848	41.337
1849	1849	-60.1533
1850	1850	-21.4357
1851	1851	-6.02005
1852	1852	-4.60448
1853	1853	2.18255
1854	1854	-18.6024
1855	1855	33.7651
1856	1856	-34.6573
1857	1857	25.0694
1858	1858	19.4212
1859	1859	4.7087
1860	1860	32.0635
1861	1861	20.7444
1862	1862	-2.33339
1863	1863	-40.1842
1864	1864	4.41771
1865	1865	-6.18509
1866	1866	-16.7099
1867	1867	11.8727
1868	1868	13.6503
1869	1869	-42.7464
1870	1870	-7.48167
1871	1871	-24.7125
1872	1872	-45.3225
1873	1873	21.2838
1874	1874	10.5852
1875	1875	10.0639
1876	1876	-20.9006
1877	1877	-14.3958
1878	1878	-0.62818
1879	1879	-34.8884
1880	1880	3.43367
1881	1881	37.9979
1882	1882	17.7804
1883	1883	20.579
1884	1884	-57.5549
1885	1885	-5.53367
1886	1886	-6.9929
1887	1887	-14.813
1888	1888	-21.7537
1889	1889	1.77262
1890	1890	18.1588
1891	1891	22.3925
1892	1892	-8.53703
1893	1893	0.846224
1894	1894	15.9765
1895	1895	19.1109
1896	1896	2.02223
1897	1897	24.8273
1898	1898	-31.0278
1899	1899	42.2459
1900	1900	-25.457
1901	1901	27.4452
1902	1902	-18.6567
1903	1903	-11.5062
1904	1904	-43.322
1905	1905	-9.9531
1906	1906	-40.3405
1907	1907	20.4243
1908	1908	51.2831
1909	1909	8.47655
1910	1910	37.7244
1911	1911	5.4379
1912	1912	-10.4143
1913	1913	-15.3762
1914	1914	-21.2635
1915	1915	-4.91695
1916	1916	-53.2926
1917	1917	19.8494
1918	1918	2.37927
1919	1919	-3.74063
1920	1920	-3.57523
1921	1921	11.7851
1922	1922	36.4791
1923	1923	8.21308
1924	1924	26.1209
1925	1925	-8.61118
1926	1926	21.355
1927	1927	22.4012
1928	1928	1.71503
1929	1929	32.0499
1930	1930	41.398
1931	1931	-15.0601
1932	1932	-33.6117
1933	1933	-18.6158
1934	1934	28.6012
1935	1935	18.1888
1936	1936	16.1365
1937	1937	-26.7946
1938	1938	-15.2446
1939	1939	-9.06281
1940	1940	9.13369
1941	1941	19.7418
1942	1942	4.1766
1943	1943	6.26889
1944	1944	17.8747
1945	1945	-7.50482
1946	1946	20.8398
1947	1947	24.4625
1948	1948	-47.9879
1949	1949	2.60358
1950	1950	9.14917
1951	1951	-28.2322
1952	1952	-23.3439
1953	1953	3.05228
1954	1954	-27.7458
1955	1955	-12.9967
1956	1956	-8.34044
1957	1957	10.9421
1958	1958	4.66411
1959	1959	-23.9332
1960	1960	6.81613
1961	1961	-20.0813
1962	1962	14.0945
1963	1963	-1.45566
1964	1964	8.07233
1965	1965	48.9969
1966	1966	26.5889
1967	1967	-0.252521
1968	1968	13.3306
1969	1969	15.8977
1970	1970	34.7814
1971	1971	-34.5745
1972	1972	-1.86025
1973	1973	25.1908
1974	1974	18.1466
1975	1975	2.39904
1976	1976	-11.035
1977	1977	-1.12596
1978	1978	17.5056
1979	1979	33.3039
1980	1980	13.1572
1981	1981	9.79479
1982	1982	22.9388
1983	1983	18.0923
1984	1984	44.4816
1985	1985	-27.8391
1986	1986	-0.645805
1987	1987	-8.2499
1988	1988	-12.5384
1989	1989	6.18881
1990	1990	14.0285
1991	1991	-21.1425
1992	1992	-30.0724
1993	1993	-17.8604
1994	1994	-34.4562
1995	1995	-29.2598
1996	1996	-1.45724
1997	1997	-20.9904
1998	1998	38.7379
1999	1999	33.7359
2000	2000	-0.291733
2001	2001	-0.6504
2002	2002	-0.225173
2003	2003	-21.1046
2004	2004	9.75812
2005	2005	-23.6977
2006	2006	28.6042
2007	2007	22.4973
2008	2008	24.014
2009	2009	-0.107953
2010	2010	-34.5301
2011	2011	12.9044
2012	2012	10.5412
2013	2013	22.7192
2014	2014	-4.22648
2015	2015	-25.6956
2016	2016	22.0821
2017	2017	-1.46607
2018	2018	41.8626
2019	2019	26.6851
2020	2020	-54.1743
2021	2021	38.1622
2022	2022	-16.7925
2023	2023	-2.49667
2024	2024	-9.3243
2025	2025	-23.8838
2026	2026	22.3981
2027	2027	-6.8299
2028	2028	26.9373
2029	2029	10.6767
2030	2030	-11.6416
2031	2031	21.6758
2032	2032	-13.6904
2033	2033	11.7539
2034	2034	0.990737
2035	2035	22.0061
2036	2036	3.76254
2037	2037	12.125
2038	2038	18.6116
2039	2039	-37.7674
2040	2040	-44.3205
2041	2041	27.2162
2042	2042	-14.1487
2043	2043	16.5535
2044	2044	-1.06855
2045	2045	19.3308
2046	2046	-0.245859
2047	2047	1.18468
2048	2048	15.7443
2049	2049	30.4565
2050	2050	-37.0734
2051	2051	-8.02797
2052	2052	35.4836
2053	2053	-37.4258
2054	2054	29.425
2055	2055	6.81145
2056	2056	-11.2999
2057	2057	38.2444
2058	2058	-11.6056
2059	2059	-6.21762
2060	2060	44.5126
2061	2061	33.7774
2062	2062	-0.363022
2063	2063	-17.2606
2064	2064	-22.3014
2065	2065	16.1591
2066	2066	0.520764
2067	2067	64.9247
2068	2068	-33.0892
2069	2069	3.71524
2070	2070	27.7164
2071	2071	22.7307
2072	2072	46.2646
2073	2073	-12.4443
2074	2074	-29.4686
2075	2075	-33.5317
2076	2076	31.9943
2077	2077	44.8312
2078	2078	-24.2527
2079	2079	-17.0107
2080	2080	-22.9215
2081	2081	10.3585
2082	2082	21.8434
2083	2083	14.3804
2084	2084	-21.1445
2085	2085	30.8637
2086	2086	-9.40008
2087	2087	4.6304
2088	2088	10.686
2089	2089	42.1656
2090	2090	-26.3403
2091	2091	-29.1867
2092	2092	17.5072
2093	2093	15.799
2094	2094	17.0557
2095	2095	17.75
2096	2096	37.4258
2097	2097	-6.50753
2098	2098	42.327
2099	2099	27.5553
2100	2100	-16.7876
2101	2101	43.6131
2102	2102	41.0817
2103	2103	-24.5454
2104	2104	9.54561
2105	2105	16.4842
2106	2106	19.5735
2107	2107	-38.2978
2108	2108	-2.24708
2109	2109	-5.06996
2110	2110	-32.4696
2111	2111	-24.2182
2112	2112	1.6037
2113	2113	-21.2885
2114	2114	0.883756
2115	2115	-17.4776
2116	2116	-4.58386
2117	2117	26.8018
2118	2118	-34.2158
2119	2119	-12.8368
2120	2120	-18.6993
2121	2121	-26.4087
2122	2122	37.8872
2123	2123	-34.3877
2124	2124	-0.984712
2125	2125	15.3561
2126	2126	20.5349
2127	2127	-41.1031
2128	2128	17.4316
2129	2129	-21.4415
2130	2130	-34.6183
2131	2131	-14.3862
2132	2132	2.87123
2133	2133	-21.1473
2134	2134	-25.0265
2135	2135	18.5999
2136	2136	-14.1228
2137	2137	46.7862
2138	2138	-16.5907
2139	2139	1.48805
2140	2140	-14.1143
2141	2141	-28.0081
2142	2142	-25.589
2143	2143	5.68184
2144	2144	4.53555
2145	2145	-2.38616
2146	2146	-4.53426
2147	2147	-32.7747
2148	2148	32.6668
2149	2149	14.9123
2150	2150	-33.3442
2151	2151	23.3798
2152	2152	41.7248
2153	2153	-7.93788
2154	2154	-13.237
2155	2155	-31.1211
2156	2156	-5.49211
2157	2157	19.2464
2158	2158	-7.96298
2159	2159	37.4586
2160	2160	-25.3596
2161	2161	-17.773
2162	2162	-2.50647
2163	2163	-2.34128
2164	2164	-47.3106
2165	2165	17.0798
2166	2166	-9.72494
2167	2167	-1.05832
2168	2168	31.2962
2169	2169	-10.7278
2170	2170	0.333233
2171	2171	-4.47662
2172	2172	9.02923
2173	2173	-32.4649
2174	2174	-14.7319
2175	2175	-17.7298
2176	2176	21.4444
2177	2177	-17.3892
2178	2178	9.51214
2179	2179	-15.77
2180	2180	4.6009
2181	2181	-24.9785
2182	2182	-14.2418
2183	2183	-33.4378
2184	2184	25.9561
2185	2185	3.18763
2186	2186	-10.1923
2187	2187	52.2359
2188	2188	21.2166
2189	2189	-24.5361
2190	2190	-29.8364
2191	2191	-59.6765
2192	2192	1.30764
2193	2193	49.7512
2194	2194	29.8289
2195	2195	-25.272
2196	2196	24.2755
2197	2197	-27.1878
2198	2198	-6.08774
2199	2199	-10.1742
2200	2200	13.4062
2201	2201	-36.3295
2202	2202	16.3121
2203	2203	-23.6519
2204	2204	15.8641
2205	2205	-43.9536
2206	2206	15.5351
2207	2207	0.655153
2208	2208	7.62947
2209	2209	-1.95253
2210	2210	17.6218
2211	2211	2.87704
2212	2212	-14.8887
2213	2213	-20.6257
2214	2214	-0.649656
2215	2215	36.6589
2216	2216	17.2211
2217	2217	9.43249
2218	2218	-22.8512
2219	2219	19.9169
2220	2220	14.9006
2221	2221	43.1666
2222	2222	19.2601
2223	2223	7.72758
2224	2224	12.7798
2225	2225	34.7333
2226	2226	-43.2179
2227	2227	-20.1898
2228	2228	-50.9909
2229	2229	-8.55267
2230	2230	-27.5606
2231	2231	-30.4261
2232	2232	34.6191
2233	2233	-42.1974
2234	2234	16.335
2235	2235	-17.1095
2236	2236	-22.2257
2237	2237	15.7572
2238	2238	20.6465
2239	2239	29.6617
2240	2240	-1.64241
2241	2241	9.00754
2242	2242	7.15174
2243	2243	7.7738
2244	2244	9.88502
2245	2245	29.3036
2246	2246	15.4524
2247	2247	-11.1026
2248	2248	-7.1187
2249	2249	1.49575
2250	2250	13.0005
2251	2251	-18.1185
2252	2252	22.9796
2253	2253	9.10041
2254	2254	31.0613
2255	2255	1.40308
2256	2256	-7.30248
2257	2257	-0.28274
2258	2258	9.52591
2259	2259	8.73663
2260	2260	-16.7514
2261	2261	-27.5981
2262	2262	-27.5649
2263	2263	-40.2875
2264	2264	19.9379
2265	2265	5.53515
2266	2266	7.50624
2267	2267	13.8027
2268	2268	-24.2192
2269	2269	-25.5347
2270	2270	-41.4563
2271	2271	-34.3167
2272	2272	-22.0256
2273	2273	1.61092
2274	2274	-32.734
2275	2275	8.48847
2276	2276	-10.8886
2277	2277	13.9306
2278	2278	20.5471
2279	2279	49.4986
2280	2280	13.7355
2281	2281	-50.7269
2282	2282	-1.24273
2283	2283	6.57973
2284	2284	27.6714
2285	2285	-27.7415
2286	2286	-19.9695
2287	2287	15.3702
2288	2288	19.6624
2289	2289	-4.07225
2290	2290	-38.5898
2291	2291	6.57323
2292	2292	29.0735
2293	2293	-24.6374
2294	2294	5.63528
2295	2295	9.94
2296	2296	12.7224
2297	2297	-35.8315
2298	2298	-23.6425
2299	2299	47.4509
2300	2300	7.75412
2301	2301	20.4854
2302	2302	-34.2553
2303	2303	-22.2354
2304	2304	17.8066
2305	2305	-39.2383
2306	2306	-17.1766
2307	2307	-58.8505
2308	2308	24.6463
2309	2309	-26.5093
2310	2310	-18.1012
2311	2311	16.5363
2312	2312	-16.2469
2313	2313	-4.46764
2314	2314	-28.1749
2315	2315	-19.085
2316	2316	17.3062
2317	2317	4.64152
2318	2318	-35.6109
2319	2319	-25.6658
2320	2320	3.70437
2321	2321	24.3796
2322	2322	-3.13249
2323	2323	9.78068
2324	2324	8.77892
2325	2325	-33.459
2326	2326	-37.1663
2327	2327	1.36505
2328	2328	-31.2906
2329	2329	2.62039
2330	2330	19.5456
2331	2331	-36.5346
2332	2332	36.1202
2333	2333	-5.46833
2334	2334	-32.6418
2335	2335	-15.2869
2336	2336	14.1118
2337	2337	-0.877892
2338	2338	11.1616
2339	2339	14.8625
2340	2340	35.6372
2341	2341	-14.9399
2342	2342	-18.5867
2343	2343	-29.2232
2344	2344	-3.85114
2345	2345	5.56656
2346	2346	-31.6167
2347	2347	3.8827
2348	2348	-2.91525
2349	2349	-14.2184
2350	2350	-35.4856
2351	2351	43.0405
2352	2352	28.762
2353	2353	1.50937
2354	2354	-8.72661
2355	2355	12.7138
2356	2356	40.5057
2357	2357	-43.6358
2358	2358	1.85032
2359	2359	17.4612
2360	2360	9.99769
2361	2361	-7.66647
2362	2362	-14.1975
2363	2363	-20.8634
2364	2364	11.9054
2365	2365	-30.5195
2366	2366	6.94779
2367	2367	7.5851
2368	2368	-34.7125
2369	2369	-2.8773
2370	2370	11.9631
2371	2371	8.53434
2372	2372	-16.3449
2373	2373	-19.6266
2374	2374	-27.9963
2375	2375	4.43663
2376	2376	-32.9644
2377	2377	11.0875
2378	2378	-3.9495
2379	2379	-33.3565
2380	2380	-25.9124
2381	2381	10.4427
2382	2382	14.5644
2383	2383	46.0581
2384	2384	-15.7956
2385	2385	-1.23554
2386	2386	-22.8099
2387	2387	20.9329
2388	2388	-35.6805
2389	2389	2.53861
2390	2390	-6.35699
2391	2391	-20.7247
2392	2392	-12.8085
2393	2393	11.0855
2394	2394	-5.8012
2395	2395	-14.3745
2396	2396	-25.9972
2397	2397	-10.09
2398	2398	-40.6204
2399	2399	-7.60689
