sample_id	sample_id2	phensim
zero	zero	-14.5482
1	1	-5.08088
2	2	29.0061
3	3	-20.6088
4	4	-0.6429
5	5	-11.5885
6	6	-15.6557
7	7	-0.0414277
8	8	-10.3816
9	9	-3.79729
10	10	-51.5489
11	11	0.125862
12	12	8.6532
13	13	-37.7729
14	14	0.523804
15	15	-22.8628
16	16	-24.7229
17	17	-1.83933
18	18	13.7812
19	19	-18.4762
20	20	22.2734
21	21	-4.80599
22	22	17.0433
23	23	-19.3439
24	24	-8.82927
25	25	46.4188
26	26	4.95135
27	27	-3.75802
28	28	-21.032
29	29	-35.7267
30	30	10.0548
31	31	-7.86169
32	32	34.3369
33	33	10.0982
34	34	-31.2881
35	35	-0.0168452
36	36	-8.16676
37	37	1.3119
38	38	15.4143
39	39	-24.3499
40	40	28.0026
41	41	27.0179
42	42	-10.4633
43	43	6.16406
44	44	-3.54824
45	45	-28.0488
46	46	-33.1599
47	47	18.0066
48	48	32.9949
49	49	-7.63137
50	50	-1.98641
51	51	-12.2606
52	52	-34.0877
53	53	-3.85942
54	54	7.34217
55	55	25.8398
56	56	-6.53794
57	57	31.31
58	58	11.4208
59	59	-17.8498
60	60	1.71574
61	61	3.6093
62	62	-26.0331
63	63	5.5609
64	64	-1.76688
65	65	9.13414
66	66	11.644
67	67	57.2614
68	68	-19.3224
69	69	-9.34251
70	70	2.62378
71	71	-2.1818
72	72	0.0855083
73	73	-9.66977
74	74	35.4568
75	75	11.6467
76	76	-5.38065
77	77	-17.6263
78	78	15.9994
79	79	-0.703284
80	80	8.05481
81	81	14.1296
82	82	-10.9425
83	83	-2.88177
84	84	44.8894
85	85	7.57685
86	86	-13.216
87	87	17.4786
88	88	-5.17778
89	89	-2.59606
90	90	5.74356
91	91	26.867
92	92	6.23594
93	93	-12.7785
94	94	-8.83547
95	95	7.62539
96	96	-34.1134
97	97	8.09246
98	98	-4.78191
99	99	-2.70657
100	100	-16.7963
101	101	-0.119358
102	102	14.8534
103	103	26.4942
104	104	1.68107
105	105	10.0797
106	106	-18.1395
107	107	7.79397
108	108	2.82771
109	109	-11.9644
110	110	-10.4779
111	111	-15.6082
112	112	-15.7084
113	113	-34.4814
114	114	18.4158
115	115	-17.4519
116	116	55.9033
117	117	-11.4422
118	118	-22.7682
119	119	14.6911
120	120	14.1184
121	121	-5.11042
122	122	-45.2521
123	123	-2.50827
124	124	-16.3923
125	125	28.5793
126	126	-2.56697
127	127	11.1306
128	128	-44.9346
129	129	2.55117
130	130	49.1426
131	131	-0.485621
132	132	14.726
133	133	29.7091
134	134	-37.824
135	135	-21.3393
136	136	9.90104
137	137	30.9679
138	138	12.6138
139	139	12.3958
140	140	-23.0416
141	141	16.2531
142	142	8.70806
143	143	-17.7471
144	144	-1.29413
145	145	7.76449
146	146	-8.14556
147	147	-17.7593
148	148	-9.41467
149	149	-20.1394
150	150	-52.5858
151	151	10.6681
152	152	-8.13229
153	153	5.22741
154	154	-3.47449
155	155	-3.86735
156	156	-6.3063
157	157	12.1283
158	158	32.9443
159	159	-28.6313
160	160	-44.2796
161	161	57.8157
162	162	-5.03129
163	163	-9.48138
164	164	-20.9286
165	165	-5.71538
166	166	-23.1664
167	167	-19.9686
168	168	-15.7937
169	169	42.6361
170	170	18.9758
171	171	4.55978
172	172	-8.31533
173	173	-13.3984
174	174	-36.4253
175	175	34.8097
176	176	-32.4941
177	177	55.0464
178	178	-9.73051
179	179	21.1439
180	180	0.697426
181	181	-5.80969
182	182	-20.4317
183	183	-5.99775
184	184	-24.4742
185	185	7.48677
186	186	5.84964
187	187	-2.3606
188	188	-9.94824
189	189	-24.4546
190	190	-4.8812
191	191	-8.55452
192	192	-10.259
193	193	10.0051
194	194	14.8122
195	195	-8.37086
196	196	-6.21117
197	197	-20.177
198	198	14.113
199	199	-19.6354
200	200	24.4677
201	201	6.73956
202	202	13.1025
203	203	-13.2944
204	204	-14.2847
205	205	39.0657
206	206	10.0044
207	207	-15.2011
208	208	-20.0281
209	209	-4.80903
210	210	-29.1742
211	211	0.238412
212	212	48.7809
213	213	0.89085
214	214	-41.7631
215	215	1.91037
216	216	-2.71937
217	217	4.81975
218	218	10.6815
219	219	-9.25417
220	220	-24.2976
221	221	-11.493
222	222	-10.3553
223	223	-13.5992
224	224	-8.38173
225	225	-2.45068
226	226	30.2141
227	227	-4.28666
228	228	-10.0147
229	229	46.7966
230	230	-5.25614
231	231	-32.0651
232	232	41.5013
233	233	18.9568
234	234	-3.73687
235	235	7.46715
236	236	8.2837
237	237	-11.1538
238	238	18.9799
239	239	-19.9595
240	240	-5.81001
241	241	6.57838
242	242	-24.0037
243	243	-47.4511
244	244	-14.8972
245	245	9.95881
246	246	-1.32962
247	247	21.2113
248	248	-13.2026
249	249	-7.25379
250	250	-4.58599
251	251	32.5082
252	252	2.50372
253	253	28.3478
254	254	18.7677
255	255	37.331
256	256	-26.0911
257	257	-46.3215
258	258	-8.69958
259	259	27.6175
260	260	10.6609
261	261	-10.4161
262	262	2.20202
263	263	-18.263
264	264	30.7643
265	265	47.3799
266	266	-29.6926
267	267	1.08571
268	268	1.3118
269	269	-14.4495
270	270	-3.85213
271	271	-16.1091
272	272	-52.4869
273	273	3.19144
274	274	28.7912
275	275	11.6897
276	276	-2.78786
277	277	-28.6073
278	278	18.7773
279	279	-2.64452
280	280	5.85964
281	281	-16.6082
282	282	24.8471
283	283	2.37491
284	284	24.2636
285	285	15.2939
286	286	-8.64753
287	287	3.96838
288	288	29.2764
289	289	-17.7733
290	290	-13.1992
291	291	5.569
292	292	22.8073
293	293	12.7616
294	294	4.11083
295	295	-14.147
296	296	-0.799758
297	297	-33.5363
298	298	53.8688
299	299	13.0953
300	300	4.12534
301	301	0.972055
302	302	-5.02402
303	303	3.86587
304	304	9.87424
305	305	-7.72682
306	306	-5.2593
307	307	-10.0982
308	308	-45.6403
309	309	39.1721
310	310	-14.1128
311	311	-10.9507
312	312	12.9296
313	313	-22.3438
314	314	-11.2855
315	315	-28.6488
316	316	-12.477
317	317	-16.3327
318	318	-22.3923
319	319	-12.4672
320	320	11.3298
321	321	-32.3483
322	322	14.4018
323	323	-1.59601
324	324	19.928
325	325	-28.4452
326	326	14.2476
327	327	-42.706
328	328	-39.4884
329	329	11.7326
330	330	-5.9897
331	331	4.8372
332	332	-2.85579
333	333	-62.5721
334	334	-28.8106
335	335	29.7062
336	336	3.35376
337	337	10.6817
338	338	-26.4891
339	339	-9.10277
340	340	3.04778
341	341	17.3598
342	342	-0.598485
343	343	20.6921
344	344	22.2259
345	345	21.9683
346	346	-19.9775
347	347	-5.30735
348	348	22.0762
349	349	-18.9166
350	350	-36.3164
351	351	2.80146
352	352	11.6527
353	353	-13.7088
354	354	-0.949114
355	355	31.2359
356	356	26.9878
357	357	-38.6248
358	358	-14.8617
359	359	-2.05583
360	360	22.1058
361	361	37.1395
362	362	-22.314
363	363	-19.2635
364	364	-53.4268
365	365	4.67409
366	366	-20.1695
367	367	-27.8241
368	368	-0.802632
369	369	12.9362
370	370	14.1414
371	371	-6.05941
372	372	-27.6586
373	373	-19.0829
374	374	2.75711
375	375	-33.0885
376	376	13.4138
377	377	34.9812
378	378	-13.6209
379	379	-23.318
380	380	38.2008
381	381	-26.0059
382	382	-10.6319
383	383	-31.2265
384	384	-30.4767
385	385	4.42145
386	386	-46.2272
387	387	14.0686
388	388	-11.8374
389	389	-10.68
390	390	-0.413014
391	391	36.007
392	392	19.3497
393	393	-17.6822
394	394	-33.2985
395	395	-12.8864
396	396	-8.93006
397	397	5.59975
398	398	-18.3324
399	399	-0.662646
400	400	24.1085
401	401	14.8391
402	402	-12.7862
403	403	-25.0431
404	404	20.6445
405	405	23.3821
406	406	-8.22523
407	407	10.8427
408	408	-31.3082
409	409	4.44329
410	410	11.8526
411	411	-41.4592
412	412	31.3748
413	413	-42.8709
414	414	27.41
415	415	0.850227
416	416	-16.6148
417	417	-20.7867
418	418	-31.199
419	419	-42.5859
420	420	18.5839
421	421	-12.6698
422	422	14.5296
423	423	35.337
424	424	41.4775
425	425	8.78226
426	426	30.1206
427	427	3.73959
428	428	-29.4978
429	429	5.75843
430	430	-32.2883
431	431	-18.3511
432	432	26.8483
433	433	-18.6307
434	434	-29.0789
435	435	4.45229
436	436	3.45178
437	437	-15.9078
438	438	-16.4448
439	439	5.18691
440	440	53.0274
441	441	-18.2473
442	442	-0.847857
443	443	-25.2309
444	444	-18.7335
445	445	7.91995
446	446	16.6895
447	447	38.2639
448	448	9.07769
449	449	-21.8201
450	450	-39.3711
451	451	1.36489
452	452	7.54969
453	453	1.42128
454	454	-31.812
455	455	8.80027
456	456	-16.4583
457	457	0.410688
458	458	-40.1766
459	459	13.2257
460	460	28.7622
461	461	-28.858
462	462	-2.34545
463	463	4.02794
464	464	23.2847
465	465	-28.2953
466	466	-31.0403
467	467	4.43467
468	468	26.4626
469	469	-28.988
470	470	-33.3675
471	471	-2.88363
472	472	-11.3969
473	473	22.9182
474	474	10.787
475	475	-9.1094
476	476	-7.3976
477	477	5.31117
478	478	-41.7398
479	479	12.7109
480	480	9.60479
481	481	-26.957
482	482	-6.38682
483	483	-13.2048
484	484	14.0985
485	485	16.1096
486	486	-5.55747
487	487	27.6597
488	488	34.3479
489	489	29.4064
490	490	-21.8296
491	491	19.5448
492	492	-30.9776
493	493	-6.24355
494	494	27.7014
495	495	22.5711
496	496	-68.2085
497	497	3.80821
498	498	-6.89134
499	499	4.13396
500	500	15.391
501	501	21.2389
502	502	46.8976
503	503	16.2343
504	504	4.70819
505	505	7.03378
506	506	-18.7925
507	507	36.6586
508	508	-12.8966
509	509	-3.14538
510	510	44.704
511	511	5.56507
512	512	31.7753
513	513	0.608446
514	514	9.14771
515	515	-17.3432
516	516	-23.6495
517	517	17.7887
518	518	38.6931
519	519	24.2417
520	520	48.6766
521	521	17.5727
522	522	13.9628
523	523	31.0773
524	524	23.9651
525	525	-2.09996
526	526	-2.40038
527	527	13.9107
528	528	21.9836
529	529	2.67214
530	530	-4.89394
531	531	7.27255
532	532	1.25643
533	533	-7.30945
534	534	-21.5916
535	535	-5.82908
536	536	-0.190397
537	537	26.8952
538	538	-8.06792
539	539	-20.0595
540	540	-34.4508
541	541	-5.8319
542	542	45.1693
543	543	3.32709
544	544	-30.938
545	545	45.6095
546	546	-21.4411
547	547	-21.5488
548	548	-26.1249
549	549	-30.2806
550	550	19.2364
551	551	36.424
552	552	-39.6844
553	553	17.5131
554	554	-35.5799
555	555	20.3496
556	556	-19.4145
557	557	9.81186
558	558	62.8121
559	559	-10.3172
560	560	5.22056
561	561	1.79745
562	562	74.9714
563	563	-0.184939
564	564	27.5433
565	565	-27.2913
566	566	-20.5635
567	567	-12.8121
568	568	18.8817
569	569	28.1217
570	570	23.5541
571	571	24.8576
572	572	9.74872
573	573	-15.1853
574	574	41.2491
575	575	17.1886
576	576	16.6267
577	577	33.7669
578	578	19.1077
579	579	11.7271
580	580	0.742065
581	581	2.53386
582	582	11.0236
583	583	32.4495
584	584	-30.9365
585	585	36.9082
586	586	16.155
587	587	2.79877
588	588	-33.77
589	589	-2.9842
590	590	-25.8401
591	591	19.7556
592	592	-2.38029
593	593	-5.34241
594	594	21.3079
595	595	12.7012
596	596	10.9837
597	597	-31.2367
598	598	10.1943
599	599	-21.1877
600	600	31.2279
601	601	15.5464
602	602	-25.1792
603	603	48.4833
604	604	29.2237
605	605	-33.0262
606	606	-0.0863401
607	607	25.8566
608	608	17.6483
609	609	25.9049
610	610	-12.2303
611	611	-22.9614
612	612	49.5834
613	613	0.129725
614	614	14.809
615	615	2.08679
616	616	-0.347084
617	617	11.7465
618	618	39.8533
619	619	-33.3292
620	620	12.0585
621	621	-22.254
622	622	21.9225
623	623	10.1676
624	624	20.2913
625	625	-8.04344
626	626	3.90533
627	627	-12.9153
628	628	15.2938
629	629	-9.66008
630	630	-6.67003
631	631	3.37276
632	632	45.963
633	633	16.2179
634	634	-16.1925
635	635	-8.88699
636	636	-5.87003
637	637	-21.435
638	638	34.5386
639	639	19.5619
640	640	-24.5607
641	641	-12.4414
642	642	8.44839
643	643	-20.3959
644	644	-32.6837
645	645	5.68533
646	646	7.81308
647	647	-10.1868
648	648	-28.8275
649	649	-11.1569
650	650	25.9941
651	651	-28.6667
652	652	35.223
653	653	-14.6046
654	654	-9.97701
655	655	-7.24903
656	656	-19.147
657	657	-0.256297
658	658	15.0219
659	659	2.92081
660	660	13.568
661	661	16.2426
662	662	-0.629199
663	663	-49.8262
664	664	14.3421
665	665	-17.4197
666	666	-40.97
667	667	-10.4899
668	668	27.8698
669	669	4.38854
670	670	2.12428
671	671	-13.0452
672	672	-8.09349
673	673	-9.47193
674	674	-6.40373
675	675	18.5007
676	676	21.0025
677	677	5.99937
678	678	27.2049
679	679	-23.4021
680	680	2.52093
681	681	23.6873
682	682	-12.2635
683	683	-17.3592
684	684	15.2677
685	685	-20.6982
686	686	12.1812
687	687	27.507
688	688	-5.25166
689	689	-8.5388
690	690	49.3559
691	691	13.8244
692	692	35.3237
693	693	0.594679
694	694	26.8767
695	695	11.3432
696	696	9.9831
697	697	-23.5943
698	698	-10.3501
699	699	-6.52097
700	700	30.646
701	701	-22.1967
702	702	-6.32582
703	703	16.3148
704	704	38.7516
705	705	-40.813
706	706	24.1867
707	707	-18.5537
708	708	-2.32689
709	709	0.124112
710	710	0.800345
711	711	29.8797
712	712	-2.59323
713	713	-3.9069
714	714	32.2861
715	715	-38.7112
716	716	-2.70208
717	717	17.9183
718	718	-24.7503
719	719	-24.0618
720	720	-7.7084
721	721	-1.36371
722	722	-16.99
723	723	2.02997
724	724	-12.8052
725	725	-23.8639
726	726	-1.0851
727	727	21.9672
728	728	22.8052
729	729	8.05761
730	730	-25.5903
731	731	9.438
732	732	19.1645
733	733	-16.2124
734	734	21.653
735	735	-3.79454
736	736	-13.4156
737	737	6.60062
738	738	-12.0845
739	739	-8.67242
740	740	-32.888
741	741	57.4246
742	742	35.5166
743	743	-31.7737
744	744	3.20577
745	745	18.4961
746	746	25.0296
747	747	16.6144
748	748	5.64885
749	749	4.68359
750	750	27.756
751	751	-7.72608
752	752	16.1781
753	753	7.43211
754	754	-8.76253
755	755	23.1329
756	756	24.5526
757	757	30.6389
758	758	7.52269
759	759	-31.9674
760	760	11.0348
761	761	20.8641
762	762	-33.7766
763	763	13.7781
764	764	16.5021
765	765	26.1622
766	766	4.62897
767	767	-30.0985
768	768	-21.6688
769	769	23.8828
770	770	-13.8808
771	771	60.1613
772	772	11.5182
773	773	-3.76422
774	774	-8.85743
775	775	-34.0474
776	776	47.2249
777	777	8.68417
778	778	30.1913
779	779	20.3481
780	780	11.0149
781	781	62.6518
782	782	-29.1242
783	783	22.1165
784	784	-1.5374
785	785	-19.5761
786	786	14.7369
787	787	-15.3257
788	788	-21.2952
789	789	-10.9207
790	790	30.3314
791	791	-35.3224
792	792	-18.4852
793	793	-37.0513
794	794	4.76756
795	795	-17.0074
796	796	1.47009
797	797	16.5911
798	798	17.0528
799	799	12.2301
800	800	-8.62218
801	801	8.72526
802	802	-16.7448
803	803	21.3907
804	804	13.2589
805	805	33.0914
806	806	17.1422
807	807	36.5459
808	808	15.7797
809	809	-27.0631
810	810	-8.88143
811	811	-16.9823
812	812	23.5404
813	813	29.9447
814	814	16.635
815	815	-33.2635
816	816	-3.62996
817	817	-46.7595
818	818	26.0052
819	819	-11.915
820	820	-25.0149
821	821	16.0755
822	822	36.3825
823	823	-8.01399
824	824	-32.3413
825	825	-55.2128
826	826	-12.5729
827	827	10.8845
828	828	-5.30725
829	829	6.43271
830	830	1.73497
831	831	-5.88871
832	832	-10.9196
833	833	19.4845
834	834	-45.9011
835	835	-1.81362
836	836	40.605
837	837	4.23772
838	838	6.19216
839	839	22.865
840	840	5.52017
841	841	15.7883
842	842	1.7138
843	843	14.678
844	844	5.24928
845	845	21.6225
846	846	-37.2264
847	847	12.4067
848	848	7.85577
849	849	22.5676
850	850	-22.1139
851	851	7.78529
852	852	17.3854
853	853	8.54779
854	854	11.144
855	855	-7.14578
856	856	6.22921
857	857	7.42553
858	858	-1.3834
859	859	6.19694
860	860	-35.1003
861	861	1.37116
862	862	10.0349
863	863	22.5487
864	864	30.2613
865	865	-4.90071
866	866	-11.4838
867	867	30.154
868	868	65.8599
869	869	-20.8153
870	870	35.6591
871	871	-9.36903
872	872	7.31185
873	873	-9.6562
874	874	17.5302
875	875	0.551738
876	876	-10.3045
877	877	-18.1196
878	878	-15.8438
879	879	-23.4342
880	880	-0.621259
881	881	-12.7311
882	882	-25.8592
883	883	46.2391
884	884	-5.7761
885	885	14.1958
886	886	20.4199
887	887	-2.97822
888	888	1.324
889	889	19.2992
890	890	21.9752
891	891	3.10027
892	892	7.35988
893	893	32.2371
894	894	-13.6517
895	895	15.9689
896	896	-7.87132
897	897	-6.3165
898	898	2.58637
899	899	19.698
900	900	-18.3464
901	901	19.049
902	902	-34.6266
903	903	-18.2893
904	904	20.1001
905	905	-23.096
906	906	-16.3558
907	907	35.6567
908	908	-17.1746
909	909	7.9306
910	910	-38.409
911	911	-34.5583
912	912	24.3915
913	913	-25.5669
914	914	-9.6269
915	915	-15.2289
916	916	4.10784
917	917	-20.7489
918	918	27.7212
919	919	0.524313
920	920	-4.11593
921	921	14.4881
922	922	-11.2951
923	923	21.1241
924	924	18.4804
925	925	13.776
926	926	16.323
927	927	31.1262
928	928	14.5993
929	929	11.1415
930	930	21.0172
931	931	33.7981
932	932	-10.8111
933	933	-27.6694
934	934	17.2425
935	935	-12.9946
936	936	-1.5206
937	937	-16.2147
938	938	-11.121
939	939	-25.6792
940	940	-14.1989
941	941	-15.5805
942	942	3.97559
943	943	10.1975
944	944	-1.33233
945	945	-23.1966
946	946	-23.1529
947	947	26.9919
948	948	48.9385
949	949	-1.41992
950	950	1.12677
951	951	-33.7275
952	952	7.39914
953	953	39.4343
954	954	-27.3191
955	955	-7.02532
956	956	-0.908653
957	957	13.0779
958	958	-8.5768
959	959	28.1115
960	960	16.3697
961	961	-34.6057
962	962	-3.79313
963	963	25.2975
964	964	-25.0334
965	965	-8.92594
966	966	-3.72714
967	967	1.73677
968	968	19.1674
969	969	14.2539
970	970	3.57549
971	971	18.5085
972	972	25.7418
973	973	-9.93071
974	974	-21.842
975	975	20.4233
976	976	23.5162
977	977	19.4199
978	978	-8.59129
979	979	-23.3147
980	980	33.3222
981	981	-11.9557
982	982	55.8229
983	983	9.19362
984	984	16.7741
985	985	4.82765
986	986	-8.03297
987	987	-7.42088
988	988	2.16815
989	989	-41.8949
990	990	20.6821
991	991	5.92124
992	992	-3.26201
993	993	-53.259
994	994	-0.719455
995	995	-10.9425
996	996	-3.61314
997	997	1.7128
998	998	-0.98914
999	999	25.0452
1000	1000	-8.8843
1001	1001	-25.9786
1002	1002	-11.3386
1003	1003	20.0532
1004	1004	-11.425
1005	1005	-5.97996
1006	1006	14.0943
1007	1007	-0.372553
1008	1008	14.604
1009	1009	-1.31916
1010	1010	-53.8473
1011	1011	7.01655
1012	1012	-11.603
1013	1013	33.5498
1014	1014	8.81296
1015	1015	11.409
1016	1016	-7.11647
1017	1017	-7.5324
1018	1018	32.2225
1019	1019	-15.4294
1020	1020	-12.8589
1021	1021	23.7104
1022	1022	9.40903
1023	1023	20.5362
1024	1024	35.0617
1025	1025	-22.2657
1026	1026	-20.6826
1027	1027	20.659
1028	1028	10.36
1029	1029	-25.6196
1030	1030	29.0534
1031	1031	29.0775
1032	1032	9.70668
1033	1033	6.93023
1034	1034	-23.2059
1035	1035	-6.88829
1036	1036	41.2512
1037	1037	40.41
1038	1038	-1.42512
1039	1039	-12.6484
1040	1040	-14.2169
1041	1041	-2.3932
1042	1042	-42.7946
1043	1043	0.890856
1044	1044	13.4518
1045	1045	17.6494
1046	1046	4.00986
1047	1047	13.7932
1048	1048	-53.8056
1049	1049	5.43106
1050	1050	2.92544
1051	1051	-9.94657
1052	1052	27.0686
1053	1053	7.89304
1054	1054	1.68042
1055	1055	-58.8854
1056	1056	-18.72
1057	1057	-1.54093
1058	1058	-15.3799
1059	1059	-3.48311
1060	1060	28.1912
1061	1061	41.788
1062	1062	-24.2277
1063	1063	29.9123
1064	1064	35.809
1065	1065	34.7543
1066	1066	-24.5883
1067	1067	-7.60246
1068	1068	-6.5971
1069	1069	8.04145
1070	1070	-9.72049
1071	1071	-18.103
1072	1072	32.9048
1073	1073	4.52729
1074	1074	23.0431
1075	1075	-2.96459
1076	1076	31.2442
1077	1077	24.1474
1078	1078	5.13798
1079	1079	-49.6404
1080	1080	-19.002
1081	1081	18.1075
1082	1082	9.25779
1083	1083	-16.8985
1084	1084	33.5824
1085	1085	11.7004
1086	1086	-21.1537
1087	1087	-6.58824
1088	1088	-29.0537
1089	1089	6.38294
1090	1090	-37.5793
1091	1091	35.1438
1092	1092	18.1366
1093	1093	-15.4028
1094	1094	-18.9324
1095	1095	-49.6988
1096	1096	37.1659
1097	1097	9.23885
1098	1098	7.66237
1099	1099	2.04543
1100	1100	-5.26256
1101	1101	-5.53597
1102	1102	-34.951
1103	1103	-23.1151
1104	1104	0.212827
1105	1105	-11.645
1106	1106	47.4659
1107	1107	22.0786
1108	1108	-3.43214
1109	1109	3.56974
1110	1110	36.3925
1111	1111	2.30092
1112	1112	5.90395
1113	1113	-0.407314
1114	1114	23.2996
1115	1115	6.03342
1116	1116	13.1646
1117	1117	-3.1382
1118	1118	-5.6824
1119	1119	-17.8004
1120	1120	-9.24958
1121	1121	-22.81
1122	1122	32.7839
1123	1123	11.257
1124	1124	-4.22132
1125	1125	21.6174
1126	1126	26.4404
1127	1127	24.6414
1128	1128	-7.42447
1129	1129	24.7744
1130	1130	-2.98488
1131	1131	-19.4073
1132	1132	9.24695
1133	1133	-18.1286
1134	1134	-29.9507
1135	1135	-11.1399
1136	1136	15.4019
1137	1137	25.0298
1138	1138	-18.6775
1139	1139	11.0602
1140	1140	-17.0129
1141	1141	-41.4245
1142	1142	13.3988
1143	1143	-2.73864
1144	1144	0.62749
1145	1145	24.597
1146	1146	2.92572
1147	1147	10.719
1148	1148	6.76993
1149	1149	-41.883
1150	1150	-15.729
1151	1151	30.0708
1152	1152	5.14752
1153	1153	-16.4303
1154	1154	26.5347
1155	1155	-31.4515
1156	1156	13.7448
1157	1157	-15.2161
1158	1158	23.2004
1159	1159	20.8223
1160	1160	-24.5177
1161	1161	27.4053
1162	1162	0.500441
1163	1163	-11.4123
1164	1164	-20.9547
1165	1165	12.3226
1166	1166	-4.22852
1167	1167	47.3145
1168	1168	-17.2423
1169	1169	-11.7873
1170	1170	-24.8932
1171	1171	-6.17244
1172	1172	-20.4599
1173	1173	-16.0682
1174	1174	-0.198268
1175	1175	-23.8542
1176	1176	8.4968
1177	1177	33.337
1178	1178	-1.09398
1179	1179	41.3827
1180	1180	11.7962
1181	1181	-26.2591
1182	1182	-25.9816
1183	1183	10.6434
1184	1184	-7.67574
1185	1185	-12.4437
1186	1186	12.8542
1187	1187	-10.7907
1188	1188	4.95646
1189	1189	-7.00904
1190	1190	-25.0387
1191	1191	1.44318
1192	1192	-1.51742
1193	1193	8.54816
1194	1194	-29.8674
1195	1195	-47.4405
1196	1196	5.68895
1197	1197	10.5483
1198	1198	-3.78626
1199	1199	-8.14662
1200	1200	-10.9894
1201	1201	10.1122
1202	1202	12.6955
1203	1203	13.4363
1204	1204	16.5741
1205	1205	20.49
1206	1206	-38.2954
1207	1207	-2.87243
1208	1208	-8.00822
1209	1209	52.8975
1210	1210	0.227039
1211	1211	-6.75175
1212	1212	-12.3375
1213	1213	15.1007
1214	1214	21.4311
1215	1215	13.1128
1216	1216	-14.1001
1217	1217	0.82411
1218	1218	22.8193
1219	1219	16.8454
1220	1220	34.9277
1221	1221	-9.42646
1222	1222	14.0375
1223	1223	-12.6963
1224	1224	41.4846
1225	1225	10.6763
1226	1226	17.1138
1227	1227	4.04583
1228	1228	-16.7421
1229	1229	19.2108
1230	1230	-4.66868
1231	1231	-33.2637
1232	1232	-15.0026
1233	1233	-14.0041
1234	1234	32.9459
1235	1235	-20.4654
1236	1236	40.4898
1237	1237	-17.9223
1238	1238	-8.64989
1239	1239	44.3752
1240	1240	26.7153
1241	1241	4.81218
1242	1242	9.89809
1243	1243	-39.7693
1244	1244	-20.3392
1245	1245	1.18637
1246	1246	33.9688
1247	1247	-35.2644
1248	1248	34.4184
1249	1249	-18.2452
1250	1250	12.4396
1251	1251	-30.0337
1252	1252	-40.0593
1253	1253	-27.6129
1254	1254	-42.7125
1255	1255	22.507
1256	1256	-24.897
1257	1257	-29.8014
1258	1258	-3.57482
1259	1259	23.807
1260	1260	9.25449
1261	1261	9.22688
1262	1262	4.49624
1263	1263	19.0036
1264	1264	4.47431
1265	1265	-16.5229
1266	1266	-13.558
1267	1267	-16.5394
1268	1268	-20.186
1269	1269	-12.3487
1270	1270	11.48
1271	1271	-15.7179
1272	1272	23.7442
1273	1273	-29.1035
1274	1274	4.63317
1275	1275	33.8006
1276	1276	-18.9639
1277	1277	-19.3248
1278	1278	18.8825
1279	1279	11.055
1280	1280	29.9937
1281	1281	2.38015
1282	1282	-21.0058
1283	1283	-35.51
1284	1284	-39.5336
1285	1285	10.8626
1286	1286	1.48158
1287	1287	-22.6287
1288	1288	-31.6745
1289	1289	23.5705
1290	1290	43.2416
1291	1291	-40.6513
1292	1292	23.6318
1293	1293	-13.3745
1294	1294	13.2927
1295	1295	18.0151
1296	1296	-8.09948
1297	1297	-4.70829
1298	1298	17.7865
1299	1299	-3.76781
1300	1300	-17.336
1301	1301	41.3274
1302	1302	-54.8165
1303	1303	-3.54813
1304	1304	-2.32989
1305	1305	-48.6154
1306	1306	21.0257
1307	1307	-17.0969
1308	1308	-18.6507
1309	1309	1.14466
1310	1310	-11.914
1311	1311	-28.5456
1312	1312	12.7965
1313	1313	14.9705
1314	1314	-11.3563
1315	1315	-12.8032
1316	1316	-21.4881
1317	1317	5.54881
1318	1318	-35.0758
1319	1319	-12.7097
1320	1320	-18.2107
1321	1321	-2.649
1322	1322	43.0558
1323	1323	1.16227
1324	1324	12.8505
1325	1325	11.7638
1326	1326	2.28366
1327	1327	4.70562
1328	1328	-21.0337
1329	1329	-26.8638
1330	1330	-1.55452
1331	1331	26.741
1332	1332	47.1767
1333	1333	13.3191
1334	1334	-1.77663
1335	1335	16.1967
1336	1336	4.79686
1337	1337	-48.7498
1338	1338	1.30964
1339	1339	23.487
1340	1340	-14.3696
1341	1341	-27.0349
1342	1342	14.4942
1343	1343	-7.4188
1344	1344	26.456
1345	1345	14.7927
1346	1346	0.275744
1347	1347	0.207073
1348	1348	-5.18059
1349	1349	6.51628
1350	1350	5.04615
1351	1351	39.3096
1352	1352	4.25506
1353	1353	-23.6338
1354	1354	20.3114
1355	1355	3.67538
1356	1356	-34.6784
1357	1357	-9.38455
1358	1358	1.27964
1359	1359	1.37583
1360	1360	46.8436
1361	1361	-12.704
1362	1362	56.7027
1363	1363	2.66969
1364	1364	12.7806
1365	1365	25.6699
1366	1366	-16.9432
1367	1367	22.9429
1368	1368	23.7381
1369	1369	9.35185
1370	1370	-16.1509
1371	1371	16.6309
1372	1372	10.0335
1373	1373	9.53393
1374	1374	-48.3269
1375	1375	-37.162
1376	1376	32.7
1377	1377	15.8658
1378	1378	34.4407
1379	1379	10.3571
1380	1380	-39.6183
1381	1381	33.523
1382	1382	-13.946
1383	1383	-22.7191
1384	1384	43.2088
1385	1385	-10.4113
1386	1386	-17.4297
1387	1387	-28.7339
1388	1388	-17.0421
1389	1389	-14.5592
1390	1390	-5.74904
1391	1391	15.0707
1392	1392	-20.9124
1393	1393	-24.695
1394	1394	-0.0195275
1395	1395	-16.4273
1396	1396	56.8296
1397	1397	-38.2614
1398	1398	-42.5958
1399	1399	6.05139
1400	1400	2.99539
1401	1401	-11.0428
1402	1402	-29.0369
1403	1403	29.2969
1404	1404	28.9167
1405	1405	13.8079
1406	1406	-57.2928
1407	1407	-6.43622
1408	1408	-10.1952
1409	1409	-17.707
1410	1410	11.9238
1411	1411	14.8437
1412	1412	-29.9677
1413	1413	-22.4382
1414	1414	10.2669
1415	1415	-15.668
1416	1416	6.34126
1417	1417	1.50123
1418	1418	-7.04001
1419	1419	-18.9135
1420	1420	10.843
1421	1421	13.3087
1422	1422	3.59689
1423	1423	-23.905
1424	1424	21.6383
1425	1425	20.6831
1426	1426	-13.9323
1427	1427	-8.04838
1428	1428	-0.355802
1429	1429	-19.7301
1430	1430	-40.2826
1431	1431	7.45962
1432	1432	-2.04192
1433	1433	53.0568
1434	1434	-1.16452
1435	1435	6.79811
1436	1436	-16.8367
1437	1437	24.7421
1438	1438	-6.85595
1439	1439	4.9008
1440	1440	-3.43321
1441	1441	42.6865
1442	1442	35.4626
1443	1443	11.1704
1444	1444	17.3056
1445	1445	-21.4616
1446	1446	24.2066
1447	1447	20.4313
1448	1448	-30.4941
1449	1449	15.0898
1450	1450	40.6799
1451	1451	5.11561
1452	1452	17.4923
1453	1453	-17.6902
1454	1454	29.4978
1455	1455	11.5365
1456	1456	-13.6955
1457	1457	20.9104
1458	1458	-36.2785
1459	1459	-38.6089
1460	1460	-15.0793
1461	1461	36.119
1462	1462	-28.1466
1463	1463	7.89158
1464	1464	4.19952
1465	1465	-29.0602
1466	1466	-25.6828
1467	1467	-7.09144
1468	1468	45.8842
1469	1469	-7.74301
1470	1470	-27.0228
1471	1471	3.56575
1472	1472	-4.78271
1473	1473	-7.42367
1474	1474	-4.49633
1475	1475	31.5339
1476	1476	43.8365
1477	1477	-40.5345
1478	1478	-8.85389
1479	1479	7.11098
1480	1480	-5.00391
1481	1481	6.40343
1482	1482	38.5301
1483	1483	-12.4855
1484	1484	16.0979
1485	1485	34.7947
1486	1486	-11.2797
1487	1487	-16.5169
1488	1488	-1.60828
1489	1489	-10.2142
1490	1490	-0.727394
1491	1491	-30.6594
1492	1492	-21.0561
1493	1493	-6.96853
1494	1494	-16.8544
1495	1495	-14.6085
1496	1496	-5.97532
1497	1497	-20.2613
1498	1498	40.2322
1499	1499	22.3142
1500	1500	-6.56201
1501	1501	-16.5978
1502	1502	30.7377
1503	1503	13.9996
1504	1504	-0.118624
1505	1505	-0.980508
1506	1506	-11.2758
1507	1507	13.712
1508	1508	-2.32107
1509	1509	6.46576
1510	1510	37.1407
1511	1511	8.03561
1512	1512	-11.4098
1513	1513	-19.2211
1514	1514	-13.0686
1515	1515	-22.2912
1516	1516	-14.5099
1517	1517	-49.2221
1518	1518	9.50089
1519	1519	-15.4263
1520	1520	-38.2476
1521	1521	-10.542
1522	1522	-34.6545
1523	1523	29.3836
1524	1524	25.9322
1525	1525	15.7881
1526	1526	30.02
1527	1527	-11.1882
1528	1528	41.9935
1529	1529	-2.1943
1530	1530	52.5199
1531	1531	-7.05246
1532	1532	1.18964
1533	1533	5.88358
1534	1534	2.8671
1535	1535	-37.0379
1536	1536	2.12234
1537	1537	-16.2548
1538	1538	9.49076
1539	1539	-2.42789
1540	1540	52.5748
1541	1541	-10.9341
1542	1542	15.2497
1543	1543	-16.4624
1544	1544	-4.62924
1545	1545	39.9238
1546	1546	45.4485
1547	1547	-0.186465
1548	1548	61.8562
1549	1549	17.267
1550	1550	-0.393789
1551	1551	-39.4287
1552	1552	6.1021
1553	1553	49.1565
1554	1554	-3.51428
1555	1555	21.2402
1556	1556	20.6492
1557	1557	-7.34726
1558	1558	14.5986
1559	1559	27.8383
1560	1560	25.8765
1561	1561	44.2023
1562	1562	56.5493
1563	1563	-31.7271
1564	1564	27.9457
1565	1565	-13.8928
1566	1566	-8.99373
1567	1567	21.5782
1568	1568	-4.37535
1569	1569	-4.39632
1570	1570	-27.0204
1571	1571	-13.158
1572	1572	-13.3897
1573	1573	1.76128
1574	1574	53.1675
1575	1575	1.36252
1576	1576	-9.21788
1577	1577	15.398
1578	1578	8.44788
1579	1579	-38.1561
1580	1580	-35.0955
1581	1581	5.22251
1582	1582	13.8155
1583	1583	-9.36632
1584	1584	13.4446
1585	1585	34.1716
1586	1586	46.9989
1587	1587	-51.8027
1588	1588	20.0544
1589	1589	31.3011
1590	1590	17.7115
1591	1591	-13.5163
1592	1592	-20.9815
1593	1593	12.1595
1594	1594	-14.5623
1595	1595	-20.1863
1596	1596	-12.061
1597	1597	-15.7032
1598	1598	-21.051
1599	1599	-50.5328
1600	1600	-33.0839
1601	1601	10.3469
1602	1602	-16.9469
1603	1603	-12.0315
1604	1604	-0.272839
1605	1605	-39.3528
1606	1606	-2.7458
1607	1607	14.4091
1608	1608	9.49485
1609	1609	24.655
1610	1610	-3.38692
1611	1611	-39.696
1612	1612	4.48443
1613	1613	-32.0573
1614	1614	-9.29876
1615	1615	-1.23456
1616	1616	47.9386
1617	1617	32.5681
1618	1618	16.5671
1619	1619	17.3689
1620	1620	-8.84346
1621	1621	-6.52891
1622	1622	-52.0459
1623	1623	23.9752
1624	1624	-0.896043
1625	1625	-33.4759
1626	1626	5.25074
1627	1627	-7.54847
1628	1628	-19.7017
1629	1629	-1.11822
1630	1630	-10.7921
1631	1631	11.5394
1632	1632	16.2427
1633	1633	-4.91758
1634	1634	16.0313
1635	1635	-14.3961
1636	1636	6.73048
1637	1637	-7.04478
1638	1638	46.3254
1639	1639	-8.35977
1640	1640	3.02822
1641	1641	-10.3841
1642	1642	-17.7872
1643	1643	43.9644
1644	1644	39.9445
1645	1645	-15.5148
1646	1646	-38.6684
1647	1647	-55.9644
1648	1648	-10.4432
1649	1649	9.64013
1650	1650	-6.11667
1651	1651	-15.7357
1652	1652	-16.7371
1653	1653	8.83729
1654	1654	50.8931
1655	1655	-21.919
1656	1656	-34.9497
1657	1657	8.03706
1658	1658	2.2664
1659	1659	10.1558
1660	1660	7.06641
1661	1661	14.3569
1662	1662	-2.52212
1663	1663	-34.2411
1664	1664	-6.92587
1665	1665	-23.618
1666	1666	-20.4638
1667	1667	6.72853
1668	1668	-16.0613
1669	1669	11.3493
1670	1670	0.365808
1671	1671	-19.5187
1672	1672	-6.32884
1673	1673	-25.8704
1674	1674	61.653
1675	1675	8.86747
1676	1676	-6.88463
1677	1677	14.1623
1678	1678	-1.34848
1679	1679	14.5604
1680	1680	-22.5222
1681	1681	-23.0603
1682	1682	-13.6345
1683	1683	12.3006
1684	1684	-13.3247
1685	1685	17.5275
1686	1686	-3.95601
1687	1687	-3.6401
1688	1688	28.523
1689	1689	-28.0158
1690	1690	-27.5268
1691	1691	7.07898
1692	1692	-16.7826
1693	1693	-9.21084
1694	1694	14.007
1695	1695	36.8127
1696	1696	-11.0216
1697	1697	34.5147
1698	1698	8.04274
1699	1699	16.25
1700	1700	3.15589
1701	1701	-15.3079
1702	1702	16.3852
1703	1703	-38.6095
1704	1704	15.8069
1705	1705	-9.00691
1706	1706	23.4406
1707	1707	7.61343
1708	1708	14.9324
1709	1709	5.34928
1710	1710	-15.2784
1711	1711	-31.943
1712	1712	28.7458
1713	1713	3.93702
1714	1714	-18.1559
1715	1715	26.8898
1716	1716	-3.27643
1717	1717	9.29433
1718	1718	-12.1804
1719	1719	-47.2551
1720	1720	13.0302
1721	1721	4.72111
1722	1722	-20.2276
1723	1723	-19.1075
1724	1724	8.76525
1725	1725	-1.97099
1726	1726	11.1026
1727	1727	24.8773
1728	1728	-5.23983
1729	1729	13.1754
1730	1730	11.3374
1731	1731	-22.4599
1732	1732	9.17483
1733	1733	-6.41287
1734	1734	-1.97389
1735	1735	2.82719
1736	1736	-2.03768
1737	1737	-3.68423
1738	1738	10.8185
1739	1739	5.36981
1740	1740	36.2962
1741	1741	20.3871
1742	1742	10.8244
1743	1743	-3.57798
1744	1744	29.6103
1745	1745	-3.96394
1746	1746	-10.6315
1747	1747	2.83397
1748	1748	-35.1817
1749	1749	23.9596
1750	1750	44.962
1751	1751	9.03835
1752	1752	-18.7507
1753	1753	-7.31819
1754	1754	-3.44191
1755	1755	0.255028
1756	1756	24.4473
1757	1757	15.2622
1758	1758	58.5124
1759	1759	-7.66637
1760	1760	18.8701
1761	1761	4.42815
1762	1762	-23.404
1763	1763	4.21691
1764	1764	30.5314
1765	1765	30.9947
1766	1766	-15.59
1767	1767	-18.7304
1768	1768	-35.5854
1769	1769	-13.0542
1770	1770	-21.4144
1771	1771	21.1931
1772	1772	9.89575
1773	1773	-5.16251
1774	1774	24.6545
1775	1775	-11.3653
1776	1776	17.5494
1777	1777	-12.3654
1778	1778	-34.4273
1779	1779	2.56271
1780	1780	-2.16119
1781	1781	30.6602
1782	1782	19.4099
1783	1783	-11.7924
1784	1784	-48.374
1785	1785	27.4827
1786	1786	23.6697
1787	1787	3.91689
1788	1788	3.39299
1789	1789	38.7744
1790	1790	-5.77393
1791	1791	-9.00728
1792	1792	-3.29365
1793	1793	14.3863
1794	1794	4.1962
1795	1795	21.3367
1796	1796	2.654
1797	1797	-34.3996
1798	1798	8.27362
1799	1799	16.1339
1800	1800	38.2916
1801	1801	23.2385
1802	1802	-9.16927
1803	1803	11.0432
1804	1804	27.6206
1805	1805	5.40802
1806	1806	19.3245
1807	1807	15.4066
1808	1808	-16.2869
1809	1809	22.5943
1810	1810	24.7511
1811	1811	0.340508
1812	1812	2.17078
1813	1813	-24.8357
1814	1814	-20.2913
1815	1815	-4.78853
1816	1816	21.5476
1817	1817	4.73621
1818	1818	23.5167
1819	1819	-13.2059
1820	1820	1.13247
1821	1821	12.8801
1822	1822	-6.40998
1823	1823	-22.7143
1824	1824	11.453
1825	1825	-42.9861
1826	1826	-12.1903
1827	1827	1.08899
1828	1828	-11.8382
1829	1829	-27.2958
1830	1830	17.7458
1831	1831	-15.4061
1832	1832	3.03442
1833	1833	44.0541
1834	1834	25.0507
1835	1835	-21.0861
1836	1836	39.5878
1837	1837	9.25429
1838	1838	15.577
1839	1839	-53.2111
1840	1840	-1.4927
1841	1841	-26.3262
1842	1842	9.82325
1843	1843	-12.2301
1844	1844	12.8094
1845	1845	-18.515
1846	1846	-42.337
1847	1847	51.798
1848	1848	22.3295
1849	1849	-20.1712
1850	1850	29.7574
1851	1851	24.5697
1852	1852	-1.97981
1853	1853	21.2656
1854	1854	-17.3832
1855	1855	32.3315
1856	1856	-0.375342
1857	1857	38.9891
1858	1858	-25.0993
1859	1859	19.1758
1860	1860	-11.8987
1861	1861	2.73847
1862	1862	-0.104723
1863	1863	-21.3217
1864	1864	41.8288
1865	1865	8.08644
1866	1866	15.2606
1867	1867	60.0482
1868	1868	-12.7907
1869	1869	-24.5449
1870	1870	17.8304
1871	1871	-10.7765
1872	1872	-52.2904
1873	1873	18.4126
1874	1874	15.5769
1875	1875	36.9055
1876	1876	-20.5772
1877	1877	-22.2499
1878	1878	-26.9276
1879	1879	-27.3751
1880	1880	-22.3261
1881	1881	20.5463
1882	1882	11.7104
1883	1883	7.04201
1884	1884	-17.3898
1885	1885	-2.66431
1886	1886	22.8245
1887	1887	4.44788
1888	1888	27.7142
1889	1889	-6.37325
1890	1890	37.2786
1891	1891	-9.1114
1892	1892	-8.0227
1893	1893	28.5055
1894	1894	-24.1283
1895	1895	-18.2723
1896	1896	-3.58128
1897	1897	-28.4591
1898	1898	-8.85853
1899	1899	7.21627
1900	1900	7.92534
1901	1901	30.4766
1902	1902	-0.62714
1903	1903	21.4857
1904	1904	6.94993
1905	1905	20.5195
1906	1906	-45.8321
1907	1907	14.3581
1908	1908	7.86088
1909	1909	25.7523
1910	1910	-23.3472
1911	1911	-24.548
1912	1912	-3.4746
1913	1913	42.9187
1914	1914	-22.3832
1915	1915	3.6031
1916	1916	3.91309
1917	1917	7.79725
1918	1918	11.6021
1919	1919	-1.93809
1920	1920	14.5087
1921	1921	-5.08727
1922	1922	-23.0955
1923	1923	-40.8858
1924	1924	30.834
1925	1925	37.8075
1926	1926	4.60154
1927	1927	-25.6832
1928	1928	-8.07876
1929	1929	27.3172
1930	1930	5.86224
1931	1931	-1.80128
1932	1932	16.261
1933	1933	22.4609
1934	1934	1.73032
1935	1935	14.4155
1936	1936	-5.99751
1937	1937	-28.1126
1938	1938	38.5553
1939	1939	20.1455
1940	1940	-49.874
1941	1941	1.24973
1942	1942	-12.6454
1943	1943	-15.7112
1944	1944	-3.40322
1945	1945	9.52482
1946	1946	22.6433
1947	1947	-13.0598
1948	1948	-0.226486
1949	1949	30.482
1950	1950	-8.66398
1951	1951	20.6121
1952	1952	2.35157
1953	1953	19.7001
1954	1954	-11.4583
1955	1955	-8.71952
1956	1956	-16.4739
1957	1957	15.2293
1958	1958	-19.9553
1959	1959	-17.7795
1960	1960	0.0944242
1961	1961	15.934
1962	1962	-0.0107076
1963	1963	-10.7596
1964	1964	6.15249
1965	1965	-5.36038
1966	1966	-3.53415
1967	1967	6.36961
1968	1968	-3.39309
1969	1969	10.9529
1970	1970	-5.85137
1971	1971	-29.3306
1972	1972	14.8329
1973	1973	-22.1298
1974	1974	-7.81811
1975	1975	5.65314
1976	1976	-24.7585
1977	1977	5.22729
1978	1978	-5.15574
1979	1979	-6.13452
1980	1980	-18.5968
1981	1981	13.0267
1982	1982	13.6141
1983	1983	26.6362
1984	1984	9.08279
1985	1985	-41.8125
1986	1986	-22.2708
1987	1987	-17.3748
1988	1988	9.40588
1989	1989	10.5099
1990	1990	-29.4623
1991	1991	-20.4979
1992	1992	0.234938
1993	1993	17.3226
1994	1994	-11.9765
1995	1995	-37.1974
1996	1996	14.2804
1997	1997	0.204044
1998	1998	50.657
1999	1999	-11.8277
2000	2000	-12.1726
2001	2001	22.1496
2002	2002	6.19703
2003	2003	13.1147
2004	2004	10.2513
2005	2005	-18.2762
2006	2006	-17.7121
2007	2007	14.3808
2008	2008	-1.29651
2009	2009	9.69553
2010	2010	-7.12245
2011	2011	-37.0093
2012	2012	-49.6214
2013	2013	29.6745
2014	2014	14.8007
2015	2015	45.0321
2016	2016	6.46407
2017	2017	8.7645
2018	2018	36.2066
2019	2019	5.63837
2020	2020	-29.833
2021	2021	6.53709
2022	2022	-13.1344
2023	2023	-16.4117
2024	2024	-20.0212
2025	2025	31.7973
2026	2026	5.55376
2027	2027	14.7645
2028	2028	-3.14996
2029	2029	20.8566
2030	2030	12.5641
2031	2031	-16.1404
2032	2032	24.5407
2033	2033	-3.38084
2034	2034	3.40907
2035	2035	6.47507
2036	2036	-16.2808
2037	2037	37.3245
2038	2038	-1.05608
2039	2039	-25.1518
2040	2040	4.01377
2041	2041	27.6978
2042	2042	14.4025
2043	2043	-15.8793
2044	2044	-22.0281
2045	2045	1.98885
2046	2046	-30.3493
2047	2047	17.1355
2048	2048	1.98936
2049	2049	-3.22465
2050	2050	-16.7662
2051	2051	-12.4168
2052	2052	39.1037
2053	2053	-19.1928
2054	2054	-5.0113
2055	2055	-21.9666
2056	2056	-22.8286
2057	2057	15.047
2058	2058	8.80854
2059	2059	38.4695
2060	2060	13.9421
2061	2061	-36.6514
2062	2062	-21.3846
2063	2063	-38.8668
2064	2064	42.7478
2065	2065	27.8083
2066	2066	40.9849
2067	2067	27.8383
2068	2068	-13.4115
2069	2069	8.87419
2070	2070	18.3654
2071	2071	-9.9799
2072	2072	-1.26236
2073	2073	31.4866
2074	2074	6.44628
2075	2075	-21.864
2076	2076	25.7745
2077	2077	-16.6246
2078	2078	-6.85796
2079	2079	38.6668
2080	2080	-22.6735
2081	2081	-6.25308
2082	2082	-16.6073
2083	2083	-7.17315
2084	2084	-32.9324
2085	2085	-2.99074
2086	2086	3.67321
2087	2087	22.3698
2088	2088	21.1933
2089	2089	-9.79204
2090	2090	26.2508
2091	2091	-19.8534
2092	2092	18.9749
2093	2093	25.8239
2094	2094	-1.86881
2095	2095	-22.1655
2096	2096	20.2036
2097	2097	3.5962
2098	2098	2.09824
2099	2099	32.9802
2100	2100	-42.0759
2101	2101	-16.6239
2102	2102	-33.1414
2103	2103	-12.9509
2104	2104	-1.15115
2105	2105	-36.3722
2106	2106	-2.92837
2107	2107	-25.7982
2108	2108	6.67762
2109	2109	6.75126
2110	2110	-40.485
2111	2111	-18.2943
2112	2112	-16.5646
2113	2113	-3.4615
2114	2114	-21.8253
2115	2115	-17.1886
2116	2116	-24.3912
2117	2117	12.1208
2118	2118	-23.169
2119	2119	-39.1163
2120	2120	-31.6706
2121	2121	17.0789
2122	2122	-2.60043
2123	2123	4.94413
2124	2124	18.35
2125	2125	3.48374
2126	2126	-26.1495
2127	2127	-26.1237
2128	2128	6.6753
2129	2129	-8.12333
2130	2130	-40.0915
2131	2131	24.3414
2132	2132	-35.1057
2133	2133	-37.0437
2134	2134	8.31948
2135	2135	14.4545
2136	2136	44.2255
2137	2137	19.0938
2138	2138	4.28821
2139	2139	-22.4974
2140	2140	2.01796
2141	2141	-11.5808
2142	2142	11.2022
2143	2143	15.3338
2144	2144	5.25877
2145	2145	-6.03629
2146	2146	11.944
2147	2147	-24.1459
2148	2148	-9.58961
2149	2149	-2.06252
2150	2150	-14.3556
2151	2151	-39.0812
2152	2152	-5.47487
2153	2153	32.4555
2154	2154	-9.74805
2155	2155	-19.1964
2156	2156	24.4333
2157	2157	-16.535
2158	2158	-3.17897
2159	2159	22.7233
2160	2160	-40.1
2161	2161	-1.93703
2162	2162	-6.30931
2163	2163	-12.1916
2164	2164	3.43571
2165	2165	16.6632
2166	2166	-3.99466
2167	2167	-13.6008
2168	2168	-3.96615
2169	2169	-11.0088
2170	2170	20.0523
2171	2171	-31.8993
2172	2172	20.6029
2173	2173	-7.87386
2174	2174	-21.9357
2175	2175	-14.4912
2176	2176	-11.2513
2177	2177	6.57935
2178	2178	-3.8713
2179	2179	2.90068
2180	2180	3.47423
2181	2181	-23.842
2182	2182	-0.702681
2183	2183	-11.3096
2184	2184	2.03294
2185	2185	-14.7605
2186	2186	1.80214
2187	2187	7.87701
2188	2188	10.3932
2189	2189	-47.5
2190	2190	-28.067
2191	2191	-24.1975
2192	2192	10.3564
2193	2193	50.5902
2194	2194	20.3329
2195	2195	-20.0887
2196	2196	27.0564
2197	2197	-56.739
2198	2198	-9.60234
2199	2199	-9.99031
2200	2200	-23.7259
2201	2201	-36.1929
2202	2202	3.47573
2203	2203	27.5941
2204	2204	28.6297
2205	2205	-0.0262554
2206	2206	-13.132
2207	2207	26.8277
2208	2208	40.0868
2209	2209	-36.1657
2210	2210	-3.90449
2211	2211	-8.45492
2212	2212	-30.6695
2213	2213	-15.0589
2214	2214	11.9035
2215	2215	-15.4784
2216	2216	-12.5335
2217	2217	7.222
2218	2218	-3.71754
2219	2219	18.2355
2220	2220	-25.9395
2221	2221	5.90708
2222	2222	8.37767
2223	2223	5.44666
2224	2224	-29.8852
2225	2225	21.1797
2226	2226	-3.40076
2227	2227	-43.1969
2228	2228	-6.42523
2229	2229	-20.9484
2230	2230	1.39576
2231	2231	-2.14571
2232	2232	13.7126
2233	2233	-7.5269
2234	2234	14.001
2235	2235	-26.3061
2236	2236	-20.047
2237	2237	-14.5836
2238	2238	27.7447
2239	2239	5.89767
2240	2240	8.05203
2241	2241	-0.454732
2242	2242	-48.1815
2243	2243	-0.434391
2244	2244	5.97264
2245	2245	9.92353
2246	2246	27.4742
2247	2247	-39.3668
2248	2248	-33.0027
2249	2249	-16.3808
2250	2250	-0.190425
2251	2251	1.11776
2252	2252	29.6028
2253	2253	2.8016
2254	2254	1.81725
2255	2255	11.4693
2256	2256	-8.5984
2257	2257	19.7407
2258	2258	-7.35177
2259	2259	1.8048
2260	2260	-0.212961
2261	2261	-0.277816
2262	2262	-5.0133
2263	2263	-3.69323
2264	2264	23.3558
2265	2265	-21.4073
2266	2266	7.59458
2267	2267	29.4492
2268	2268	7.9363
2269	2269	11.1624
2270	2270	22.1445
2271	2271	9.98584
2272	2272	6.48265
2273	2273	-20.7019
2274	2274	-31.745
2275	2275	-17.4058
2276	2276	61.7375
2277	2277	-28.4812
2278	2278	-15.2597
2279	2279	2.24953
2280	2280	9.16879
2281	2281	-30.7065
2282	2282	-25.3053
2283	2283	-7.22899
2284	2284	11.7764
2285	2285	-3.67218
2286	2286	-12.9759
2287	2287	27.6037
2288	2288	-11.993
2289	2289	32.1098
2290	2290	10.0886
2291	2291	-25.8338
2292	2292	-29.1781
2293	2293	14.052
2294	2294	16.7331
2295	2295	-6.71983
2296	2296	-1.90448
2297	2297	-8.54501
2298	2298	-39.7242
2299	2299	-13.2633
2300	2300	65.768
2301	2301	15.6941
2302	2302	-10.9352
2303	2303	-22.7703
2304	2304	7.7587
2305	2305	41.6096
2306	2306	-14.2775
2307	2307	-0.331572
2308	2308	-18.3873
2309	2309	-32.6888
2310	2310	1.09217
2311	2311	9.79707
2312	2312	-54.5297
2313	2313	-24.2271
2314	2314	24.7513
2315	2315	11.5059
2316	2316	17.7102
2317	2317	-27.1144
2318	2318	-30.0113
2319	2319	-22.6967
2320	2320	28.0826
2321	2321	4.30478
2322	2322	5.08487
2323	2323	-24.6963
2324	2324	-4.11148
2325	2325	-6.60002
2326	2326	-5.01602
2327	2327	20.4936
2328	2328	-12.484
2329	2329	-19.0328
2330	2330	-1.92479
2331	2331	-6.12279
2332	2332	-0.786891
2333	2333	-0.337651
2334	2334	40.0532
2335	2335	-31.5533
2336	2336	5.23576
2337	2337	-5.7638
2338	2338	13.8342
2339	2339	1.26315
2340	2340	-0.488633
2341	2341	11.3663
2342	2342	-25.0053
2343	2343	-25.6457
2344	2344	-8.01116
2345	2345	33.2698
2346	2346	-0.383366
2347	2347	-16.6224
2348	2348	44.5375
2349	2349	39.4245
2350	2350	-42.0414
2351	2351	4.06053
2352	2352	22.3745
2353	2353	-7.40111
2354	2354	-31.5102
2355	2355	6.69889
2356	2356	11.6814
2357	2357	-2.9882
2358	2358	4.92314
2359	2359	5.9174
2360	2360	12.3442
2361	2361	-36.8889
2362	2362	-11.6842
2363	2363	-28.1202
2364	2364	10.8752
2365	2365	-24.5089
2366	2366	-6.24053
2367	2367	38.8205
2368	2368	-19.4601
2369	2369	-39.3631
2370	2370	33.328
2371	2371	-29.3657
2372	2372	-62.1562
2373	2373	37.0855
2374	2374	-20.9746
2375	2375	2.0344
2376	2376	-54.0364
2377	2377	9.02182
2378	2378	6.8183
2379	2379	-19.3459
2380	2380	17.8789
2381	2381	20.1089
2382	2382	-26.5609
2383	2383	-10.9369
2384	2384	-21.5752
2385	2385	6.59133
2386	2386	-23.6513
2387	2387	-35.5631
2388	2388	-4.14867
2389	2389	-13.0281
2390	2390	39.933
2391	2391	3.53744
2392	2392	-36.5654
2393	2393	-7.49755
2394	2394	-4.6365
2395	2395	-2.78136
2396	2396	-19.966
2397	2397	-26.231
2398	2398	-16.3596
2399	2399	-10.2073
