sample_id	sample_id2	phensim
zero	zero	-34.4201
1	1	-4.75033
2	2	34.4535
3	3	-8.59867
4	4	-9.69862
5	5	-12.5996
6	6	-16.9903
7	7	-4.88008
8	8	0.390678
9	9	31.151
10	10	-14.3568
11	11	-7.01296
12	12	2.11404
13	13	-1.71951
14	14	34.771
15	15	-14.7576
16	16	-10.8246
17	17	15.6678
18	18	-36.4337
19	19	22.7406
20	20	-7.03433
21	21	19.8689
22	22	-6.63622
23	23	-27.1838
24	24	34.5883
25	25	7.12791
26	26	-2.11231
27	27	-9.33676
28	28	-3.70368
29	29	16.0859
30	30	-14.7981
31	31	-9.87891
32	32	-11.8956
33	33	-13.0466
34	34	4.39749
35	35	9.00505
36	36	-55.8022
37	37	-40.8444
38	38	-7.21882
39	39	4.10364
40	40	-1.55158
41	41	29.5393
42	42	-18.0785
43	43	13.1893
44	44	45.7889
45	45	14.5119
46	46	8.39013
47	47	16.2346
48	48	8.07004
49	49	-0.421673
50	50	-18.485
51	51	-11.3447
52	52	-7.34331
53	53	-13.5059
54	54	20.3448
55	55	-26.6223
56	56	-12.9409
57	57	0.104934
58	58	-36.3244
59	59	2.12384
60	60	-0.482283
61	61	-36.3063
62	62	20.086
63	63	0.964977
64	64	5.3389
65	65	5.3092
66	66	49.709
67	67	-1.89657
68	68	9.16727
69	69	-1.51324
70	70	-36.4766
71	71	-5.72018
72	72	-2.8401
73	73	-10.257
74	74	-3.33052
75	75	26.8792
76	76	8.5545
77	77	36.0465
78	78	15.6693
79	79	5.03978
80	80	25.3318
81	81	-45.221
82	82	-33.8085
83	83	8.76809
84	84	-50.6327
85	85	21.2283
86	86	-10.1246
87	87	-25.8553
88	88	27.8926
89	89	-15.668
90	90	-2.5455
91	91	25.8342
92	92	7.18493
93	93	22.7492
94	94	8.96888
95	95	-21.5253
96	96	-27.2499
97	97	12.8077
98	98	-7.62492
99	99	-1.94696
100	100	-6.82579
101	101	19.9578
102	102	43.0809
103	103	28.8552
104	104	-18.141
105	105	-20.4417
106	106	3.09691
107	107	29.1231
108	108	-24.0594
109	109	13.9173
110	110	-28.3554
111	111	-5.76098
112	112	-8.73613
113	113	-1.19931
114	114	-12.8659
115	115	-26.3612
116	116	6.552
117	117	-20.9751
118	118	-14.7505
119	119	-8.30062
120	120	-35.4008
121	121	29.3198
122	122	11.1029
123	123	18.728
124	124	20.9462
125	125	15.3462
126	126	-3.40759
127	127	14.6691
128	128	-26.8558
129	129	-15.0706
130	130	16.6695
131	131	-19.1624
132	132	0.176363
133	133	-13.0075
134	134	-12.1431
135	135	-6.96064
136	136	-20.2759
137	137	14.2479
138	138	-14.9974
139	139	2.32612
140	140	-8.48188
141	141	-10.0806
142	142	12.8253
143	143	-0.14315
144	144	-0.477516
145	145	3.23217
146	146	-31.5269
147	147	-8.3798
148	148	6.62426
149	149	25.2629
150	150	-7.33557
151	151	-16.7846
152	152	-2.08
153	153	-40.8588
154	154	46.0002
155	155	-11.9107
156	156	-2.05741
157	157	31.7351
158	158	0.857825
159	159	-19.884
160	160	-0.733945
161	161	-30.6208
162	162	-0.432857
163	163	24.457
164	164	-21.7554
165	165	9.42704
166	166	-19.9259
167	167	17.1484
168	168	16.4201
169	169	0.733491
170	170	-20.2647
171	171	0.425054
172	172	-21.5834
173	173	-2.56596
174	174	-1.50857
175	175	-13.9172
176	176	-11.6828
177	177	-9.86459
178	178	10.9004
179	179	-25.925
180	180	13.5943
181	181	14.9332
182	182	-3.88351
183	183	-7.43847
184	184	-11.1501
185	185	25.7867
186	186	-14.08
187	187	-23.7313
188	188	-12.4193
189	189	8.46568
190	190	-23.4211
191	191	17.6608
192	192	-0.0133037
193	193	10.808
194	194	17.6074
195	195	-12.6474
196	196	-13.5896
197	197	15.0983
198	198	-2.47479
199	199	25.3461
200	200	25.9045
201	201	-20.3868
202	202	5.00761
203	203	2.86858
204	204	4.02507
205	205	-10.2057
206	206	21.5734
207	207	-27.1925
208	208	-4.08987
209	209	-7.09057
210	210	-17.9872
211	211	-21.5534
212	212	-4.74056
213	213	50.7647
214	214	9.69735
215	215	11.3653
216	216	-9.95952
217	217	-33.3049
218	218	-41.048
219	219	19.9164
220	220	29.6997
221	221	-5.38565
222	222	16.5387
223	223	-4.03509
224	224	-5.10241
225	225	-10.6823
226	226	4.53199
227	227	-1.85305
228	228	9.0036
229	229	13.7225
230	230	-27.0111
231	231	12.1386
232	232	-7.2999
233	233	-27.156
234	234	36.5129
235	235	-18.4504
236	236	-0.10293
237	237	1.38271
238	238	-16.1432
239	239	27.1893
240	240	-0.56468
241	241	-26.7765
242	242	6.14231
243	243	-28.1035
244	244	33.045
245	245	-21.3067
246	246	11.44
247	247	-20.4373
248	248	9.46165
249	249	-30.6537
250	250	-27.5817
251	251	15.8814
252	252	15.0332
253	253	12.2032
254	254	12.7409
255	255	-2.62925
256	256	13.1659
257	257	-28.2141
258	258	16.7773
259	259	-12.4349
260	260	-18.4702
261	261	-6.49512
262	262	5.76386
263	263	-17.2275
264	264	-1.15985
265	265	10.7742
266	266	-18.3834
267	267	27.5811
268	268	-1.25495
269	269	-1.46383
270	270	-7.02364
271	271	-3.64665
272	272	-15.1722
273	273	1.37614
274	274	11.1472
275	275	27.9069
276	276	-4.35406
277	277	7.81282
278	278	28.0723
279	279	-3.40651
280	280	8.38949
281	281	15.5767
282	282	4.17266
283	283	-10.9318
284	284	-27.144
285	285	-6.56283
286	286	6.44451
287	287	38.4148
288	288	38.375
289	289	-9.46191
290	290	-13.3749
291	291	-6.72222
292	292	8.00707
293	293	37.5108
294	294	43.2526
295	295	-4.53414
296	296	40.1494
297	297	-3.46665
298	298	29.6385
299	299	-44.2793
300	300	0.615403
301	301	-14.3322
302	302	-24.352
303	303	-36.2597
304	304	-3.21834
305	305	-3.61454
306	306	5.8301
307	307	-3.78045
308	308	22.0003
309	309	-16.7015
310	310	2.15886
311	311	-4.18501
312	312	-16.4649
313	313	5.97036
314	314	4.60829
315	315	2.50385
316	316	-9.92094
317	317	-7.18145
318	318	-34.1729
319	319	-9.98247
320	320	14.4162
321	321	25.5418
322	322	25.9873
323	323	9.68446
324	324	17.8442
325	325	-8.93153
326	326	8.71951
327	327	-11.2678
328	328	-13.9249
329	329	-36.9304
330	330	35.6492
331	331	4.14681
332	332	14.4976
333	333	20.7019
334	334	-3.87719
335	335	6.30891
336	336	22.076
337	337	6.52185
338	338	-16.59
339	339	11.9127
340	340	16.3907
341	341	-23.8682
342	342	-5.47396
343	343	0.52219
344	344	-0.854918
345	345	8.41166
346	346	-8.79742
347	347	-31.0679
348	348	2.37356
349	349	-14.672
350	350	-9.14055
351	351	29.5335
352	352	-4.39384
353	353	3.59757
354	354	13.8359
355	355	-21.1417
356	356	10.2107
357	357	22.2552
358	358	-25.6981
359	359	-26.4848
360	360	6.15953
361	361	-7.62023
362	362	-3.65789
363	363	-2.69904
364	364	-5.40598
365	365	-1.52975
366	366	-8.63374
367	367	-9.74813
368	368	-2.5304
369	369	32.3006
370	370	12.9349
371	371	-11.2764
372	372	-26.8786
373	373	33.3742
374	374	39.2037
375	375	-24.212
376	376	1.58021
377	377	2.45687
378	378	18.6511
379	379	33.6367
380	380	-1.25092
381	381	24.5717
382	382	-22.3735
383	383	-16.9749
384	384	-6.39451
385	385	-8.90415
386	386	4.48395
387	387	-3.37894
388	388	17.084
389	389	-33.1411
390	390	-8.4861
391	391	34.7322
392	392	3.75123
393	393	-4.7041
394	394	13.4315
395	395	-11.8445
396	396	8.99828
397	397	-1.70988
398	398	-0.945054
399	399	15.7181
400	400	0.252635
401	401	69.3775
402	402	-5.44088
403	403	-21.0692
404	404	28.1871
405	405	-26.7043
406	406	-13.2885
407	407	4.71626
408	408	40.742
409	409	12.7722
410	410	7.04721
411	411	-11.5919
412	412	1.26567
413	413	7.19905
414	414	-8.521
415	415	-11.8023
416	416	-17.7466
417	417	10.2686
418	418	2.48737
419	419	4.24127
420	420	-22.0852
421	421	-33.4127
422	422	-21.5835
423	423	0.875677
424	424	8.67075
425	425	-33.3853
426	426	-3.54084
427	427	11.6117
428	428	17.0371
429	429	-22.4795
430	430	19.7052
431	431	-17.9135
432	432	-20.5352
433	433	-7.42392
434	434	-30.6388
435	435	-27.9536
436	436	22.4719
437	437	8.91337
438	438	-8.57035
439	439	-24.7464
440	440	26.787
441	441	18.1048
442	442	5.89638
443	443	49.2473
444	444	24.4615
445	445	7.52692
446	446	-2.78863
447	447	10.7632
448	448	-36.6336
449	449	-28.6269
450	450	25.2369
451	451	-30.325
452	452	-7.67749
453	453	-12.1653
454	454	8.23112
455	455	-8.95434
456	456	-15.984
457	457	16.7337
458	458	11.6282
459	459	-21.9193
460	460	-14.5293
461	461	17.4376
462	462	-10.495
463	463	-22.2038
464	464	23.2587
465	465	16.6063
466	466	-12.3897
467	467	24.3857
468	468	-8.1541
469	469	5.76481
470	470	-3.87783
471	471	-36.7738
472	472	2.47843
473	473	-4.57999
474	474	33.6373
475	475	-22.4363
476	476	19.4604
477	477	-21.6206
478	478	14.1769
479	479	7.48015
480	480	-34.7852
481	481	-14.8282
482	482	15.6095
483	483	-12.3984
484	484	-1.85723
485	485	16.7571
486	486	38.4186
487	487	35.3157
488	488	-15.6318
489	489	10.6632
490	490	8.15216
491	491	13.5992
492	492	21.7808
493	493	-1.28916
494	494	18.7092
495	495	10.1075
496	496	0.757412
497	497	5.81341
498	498	-4.56821
499	499	15.1472
500	500	-3.74189
501	501	22.484
502	502	-16.0635
503	503	-17.2648
504	504	-22.5875
505	505	-2.37219
506	506	-20.6411
507	507	-2.9688
508	508	-13.2617
509	509	-9.58266
510	510	33.3267
511	511	-5.93395
512	512	41.6538
513	513	4.50052
514	514	6.12563
515	515	24.3838
516	516	20.836
517	517	8.04274
518	518	9.76037
519	519	24.6521
520	520	-24.6412
521	521	-12.0479
522	522	26.7341
523	523	-5.82631
524	524	-0.103895
525	525	2.31397
526	526	-19.3626
527	527	-4.29114
528	528	-5.72525
529	529	-14.2446
530	530	-8.00135
531	531	10.152
532	532	-22.9637
533	533	-11.5458
534	534	18.6956
535	535	-0.856857
536	536	-27.6122
537	537	4.52101
538	538	6.46539
539	539	-2.10358
540	540	19.3298
541	541	20.1388
542	542	9.90245
543	543	-2.55859
544	544	16.1742
545	545	-19.301
546	546	0.699565
547	547	-5.89126
548	548	14.395
549	549	23.9574
550	550	26.6819
551	551	18.1323
552	552	-5.09042
553	553	-7.96157
554	554	3.80547
555	555	2.36729
556	556	-1.11943
557	557	18.4401
558	558	25.0033
559	559	-3.28221
560	560	-20.0659
561	561	-18.3595
562	562	-10.9217
563	563	1.7915
564	564	10.7434
565	565	26.6143
566	566	-5.69474
567	567	4.60014
568	568	26.321
569	569	-14.907
570	570	-2.06921
571	571	-10.089
572	572	33.965
573	573	-4.22297
574	574	16.4501
575	575	46.7512
576	576	2.34838
577	577	-16.934
578	578	-10.11
579	579	2.84446
580	580	9.21057
581	581	-15.0379
582	582	-21.1044
583	583	-0.173747
584	584	8.7299
585	585	3.67439
586	586	-10.051
587	587	-27.7918
588	588	8.90603
589	589	8.73567
590	590	6.26545
591	591	-3.86738
592	592	2.5896
593	593	8.16887
594	594	-32.9385
595	595	16.9856
596	596	-8.12181
597	597	9.85029
598	598	-4.61053
599	599	27.4168
600	600	-23.7487
601	601	-23.436
602	602	16.4091
603	603	-17.8586
604	604	11.942
605	605	-24.1075
606	606	9.48376
607	607	-4.46721
608	608	2.86234
609	609	-19.1859
610	610	7.67358
611	611	11.2257
612	612	-29.0897
613	613	26.9421
614	614	-3.15306
615	615	-4.25409
616	616	-22.4362
617	617	-25.2736
618	618	-14.1542
619	619	28.7304
620	620	-0.530268
621	621	-15.689
622	622	-1.0377
623	623	30.442
624	624	11.037
625	625	-27.902
626	626	-9.50532
627	627	-10.6254
628	628	-38.2643
629	629	-37.433
630	630	-1.5479
631	631	4.35062
632	632	6.69094
633	633	14.803
634	634	-13.9966
635	635	-8.50938
636	636	28.0033
637	637	-24.3146
638	638	-9.46952
639	639	-2.34271
640	640	4.31683
641	641	-21.2924
642	642	-8.77115
643	643	-12.0457
644	644	-8.564
645	645	10.333
646	646	-10.362
647	647	36.1682
648	648	-28.6905
649	649	6.25666
650	650	-21.6436
651	651	6.50075
652	652	-8.23697
653	653	26.264
654	654	-35.3896
655	655	-30.6288
656	656	17.5451
657	657	13.5259
658	658	-18.5444
659	659	-36.2238
660	660	-23.8259
661	661	-10.1136
662	662	12.9942
663	663	1.42641
664	664	16.9542
665	665	21.2505
666	666	-19.4977
667	667	-16.9825
668	668	-10.3757
669	669	9.9467
670	670	16.544
671	671	3.71076
672	672	40.0197
673	673	1.44497
674	674	-14.3443
675	675	-10.0155
676	676	-5.17691
677	677	39.551
678	678	1.60521
679	679	12.033
680	680	20.9813
681	681	1.28845
682	682	-3.21676
683	683	21.5921
684	684	28.858
685	685	-14.4885
686	686	-10.7614
687	687	-5.18803
688	688	-2.58359
689	689	6.18256
690	690	-8.34394
691	691	12.6614
692	692	25.029
693	693	4.6834
694	694	-20.5345
695	695	-1.66242
696	696	-29.0479
697	697	-0.197818
698	698	2.8894
699	699	-20.4809
700	700	4.56394
701	701	-7.12965
702	702	-21.8746
703	703	-7.70141
704	704	15.2865
705	705	3.40652
706	706	46.1411
707	707	-8.87692
708	708	13.9359
709	709	23.6535
710	710	-28.8093
711	711	-4.70587
712	712	-31.313
713	713	-1.1735
714	714	14.2405
715	715	0.432282
716	716	23.6935
717	717	-13.2876
718	718	-23.4551
719	719	-31.0759
720	720	-3.64105
721	721	-7.15971
722	722	-25.0832
723	723	11.1945
724	724	7.53742
725	725	-10.3416
726	726	19.0832
727	727	-9.10684
728	728	9.7949
729	729	2.9631
730	730	4.64237
731	731	4.59754
732	732	0.184789
733	733	-17.1857
734	734	-2.82282
735	735	-9.36822
736	736	2.11142
737	737	-29.1898
738	738	22.3523
739	739	-33.5959
740	740	-17.1265
741	741	-19.1896
742	742	-19.3543
743	743	-9.08499
744	744	-3.90833
745	745	7.34705
746	746	15.3015
747	747	11.9091
748	748	4.36835
749	749	-2.95103
750	750	6.34681
751	751	33.9006
752	752	10.6938
753	753	18.7017
754	754	19.8443
755	755	-6.02286
756	756	13.6418
757	757	-10.2475
758	758	10.699
759	759	-28.9841
760	760	-6.14601
761	761	-25.9209
762	762	35.311
763	763	6.71562
764	764	-17.6053
765	765	9.63453
766	766	-4.52834
767	767	24.3994
768	768	0.281476
769	769	9.96008
770	770	7.74432
771	771	-12.4217
772	772	32.9063
773	773	7.41299
774	774	-26.6964
775	775	53.6393
776	776	-39.9423
777	777	-41.6289
778	778	-10.7899
779	779	22.2919
780	780	-23.8166
781	781	-10.905
782	782	-5.54872
783	783	16.3791
784	784	12.9012
785	785	1.27719
786	786	-14.7963
787	787	-21.8638
788	788	-36.7372
789	789	10.6591
790	790	-10.4593
791	791	15.7307
792	792	-18.1318
793	793	13.6064
794	794	-6.87725
795	795	-14.2838
796	796	-6.8218
797	797	-33.0444
798	798	-21.1695
799	799	5.44295
800	800	-20.5279
801	801	-29.9444
802	802	8.97382
803	803	-18.9248
804	804	-24.4695
805	805	-13.8188
806	806	16.8436
807	807	9.245
808	808	-10.2394
809	809	3.76352
810	810	-13.392
811	811	-4.39732
812	812	13.2879
813	813	-8.07588
814	814	8.95112
815	815	7.15267
816	816	52.7751
817	817	-32.929
818	818	-2.78195
819	819	15.1245
820	820	-23.7549
821	821	-35.3164
822	822	30.1146
823	823	10.5712
824	824	-19.306
825	825	-25.2123
826	826	37.1059
827	827	-8.13155
828	828	10.8943
829	829	-19.6964
830	830	33.883
831	831	-14.9675
832	832	-1.22769
833	833	3.92392
834	834	-33.9469
835	835	24.7282
836	836	-3.75708
837	837	18.4711
838	838	-27.4001
839	839	45.4521
840	840	-6.45535
841	841	24.9182
842	842	21.4989
843	843	18.9792
844	844	-6.67689
845	845	-0.148146
846	846	46.9903
847	847	-9.38501
848	848	17.7447
849	849	-3.98401
850	850	3.08211
851	851	-17.1118
852	852	18.8042
853	853	10.0424
854	854	33.1471
855	855	5.5632
856	856	-9.61397
857	857	34.843
858	858	-1.08618
859	859	3.11037
860	860	2.61629
861	861	-26.9762
862	862	12.2389
863	863	-13.2687
864	864	-2.78984
865	865	36.6784
866	866	16.048
867	867	-17.6887
868	868	20.3197
869	869	7.53579
870	870	41.4661
871	871	-25.5982
872	872	-1.11625
873	873	3.40192
874	874	-25.9108
875	875	-26.5009
876	876	18.9108
877	877	-6.2951
878	878	-3.08594
879	879	4.2244
880	880	17.4779
881	881	-12.8101
882	882	23.5918
883	883	36.4608
884	884	-23.8858
885	885	-38.0211
886	886	20.4866
887	887	-37.7903
888	888	-55.6367
889	889	-3.40006
890	890	10.9676
891	891	-15.6422
892	892	-5.11461
893	893	-22.8591
894	894	-9.50165
895	895	-13.1275
896	896	-24.1319
897	897	-8.66407
898	898	35.0059
899	899	12.5199
900	900	9.52761
901	901	8.78174
902	902	11.5174
903	903	-5.4066
904	904	4.59886
905	905	-12.7884
906	906	10.215
907	907	-2.15478
908	908	28.8821
909	909	-6.11137
910	910	-2.01077
911	911	-19.1409
912	912	-2.59788
913	913	-3.93918
914	914	-2.45006
915	915	-25.5064
916	916	-28.2769
917	917	3.50587
918	918	-25.5718
919	919	-2.5756
920	920	7.37009
921	921	8.0624
922	922	-5.80605
923	923	-36.7529
924	924	22.3593
925	925	20.702
926	926	23.7583
927	927	22.3638
928	928	-15.2638
929	929	-6.50099
930	930	-3.56305
931	931	-7.78996
932	932	20.0414
933	933	-6.29871
934	934	-27.7483
935	935	-18.632
936	936	-16.5469
937	937	-11.4626
938	938	-3.38802
939	939	-20.263
940	940	-19.2937
941	941	-1.60267
942	942	-17.5653
943	943	5.10466
944	944	-7.08622
945	945	-5.32539
946	946	8.20036
947	947	-9.19069
948	948	12.5309
949	949	0.172868
950	950	-23.1837
951	951	-41.4863
952	952	-24.0483
953	953	-36.9503
954	954	10.0138
955	955	-18.5122
956	956	3.27737
957	957	-24.4838
958	958	-17.9924
959	959	-36.4392
960	960	15.783
961	961	40.5224
962	962	37.9306
963	963	8.83499
964	964	5.8885
965	965	9.76302
966	966	46.2932
967	967	18.8753
968	968	-6.8627
969	969	-15.5718
970	970	-4.11713
971	971	-0.718786
972	972	-4.34591
973	973	-23.731
974	974	-13.2611
975	975	-12.9704
976	976	8.36929
977	977	-3.60717
978	978	-16.1134
979	979	-20.2636
980	980	36.5924
981	981	15.9945
982	982	11.7296
983	983	-1.00825
984	984	28.6758
985	985	-12.9672
986	986	-17.0714
987	987	-0.611757
988	988	24.6033
989	989	-21.714
990	990	1.46755
991	991	-27.8135
992	992	0.875737
993	993	-11.6711
994	994	2.83695
995	995	34.2467
996	996	-4.24234
997	997	-9.56753
998	998	3.57627
999	999	18.1207
1000	1000	-41.3672
1001	1001	10.1401
1002	1002	-7.71065
1003	1003	26.7881
1004	1004	24.5199
1005	1005	-17.031
1006	1006	-7.19932
1007	1007	-15.0129
1008	1008	4.33576
1009	1009	26.052
1010	1010	-11.4253
1011	1011	11.3225
1012	1012	-12.5664
1013	1013	23.4069
1014	1014	12.3254
1015	1015	42.2879
1016	1016	22.9879
1017	1017	12.0101
1018	1018	-10.6021
1019	1019	19.3773
1020	1020	21.5538
1021	1021	-10.4332
1022	1022	-33.3505
1023	1023	-8.49908
1024	1024	2.95307
1025	1025	4.01151
1026	1026	8.13855
1027	1027	-8.51269
1028	1028	-27.2835
1029	1029	-9.97135
1030	1030	-23.7236
1031	1031	0.710992
1032	1032	2.05393
1033	1033	-0.0109915
1034	1034	17.1323
1035	1035	-7.21545
1036	1036	0.405679
1037	1037	-27.0031
1038	1038	-23.8519
1039	1039	-2.61244
1040	1040	3.78267
1041	1041	-13.6372
1042	1042	-18.1892
1043	1043	25.9813
1044	1044	-2.21942
1045	1045	6.01436
1046	1046	-21.6643
1047	1047	11.4549
1048	1048	5.96871
1049	1049	23.1248
1050	1050	20.4103
1051	1051	30.9822
1052	1052	6.46503
1053	1053	24.3499
1054	1054	-1.26945
1055	1055	7.61174
1056	1056	24.3307
1057	1057	-26.8539
1058	1058	-0.187784
1059	1059	0.767256
1060	1060	-21.5466
1061	1061	-11.0989
1062	1062	29.5701
1063	1063	-6.12905
1064	1064	26.8133
1065	1065	-4.88547
1066	1066	-7.31029
1067	1067	-4.78386
1068	1068	3.60418
1069	1069	2.67814
1070	1070	-9.58536
1071	1071	25.5789
1072	1072	-22.1339
1073	1073	8.92028
1074	1074	-28.6395
1075	1075	1.0001
1076	1076	-6.62563
1077	1077	8.59849
1078	1078	-23.4441
1079	1079	3.61263
1080	1080	-23.5955
1081	1081	20.8511
1082	1082	24.1885
1083	1083	-30.456
1084	1084	49.6519
1085	1085	-29.8964
1086	1086	-11.5917
1087	1087	-24.5268
1088	1088	10.7935
1089	1089	16.6674
1090	1090	17.415
1091	1091	-29.9284
1092	1092	-8.83155
1093	1093	-17.4221
1094	1094	-17.3161
1095	1095	23.7544
1096	1096	18.9681
1097	1097	3.72223
1098	1098	19.0965
1099	1099	0.491901
1100	1100	-32.1856
1101	1101	52.8412
1102	1102	9.39262
1103	1103	-12.1752
1104	1104	26.1884
1105	1105	-5.5522
1106	1106	-4.97478
1107	1107	-4.01745
1108	1108	10.6975
1109	1109	14.3689
1110	1110	15.4197
1111	1111	-0.617966
1112	1112	3.61808
1113	1113	1.33712
1114	1114	-15.1523
1115	1115	18.406
1116	1116	10.8125
1117	1117	-15.929
1118	1118	28.1617
1119	1119	20.1152
1120	1120	-32.517
1121	1121	30.7752
1122	1122	2.65004
1123	1123	-8.81813
1124	1124	24.9408
1125	1125	-2.94701
1126	1126	46.7173
1127	1127	0.979456
1128	1128	44.4261
1129	1129	19.5413
1130	1130	6.33527
1131	1131	-1.23724
1132	1132	-35.1617
1133	1133	-32.8364
1134	1134	-18.221
1135	1135	-4.83889
1136	1136	10.2465
1137	1137	17.9486
1138	1138	-9.56855
1139	1139	4.69535
1140	1140	3.84361
1141	1141	-16.7798
1142	1142	50.4575
1143	1143	15.0224
1144	1144	29.4213
1145	1145	-10.6556
1146	1146	-24.1427
1147	1147	4.77534
1148	1148	9.85577
1149	1149	-11.7532
1150	1150	-10.7205
1151	1151	16.5259
1152	1152	-44.2508
1153	1153	-20.158
1154	1154	-0.15442
1155	1155	18.5014
1156	1156	25.0245
1157	1157	-0.137415
1158	1158	16.2061
1159	1159	8.7504
1160	1160	7.60073
1161	1161	5.32812
1162	1162	6.21739
1163	1163	-4.80445
1164	1164	15.8634
1165	1165	16.4651
1166	1166	-33.7852
1167	1167	-28.7478
1168	1168	2.37693
1169	1169	-16.4673
1170	1170	-3.23587
1171	1171	-20.7971
1172	1172	-5.42954
1173	1173	-12.6777
1174	1174	17.9579
1175	1175	-30.4014
1176	1176	-19.3482
1177	1177	-15.38
1178	1178	-15.8217
1179	1179	-14.3675
1180	1180	16.1407
1181	1181	-0.0522699
1182	1182	-0.919383
1183	1183	-20.2611
1184	1184	28.9936
1185	1185	29.232
1186	1186	10.6752
1187	1187	-24.7651
1188	1188	11.4328
1189	1189	13.3914
1190	1190	-1.4747
1191	1191	-11.6706
1192	1192	8.86309
1193	1193	-19.4813
1194	1194	-10.1098
1195	1195	1.46326
1196	1196	-4.36273
1197	1197	7.43237
1198	1198	-22.5535
1199	1199	-23.8134
