sample_id	sample_id2	phensim
zero	zero	-30.1285
1	1	-8.27472
2	2	15.784
3	3	-2.68956
4	4	-16.6963
5	5	7.77794
6	6	16.3404
7	7	3.46439
8	8	-24.2391
9	9	12.1519
10	10	28.3814
11	11	46.3919
12	12	-27.6265
13	13	-28.0602
14	14	-10.8964
15	15	2.50034
16	16	-0.244172
17	17	25.8898
18	18	25.3957
19	19	-7.56239
20	20	-16.2467
21	21	-12.1771
22	22	-5.01829
23	23	16.3608
24	24	-22.0881
25	25	-22.4904
26	26	16.1951
27	27	-11.3666
28	28	-12.9854
29	29	-22.6617
30	30	-36.9908
31	31	-18.9506
32	32	-3.36255
33	33	-4.23147
34	34	27.3308
35	35	16.8666
36	36	-18.3906
37	37	-14.2436
38	38	-16.5239
39	39	9.23169
40	40	25.9808
41	41	-9.94659
42	42	-22.4618
43	43	-26.3975
44	44	10.4984
45	45	6.0559
46	46	-53.0899
47	47	-33.5666
48	48	-9.50666
49	49	-5.88797
50	50	-4.76384
51	51	5.8056
52	52	42.2594
53	53	8.07262
54	54	5.15
55	55	-4.54362
56	56	-25.437
57	57	7.89071
58	58	10.588
59	59	-5.58578
60	60	-0.257677
61	61	-2.31973
62	62	-19.5745
63	63	-10.3597
64	64	-1.69317
65	65	20.2423
66	66	6.64427
67	67	0.692362
68	68	-20.2019
69	69	7.40852
70	70	-8.16884
71	71	-9.92942
72	72	2.72639
73	73	-7.18003
74	74	7.35032
75	75	21.0394
76	76	-17.4912
77	77	21.8017
78	78	7.26087
79	79	-11.9092
80	80	-2.78032
81	81	1.84702
82	82	16.6192
83	83	8.04823
84	84	-35.3833
85	85	10.113
86	86	30.4479
87	87	-9.89393
88	88	2.33506
89	89	-12.3189
90	90	-2.71197
91	91	13.8897
92	92	19.8911
93	93	-2.86959
94	94	-6.42422
95	95	30.6441
96	96	11.6369
97	97	-9.76088
98	98	14.2001
99	99	-5.55937
100	100	-3.67983
101	101	-11.4371
102	102	0.735052
103	103	-6.50387
104	104	-16.8836
105	105	6.97531
106	106	-11.2103
107	107	-9.70992
108	108	-5.75108
109	109	-13.3469
110	110	5.83675
111	111	10.3503
112	112	-6.06992
113	113	-34.2146
114	114	-0.571512
115	115	16.1529
116	116	21.2888
117	117	31.2315
118	118	11.8744
119	119	-8.5475
120	120	10.9658
121	121	-31.0904
122	122	24.3143
123	123	-31.9211
124	124	-17.5694
125	125	20.0164
126	126	2.01145
127	127	-4.84582
128	128	21.9702
129	129	-9.37629
130	130	-3.96351
131	131	-11.8469
132	132	-14.4556
133	133	2.2308
134	134	30.6469
135	135	-37.1963
136	136	-3.24961
137	137	-14.2837
138	138	1.27078
139	139	-30.5773
140	140	28.0509
141	141	-6.99414
142	142	21.4921
143	143	-1.71199
144	144	-11.8187
145	145	-1.75712
146	146	-10.6947
147	147	16.9763
148	148	7.78625
149	149	25.3076
150	150	28.0033
151	151	-0.597985
152	152	22.3909
153	153	-23.1297
154	154	-4.35714
155	155	4.09508
156	156	-16.3206
157	157	-4.16172
158	158	-13.8481
159	159	23.7021
160	160	-1.56376
161	161	-4.24994
162	162	-19.3255
163	163	-2.93928
164	164	29.9717
165	165	14.423
166	166	-30.1525
167	167	13.5265
168	168	-3.64584
169	169	8.8044
170	170	22.0023
171	171	-8.90282
172	172	15.0662
173	173	-12.3825
174	174	15.8503
175	175	17.8964
176	176	13.2112
177	177	16.4954
178	178	-16.3334
179	179	-3.61071
180	180	10.8368
181	181	-17.0606
182	182	-44.8162
183	183	5.98011
184	184	21.3489
185	185	-14.9964
186	186	1.88696
187	187	-11.7826
188	188	-3.75968
189	189	10.4162
190	190	-11.0426
191	191	21.4309
192	192	-2.20076
193	193	10.2393
194	194	17.0182
195	195	-8.3949
196	196	11.1227
197	197	-20.2404
198	198	-28.6986
199	199	-39.6709
200	200	-0.953335
201	201	-24.1037
202	202	26.7669
203	203	9.97445
204	204	1.71157
205	205	-9.96007
206	206	-7.86121
207	207	7.98168
208	208	28.4554
209	209	-3.15291
210	210	15.2312
211	211	3.89587
212	212	-17.5919
213	213	5.376
214	214	-20.0179
215	215	1.71373
216	216	7.46568
217	217	-23.8849
218	218	4.67867
219	219	12.6151
220	220	1.57472
221	221	23.4889
222	222	-2.23765
223	223	12.3172
224	224	15.7183
225	225	-15.3962
226	226	15.5443
227	227	-24.8815
228	228	-12.2756
229	229	5.0352
230	230	-9.02283
231	231	17.7933
232	232	3.51449
233	233	-11.6395
234	234	-5.59363
235	235	-24.3708
236	236	-19.8198
237	237	-12.3077
238	238	-7.99475
239	239	10.6341
240	240	3.37817
241	241	21.1124
242	242	-19.8198
243	243	27.2916
244	244	29.0561
245	245	-24.422
246	246	3.119
247	247	-40.07
248	248	5.51192
249	249	15.1844
250	250	13.5604
251	251	-12.2912
252	252	-13.8684
253	253	28.8578
254	254	-7.82631
255	255	-5.29076
256	256	-3.14785
257	257	31.6253
258	258	-0.0574213
259	259	-28.3173
260	260	-5.24496
261	261	3.2444
262	262	12.9187
263	263	-5.54759
264	264	-11.3301
265	265	9.03966
266	266	-9.96598
267	267	-4.85929
268	268	5.44603
269	269	-1.37671
270	270	23.7381
271	271	39.8457
272	272	6.05531
273	273	13.106
274	274	3.90516
275	275	38.6994
276	276	26.5924
277	277	13.1822
278	278	-29.8934
279	279	-0.540024
280	280	16.5756
281	281	28.087
282	282	-21.3887
283	283	-27.7196
284	284	-10.5985
285	285	-0.399225
286	286	3.78464
287	287	10.4557
288	288	-16.3165
289	289	5.97154
290	290	24.0069
291	291	3.39826
292	292	18.2306
293	293	-27.248
294	294	27.211
295	295	12.4973
296	296	8.79601
297	297	29.6557
298	298	5.07125
299	299	-12.6643
300	300	14.917
301	301	-5.37689
302	302	5.53404
303	303	-2.07145
304	304	18.6173
305	305	7.25278
306	306	5.4826
307	307	-9.48917
308	308	3.58123
309	309	7.08335
310	310	16.7547
311	311	-26.4325
312	312	-12.8458
313	313	-3.12607
314	314	3.57514
315	315	2.47431
316	316	24.494
317	317	28.1987
318	318	-9.1466
319	319	-38.1633
320	320	14.9209
321	321	27.6274
322	322	0.580685
323	323	-2.76021
324	324	10.8968
325	325	-22.0991
326	326	26.6246
327	327	4.37655
328	328	-22.8822
329	329	15.3363
330	330	18.6271
331	331	30.175
332	332	24.1531
333	333	-5.09311
334	334	2.06857
335	335	27.2757
336	336	-4.1481
337	337	-0.62086
338	338	6.72896
339	339	-16.8234
340	340	16.8998
341	341	11.9084
342	342	-27.0296
343	343	16.0157
344	344	13.7994
345	345	-17.2366
346	346	6.9164
347	347	18.0936
348	348	-9.25431
349	349	-6.36075
350	350	29.8645
351	351	0.607607
352	352	13.528
353	353	4.86805
354	354	-5.23761
355	355	24.8871
356	356	3.68514
357	357	12.7431
358	358	4.71157
359	359	15.4362
360	360	-21.5311
361	361	-25.691
362	362	-0.966874
363	363	-30.9224
364	364	-2.69419
365	365	4.42455
366	366	17.7921
367	367	-19.7067
368	368	19.1404
369	369	-14.0904
370	370	22.4433
371	371	11.8837
372	372	-24.3596
373	373	25.5269
374	374	10.2971
375	375	-5.69676
376	376	-28.4996
377	377	-6.33401
378	378	12.1178
379	379	-2.70746
380	380	26.8584
381	381	16.9631
382	382	6.83166
383	383	-22.1622
384	384	19.4208
385	385	-45.5105
386	386	-10.2284
387	387	-13.2616
388	388	-4.07524
389	389	36.3806
390	390	11.2448
391	391	-25.8078
392	392	-12.5975
393	393	22.5978
394	394	-5.06189
395	395	-1.54799
396	396	2.66147
397	397	21.5826
398	398	6.696
399	399	-50.862
400	400	-10.516
401	401	-24.8259
402	402	5.54989
403	403	25.4482
404	404	15.9996
405	405	-3.92168
406	406	-39.4899
407	407	-3.35968
408	408	-14.2676
409	409	-1.48513
410	410	29.4942
411	411	4.44708
412	412	0.435058
413	413	3.49497
414	414	13.8249
415	415	-8.49834
416	416	8.78695
417	417	-12.451
418	418	-19.5756
419	419	7.0772
420	420	-1.98294
421	421	-2.25005
422	422	-36.3028
423	423	-41.1475
424	424	2.99275
425	425	-35.4678
426	426	-31.9932
427	427	-8.20903
428	428	0.905452
429	429	-5.24757
430	430	30.1519
431	431	-28.051
432	432	-6.33833
433	433	9.54992
434	434	2.94553
435	435	20.3003
436	436	8.55499
437	437	-14.4111
438	438	13.6716
439	439	9.64289
440	440	1.17831
441	441	1.37142
442	442	-7.99134
443	443	0.0134575
444	444	-10.851
445	445	-2.94101
446	446	-7.89574
447	447	20.139
448	448	24.6081
449	449	12.7408
450	450	-22.1842
451	451	1.71129
452	452	-11.9722
453	453	23.1199
454	454	8.83772
455	455	-17.6238
456	456	-15.4146
457	457	16.9688
458	458	8.11995
459	459	-15.5701
460	460	-15.477
461	461	-7.35304
462	462	9.98601
463	463	23.4118
464	464	-14.0185
465	465	14.5765
466	466	-3.93177
467	467	5.33129
468	468	25.1806
469	469	18.8399
470	470	12.3249
471	471	-0.325392
472	472	-11.4974
473	473	-13.2645
474	474	19.4933
475	475	2.49797
476	476	33.2743
477	477	3.34227
478	478	-9.44824
479	479	-7.28633
480	480	5.35114
481	481	38.8729
482	482	-20.0038
483	483	3.50238
484	484	14.7203
485	485	-22.2135
486	486	-20.414
487	487	-8.26277
488	488	-21.3951
489	489	-0.00761167
490	490	-21.7288
491	491	35.7859
492	492	19.2632
493	493	27.8043
494	494	17.5761
495	495	0.464406
496	496	1.43652
497	497	-16.1771
498	498	6.81347
499	499	-12.5614
500	500	9.56918
501	501	-32.7701
502	502	3.42351
503	503	-8.26645
504	504	15.2091
505	505	21.5008
506	506	-32.6362
507	507	32.7932
508	508	14.0546
509	509	-5.17505
510	510	-12.8311
511	511	-21.1033
512	512	10.7508
513	513	-13.5193
514	514	20.1356
515	515	37.9491
516	516	0.333258
517	517	19.4481
518	518	-12.457
519	519	-25.9533
520	520	-12.1176
521	521	5.69979
522	522	-8.27655
523	523	0.0794263
524	524	10.3444
525	525	-23.4545
526	526	3.23653
527	527	5.86086
528	528	-20.712
529	529	22.3081
530	530	7.58785
531	531	5.60326
532	532	-42.9029
533	533	-8.35197
534	534	-0.442878
535	535	0.142849
536	536	11.6269
537	537	-3.96193
538	538	5.37916
539	539	4.53204
540	540	16.2389
541	541	-3.54555
542	542	17.4473
543	543	13.733
544	544	-3.89118
545	545	9.56246
546	546	5.40741
547	547	-17.3353
548	548	17.2884
549	549	-3.48637
550	550	-10.723
551	551	-16.764
552	552	42.3248
553	553	11.2491
554	554	-14.8285
555	555	-25.0544
556	556	1.20379
557	557	21.0519
558	558	-5.44107
559	559	-4.77172
560	560	9.0875
561	561	3.65496
562	562	-8.72899
563	563	13.2697
564	564	-5.90173
565	565	-7.91197
566	566	16.943
567	567	2.2701
568	568	4.74287
569	569	22.0074
570	570	8.68983
571	571	-9.13375
572	572	-4.94079
573	573	-9.86249
574	574	-16.2805
575	575	-2.1465
576	576	-44.8621
577	577	21.1644
578	578	-15.7981
579	579	-21.7289
580	580	3.04023
581	581	-1.83419
582	582	34.0663
583	583	22.1129
584	584	-0.0260474
585	585	5.43313
586	586	-1.7212
587	587	28.0929
588	588	17.1587
589	589	-20.5926
590	590	35.5126
591	591	-6.54061
592	592	-19.6842
593	593	-5.12164
594	594	3.18217
595	595	-21.889
596	596	17.7147
597	597	-22.9792
598	598	-2.64226
599	599	-24.7816
600	600	-6.70782
601	601	-19.1342
602	602	-20.6619
603	603	-12.9861
604	604	-14.6048
605	605	-13.9189
606	606	14.9829
607	607	0.103902
608	608	-53.1965
609	609	-6.96819
610	610	-28.0704
611	611	4.22864
612	612	-2.17196
613	613	-12.3967
614	614	14.1767
615	615	-23.4458
616	616	-12.1624
617	617	20.4429
618	618	0.0483015
619	619	-14.643
620	620	-34.4736
621	621	13.2054
622	622	6.34738
623	623	-13.7049
624	624	14.5709
625	625	9.41037
626	626	9.63258
627	627	-13.6295
628	628	9.86814
629	629	-29.5098
630	630	-16.5155
631	631	-1.10059
632	632	14.8251
633	633	3.32765
634	634	5.56041
635	635	13.9548
636	636	-12.5346
637	637	-7.29025
638	638	3.867
639	639	-11.6137
640	640	-7.9484
641	641	-10.4416
642	642	24.834
643	643	-10.5391
644	644	5.26838
645	645	-19.1265
646	646	9.29201
647	647	-20.7625
648	648	7.41067
649	649	14.4387
650	650	13.2879
651	651	-25.7665
652	652	-12.6964
653	653	-2.89296
654	654	2.57652
655	655	-11.1467
656	656	14.2251
657	657	2.63217
658	658	34.9249
659	659	-2.96993
660	660	4.18324
661	661	-12.5758
662	662	-18.2458
663	663	-12.0478
664	664	-12.6703
665	665	-11.5254
666	666	-4.49209
667	667	-16.0132
668	668	20.1135
669	669	-19.2056
670	670	-26.3472
671	671	-2.27954
672	672	-6.95949
673	673	-14.0283
674	674	24.0055
675	675	10.8317
676	676	-7.39169
677	677	21.8515
678	678	-38.2889
679	679	-16.3924
680	680	-3.375
681	681	0.904039
682	682	4.71566
683	683	1.73309
684	684	3.31587
685	685	-1.11444
686	686	9.92793
687	687	7.9792
688	688	8.89578
689	689	0.0576423
690	690	-0.0616987
691	691	-20.2327
692	692	11.2059
693	693	11.7154
694	694	8.07709
695	695	-2.57636
696	696	18.9155
697	697	-10.5265
698	698	22.9349
699	699	-0.420869
700	700	-0.752273
701	701	23.4703
702	702	43.2326
703	703	0.725004
704	704	-20.2578
705	705	-18.1455
706	706	-0.575701
707	707	-22.5422
708	708	37.9341
709	709	-26.1465
710	710	0.433562
711	711	0.419977
712	712	-3.57378
713	713	9.3353
714	714	6.64417
715	715	16.6378
716	716	8.83056
717	717	-2.84979
718	718	-2.92742
719	719	-1.05502
720	720	22.0071
721	721	11.8974
722	722	-6.14752
723	723	-11.4571
724	724	2.23495
725	725	24.6158
726	726	-14.0336
727	727	-1.86877
728	728	-3.11424
729	729	-18.2052
730	730	5.24363
731	731	14.6435
732	732	-20.4691
733	733	-31.4082
734	734	8.94059
735	735	15.4913
736	736	-4.23963
737	737	-5.36317
738	738	-1.62783
739	739	13.8973
740	740	13.8492
741	741	10.0985
742	742	17.3895
743	743	13.0214
744	744	-4.8345
745	745	18.0381
746	746	-6.47286
747	747	-14.8838
748	748	1.66249
749	749	-0.939949
750	750	41.4413
751	751	-17.2619
752	752	17.359
753	753	-29.3111
754	754	-1.76225
755	755	8.3563
756	756	-9.52423
757	757	-23.9012
758	758	23.852
759	759	0.000668095
760	760	-30.415
761	761	-14.3836
762	762	-7.70034
763	763	-11.2129
764	764	19.4449
765	765	14.6262
766	766	28.0679
767	767	-17.2414
768	768	-25.0812
769	769	17.1688
770	770	33.0608
771	771	23.33
772	772	-12.3441
773	773	-29.6735
774	774	-11.6201
775	775	-3.73097
776	776	-1.92265
777	777	-17.3917
778	778	-1.88834
779	779	1.71347
780	780	11.1775
781	781	8.09961
782	782	4.86249
783	783	-22.061
784	784	4.06551
785	785	-3.98809
786	786	-7.80615
787	787	7.79461
788	788	14.8612
789	789	-5.17173
790	790	-3.79712
791	791	-14.6736
792	792	-3.75835
793	793	-42.5521
794	794	-1.02473
795	795	16.2679
796	796	15.3918
797	797	4.39093
798	798	-6.50971
799	799	6.14189
800	800	15.2154
801	801	46.2843
802	802	11.1482
803	803	6.59566
804	804	6.8714
805	805	-3.38621
806	806	4.78647
807	807	8.66981
808	808	-8.43264
809	809	-15.9572
810	810	-10.496
811	811	-22.8312
812	812	-7.71445
813	813	-25.3143
814	814	13.8573
815	815	28.8571
816	816	9.83431
817	817	-12.3802
818	818	17.4
819	819	-10.7163
820	820	-25.0949
821	821	7.85586
822	822	31.0744
823	823	-27.1626
824	824	-28.8074
825	825	-16.8301
826	826	-9.95211
827	827	-17.9706
828	828	-8.46604
829	829	30.3117
830	830	9.99533
831	831	-12.5346
832	832	6.65596
833	833	-6.21509
834	834	-17.7439
835	835	4.80469
836	836	-6.13407
837	837	-14.802
838	838	9.47964
839	839	-39.1633
840	840	4.01003
841	841	-17.902
842	842	-0.984824
843	843	43.9299
844	844	-12.5334
845	845	8.70349
846	846	-7.17105
847	847	-28.7325
848	848	3.18142
849	849	-2.57203
850	850	17.1778
851	851	23.3012
852	852	17.411
853	853	-18.8614
854	854	17.8851
855	855	8.84392
856	856	-12.1564
857	857	0.482236
858	858	-7.43116
859	859	-8.40169
860	860	-15.5695
861	861	6.82963
862	862	2.21527
863	863	-21.5121
864	864	6.28257
865	865	8.59675
866	866	-5.27091
867	867	-14.3701
868	868	-7.48651
869	869	0.651099
870	870	-17.5875
871	871	-26.0071
872	872	-14.5079
873	873	-7.81943
874	874	-32.166
875	875	16.5347
876	876	21.7203
877	877	-21.4619
878	878	-9.71912
879	879	-4.48045
880	880	0.988317
881	881	-27.9068
882	882	17.2076
883	883	-19.5428
884	884	7.50406
885	885	-3.64973
886	886	-7.26849
887	887	17.4898
888	888	-8.23603
889	889	15.7542
890	890	22.9766
891	891	6.75895
892	892	-32.4519
893	893	-19.0787
894	894	30.2472
895	895	-0.444854
896	896	-10.3297
897	897	-10.4694
898	898	10.0673
899	899	-3.79539
900	900	-5.51057
901	901	-21.1014
902	902	5.0722
903	903	0.65896
904	904	18.1785
905	905	-34.8361
906	906	-1.2235
907	907	-25.9598
908	908	4.04173
909	909	1.43262
910	910	21.5238
911	911	15.7085
912	912	-5.59085
913	913	7.11974
914	914	4.5419
915	915	4.74246
916	916	42.7539
917	917	-16.6033
918	918	9.39026
919	919	-9.53617
920	920	13.179
921	921	0.895389
922	922	-1.63302
923	923	-23.6509
924	924	21.4211
925	925	13.8584
926	926	-24.0864
927	927	-21.3758
928	928	-41.8947
929	929	3.00867
930	930	21.3106
931	931	27.0184
932	932	-6.22607
933	933	-23.556
934	934	-2.22972
935	935	5.62823
936	936	12.4154
937	937	-8.55022
938	938	28.6844
939	939	24.9097
940	940	-2.20022
941	941	25.2001
942	942	15.3481
943	943	15.7125
944	944	39.0399
945	945	-28.2754
946	946	-9.10016
947	947	35.9012
948	948	-15.7223
949	949	22.8316
950	950	18.2351
951	951	-15.9449
952	952	-20.9734
953	953	3.18815
954	954	28.3844
955	955	14.459
956	956	28.0149
957	957	-48.6401
958	958	-2.30417
959	959	23.088
960	960	-29.2951
961	961	23.5168
962	962	15.6641
963	963	13.5182
964	964	10.0482
965	965	19.47
966	966	28.3274
967	967	-24.3254
968	968	5.95989
969	969	14.1958
970	970	40.432
971	971	-30.1727
972	972	3.76854
973	973	6.15859
974	974	-2.23403
975	975	-22.1594
976	976	34.2691
977	977	31.9758
978	978	-15.1609
979	979	-6.05359
980	980	-6.9875
981	981	48.2644
982	982	7.40066
983	983	-9.13647
984	984	-1.48411
985	985	10.7997
986	986	-11.3429
987	987	1.79448
988	988	24.9622
989	989	18.5978
990	990	-15.8724
991	991	-40.963
992	992	-25.8635
993	993	-28.112
994	994	9.1161
995	995	-5.67722
996	996	19.2764
997	997	-21.8355
998	998	9.55802
999	999	-2.1084
1000	1000	2.39603
1001	1001	33.7363
1002	1002	10.1446
1003	1003	-16.7339
1004	1004	-0.137824
1005	1005	-16.0795
1006	1006	4.76733
1007	1007	-5.24694
1008	1008	12.6249
1009	1009	19.8803
1010	1010	17.7821
1011	1011	5.63095
1012	1012	6.96276
1013	1013	-20.8343
1014	1014	27.2333
1015	1015	-9.02876
1016	1016	-8.41278
1017	1017	-1.33893
1018	1018	4.94808
1019	1019	37.6335
1020	1020	26.3648
1021	1021	11.3285
1022	1022	-21.7669
1023	1023	-13.6289
1024	1024	37.9662
1025	1025	-24.5032
1026	1026	-8.23811
1027	1027	9.26692
1028	1028	20.6409
1029	1029	0.451454
1030	1030	5.73504
1031	1031	18.0097
1032	1032	8.54553
1033	1033	13.9041
1034	1034	6.937
1035	1035	-8.53832
1036	1036	21.625
1037	1037	13.357
1038	1038	-17.5774
1039	1039	-5.45519
1040	1040	19.7137
1041	1041	-6.9105
1042	1042	-20.9277
1043	1043	-28.4881
1044	1044	-21.2928
1045	1045	5.3237
1046	1046	-1.65436
1047	1047	-14.538
1048	1048	18.8417
1049	1049	-2.36596
1050	1050	-4.32988
1051	1051	-1.80668
1052	1052	25.809
1053	1053	-15.6144
1054	1054	-3.1373
1055	1055	-4.71955
1056	1056	-17.9431
1057	1057	-1.3642
1058	1058	13.0017
1059	1059	1.218
1060	1060	-1.45323
1061	1061	22.8537
1062	1062	-31.5622
1063	1063	-23.3063
1064	1064	16.2597
1065	1065	-27.6224
1066	1066	-8.3525
1067	1067	-7.45923
1068	1068	22.3555
1069	1069	16.6171
1070	1070	18.0007
1071	1071	8.83932
1072	1072	-14.5468
1073	1073	-2.55742
1074	1074	-8.77698
1075	1075	-0.972424
1076	1076	6.70319
1077	1077	-22.536
1078	1078	5.0311
1079	1079	-12.3936
1080	1080	-3.01021
1081	1081	15.5002
1082	1082	-2.73403
1083	1083	3.07166
1084	1084	19.2161
1085	1085	-17.3658
1086	1086	25.9391
1087	1087	-8.74998
1088	1088	15.5319
1089	1089	7.05185
1090	1090	15.0314
1091	1091	8.8701
1092	1092	4.83959
1093	1093	10.6369
1094	1094	-13.067
1095	1095	-3.92081
1096	1096	-8.91019
1097	1097	17.0085
1098	1098	-29.1909
1099	1099	-36.8945
1100	1100	5.01846
1101	1101	18.6239
1102	1102	36.1771
1103	1103	29.4837
1104	1104	6.55247
1105	1105	-30.1304
1106	1106	52.1259
1107	1107	24.4947
1108	1108	-8.31763
1109	1109	10.412
1110	1110	-1.0775
1111	1111	39.7832
1112	1112	-16.0387
1113	1113	-9.27105
1114	1114	-6.10731
1115	1115	-15.5121
1116	1116	-27.8255
1117	1117	4.15138
1118	1118	-1.77941
1119	1119	-21.8785
1120	1120	-11.8443
1121	1121	-1.44614
1122	1122	7.70186
1123	1123	5.17305
1124	1124	-3.62897
1125	1125	29.6757
1126	1126	14.5772
1127	1127	6.09766
1128	1128	30.963
1129	1129	-7.27739
1130	1130	46.7449
1131	1131	-4.99559
1132	1132	-6.03847
1133	1133	1.73042
1134	1134	18.077
1135	1135	15.1899
1136	1136	-16.868
1137	1137	-24.7922
1138	1138	36.042
1139	1139	20.8795
1140	1140	-12.5576
1141	1141	-39.0956
1142	1142	-29.9264
1143	1143	-20.622
1144	1144	12.5361
1145	1145	-7.12424
1146	1146	0.532074
1147	1147	-9.36825
1148	1148	20.4642
1149	1149	31.7889
1150	1150	-27.5911
1151	1151	-20.5704
1152	1152	38.641
1153	1153	-11.4505
1154	1154	14.247
1155	1155	7.07271
1156	1156	-10.8817
1157	1157	-15.9291
1158	1158	4.03099
1159	1159	19.3607
1160	1160	-1.71536
1161	1161	14.3046
1162	1162	7.83411
1163	1163	-34.9038
1164	1164	-17.9516
1165	1165	29.4165
1166	1166	15.0412
1167	1167	-6.55487
1168	1168	10.4757
1169	1169	15.4193
1170	1170	12.9789
1171	1171	5.29235
1172	1172	0.667307
1173	1173	-31.064
1174	1174	23.9588
1175	1175	40.6541
1176	1176	6.05959
1177	1177	-11.6236
1178	1178	-8.26442
1179	1179	-2.16252
1180	1180	0.076103
1181	1181	14.3494
1182	1182	-24.2405
1183	1183	-41.4776
1184	1184	-27.8492
1185	1185	11.389
1186	1186	13.1654
1187	1187	-4.86215
1188	1188	4.10789
1189	1189	-8.27839
1190	1190	21.2543
1191	1191	-9.6563
1192	1192	-6.83188
1193	1193	9.25731
1194	1194	-21.7582
1195	1195	39.2388
1196	1196	-12.9714
1197	1197	27.9765
1198	1198	-14.0555
1199	1199	13.4247
1200	1200	-3.665
1201	1201	9.59729
1202	1202	17.6878
1203	1203	-18.4532
1204	1204	-64.1841
1205	1205	-7.25814
1206	1206	6.24375
1207	1207	23.1108
1208	1208	8.15861
1209	1209	4.89368
1210	1210	9.66776
1211	1211	-17.2586
1212	1212	-27.7448
1213	1213	-9.4729
1214	1214	-0.634967
1215	1215	10.6254
1216	1216	14.3745
1217	1217	11.8721
1218	1218	-1.28636
1219	1219	-11.071
1220	1220	-0.361399
1221	1221	15.1567
1222	1222	-25.5573
1223	1223	12.3316
1224	1224	-9.40963
1225	1225	5.55826
1226	1226	-6.40057
1227	1227	0.0109555
1228	1228	26.4079
1229	1229	2.14264
1230	1230	-23.6017
1231	1231	-6.70435
1232	1232	-31.0112
1233	1233	-3.45905
1234	1234	-17.2284
1235	1235	-13.9625
1236	1236	8.76515
1237	1237	0.697332
1238	1238	20.0156
1239	1239	-0.0997584
1240	1240	-30.5149
1241	1241	-1.71755
1242	1242	18.1475
1243	1243	-15.6538
1244	1244	-23.7414
1245	1245	-27.3764
1246	1246	7.25548
1247	1247	-22.8974
1248	1248	-14.0411
1249	1249	8.35484
1250	1250	-1.67034
1251	1251	-14.1516
1252	1252	20.5884
1253	1253	-19.663
1254	1254	8.60717
1255	1255	-15.2433
1256	1256	-17.3654
1257	1257	8.94792
1258	1258	-9.6549
1259	1259	-6.24252
1260	1260	-26.3985
1261	1261	-39.2625
1262	1262	11.8527
1263	1263	2.06423
1264	1264	-4.71127
1265	1265	7.92765
1266	1266	-4.32181
1267	1267	-49.1352
1268	1268	-4.54541
1269	1269	11.6317
1270	1270	-18.8357
1271	1271	8.74698
1272	1272	-14.8114
1273	1273	11.8652
1274	1274	16.2033
1275	1275	17.8598
1276	1276	0.315179
1277	1277	10.7392
1278	1278	5.48722
1279	1279	-15.1526
1280	1280	-6.80993
1281	1281	5.28356
1282	1282	-16.6851
1283	1283	-12.8425
1284	1284	9.50244
1285	1285	1.12158
1286	1286	-12.9294
1287	1287	-41.5668
1288	1288	-2.58935
1289	1289	20.105
1290	1290	-0.908398
1291	1291	10.7774
1292	1292	-6.93334
1293	1293	35.0768
1294	1294	39.9537
1295	1295	20.1466
1296	1296	0.809447
1297	1297	0.940112
1298	1298	-0.785637
1299	1299	-18.642
1300	1300	-4.98428
1301	1301	5.29008
1302	1302	-13.6174
1303	1303	-3.98078
1304	1304	-27.1151
1305	1305	-7.77194
1306	1306	24.1799
1307	1307	12.3831
1308	1308	5.70712
1309	1309	-1.64539
1310	1310	-44.4637
1311	1311	-16.2828
1312	1312	-11.8205
1313	1313	-2.47946
1314	1314	12.7792
1315	1315	1.67541
1316	1316	5.16555
1317	1317	10.9119
1318	1318	-38.3013
1319	1319	-42.3023
1320	1320	1.01978
1321	1321	-4.37513
1322	1322	12.4523
1323	1323	-26.6556
1324	1324	26.8604
1325	1325	-7.51902
1326	1326	10.8162
1327	1327	-47.758
1328	1328	-17.0216
1329	1329	-14.6286
1330	1330	2.1821
1331	1331	-27.6229
1332	1332	-4.15702
1333	1333	10.2453
1334	1334	11.986
1335	1335	-4.35472
1336	1336	12.7214
1337	1337	20.4253
1338	1338	-0.252185
1339	1339	9.21236
1340	1340	9.82732
1341	1341	-15.0184
1342	1342	22.6809
1343	1343	39.3209
1344	1344	-13.715
1345	1345	5.63718
1346	1346	-0.103129
1347	1347	-15.1966
1348	1348	2.42389
1349	1349	1.76054
1350	1350	11.9964
1351	1351	-3.31335
1352	1352	20.8296
1353	1353	-2.66618
1354	1354	19.6012
1355	1355	-7.33533
1356	1356	13.4874
1357	1357	-17.9565
1358	1358	-8.47387
1359	1359	-21.3275
1360	1360	5.89919
1361	1361	45.4485
1362	1362	14.8717
1363	1363	39.5665
1364	1364	-5.35761
1365	1365	20.6492
1366	1366	10.2892
1367	1367	-26.6039
1368	1368	-24.0196
1369	1369	13.5812
1370	1370	15.5225
1371	1371	-10.2893
1372	1372	-21.0518
1373	1373	32.8974
1374	1374	7.93768
1375	1375	41.8348
1376	1376	-21.3799
1377	1377	-25.4498
1378	1378	-0.591652
1379	1379	6.18481
1380	1380	-5.03606
1381	1381	-11.131
1382	1382	-1.63002
1383	1383	-9.28506
1384	1384	-13.0649
1385	1385	14.2524
1386	1386	23.8239
1387	1387	-23.3292
1388	1388	13.1569
1389	1389	17.6294
1390	1390	-20.8867
1391	1391	21.9604
1392	1392	17.5902
1393	1393	-12.7029
1394	1394	-26.7789
1395	1395	-2.17164
1396	1396	-23.0887
1397	1397	-12.4792
1398	1398	-22.2142
1399	1399	-24.2812
1400	1400	-11.0427
1401	1401	8.94652
1402	1402	-4.18242
1403	1403	-6.546
1404	1404	-13.0285
1405	1405	10.4447
1406	1406	3.1012
1407	1407	-7.77769
1408	1408	-7.01791
1409	1409	-1.44961
1410	1410	-0.444925
1411	1411	-22.6481
1412	1412	0.0216801
1413	1413	27.6346
1414	1414	22.432
1415	1415	7.20739
1416	1416	-28.1091
1417	1417	-38.0397
1418	1418	6.15218
1419	1419	21.2037
1420	1420	-18.1661
1421	1421	-17.0628
1422	1422	3.55838
1423	1423	12.7336
1424	1424	1.88165
1425	1425	14.4702
1426	1426	-28.614
1427	1427	40.6393
1428	1428	-4.04223
1429	1429	-36.0059
1430	1430	9.92124
1431	1431	-15.2274
1432	1432	22.1594
1433	1433	-28.6315
1434	1434	-18.7953
1435	1435	3.24937
1436	1436	27.6852
1437	1437	16.2391
1438	1438	-1.07819
1439	1439	-31.1868
1440	1440	18.2448
1441	1441	-4.13508
1442	1442	32.9911
1443	1443	-3.96916
1444	1444	8.44947
1445	1445	2.94898
1446	1446	-10.5624
1447	1447	22.2909
1448	1448	4.79974
1449	1449	5.16241
1450	1450	-7.84883
1451	1451	7.8832
1452	1452	-49.6677
1453	1453	-3.55283
1454	1454	-6.29256
1455	1455	-1.13704
1456	1456	-11.5747
1457	1457	5.36753
1458	1458	-2.44285
1459	1459	-6.70815
1460	1460	0.768916
1461	1461	12.5324
1462	1462	-21.5159
1463	1463	-0.534739
1464	1464	-13.6485
1465	1465	3.19457
1466	1466	21.4572
1467	1467	11.2082
1468	1468	-3.90467
1469	1469	28.1951
1470	1470	0.87964
1471	1471	-14.6274
1472	1472	-10.3034
1473	1473	-2.37746
1474	1474	-1.52428
1475	1475	-5.2338
1476	1476	-30.247
1477	1477	19.5575
1478	1478	-10.1195
1479	1479	-9.39553
1480	1480	15.9601
1481	1481	-19.3221
1482	1482	-12.3217
1483	1483	-8.83874
1484	1484	-9.4601
1485	1485	4.15718
1486	1486	14.8372
1487	1487	-21.6714
1488	1488	37.6322
1489	1489	-15.2737
1490	1490	-9.22473
1491	1491	-4.20498
1492	1492	-2.94181
1493	1493	6.66268
1494	1494	-11.7181
1495	1495	-17.6383
1496	1496	4.47407
1497	1497	10.9687
1498	1498	9.36767
1499	1499	-14.8635
1500	1500	11.2915
1501	1501	12.131
1502	1502	17.8941
1503	1503	-7.39675
1504	1504	-20.231
1505	1505	3.92219
1506	1506	-12.5727
1507	1507	-15.0365
1508	1508	8.12262
1509	1509	-3.33454
1510	1510	43.9012
1511	1511	-9.05224
1512	1512	6.38589
1513	1513	-18.4888
1514	1514	3.67672
1515	1515	-46.7444
1516	1516	3.87473
1517	1517	12.1861
1518	1518	41.1932
1519	1519	24.149
1520	1520	-12.591
1521	1521	-36.7825
1522	1522	3.19457
1523	1523	-2.51709
1524	1524	-16.085
1525	1525	8.38356
1526	1526	16.5929
1527	1527	-5.01955
1528	1528	-1.7367
1529	1529	6.24606
1530	1530	34.2726
1531	1531	10.0062
1532	1532	12.4417
1533	1533	46.4592
1534	1534	18.3395
1535	1535	-16.5661
1536	1536	-28.1753
1537	1537	-32.1853
1538	1538	0.390711
1539	1539	16.262
1540	1540	-32.3465
1541	1541	67.3483
1542	1542	-6.91646
1543	1543	-41.04
1544	1544	4.35167
1545	1545	17.4857
1546	1546	-0.0905418
1547	1547	-15.8469
1548	1548	-13.7223
1549	1549	-16.732
1550	1550	-0.217274
1551	1551	-18.1574
1552	1552	-23.0857
1553	1553	-26.3579
1554	1554	-10.8108
1555	1555	3.74935
1556	1556	-32.1363
1557	1557	19.951
1558	1558	7.46505
1559	1559	20.107
1560	1560	-32.9906
1561	1561	31.0951
1562	1562	5.22416
1563	1563	-1.53614
1564	1564	-14.9623
1565	1565	38.0766
1566	1566	4.16418
1567	1567	-0.437476
1568	1568	3.71588
1569	1569	-4.75541
1570	1570	-10.7804
1571	1571	-29.9742
1572	1572	19.9044
1573	1573	-1.1104
1574	1574	13.7835
1575	1575	9.56194
1576	1576	-7.24052
1577	1577	-20.376
1578	1578	26.883
1579	1579	28.995
1580	1580	10.2631
1581	1581	27.0395
1582	1582	8.95606
1583	1583	-3.0005
1584	1584	15.4173
1585	1585	1.00111
1586	1586	13.5969
1587	1587	-15.3937
1588	1588	-0.0838614
1589	1589	-14.6189
1590	1590	-26.9941
1591	1591	-17.3849
1592	1592	-13.6556
1593	1593	14.7266
1594	1594	-9.74828
1595	1595	19.1932
1596	1596	-6.8046
1597	1597	-3.80409
1598	1598	18.3378
1599	1599	-8.66974
1600	1600	0.711653
1601	1601	-0.704262
1602	1602	10.7644
1603	1603	12.7458
1604	1604	17.0367
1605	1605	-17.0602
1606	1606	-8.13494
1607	1607	-10.0599
1608	1608	-20.5609
1609	1609	17.3349
1610	1610	2.86005
1611	1611	20.823
1612	1612	7.35444
1613	1613	0.718292
1614	1614	8.71636
1615	1615	1.14016
1616	1616	6.13157
1617	1617	-12.2917
1618	1618	-19.7212
1619	1619	-4.69287
1620	1620	-26.4017
1621	1621	-13.705
1622	1622	2.6879
1623	1623	-28.7963
1624	1624	19.6505
1625	1625	15.9783
1626	1626	-39.306
1627	1627	-2.89813
1628	1628	12.966
1629	1629	28.0923
1630	1630	-19.3238
1631	1631	12.1595
1632	1632	-19.6341
1633	1633	-14.3731
1634	1634	-27.5856
1635	1635	-9.42763
1636	1636	19.625
1637	1637	-9.81732
1638	1638	-1.55802
1639	1639	-21.421
1640	1640	-11.2644
1641	1641	14.3051
1642	1642	49.1236
1643	1643	2.84384
1644	1644	27.4143
1645	1645	8.96982
1646	1646	-3.53413
1647	1647	2.24873
1648	1648	13.334
1649	1649	14.5495
1650	1650	31.4132
1651	1651	-20.953
1652	1652	-42.5414
1653	1653	-19.5516
1654	1654	3.66957
1655	1655	-17.9633
1656	1656	14.2085
1657	1657	16.0936
1658	1658	-5.16633
1659	1659	-12.3853
1660	1660	16.2668
1661	1661	-12.1315
1662	1662	-32.6562
1663	1663	-1.13676
1664	1664	53.2287
1665	1665	24.1569
1666	1666	-0.961133
1667	1667	9.18102
1668	1668	7.40667
1669	1669	5.35527
1670	1670	-8.47021
1671	1671	-3.53935
1672	1672	-18.445
1673	1673	18.7086
1674	1674	-15.4806
1675	1675	-8.64227
1676	1676	2.76325
1677	1677	-17.0739
1678	1678	-3.3144
1679	1679	11.7185
1680	1680	-19.7077
1681	1681	18.7212
1682	1682	10.5242
1683	1683	17.9687
1684	1684	14.1938
1685	1685	-18.1915
1686	1686	0.377686
1687	1687	-17.7553
1688	1688	-10.7984
1689	1689	7.44296
1690	1690	-14.8806
1691	1691	19.6571
1692	1692	-23.2206
1693	1693	-2.25713
1694	1694	-3.23014
1695	1695	-22.7416
1696	1696	24.0261
1697	1697	-21.7896
1698	1698	16.6592
1699	1699	-14.176
1700	1700	6.49439
1701	1701	-8.95233
1702	1702	14.5508
1703	1703	15.6113
1704	1704	-1.35973
1705	1705	22.8373
1706	1706	11.0917
1707	1707	-9.72567
1708	1708	-4.38341
1709	1709	-5.3367
1710	1710	-4.66111
1711	1711	-3.82793
1712	1712	-26.8445
1713	1713	-42.4683
1714	1714	19.739
1715	1715	33.0807
1716	1716	-3.96006
1717	1717	3.02804
1718	1718	-2.96403
1719	1719	21.0174
1720	1720	-20.1805
1721	1721	2.60282
1722	1722	-6.48701
1723	1723	-22.1891
1724	1724	17.0104
1725	1725	-30.9489
1726	1726	-7.42184
1727	1727	8.84632
1728	1728	-20.9115
1729	1729	-4.76887
1730	1730	27.2102
1731	1731	-17.0571
1732	1732	43.6553
1733	1733	-15.8594
1734	1734	-8.89647
1735	1735	-16.3527
1736	1736	6.95413
1737	1737	-21.8555
1738	1738	8.91704
1739	1739	-5.9563
1740	1740	-7.54828
1741	1741	-20.6488
1742	1742	-12.9446
1743	1743	1.51444
1744	1744	-22.1428
1745	1745	13.1312
1746	1746	-8.73155
1747	1747	-28.3686
1748	1748	-14.6486
1749	1749	-4.30022
1750	1750	23.5894
1751	1751	27.1641
1752	1752	27.5477
1753	1753	-12.0373
1754	1754	-19.8542
1755	1755	0.431009
1756	1756	1.41703
1757	1757	17.066
1758	1758	-2.34873
1759	1759	-10.8116
1760	1760	-6.3751
1761	1761	5.52797
1762	1762	-11.2844
1763	1763	-18.3284
1764	1764	-12.0985
1765	1765	38.38
1766	1766	4.68617
1767	1767	3.64402
1768	1768	-2.50232
1769	1769	-30.4025
1770	1770	-3.84478
1771	1771	-18.517
1772	1772	12.9481
1773	1773	6.42583
1774	1774	-22.2127
1775	1775	22.0596
1776	1776	-16.2688
1777	1777	-30.5315
1778	1778	15.0083
1779	1779	-20.8695
1780	1780	7.03235
1781	1781	19.6517
1782	1782	10.6533
1783	1783	-4.73419
1784	1784	-15.8935
1785	1785	-12.2422
1786	1786	-3.80221
1787	1787	19.3617
1788	1788	9.68392
1789	1789	-7.23198
1790	1790	6.2043
1791	1791	11.9867
1792	1792	-7.78405
1793	1793	-10.894
1794	1794	6.56934
1795	1795	-18.0133
1796	1796	-3.98288
1797	1797	48.2966
1798	1798	-17.9488
1799	1799	-34.2045
1800	1800	-3.50482
1801	1801	8.04184
1802	1802	1.33436
1803	1803	17.602
1804	1804	23.5739
1805	1805	20.7476
1806	1806	2.83695
1807	1807	-21.6295
1808	1808	-16.5643
1809	1809	-22.0024
1810	1810	12.3467
1811	1811	-2.7907
1812	1812	4.80988
1813	1813	-3.54378
1814	1814	12.0902
1815	1815	6.40045
1816	1816	1.01864
1817	1817	12.8895
1818	1818	14.0764
1819	1819	-9.17288
1820	1820	0.65069
1821	1821	-7.46146
1822	1822	10.1167
1823	1823	5.66655
1824	1824	19.6745
1825	1825	22.1335
1826	1826	-39.3875
1827	1827	-21.3466
1828	1828	-2.74816
1829	1829	13.5538
1830	1830	-19.7343
1831	1831	-1.41883
1832	1832	15.1024
1833	1833	-38.8268
1834	1834	-24.7971
1835	1835	0.123985
1836	1836	-2.89728
1837	1837	29.8511
1838	1838	-19.1752
1839	1839	1.0364
1840	1840	1.51723
1841	1841	15.8299
1842	1842	18.8568
1843	1843	-21.5248
1844	1844	-18.4622
1845	1845	-15.2387
1846	1846	10.5088
1847	1847	-22.5804
1848	1848	54.579
1849	1849	-43.1975
1850	1850	6.17486
1851	1851	19.435
1852	1852	-27.2714
1853	1853	-31.7136
1854	1854	-4.26404
1855	1855	-15.0134
1856	1856	-7.32231
1857	1857	25.7421
1858	1858	-23.7697
1859	1859	7.67994
1860	1860	-13.6504
1861	1861	-2.87049
1862	1862	-41.4297
1863	1863	-5.04462
1864	1864	-15.8588
1865	1865	-22.33
1866	1866	2.60738
1867	1867	-3.62858
1868	1868	7.82326
1869	1869	-12.1054
1870	1870	-12.5996
1871	1871	-1.8394
1872	1872	-12.5282
1873	1873	-13.0018
1874	1874	-14.3283
1875	1875	21.6502
1876	1876	-7.99017
1877	1877	-1.01954
1878	1878	40.698
1879	1879	-6.20722
1880	1880	-8.77673
1881	1881	3.7521
1882	1882	-30.911
1883	1883	-1.97645
1884	1884	-25.5951
1885	1885	8.57812
1886	1886	-25.1575
1887	1887	44.4927
1888	1888	10.2898
1889	1889	13.3865
1890	1890	-18.0878
1891	1891	9.69733
1892	1892	-8.20834
1893	1893	-17.7297
1894	1894	-3.11918
1895	1895	-5.41146
1896	1896	8.96678
1897	1897	-12.654
1898	1898	-31.5317
1899	1899	12.0597
1900	1900	9.20698
1901	1901	-8.37583
1902	1902	4.46139
1903	1903	11.2295
1904	1904	-1.17796
1905	1905	-22.1316
1906	1906	8.10821
1907	1907	-11.5762
1908	1908	-4.5773
1909	1909	13.1184
1910	1910	-17.817
1911	1911	-0.630155
1912	1912	15.9618
1913	1913	5.4065
1914	1914	-5.30534
1915	1915	-48.2437
1916	1916	-3.46812
1917	1917	31.5091
1918	1918	6.48791
1919	1919	16.9346
1920	1920	-11.9942
1921	1921	-3.88103
1922	1922	9.7827
1923	1923	0.737031
1924	1924	55.6907
1925	1925	-7.95117
1926	1926	22.4407
1927	1927	-16.8964
1928	1928	-20.6961
1929	1929	-3.45438
1930	1930	-3.80386
1931	1931	10.1757
1932	1932	27.5826
1933	1933	-33.6789
1934	1934	1.19727
1935	1935	26.5293
1936	1936	6.89154
1937	1937	-11.2179
1938	1938	6.15751
1939	1939	20.1508
1940	1940	2.53882
1941	1941	2.12536
1942	1942	1.02161
1943	1943	12.3209
1944	1944	-52.0961
1945	1945	3.18204
1946	1946	4.18537
1947	1947	5.21092
1948	1948	-20.7738
1949	1949	12.7891
1950	1950	-4.95977
1951	1951	12.6027
1952	1952	28.3975
1953	1953	-14.9515
1954	1954	19.6097
1955	1955	13.0028
1956	1956	26.6549
1957	1957	28.2061
1958	1958	13.2934
1959	1959	-4.4787
1960	1960	-9.83167
1961	1961	-1.79279
1962	1962	-0.224277
1963	1963	-3.45152
1964	1964	4.87954
1965	1965	-20.1296
1966	1966	-20.905
1967	1967	44.4139
1968	1968	15.1897
1969	1969	29.3926
1970	1970	-15.0668
1971	1971	-8.9374
1972	1972	-35.305
1973	1973	-18.4692
1974	1974	15.4321
1975	1975	-4.32041
1976	1976	26.0911
1977	1977	-36.0478
1978	1978	-4.19164
1979	1979	23.9063
1980	1980	-34.4776
1981	1981	2.69834
1982	1982	21.9743
1983	1983	-7.61225
1984	1984	12.3398
1985	1985	22.5411
1986	1986	24.687
1987	1987	5.57561
1988	1988	-33.3719
1989	1989	-2.73256
1990	1990	-1.99795
1991	1991	23.9815
1992	1992	20.9693
1993	1993	0.474356
1994	1994	-11.3021
1995	1995	-22.2166
1996	1996	-21.7957
1997	1997	1.63331
1998	1998	-9.98567
1999	1999	19.4862
2000	2000	6.36544
2001	2001	8.3677
2002	2002	8.8141
2003	2003	3.42722
2004	2004	25.4916
2005	2005	15.2402
2006	2006	-31.4622
2007	2007	16.6642
2008	2008	-12.2334
2009	2009	-3.60186
2010	2010	-9.03931
2011	2011	14.1616
2012	2012	-12.4413
2013	2013	13.721
2014	2014	-26.9412
2015	2015	14.2778
2016	2016	9.20112
2017	2017	-12.6659
2018	2018	-23.7693
2019	2019	26.106
2020	2020	-30.7113
2021	2021	2.44424
2022	2022	17.2862
2023	2023	-3.53653
2024	2024	7.80372
2025	2025	51.2931
2026	2026	-24.6449
2027	2027	-0.973503
2028	2028	-4.61915
2029	2029	-16.9336
2030	2030	7.16598
2031	2031	5.9576
2032	2032	-16.4472
2033	2033	-20.9072
2034	2034	3.12598
2035	2035	-1.56675
2036	2036	-7.90606
2037	2037	-20.1065
2038	2038	2.41489
2039	2039	-9.64827
2040	2040	11.5194
2041	2041	19.2895
2042	2042	3.69277
2043	2043	-12.5374
2044	2044	-21.5797
2045	2045	-8.56636
2046	2046	-33.4873
2047	2047	32.422
2048	2048	-1.15933
2049	2049	12.5355
2050	2050	-11.74
2051	2051	-4.28495
2052	2052	-16.0387
2053	2053	-33.2963
2054	2054	16.5723
2055	2055	-6.02417
2056	2056	-16.0006
2057	2057	-7.67317
2058	2058	20.5009
2059	2059	4.90663
2060	2060	-0.717366
2061	2061	9.85235
2062	2062	4.8521
2063	2063	-13.2082
2064	2064	-4.99439
2065	2065	9.58971
2066	2066	29.5555
2067	2067	-4.89991
2068	2068	-23.4201
2069	2069	13.4277
2070	2070	22.0808
2071	2071	12.2049
2072	2072	-5.14358
2073	2073	-10.1128
2074	2074	7.29606
2075	2075	-38.5503
2076	2076	8.94403
2077	2077	-0.255297
2078	2078	-7.57708
2079	2079	-13.0786
2080	2080	13.1685
2081	2081	4.49843
2082	2082	9.1044
2083	2083	8.66682
2084	2084	2.886
2085	2085	-22.9682
2086	2086	6.44297
2087	2087	-22.9792
2088	2088	-0.673576
2089	2089	5.21872
2090	2090	10.9841
2091	2091	5.04404
2092	2092	-22.262
2093	2093	-10.4228
2094	2094	-3.70393
2095	2095	0.901626
2096	2096	28.5208
2097	2097	-8.8593
2098	2098	10.4285
2099	2099	15.5925
2100	2100	19.6588
2101	2101	22.8026
2102	2102	-12.6796
2103	2103	-7.29459
2104	2104	-9.96173
2105	2105	12.8314
2106	2106	-18.0731
2107	2107	3.75261
2108	2108	5.57718
2109	2109	18.23
2110	2110	7.82692
2111	2111	-9.79805
2112	2112	25.1971
2113	2113	9.65877
2114	2114	20.7711
2115	2115	13.8758
2116	2116	18.0164
2117	2117	8.25992
2118	2118	8.36307
2119	2119	2.7588
2120	2120	-2.5425
2121	2121	-8.75985
2122	2122	3.40044
2123	2123	8.82286
2124	2124	33.9201
2125	2125	-12.5392
2126	2126	3.75501
2127	2127	17.902
2128	2128	-27.463
2129	2129	11.6351
2130	2130	-18.2511
2131	2131	21.3622
2132	2132	-22.7732
2133	2133	-11.6694
2134	2134	28.189
2135	2135	20.1487
2136	2136	-0.919602
2137	2137	-37.0736
2138	2138	-7.57226
2139	2139	10.7592
2140	2140	5.9563
2141	2141	19.8721
2142	2142	27.8881
2143	2143	-23.3189
2144	2144	9.1995
2145	2145	-14.4153
2146	2146	-13.0287
2147	2147	-2.08931
2148	2148	-14.3366
2149	2149	-24.8329
2150	2150	-19.3234
2151	2151	21.5495
2152	2152	-15.5023
2153	2153	20.7808
2154	2154	16.5063
2155	2155	15.6435
2156	2156	-12.5942
2157	2157	-18.5911
2158	2158	18.4587
2159	2159	-27.8206
2160	2160	-2.03201
2161	2161	12.7913
2162	2162	-4.31864
2163	2163	18.6215
2164	2164	-30.0818
2165	2165	5.2844
2166	2166	1.81626
2167	2167	6.54194
2168	2168	-50.8035
2169	2169	35.5448
2170	2170	-4.19177
2171	2171	-25.0874
2172	2172	-2.73426
2173	2173	28.1041
2174	2174	6.20547
2175	2175	-2.94457
2176	2176	-8.20639
2177	2177	-9.94449
2178	2178	9.86266
2179	2179	10.471
2180	2180	-13.0281
2181	2181	23.5635
2182	2182	18.1356
2183	2183	30.5449
2184	2184	-2.04129
2185	2185	-15.9926
2186	2186	15.0387
2187	2187	-34.4835
2188	2188	21.8407
2189	2189	25.9251
2190	2190	9.21819
2191	2191	-29.6954
2192	2192	-19.0001
2193	2193	-9.44055
2194	2194	30.1989
2195	2195	1.39223
2196	2196	-3.86902
2197	2197	-30.5127
2198	2198	8.78688
2199	2199	-9.3842
2200	2200	-7.93669
2201	2201	13.4164
2202	2202	12.7458
2203	2203	-21.3868
2204	2204	-32.5782
2205	2205	5.50952
2206	2206	3.61589
2207	2207	5.03048
2208	2208	-26.4204
2209	2209	15.4272
2210	2210	28.5957
2211	2211	16.9361
2212	2212	16.7411
2213	2213	8.13285
2214	2214	5.34112
2215	2215	4.62141
2216	2216	29.4416
2217	2217	30.5106
2218	2218	23.1141
2219	2219	-21.1691
2220	2220	29.1214
2221	2221	17.6805
2222	2222	-0.3539
2223	2223	-8.28152
2224	2224	1.64205
2225	2225	-10.0798
2226	2226	-7.95
2227	2227	-8.16712
2228	2228	12.5842
2229	2229	14.3692
2230	2230	-14.852
2231	2231	20.9356
2232	2232	11.0282
2233	2233	10.4795
2234	2234	15.725
2235	2235	-10.3929
2236	2236	25.4761
2237	2237	7.50841
2238	2238	30.4734
2239	2239	-3.16194
2240	2240	-3.41308
2241	2241	9.55792
2242	2242	-18.0129
2243	2243	4.13948
2244	2244	0.293112
2245	2245	-3.49498
2246	2246	-7.28161
2247	2247	-8.77231
2248	2248	26.9161
2249	2249	-14.121
2250	2250	23.5707
2251	2251	-11.5155
2252	2252	-10.313
2253	2253	21.4222
2254	2254	-1.84549
2255	2255	15.9495
2256	2256	33.0954
2257	2257	-2.56821
2258	2258	5.11275
2259	2259	-7.57016
2260	2260	-29.3959
2261	2261	15.86
2262	2262	4.51613
2263	2263	-37.0148
2264	2264	-1.55104
2265	2265	-11.0678
2266	2266	-1.21403
2267	2267	-17.125
2268	2268	19.8026
2269	2269	10.9885
2270	2270	16.1067
2271	2271	-25.814
2272	2272	-6.17281
2273	2273	12.5948
2274	2274	-26.8355
2275	2275	-10.6037
2276	2276	7.17558
2277	2277	6.38222
2278	2278	19.3776
2279	2279	46.4842
2280	2280	-23.6988
2281	2281	23.8537
2282	2282	24.8436
2283	2283	-14.5857
2284	2284	-6.55611
2285	2285	-20.8506
2286	2286	-1.72508
2287	2287	7.55492
2288	2288	-27.401
2289	2289	-0.967166
2290	2290	13.4564
2291	2291	-1.97842
2292	2292	-9.9162
2293	2293	-15.9486
2294	2294	-7.45058
2295	2295	-9.37574
2296	2296	-30.08
2297	2297	36.3953
2298	2298	5.96215
2299	2299	-3.8338
2300	2300	-23.2464
2301	2301	-22.7389
2302	2302	12.7718
2303	2303	-17.4418
2304	2304	13.481
2305	2305	-32.6437
2306	2306	15.9263
2307	2307	-25.0005
2308	2308	6.12873
2309	2309	18.1158
2310	2310	6.77023
2311	2311	-6.26373
2312	2312	1.256
2313	2313	-6.99476
2314	2314	4.35101
2315	2315	-4.14383
2316	2316	26.0638
2317	2317	49.1459
2318	2318	-15.0666
2319	2319	-34.8334
2320	2320	4.14834
2321	2321	-9.08483
2322	2322	-26.88
2323	2323	-28.4007
2324	2324	-31.3517
2325	2325	-1.52308
2326	2326	12.7429
2327	2327	-8.91653
2328	2328	-7.95244
2329	2329	26.9249
2330	2330	2.73448
2331	2331	-6.13571
2332	2332	-27.5615
2333	2333	-9.78113
2334	2334	-21.7082
2335	2335	14.1417
2336	2336	-13.3884
2337	2337	21.5353
2338	2338	-4.52004
2339	2339	-27.2016
2340	2340	-18.0501
2341	2341	-12.3906
2342	2342	18.8168
2343	2343	-6.38715
2344	2344	-33.9613
2345	2345	-17.4336
2346	2346	-20.4457
2347	2347	21.004
2348	2348	-16.4097
2349	2349	8.52172
2350	2350	-8.25837
2351	2351	31.42
2352	2352	-11.0044
2353	2353	26.1912
2354	2354	65.5386
2355	2355	-11.6335
2356	2356	-10.582
2357	2357	-3.30442
2358	2358	-7.64952
2359	2359	-40.2896
2360	2360	2.60692
2361	2361	19.2472
2362	2362	-6.83491
2363	2363	-20.956
2364	2364	-23.0016
2365	2365	4.68977
2366	2366	5.04609
2367	2367	-17.4107
2368	2368	17.5461
2369	2369	0.232003
2370	2370	5.5717
2371	2371	9.13363
2372	2372	-10.4994
2373	2373	7.25099
2374	2374	12.7109
2375	2375	18.8416
2376	2376	11.928
2377	2377	-3.69986
2378	2378	-14.0646
2379	2379	0.0410722
2380	2380	29.1996
2381	2381	11.4633
2382	2382	6.4783
2383	2383	20.9088
2384	2384	-0.93457
2385	2385	21.6201
2386	2386	-21.829
2387	2387	29.0714
2388	2388	3.02091
2389	2389	18.7307
2390	2390	18.1971
2391	2391	12.0818
2392	2392	-16.1865
2393	2393	-27.339
2394	2394	-11.1092
2395	2395	-32.6533
2396	2396	4.14959
2397	2397	-29.4062
2398	2398	-5.07991
2399	2399	-12.4971
2400	2400	-8.2146
2401	2401	-22.72
2402	2402	1.34096
2403	2403	11.5086
2404	2404	-12.3411
2405	2405	23.1273
2406	2406	5.09207
2407	2407	15.9904
2408	2408	5.43419
2409	2409	-4.9997
2410	2410	-15.3125
2411	2411	35.7139
2412	2412	7.03542
2413	2413	-13.5099
2414	2414	17.4456
2415	2415	-9.81199
2416	2416	-2.68983
2417	2417	-11.7359
2418	2418	31.8991
2419	2419	11.0352
2420	2420	-18.0181
2421	2421	-7.42948
2422	2422	-2.20821
2423	2423	-12.3968
2424	2424	18.5954
2425	2425	24.7132
2426	2426	-10.517
2427	2427	-25.0232
2428	2428	21.3186
2429	2429	-11.331
2430	2430	-50.2477
2431	2431	13.1782
2432	2432	-10.5472
2433	2433	0.750262
2434	2434	6.0568
2435	2435	-12.0378
2436	2436	-10.3118
2437	2437	1.97755
2438	2438	15.8711
2439	2439	-16.3128
2440	2440	2.79635
2441	2441	-13.9669
2442	2442	4.19838
2443	2443	2.90648
2444	2444	9.32634
2445	2445	3.67212
2446	2446	21.6715
2447	2447	2.45198
2448	2448	1.09926
2449	2449	-1.38287
2450	2450	-21.4886
2451	2451	5.73173
2452	2452	-20.6725
2453	2453	-11.6021
2454	2454	24.2815
2455	2455	-28.961
2456	2456	-30.811
2457	2457	-14.0446
2458	2458	30.8339
2459	2459	32.0135
2460	2460	15.9382
2461	2461	5.07108
2462	2462	-6.81869
2463	2463	-0.314117
2464	2464	18.4402
2465	2465	12.9849
2466	2466	-5.47237
2467	2467	-18.0858
2468	2468	-12.7814
2469	2469	8.86314
2470	2470	4.45044
2471	2471	9.42327
2472	2472	-4.27775
2473	2473	9.23296
2474	2474	27.6098
2475	2475	-0.262638
2476	2476	-13.4657
2477	2477	9.14651
2478	2478	10.7142
2479	2479	-5.9027
2480	2480	-0.256177
2481	2481	-3.07586
2482	2482	-3.74625
2483	2483	-15.9735
2484	2484	-20.98
2485	2485	13.2376
2486	2486	-9.08661
2487	2487	0.0305529
2488	2488	-2.12877
2489	2489	28.8356
2490	2490	-16.3013
2491	2491	5.25751
2492	2492	6.68016
2493	2493	8.3328
2494	2494	47.4784
2495	2495	-17.5985
2496	2496	-15.5853
2497	2497	3.8109
2498	2498	1.58575
2499	2499	-4.40499
2500	2500	25.5486
2501	2501	20.6536
2502	2502	0.777317
2503	2503	-32.7952
2504	2504	5.83038
2505	2505	-2.42618
2506	2506	-22.5641
2507	2507	34.0296
2508	2508	11.4575
2509	2509	-4.59097
2510	2510	-1.49718
2511	2511	13.5428
2512	2512	0.909816
2513	2513	-6.82034
2514	2514	4.51771
2515	2515	-1.79604
2516	2516	2.24547
2517	2517	9.83965
2518	2518	20.0368
2519	2519	15.4418
2520	2520	15.0203
2521	2521	-37.6041
2522	2522	-7.37964
2523	2523	-11.6051
2524	2524	26.8664
2525	2525	-14.0355
2526	2526	-5.35556
2527	2527	-0.353873
2528	2528	-1.22244
2529	2529	-16.9262
2530	2530	3.54982
2531	2531	30.5381
2532	2532	11.4286
2533	2533	-21.441
2534	2534	-1.39856
2535	2535	-34.4666
2536	2536	-20.2279
2537	2537	21.7863
2538	2538	-17.7371
2539	2539	0.630159
2540	2540	3.63214
2541	2541	-28.3888
2542	2542	-13.7189
2543	2543	-20.259
2544	2544	9.20534
2545	2545	-0.791158
2546	2546	22.72
2547	2547	10.7171
2548	2548	8.37557
2549	2549	-25.7849
2550	2550	-2.83959
2551	2551	12.6908
2552	2552	16.6348
2553	2553	18.1516
2554	2554	-4.85078
2555	2555	-12.9752
2556	2556	-19.8098
2557	2557	-14.7963
2558	2558	26.0465
2559	2559	-7.70363
2560	2560	-12.0814
2561	2561	9.33717
2562	2562	-20.228
2563	2563	-19.0459
2564	2564	-26.9997
2565	2565	13.7262
2566	2566	-22.3366
2567	2567	-0.154105
2568	2568	6.30901
2569	2569	22.0227
2570	2570	17.2287
2571	2571	13.3314
2572	2572	-33.6579
2573	2573	-17.2188
2574	2574	24.4756
2575	2575	-19.5173
2576	2576	-20.1451
2577	2577	20.0022
2578	2578	2.66141
2579	2579	-14.9126
2580	2580	5.79598
2581	2581	3.63396
2582	2582	-17.4596
2583	2583	-20.3713
2584	2584	21.7814
2585	2585	9.34118
2586	2586	2.69085
2587	2587	1.71346
2588	2588	2.57892
2589	2589	-8.53785
2590	2590	0.63902
2591	2591	38.1489
2592	2592	-21.7609
2593	2593	-22.3588
2594	2594	10.7753
2595	2595	0.620522
2596	2596	-14.563
2597	2597	3.41872
2598	2598	21.9137
2599	2599	-2.80804
2600	2600	8.66331
2601	2601	-30.1121
2602	2602	-9.65104
2603	2603	20.1216
2604	2604	2.86107
2605	2605	-16.8548
2606	2606	17.9233
2607	2607	42.2284
2608	2608	13.0664
2609	2609	16.4029
2610	2610	2.65635
2611	2611	6.55179
2612	2612	4.35087
2613	2613	-5.45081
2614	2614	-1.08918
2615	2615	-10.6659
2616	2616	18.3244
2617	2617	15.6383
2618	2618	-18.8464
2619	2619	-2.06374
2620	2620	-3.78934
2621	2621	-7.02455
2622	2622	-5.26101
2623	2623	27.0945
2624	2624	14.9771
2625	2625	-14.3935
2626	2626	-4.65694
2627	2627	9.98767
2628	2628	-0.711312
2629	2629	-12.9904
2630	2630	-4.13835
2631	2631	-2.91223
2632	2632	4.54606
2633	2633	-36.747
2634	2634	29.7683
2635	2635	-18.5019
2636	2636	-19.2774
2637	2637	-16.5878
2638	2638	7.12394
2639	2639	11.8623
2640	2640	-17.0215
2641	2641	11.9287
2642	2642	25.7175
2643	2643	-5.64679
2644	2644	-44.8623
2645	2645	3.54099
2646	2646	9.61161
2647	2647	19.287
2648	2648	2.40655
2649	2649	-12.4168
2650	2650	-0.782505
2651	2651	5.66521
2652	2652	30.9309
2653	2653	-10.2738
2654	2654	18.9768
2655	2655	21.2242
2656	2656	-6.594
2657	2657	5.91463
2658	2658	-1.12761
2659	2659	-7.71533
2660	2660	-10.1188
2661	2661	8.77101
2662	2662	-22.0812
2663	2663	26.6098
2664	2664	-33.2409
2665	2665	26.4527
2666	2666	-7.83103
2667	2667	-26.695
2668	2668	22.1405
2669	2669	-14.6796
2670	2670	8.50353
2671	2671	-11.1682
2672	2672	-18.2015
2673	2673	-10.7564
2674	2674	32.4138
2675	2675	-10.5302
2676	2676	11.9259
2677	2677	31.3673
2678	2678	-15.9307
2679	2679	-0.74323
2680	2680	9.27393
2681	2681	-15.8141
2682	2682	-1.1102
2683	2683	-15.1728
2684	2684	-26.6853
2685	2685	-22.5044
2686	2686	14.7142
2687	2687	23.7748
2688	2688	9.61349
2689	2689	31.4397
2690	2690	-5.48624
2691	2691	27.7507
2692	2692	-17.5383
2693	2693	-12.2162
2694	2694	-24.1719
2695	2695	21.4259
2696	2696	11.7942
2697	2697	-0.856935
2698	2698	-1.41141
2699	2699	-29.4982
2700	2700	9.67869
2701	2701	-4.59371
2702	2702	-6.66264
2703	2703	-12.2161
2704	2704	-10.4694
2705	2705	-10.228
2706	2706	-27.0048
2707	2707	5.57806
2708	2708	-9.42897
2709	2709	17.0618
2710	2710	3.64158
2711	2711	-8.7921
2712	2712	-28.2111
2713	2713	-31.1548
2714	2714	-22.9519
2715	2715	15.5518
2716	2716	12.0066
2717	2717	-17.2997
2718	2718	18.1564
2719	2719	10.7871
2720	2720	-25.6957
2721	2721	17.8616
2722	2722	-10.0025
2723	2723	30.5845
2724	2724	-25.2338
2725	2725	34.9987
2726	2726	-13.3169
2727	2727	32.9721
2728	2728	41.1174
2729	2729	-19.5757
2730	2730	11.4534
2731	2731	-4.72114
2732	2732	-3.00638
2733	2733	26.1032
2734	2734	1.75317
2735	2735	4.10419
2736	2736	19.1403
2737	2737	-5.55128
2738	2738	-21.2383
2739	2739	-11.9271
2740	2740	-14.7239
2741	2741	5.57802
2742	2742	-19.6823
2743	2743	6.19242
2744	2744	3.78407
2745	2745	-4.05302
2746	2746	-41.7108
2747	2747	-14.5973
2748	2748	-13.2447
2749	2749	24.3388
2750	2750	-6.58836
2751	2751	-24.7617
2752	2752	19.8639
2753	2753	-9.43059
2754	2754	-36.6106
2755	2755	17.8911
2756	2756	-50.257
2757	2757	-8.60289
2758	2758	18.7344
2759	2759	2.72333
2760	2760	-10.0819
2761	2761	-13.0762
2762	2762	-13.6353
2763	2763	7.4445
2764	2764	-33.5001
2765	2765	-6.37061
2766	2766	43.3656
2767	2767	-19.3806
2768	2768	-9.88471
2769	2769	-24.3558
2770	2770	-23.1065
2771	2771	10.3279
2772	2772	11.3382
2773	2773	-23.3362
2774	2774	9.18369
2775	2775	52.5696
2776	2776	-20.0801
2777	2777	8.60941
2778	2778	-11.9412
2779	2779	-0.750279
2780	2780	18.0049
2781	2781	-13.474
2782	2782	2.16676
2783	2783	32.9186
2784	2784	5.36105
2785	2785	11.0455
2786	2786	24.0907
2787	2787	-3.2621
2788	2788	-28.762
2789	2789	21.4391
2790	2790	-0.688944
2791	2791	-17.8767
2792	2792	-35.2969
2793	2793	-1.9869
2794	2794	-14.2302
2795	2795	14.3291
2796	2796	0.602287
2797	2797	1.39402
2798	2798	1.33659
2799	2799	13.2646
2800	2800	-24.3272
2801	2801	-1.26782
2802	2802	21.6245
2803	2803	11.2548
2804	2804	8.83335
2805	2805	3.53342
2806	2806	39.8881
2807	2807	10.1442
2808	2808	24.0446
2809	2809	-6.70826
2810	2810	12.6321
2811	2811	37.0905
2812	2812	-12.7169
2813	2813	-6.74901
2814	2814	-23.5148
2815	2815	-18.3008
2816	2816	-13.8671
2817	2817	19.224
2818	2818	19.5546
2819	2819	21.648
2820	2820	-18.7262
2821	2821	8.30826
2822	2822	-19.0964
2823	2823	-2.86682
2824	2824	-18.5916
2825	2825	-51.3194
2826	2826	3.70305
2827	2827	-1.93635
2828	2828	-4.80817
2829	2829	-0.398329
2830	2830	45.1865
2831	2831	19.8639
2832	2832	1.44469
2833	2833	-6.79002
2834	2834	-25.2109
2835	2835	22.0141
2836	2836	8.06024
2837	2837	5.56598
2838	2838	26.8534
2839	2839	13.0821
2840	2840	8.74891
2841	2841	-19.0967
2842	2842	11.4177
2843	2843	-8.65569
2844	2844	-31.1611
2845	2845	19.8351
2846	2846	-11.8011
2847	2847	17.6634
2848	2848	12.8379
2849	2849	-15.2009
2850	2850	-27.7564
2851	2851	-7.95824
2852	2852	-5.72649
2853	2853	-6.8403
2854	2854	30.808
2855	2855	8.71561
2856	2856	-18.1938
2857	2857	0.865121
2858	2858	-4.89786
2859	2859	13.0664
2860	2860	-33.0517
2861	2861	4.63414
2862	2862	19.5624
2863	2863	40.9625
2864	2864	12.7909
2865	2865	17.9461
2866	2866	6.43793
2867	2867	9.8796
2868	2868	12.4735
2869	2869	11.045
2870	2870	6.57349
2871	2871	-3.52103
2872	2872	-0.836191
2873	2873	-12.2721
2874	2874	10.4372
2875	2875	3.31386
2876	2876	-22.9157
2877	2877	-0.955653
2878	2878	-11.2045
2879	2879	8.83029
2880	2880	-27.9459
2881	2881	-6.53169
2882	2882	24.0379
2883	2883	-14.9769
2884	2884	8.72605
2885	2885	-12.3069
2886	2886	17.4081
2887	2887	-32.6863
2888	2888	16.1608
2889	2889	-2.42088
2890	2890	17.7904
2891	2891	-19.0035
2892	2892	4.60942
2893	2893	-17.1567
2894	2894	4.71818
2895	2895	-15.8121
2896	2896	-12.9547
2897	2897	27.4617
2898	2898	-7.95957
2899	2899	9.63425
2900	2900	21.1923
2901	2901	-12.5659
2902	2902	-5.33016
2903	2903	-40.9639
2904	2904	-6.43193
2905	2905	-14.738
2906	2906	18.1705
2907	2907	10.5563
2908	2908	12.9952
2909	2909	-5.63994
2910	2910	16.1749
2911	2911	21.9794
2912	2912	8.75135
2913	2913	-25.0121
2914	2914	-23.018
2915	2915	-2.44059
2916	2916	-37.8861
2917	2917	-5.77473
2918	2918	23.1476
2919	2919	7.68083
2920	2920	37.4137
2921	2921	7.88491
2922	2922	-17.6752
2923	2923	33.7507
2924	2924	-56.9656
2925	2925	-1.17104
2926	2926	32.5062
2927	2927	-0.220333
2928	2928	-37.2479
2929	2929	-2.13837
2930	2930	-6.14759
2931	2931	-13.8369
2932	2932	2.75968
2933	2933	-7.45137
2934	2934	12.5607
2935	2935	14.8712
2936	2936	-26.0113
2937	2937	-3.4207
2938	2938	-3.5486
2939	2939	-11.9096
2940	2940	-1.07429
2941	2941	-11.8051
2942	2942	31.8478
2943	2943	-16.3302
2944	2944	-13.5984
2945	2945	12.307
2946	2946	8.90149
2947	2947	-23.577
2948	2948	-13.1797
2949	2949	3.59357
2950	2950	-0.750143
2951	2951	-5.63581
2952	2952	-0.457558
2953	2953	5.44589
2954	2954	-5.65018
2955	2955	-33.4435
2956	2956	-6.58406
2957	2957	22.3074
2958	2958	4.62277
2959	2959	-0.486846
2960	2960	12.1881
2961	2961	3.58796
2962	2962	8.25319
2963	2963	13.2524
2964	2964	7.36156
2965	2965	3.80646
2966	2966	-31.2927
2967	2967	-33.0573
2968	2968	13.4489
2969	2969	6.09938
2970	2970	17.0795
2971	2971	-9.82905
2972	2972	12.6627
2973	2973	-2.26442
2974	2974	6.30723
2975	2975	-27.2076
2976	2976	2.89091
2977	2977	-17.5602
2978	2978	-4.92683
2979	2979	-23.1157
2980	2980	0.260451
2981	2981	-1.04241
2982	2982	-9.36723
2983	2983	11.3691
2984	2984	-10.6979
2985	2985	10.4153
2986	2986	14.3384
2987	2987	25.3888
2988	2988	8.98669
2989	2989	6.17765
2990	2990	11.8312
2991	2991	-12.9443
2992	2992	22.0132
2993	2993	-0.0105266
2994	2994	21.4965
2995	2995	-2.40172
2996	2996	-9.46899
2997	2997	18.306
2998	2998	-15.0841
2999	2999	-3.08339
3000	3000	15.8994
3001	3001	-17.5873
3002	3002	20.0717
3003	3003	1.94175
3004	3004	20.8905
3005	3005	10.3046
3006	3006	12.4741
3007	3007	-1.66499
3008	3008	13.7849
3009	3009	20.7708
3010	3010	-7.21404
3011	3011	-3.72913
3012	3012	9.4037
3013	3013	-45.2053
3014	3014	-21.8181
3015	3015	33.1585
3016	3016	-36.5887
3017	3017	6.81726
3018	3018	-7.81152
3019	3019	-8.35161
3020	3020	24.8407
3021	3021	24.6479
3022	3022	-18.8614
3023	3023	-13.5593
3024	3024	-10.0489
3025	3025	-4.5348
3026	3026	20.8919
3027	3027	35.2403
3028	3028	26.9238
3029	3029	-9.7309
3030	3030	-10.9486
3031	3031	23.2985
3032	3032	-17.2533
3033	3033	1.68211
3034	3034	-23.1448
3035	3035	-14.4002
3036	3036	-13.7899
3037	3037	30.8964
3038	3038	15.3551
3039	3039	4.35844
3040	3040	11.9443
3041	3041	-10.3535
3042	3042	-8.49531
3043	3043	-24.6949
3044	3044	-14.0576
3045	3045	-0.731586
3046	3046	-3.04153
3047	3047	24.458
3048	3048	32.4203
3049	3049	11.3164
3050	3050	-8.87384
3051	3051	1.99637
3052	3052	-8.10025
3053	3053	-4.6386
3054	3054	11.5953
3055	3055	-7.14743
3056	3056	17.1507
3057	3057	26.8373
3058	3058	41.5271
3059	3059	-13.5493
3060	3060	-8.70673
3061	3061	0.236906
3062	3062	-0.621468
3063	3063	-22.374
3064	3064	19.4409
3065	3065	6.17816
3066	3066	-7.00821
3067	3067	-16.7525
3068	3068	19.4409
3069	3069	10.2263
3070	3070	30.0505
3071	3071	-35.1142
3072	3072	-6.03241
3073	3073	15.9195
3074	3074	8.51752
3075	3075	-1.41963
3076	3076	-17.0882
3077	3077	2.50126
3078	3078	-10.1844
3079	3079	-22.4922
3080	3080	4.94983
3081	3081	15.1499
3082	3082	16.7172
3083	3083	0.301822
3084	3084	-18.8952
3085	3085	13.8063
3086	3086	8.71745
3087	3087	23.8573
3088	3088	43.1785
3089	3089	26.8232
3090	3090	13.983
3091	3091	25.6639
3092	3092	22.4678
3093	3093	-4.07724
3094	3094	-1.46093
3095	3095	29.0938
3096	3096	17.2571
3097	3097	15.1813
3098	3098	0.499325
3099	3099	18.992
3100	3100	10.5782
3101	3101	1.50221
3102	3102	8.67163
3103	3103	-2.74864
3104	3104	-17.6682
3105	3105	20.3512
3106	3106	-19.4832
3107	3107	20.6342
3108	3108	-9.13925
3109	3109	25.7791
3110	3110	-17.8857
3111	3111	15.0736
3112	3112	18.2836
3113	3113	26.1725
3114	3114	-5.63383
3115	3115	-18.282
3116	3116	19.0539
3117	3117	27.3662
3118	3118	-38.5915
3119	3119	-2.35068
3120	3120	-9.92271
3121	3121	4.92363
3122	3122	-4.6255
3123	3123	33.7733
3124	3124	-22.3388
3125	3125	-3.4271
3126	3126	21.1495
3127	3127	-33.19
3128	3128	23.5694
3129	3129	-36.0424
3130	3130	9.99043
3131	3131	-3.27577
3132	3132	-31.6324
3133	3133	2.65038
3134	3134	1.00456
3135	3135	54.2363
3136	3136	-2.85565
3137	3137	-17.8334
3138	3138	-34.3756
3139	3139	8.34746
3140	3140	8.82195
3141	3141	-19.403
3142	3142	31.2625
3143	3143	2.06585
3144	3144	9.53009
3145	3145	-30.3782
3146	3146	-11.5542
3147	3147	-3.25913
3148	3148	4.77593
3149	3149	-8.41859
3150	3150	-30.9612
3151	3151	8.06358
3152	3152	7.41122
3153	3153	4.44871
3154	3154	-4.84929
3155	3155	7.67738
3156	3156	-17.3727
3157	3157	20.4666
3158	3158	-31.6635
3159	3159	-2.8413
3160	3160	-1.33878
3161	3161	-1.94165
3162	3162	5.9534
3163	3163	10.5711
3164	3164	19.4045
3165	3165	-25.9417
3166	3166	7.7804
3167	3167	-5.10979
3168	3168	-6.36616
3169	3169	15.4793
3170	3170	10.5717
3171	3171	11.8045
3172	3172	24.347
3173	3173	-39.8156
3174	3174	36.5235
3175	3175	-25.6899
3176	3176	13.8713
3177	3177	-23.8088
3178	3178	26.4763
3179	3179	29.2718
3180	3180	-15.7683
3181	3181	-5.49517
3182	3182	-16.4289
3183	3183	-27.3239
3184	3184	6.61289
3185	3185	5.69151
3186	3186	-39.5036
3187	3187	-15.9488
3188	3188	-24.3532
3189	3189	-2.22902
3190	3190	-11.1369
3191	3191	0.964384
3192	3192	-27.1603
3193	3193	-44.2531
3194	3194	17.5521
3195	3195	-3.20412
3196	3196	-5.57287
3197	3197	15.81
3198	3198	-11.3491
3199	3199	36.8637
3200	3200	-0.213826
3201	3201	8.81385
3202	3202	-7.76977
3203	3203	8.18193
3204	3204	44.1476
3205	3205	24.5756
3206	3206	-14.3372
3207	3207	-14.8184
3208	3208	23.8508
3209	3209	28.1387
3210	3210	-37.42
3211	3211	16.2864
3212	3212	11.3574
3213	3213	31.3614
3214	3214	-8.58488
3215	3215	13.704
3216	3216	5.39359
3217	3217	19.2696
3218	3218	-15.4098
3219	3219	-7.02025
3220	3220	-33.0236
3221	3221	-12.0454
3222	3222	-18.0882
3223	3223	-16.3152
3224	3224	7.92649
3225	3225	-10.5457
3226	3226	4.87424
3227	3227	1.32273
3228	3228	25.0766
3229	3229	-1.40502
3230	3230	48.9621
3231	3231	-5.12854
3232	3232	-13.0252
3233	3233	22.9602
3234	3234	-4.52851
3235	3235	18.1471
3236	3236	14.1652
3237	3237	-4.38605
3238	3238	18.7597
3239	3239	22.6696
3240	3240	-9.47725
3241	3241	-11.7903
3242	3242	0.699356
3243	3243	38.882
3244	3244	9.33925
3245	3245	13.3924
3246	3246	18.7093
3247	3247	4.57307
3248	3248	-14.7212
3249	3249	8.31397
3250	3250	6.18179
3251	3251	-8.56971
3252	3252	21.3263
3253	3253	-10.8004
3254	3254	-15.799
3255	3255	16.7928
3256	3256	16.9889
3257	3257	-3.27773
3258	3258	-6.63067
3259	3259	5.96731
3260	3260	17.4709
3261	3261	14.0145
3262	3262	35.5546
3263	3263	-29.7819
3264	3264	-16.8419
3265	3265	12.3181
3266	3266	17.9642
3267	3267	-7.28863
3268	3268	-17.9021
3269	3269	6.50404
3270	3270	-0.782529
3271	3271	-16.2162
3272	3272	-10.0663
3273	3273	5.2042
3274	3274	17.5574
3275	3275	28.9761
3276	3276	-43.4646
3277	3277	0.575535
3278	3278	35.3116
3279	3279	-23.4431
3280	3280	-1.59212
3281	3281	0.568701
3282	3282	4.30049
3283	3283	2.56571
3284	3284	11.984
3285	3285	-8.61454
3286	3286	-33.6883
3287	3287	-29.7414
3288	3288	-21.9389
3289	3289	26.0265
3290	3290	19.8148
3291	3291	18.2814
3292	3292	2.32608
3293	3293	3.01372
3294	3294	-4.58194
3295	3295	40.4315
3296	3296	11.1101
3297	3297	34.7708
3298	3298	-3.03081
3299	3299	-14.9424
3300	3300	15.1142
3301	3301	15.2106
3302	3302	8.55758
3303	3303	0.876593
3304	3304	0.859417
3305	3305	-4.28662
3306	3306	16.2833
3307	3307	1.04452
3308	3308	19.3706
3309	3309	0.0635048
3310	3310	4.06909
3311	3311	19.1907
3312	3312	-0.0233191
3313	3313	-12.2882
3314	3314	13.9574
3315	3315	-28.7804
3316	3316	38.0448
3317	3317	-10.7613
3318	3318	-12.0515
3319	3319	1.80292
3320	3320	27.9778
3321	3321	16.414
3322	3322	-1.26332
3323	3323	9.48344
3324	3324	-2.19164
3325	3325	7.14393
3326	3326	34.4947
3327	3327	9.97571
3328	3328	-8.16593
3329	3329	-22.0889
3330	3330	-8.3297
3331	3331	-4.63529
3332	3332	-15.0835
3333	3333	-1.84602
3334	3334	5.06402
3335	3335	4.68579
3336	3336	-15.3462
3337	3337	30.6098
3338	3338	-19.0886
3339	3339	6.61586
3340	3340	17.7138
3341	3341	12.1742
3342	3342	9.23417
3343	3343	-4.44385
3344	3344	-29.0142
3345	3345	-5.12069
3346	3346	23.6278
3347	3347	-26.0998
3348	3348	2.00894
3349	3349	35.3429
3350	3350	14.896
3351	3351	-7.38104
3352	3352	-4.9305
3353	3353	-7.65776
3354	3354	-15.6471
3355	3355	2.63318
3356	3356	-3.6478
3357	3357	0.503238
3358	3358	13.473
3359	3359	3.31083
3360	3360	-8.05807
3361	3361	1.50319
3362	3362	-16.9685
3363	3363	-4.86706
3364	3364	9.57267
3365	3365	-5.13163
3366	3366	12.799
3367	3367	36.8269
3368	3368	2.67741
3369	3369	6.97416
3370	3370	9.47897
3371	3371	28.2251
3372	3372	1.79439
3373	3373	-14.3364
3374	3374	-17.1
3375	3375	-9.60698
3376	3376	2.5507
3377	3377	-3.95103
3378	3378	9.906
3379	3379	7.54275
3380	3380	7.61053
3381	3381	-13.1542
3382	3382	3.91799
3383	3383	11.6332
3384	3384	25.3319
3385	3385	-19.2441
3386	3386	-24.0015
3387	3387	-13.2955
3388	3388	-32.9697
3389	3389	12.3246
3390	3390	1.70342
3391	3391	-18.7926
3392	3392	-4.50516
3393	3393	-22.6391
3394	3394	-35.2866
3395	3395	-1.88154
3396	3396	14.8557
3397	3397	-21.7807
3398	3398	-36.2134
3399	3399	-22.0363
3400	3400	-24.0951
3401	3401	-24.3661
3402	3402	11.2312
3403	3403	18.0873
3404	3404	25.0108
3405	3405	-17.4732
3406	3406	22.2449
3407	3407	-18.2019
3408	3408	3.38143
3409	3409	15.4305
3410	3410	17.9332
3411	3411	-48.3341
3412	3412	-26.8487
3413	3413	-9.62597
3414	3414	5.43001
3415	3415	31.8861
3416	3416	-12.593
3417	3417	8.25103
3418	3418	-24.1114
3419	3419	10.4359
3420	3420	-6.50847
3421	3421	1.04538
3422	3422	35.8589
3423	3423	1.19266
3424	3424	11.0589
3425	3425	20.5531
3426	3426	29.2819
3427	3427	10.4994
3428	3428	-21.8426
3429	3429	-15.494
3430	3430	11.0416
3431	3431	25.2884
3432	3432	1.03049
3433	3433	7.45753
3434	3434	-7.66961
3435	3435	18.9226
3436	3436	9.077
3437	3437	-23.9399
3438	3438	30.7091
3439	3439	12.0239
3440	3440	12.4114
3441	3441	17.8818
3442	3442	-18.4529
3443	3443	16.9566
3444	3444	2.46877
3445	3445	3.4654
3446	3446	-0.270515
3447	3447	-16.9153
3448	3448	-22.0896
3449	3449	-28.6465
3450	3450	19.43
3451	3451	-36.6787
3452	3452	-38.3422
3453	3453	-25.7658
3454	3454	-14.0177
3455	3455	-10.1573
3456	3456	3.23141
3457	3457	-14.4316
3458	3458	6.65649
3459	3459	15.4179
3460	3460	-23.5926
3461	3461	7.11612
3462	3462	-7.79839
3463	3463	28.2226
3464	3464	-12.0588
3465	3465	10.758
3466	3466	10.4481
3467	3467	-1.39957
3468	3468	-23.2431
3469	3469	-20.2429
3470	3470	-13.8157
3471	3471	11.5473
3472	3472	16.4966
3473	3473	-0.271608
3474	3474	10.8743
3475	3475	-3.75059
3476	3476	-1.58664
3477	3477	36.2876
3478	3478	-20.8832
3479	3479	9.99098
3480	3480	10.3935
3481	3481	-8.39809
3482	3482	35.178
3483	3483	-11.4918
3484	3484	3.46534
3485	3485	7.06903
3486	3486	-0.480778
3487	3487	10.2213
3488	3488	18.2544
3489	3489	30.1657
3490	3490	31.6425
3491	3491	-0.876668
3492	3492	18.001
3493	3493	-9.80898
3494	3494	12.8423
3495	3495	33.089
3496	3496	-1.70554
3497	3497	15.7759
3498	3498	20.756
3499	3499	17.0481
3500	3500	-29.2109
3501	3501	15.6415
3502	3502	-27.5098
3503	3503	14.564
3504	3504	19.814
3505	3505	-14.8868
3506	3506	-16.3102
3507	3507	0.754482
3508	3508	-15.8388
3509	3509	-4.31347
3510	3510	-8.5796
3511	3511	1.48669
3512	3512	-11.1421
3513	3513	4.25434
3514	3514	-2.05259
3515	3515	-6.3168
3516	3516	-28.3233
3517	3517	36.0062
3518	3518	-20.906
3519	3519	-4.08654
3520	3520	19.6646
3521	3521	-31.6169
3522	3522	-4.22048
3523	3523	12.4136
3524	3524	-0.582851
3525	3525	47.9614
3526	3526	-9.5756
3527	3527	10.1061
3528	3528	15.0921
3529	3529	-30.0272
3530	3530	-11.7551
3531	3531	-8.61174
3532	3532	16.1414
3533	3533	-8.42239
3534	3534	13.0833
3535	3535	11.4953
3536	3536	5.26626
3537	3537	-16.2309
3538	3538	-0.725121
3539	3539	-1.36618
3540	3540	36.805
3541	3541	-3.81793
3542	3542	-13.8174
3543	3543	20.4946
3544	3544	-19.7314
3545	3545	44.0264
3546	3546	13.1881
3547	3547	3.02013
3548	3548	-4.746
3549	3549	-11.1026
3550	3550	8.16327
3551	3551	-13.1955
3552	3552	6.64814
3553	3553	32.2539
3554	3554	10.6712
3555	3555	32.2982
3556	3556	-15.5087
3557	3557	14.0193
3558	3558	-20.4301
3559	3559	19.0735
3560	3560	-7.57083
3561	3561	-28.7728
3562	3562	18.8633
3563	3563	-10.2211
3564	3564	21.9032
3565	3565	-5.58633
3566	3566	-0.563873
3567	3567	-6.46594
3568	3568	-30.6823
3569	3569	-27.1798
3570	3570	-9.39019
3571	3571	2.07458
3572	3572	18.9013
3573	3573	-8.63019
3574	3574	23.4668
3575	3575	-29.8988
3576	3576	16.2106
3577	3577	-5.6309
3578	3578	-0.0214039
3579	3579	15.3908
3580	3580	24.3096
3581	3581	1.24043
3582	3582	-37.3046
3583	3583	-21.8235
3584	3584	-19.0846
3585	3585	-1.19235
3586	3586	18.2618
3587	3587	-37.3871
3588	3588	18.8154
3589	3589	15.5681
3590	3590	16.6766
3591	3591	1.24833
3592	3592	6.16694
3593	3593	-5.49928
3594	3594	15.2047
3595	3595	17.0706
3596	3596	-8.39192
3597	3597	-10.1967
3598	3598	12.6707
3599	3599	-13.6685
3600	3600	-9.8238
3601	3601	12.1953
3602	3602	17.651
3603	3603	19.7557
3604	3604	10.0686
3605	3605	9.06469
3606	3606	-4.95633
3607	3607	9.07865
3608	3608	13.87
3609	3609	8.0728
3610	3610	-1.42946
3611	3611	26.3729
3612	3612	-10.4366
3613	3613	3.88194
3614	3614	-8.70562
3615	3615	13.0785
3616	3616	-4.18989
3617	3617	-25.0132
3618	3618	21.4242
3619	3619	-8.96449
3620	3620	35.3267
3621	3621	4.91943
3622	3622	-34.6611
3623	3623	2.22584
3624	3624	14.0436
3625	3625	-21.0144
3626	3626	-2.57038
3627	3627	-10.7825
3628	3628	21.5057
3629	3629	0.539097
3630	3630	9.54647
3631	3631	-1.1481
3632	3632	-0.0391677
3633	3633	6.84889
3634	3634	-20.3998
3635	3635	-5.09139
3636	3636	2.28434
3637	3637	-41.2374
3638	3638	-17.7592
3639	3639	3.71799
3640	3640	17.0639
3641	3641	-28.2549
3642	3642	15.1384
3643	3643	16.6832
3644	3644	-18.0072
3645	3645	3.1457
3646	3646	-10.6141
3647	3647	-4.60781
3648	3648	26.7103
3649	3649	-8.0459
3650	3650	-13.7894
3651	3651	-4.99873
3652	3652	-14.7961
3653	3653	13.0101
3654	3654	-18.6746
3655	3655	-10.6726
3656	3656	-12.8982
3657	3657	17.3505
3658	3658	11.5967
3659	3659	-30.9869
3660	3660	0.492597
3661	3661	10.1204
3662	3662	4.47568
3663	3663	7.61851
3664	3664	15.4004
3665	3665	-3.81759
3666	3666	3.88708
3667	3667	-3.14261
3668	3668	15.0389
3669	3669	-2.34028
3670	3670	-6.90533
3671	3671	3.47638
3672	3672	8.22696
3673	3673	-36.1044
3674	3674	-3.07989
3675	3675	0.0528752
3676	3676	5.81943
3677	3677	-32.2472
3678	3678	27.1964
3679	3679	5.9055
3680	3680	28.9751
3681	3681	-33.6766
3682	3682	-0.596582
3683	3683	-29.7427
3684	3684	17.697
3685	3685	32.5304
3686	3686	-3.94727
3687	3687	-17.0173
3688	3688	-3.98455
3689	3689	5.2469
3690	3690	-2.46678
3691	3691	-2.02952
3692	3692	24.079
3693	3693	15.3629
3694	3694	21.3335
3695	3695	11.9235
3696	3696	16.5813
3697	3697	-21.9184
3698	3698	-5.27564
3699	3699	29.1065
3700	3700	6.10567
3701	3701	11.491
3702	3702	-14.6197
3703	3703	4.97527
3704	3704	10.3451
3705	3705	10.8199
3706	3706	6.53367
3707	3707	5.65152
3708	3708	15.172
3709	3709	-24.9341
3710	3710	-4.42362
3711	3711	-13.8915
3712	3712	-0.983729
3713	3713	-26.5937
3714	3714	-7.25462
3715	3715	37.6848
3716	3716	-23.6372
3717	3717	5.14535
3718	3718	13.6282
3719	3719	-18.8853
3720	3720	-13.921
3721	3721	-34.5722
3722	3722	22.9005
3723	3723	-6.5411
3724	3724	5.3024
3725	3725	25.6982
3726	3726	-7.903
3727	3727	-14.3129
3728	3728	31.1922
3729	3729	8.34242
3730	3730	17.6181
3731	3731	-22.2309
3732	3732	-32.0111
3733	3733	6.96532
3734	3734	-21.2304
3735	3735	-23.4162
3736	3736	-0.426065
3737	3737	6.65022
3738	3738	-3.02341
3739	3739	-11.588
3740	3740	-11.1646
3741	3741	-7.34358
3742	3742	-13.7706
3743	3743	-29.3012
3744	3744	11.0452
3745	3745	-0.714058
3746	3746	-23.5737
3747	3747	-15.2425
3748	3748	-9.65867
3749	3749	7.96337
3750	3750	-9.25556
3751	3751	-4.44612
3752	3752	-1.07565
3753	3753	-14.7072
3754	3754	21.3505
3755	3755	-0.814892
3756	3756	-7.06917
3757	3757	11.1754
3758	3758	-19.2147
3759	3759	-7.66088
3760	3760	3.73222
3761	3761	-15.4711
3762	3762	15.0247
3763	3763	20.0896
3764	3764	0.779358
3765	3765	20.1023
3766	3766	-29.7705
3767	3767	6.93073
3768	3768	-15.0531
3769	3769	-41.5923
3770	3770	-9.65205
3771	3771	5.80378
3772	3772	20.5654
3773	3773	1.03602
3774	3774	13.9717
3775	3775	-31.7133
3776	3776	-14.3602
3777	3777	26.8484
3778	3778	20.2054
3779	3779	-11.7504
3780	3780	4.37181
3781	3781	-10.2439
3782	3782	-24.9639
3783	3783	7.37283
3784	3784	-2.55037
3785	3785	-1.43121
3786	3786	-25.976
3787	3787	-7.33345
3788	3788	-29.8701
3789	3789	5.85844
3790	3790	37.2277
3791	3791	-10.1683
3792	3792	18.8451
3793	3793	6.96407
3794	3794	-10.1068
3795	3795	1.90947
3796	3796	-32.8034
3797	3797	10.6888
3798	3798	-0.104577
3799	3799	18.847
3800	3800	-2.32673
3801	3801	10.0219
3802	3802	4.55883
3803	3803	-7.31817
3804	3804	-6.42904
3805	3805	-3.30325
3806	3806	-11.8051
3807	3807	24.8537
3808	3808	-6.75314
3809	3809	-3.70631
3810	3810	-35.0212
3811	3811	9.46243
3812	3812	19.8826
3813	3813	31.6141
3814	3814	17.2782
3815	3815	-13.8503
3816	3816	6.90258
3817	3817	0.968625
3818	3818	-11.8035
3819	3819	17.1144
3820	3820	-1.66857
3821	3821	16.4343
3822	3822	11.4634
3823	3823	2.52417
3824	3824	-18.8326
3825	3825	1.94236
3826	3826	12.4337
3827	3827	29.7282
3828	3828	-1.51959
3829	3829	25.7365
3830	3830	-29.2379
3831	3831	-1.87698
3832	3832	-5.77405
3833	3833	-9.8618
3834	3834	-3.22427
3835	3835	-4.35049
3836	3836	-32.7835
3837	3837	-2.58442
3838	3838	-7.52536
3839	3839	12.2585
3840	3840	-30.9077
3841	3841	36.4755
3842	3842	11.5229
3843	3843	6.3039
3844	3844	9.91622
3845	3845	-14.9121
3846	3846	-2.29949
3847	3847	-14.8972
3848	3848	-14.0789
3849	3849	4.58
3850	3850	33.2468
3851	3851	-20.6193
3852	3852	13.6509
3853	3853	9.91698
3854	3854	-5.76613
3855	3855	-30.7934
3856	3856	28.2558
3857	3857	-10.8387
3858	3858	1.96171
3859	3859	-20.627
3860	3860	32.1333
3861	3861	-0.415466
3862	3862	5.36005
3863	3863	36.9343
3864	3864	2.69161
3865	3865	2.43379
3866	3866	-33.3586
3867	3867	-13.3168
3868	3868	20.3875
3869	3869	26.4146
3870	3870	42.1509
3871	3871	8.75207
3872	3872	-9.1861
3873	3873	15.7717
3874	3874	-11.5244
3875	3875	8.27457
3876	3876	-10.0825
3877	3877	-4.16365
3878	3878	-17.0793
3879	3879	5.82898
3880	3880	13.3291
3881	3881	-2.08131
3882	3882	28.0917
3883	3883	3.44436
3884	3884	2.80746
3885	3885	35.9516
3886	3886	3.80386
3887	3887	7.00753
3888	3888	16.759
3889	3889	5.57819
3890	3890	22.1795
3891	3891	9.46467
3892	3892	-11.1164
3893	3893	34.7283
3894	3894	10.6448
3895	3895	7.67854
3896	3896	10.0462
3897	3897	-30.4514
3898	3898	-7.34114
3899	3899	35.8079
3900	3900	-14.0617
3901	3901	28.4384
3902	3902	34.3247
3903	3903	-9.28764
3904	3904	32.6316
3905	3905	-17.3731
3906	3906	-12.4125
3907	3907	-15.8465
3908	3908	10.4588
3909	3909	-0.766153
3910	3910	-0.918572
3911	3911	7.48504
3912	3912	13.4923
3913	3913	-22.304
3914	3914	-27.2603
3915	3915	-10.5228
3916	3916	19.0369
3917	3917	15.3537
3918	3918	-7.34633
3919	3919	-26.2787
3920	3920	26.0612
3921	3921	8.92642
3922	3922	13.0669
3923	3923	-7.3897
3924	3924	-5.65837
3925	3925	-18.2178
3926	3926	-2.20792
3927	3927	14.0299
3928	3928	-4.59968
3929	3929	-17.2228
3930	3930	-16.9217
3931	3931	6.70901
3932	3932	-21.4225
3933	3933	20.5018
3934	3934	11.8691
3935	3935	-17.954
3936	3936	23.402
3937	3937	-2.81215
3938	3938	-1.68212
3939	3939	-14.9734
3940	3940	17.4692
3941	3941	1.77949
3942	3942	-9.54408
3943	3943	18.8104
3944	3944	-25.3854
3945	3945	4.19481
3946	3946	-32.6587
3947	3947	10.2027
3948	3948	23.9711
3949	3949	1.5431
3950	3950	-21.9753
3951	3951	-2.65498
3952	3952	17.423
3953	3953	-1.55879
3954	3954	12.6815
3955	3955	-5.74536
3956	3956	16.607
3957	3957	-20.392
3958	3958	4.23541
3959	3959	32.8645
3960	3960	23.0688
3961	3961	1.22539
3962	3962	1.02283
3963	3963	-5.69693
3964	3964	12.527
3965	3965	3.43846
3966	3966	27.1007
3967	3967	0.214293
3968	3968	-9.35552
3969	3969	-16.525
3970	3970	-22.2337
3971	3971	-20.3345
3972	3972	-1.30654
3973	3973	-23.2765
3974	3974	-8.77087
3975	3975	-9.16811
3976	3976	-4.39433
3977	3977	-14.421
3978	3978	15.6963
3979	3979	-3.80414
3980	3980	-12.444
3981	3981	-2.10098
3982	3982	-19.3366
3983	3983	11.2364
3984	3984	-2.31055
3985	3985	18.7428
3986	3986	23.3467
3987	3987	5.37108
3988	3988	-25.7865
3989	3989	9.47166
3990	3990	-23.5974
3991	3991	19.7714
3992	3992	10.3252
3993	3993	9.35406
3994	3994	15.485
3995	3995	26.7482
3996	3996	20.6616
3997	3997	14.1164
3998	3998	-23.187
3999	3999	5.10074
4000	4000	-20.6127
4001	4001	0.494637
4002	4002	-13.9484
4003	4003	9.90902
4004	4004	-2.22068
4005	4005	-27.4093
4006	4006	5.22723
4007	4007	-13.4344
4008	4008	-4.28822
4009	4009	-14.5987
4010	4010	-13.3147
4011	4011	23.128
4012	4012	-14.5255
4013	4013	-10.0259
4014	4014	-24.7953
4015	4015	-8.4758
4016	4016	20.9216
4017	4017	-12.027
4018	4018	9.56947
4019	4019	1.1344
4020	4020	20.8745
4021	4021	-24.4822
4022	4022	14.5255
4023	4023	-7.85828
4024	4024	-30.1817
4025	4025	14.3001
4026	4026	-8.23199
4027	4027	6.97232
4028	4028	-19.683
4029	4029	6.91754
4030	4030	-37.345
4031	4031	10.5209
4032	4032	-6.63002
4033	4033	-40.0651
4034	4034	-9.03177
4035	4035	-28.3847
4036	4036	19.5885
4037	4037	-9.62235
4038	4038	-20.3805
4039	4039	13.659
4040	4040	-39.6703
4041	4041	47.9668
4042	4042	33.5189
4043	4043	12.8195
4044	4044	10.8704
4045	4045	9.57577
4046	4046	19.4363
4047	4047	20.3394
4048	4048	31.6702
4049	4049	6.43036
4050	4050	15.763
4051	4051	-45.4314
4052	4052	3.5903
4053	4053	11.2247
4054	4054	-33.1757
4055	4055	-1.29
4056	4056	-17.2183
4057	4057	-14.5738
4058	4058	13.4223
4059	4059	30.1054
4060	4060	4.5056
4061	4061	7.86511
4062	4062	-21.187
4063	4063	-37.8181
4064	4064	28.7201
4065	4065	14.8486
4066	4066	3.20536
4067	4067	-12.7522
4068	4068	0.520967
4069	4069	-27.6455
4070	4070	33.6217
4071	4071	1.26929
4072	4072	-0.849118
4073	4073	-9.03273
4074	4074	-11.9247
4075	4075	-16.07
4076	4076	18.3353
4077	4077	12.1081
4078	4078	3.01319
4079	4079	12.4791
4080	4080	20.4586
4081	4081	-10.6049
4082	4082	-15.6331
4083	4083	-11.7509
4084	4084	4.65509
4085	4085	7.82967
4086	4086	9.89335
4087	4087	-4.25515
4088	4088	15.7061
4089	4089	-7.2851
4090	4090	18.964
4091	4091	-4.83865
4092	4092	-6.72527
4093	4093	-8.50062
4094	4094	-6.35853
4095	4095	22.9649
4096	4096	20.6123
4097	4097	-20.1195
4098	4098	17.8293
4099	4099	-2.34502
4100	4100	6.50401
4101	4101	-16.6905
4102	4102	-7.2472
4103	4103	-3.65704
4104	4104	-10.323
4105	4105	-6.46033
4106	4106	-27.4905
4107	4107	-18.5964
4108	4108	-23.3519
4109	4109	-19.1483
4110	4110	14.5841
4111	4111	-32.3646
4112	4112	29.2343
4113	4113	0.130479
4114	4114	-34.8458
4115	4115	10.0813
4116	4116	19.8045
4117	4117	24.5437
4118	4118	-21.2967
4119	4119	3.65472
4120	4120	29.7674
4121	4121	-26.8236
4122	4122	28.4504
4123	4123	4.46165
4124	4124	-14.0225
4125	4125	27.1893
4126	4126	-3.13305
4127	4127	-22.4211
4128	4128	-15.8648
4129	4129	-38.046
4130	4130	-26.5995
4131	4131	29.2866
4132	4132	-6.33979
4133	4133	16.1694
4134	4134	46.1061
4135	4135	-32.3804
4136	4136	11.1643
4137	4137	47.9448
4138	4138	8.03493
4139	4139	5.02196
4140	4140	24.1761
4141	4141	-16.9923
4142	4142	-16.1448
4143	4143	-31.7239
4144	4144	-39.5576
4145	4145	19.6775
4146	4146	0.311649
4147	4147	14.0285
4148	4148	23.8348
4149	4149	-12.2377
4150	4150	-11.1084
4151	4151	22.3869
4152	4152	-17.6012
4153	4153	-3.14582
4154	4154	-15.9878
4155	4155	27.4573
4156	4156	-1.67198
4157	4157	-18.7513
4158	4158	24.7092
4159	4159	12.9726
4160	4160	-8.78864
4161	4161	-3.30558
4162	4162	-27.5446
4163	4163	-34.8445
4164	4164	21.8292
4165	4165	-9.41218
4166	4166	8.91755
4167	4167	11.9779
4168	4168	-12.5836
4169	4169	-14.9705
4170	4170	12.9607
4171	4171	4.64851
4172	4172	-3.60702
4173	4173	-11.1394
4174	4174	-6.29748
4175	4175	9.62234
4176	4176	-26.4065
4177	4177	13.9702
4178	4178	10.6714
4179	4179	-27.4073
4180	4180	-35.4647
4181	4181	18.8928
4182	4182	18.1294
4183	4183	-37.2272
4184	4184	29.1233
4185	4185	38.9168
4186	4186	-2.19116
4187	4187	-8.17213
4188	4188	-1.66642
4189	4189	-22.187
4190	4190	5.5793
4191	4191	-32.8118
4192	4192	4.76167
4193	4193	-1.12662
4194	4194	2.02724
4195	4195	26.0781
4196	4196	20.2173
4197	4197	-6.72945
4198	4198	-15.7643
4199	4199	9.42468
4200	4200	50.5412
4201	4201	21.2395
4202	4202	-0.303978
4203	4203	-47.3935
4204	4204	-6.88973
4205	4205	18.7298
4206	4206	-11.4278
4207	4207	2.49134
4208	4208	-8.23965
4209	4209	-18.966
4210	4210	-26.9171
4211	4211	-10.1153
4212	4212	-24.4708
4213	4213	12.9767
4214	4214	-17.32
4215	4215	-38.0566
4216	4216	28.1998
4217	4217	19.793
4218	4218	5.47098
4219	4219	-5.18288
4220	4220	-18.6296
4221	4221	0.28061
4222	4222	-39.4654
4223	4223	-5.96462
4224	4224	5.00048
4225	4225	-2.52584
4226	4226	-24.2547
4227	4227	-10.7073
4228	4228	10.5319
4229	4229	12.4132
4230	4230	-1.38251
4231	4231	21.2147
4232	4232	18.2949
4233	4233	-34.2338
4234	4234	-6.0554
4235	4235	-6.03145
4236	4236	8.78741
4237	4237	-5.97835
4238	4238	-1.86689
4239	4239	-3.46294
4240	4240	24.2405
4241	4241	-33.6483
4242	4242	-1.97679
4243	4243	-12.4181
4244	4244	22.2673
4245	4245	-16.0193
4246	4246	-18.1124
4247	4247	-26.3211
4248	4248	22.7845
4249	4249	-6.88495
4250	4250	-40.446
4251	4251	-23.2493
4252	4252	-12.8449
4253	4253	-35.0926
4254	4254	18.7223
4255	4255	8.42799
4256	4256	2.92439
4257	4257	7.40291
4258	4258	-18.6238
4259	4259	9.16916
4260	4260	-0.893062
4261	4261	-10.7487
4262	4262	-28.2646
4263	4263	35.6039
4264	4264	-8.56988
4265	4265	-11.4009
4266	4266	-0.841511
4267	4267	8.6974
4268	4268	18.489
4269	4269	-8.40949
4270	4270	-11.7836
4271	4271	-13.9464
4272	4272	0.162224
4273	4273	20.8289
4274	4274	-28.0813
4275	4275	-12.178
4276	4276	9.04077
4277	4277	8.45468
4278	4278	7.16088
4279	4279	-7.25719
4280	4280	8.04587
4281	4281	29.1324
4282	4282	-0.0904593
4283	4283	-7.84309
4284	4284	-20.4468
4285	4285	10.0639
4286	4286	25.2871
4287	4287	0.173732
4288	4288	-9.06418
4289	4289	2.19031
4290	4290	38.6521
4291	4291	-5.19806
4292	4292	-2.50364
4293	4293	3.43078
4294	4294	19.2283
4295	4295	7.57382
4296	4296	23.1271
4297	4297	4.73202
4298	4298	14.7727
4299	4299	-10.6657
4300	4300	-17.8855
4301	4301	-24.6188
4302	4302	34.0275
4303	4303	-4.99311
4304	4304	1.81102
4305	4305	19.8959
4306	4306	32.3109
4307	4307	-14.3597
4308	4308	-23.3129
4309	4309	1.36595
4310	4310	13.6104
4311	4311	-3.90977
4312	4312	-9.15406
4313	4313	-19.5068
4314	4314	-40.1029
4315	4315	22.5553
4316	4316	-3.64047
4317	4317	-11.7107
4318	4318	5.29437
4319	4319	11.4511
4320	4320	-0.841434
4321	4321	-1.55811
4322	4322	-6.98908
4323	4323	1.05625
4324	4324	39.6569
4325	4325	-3.2056
4326	4326	20.8849
4327	4327	18.8167
4328	4328	-9.43794
4329	4329	-11.889
4330	4330	14.7748
4331	4331	23.7723
4332	4332	25.5708
4333	4333	-0.880063
4334	4334	3.66451
4335	4335	-5.71674
4336	4336	42.3975
4337	4337	-0.145797
4338	4338	-10.2039
4339	4339	-5.95489
4340	4340	-13.2548
4341	4341	2.45119
4342	4342	-6.19155
4343	4343	-16.9253
4344	4344	39.2979
4345	4345	-24.1838
4346	4346	-7.88897
4347	4347	-2.17593
4348	4348	-32.9251
4349	4349	-6.79967
4350	4350	-28.0613
4351	4351	18.1646
4352	4352	-4.97184
4353	4353	-14.5678
4354	4354	16.5542
4355	4355	-12.3883
4356	4356	11.5755
4357	4357	18.095
4358	4358	8.64218
4359	4359	27.8149
4360	4360	16.8546
4361	4361	0.561652
4362	4362	25.0594
4363	4363	0.951116
4364	4364	19.5911
4365	4365	7.76472
4366	4366	-8.27578
4367	4367	13.7261
4368	4368	-26.7554
4369	4369	21.4563
4370	4370	-1.37315
4371	4371	-20.9197
4372	4372	22.3592
4373	4373	5.2864
4374	4374	-1.33668
4375	4375	-7.94742
4376	4376	10.9
4377	4377	-9.29489
4378	4378	33.0075
4379	4379	11.9051
4380	4380	19.972
4381	4381	-1.40548
4382	4382	0.0378541
4383	4383	-0.174042
4384	4384	-10.0327
4385	4385	8.57851
4386	4386	-0.880151
4387	4387	13.2881
4388	4388	-14.1027
4389	4389	-3.02055
4390	4390	7.45038
4391	4391	-17.6427
4392	4392	-25.5015
4393	4393	4.12217
4394	4394	8.41961
4395	4395	-2.7038
4396	4396	25.2915
4397	4397	-2.81167
4398	4398	-13.5771
4399	4399	1.3335
4400	4400	25.8705
4401	4401	-6.05288
4402	4402	42.6298
4403	4403	-14.9393
4404	4404	-6.9916
4405	4405	-1.47781
4406	4406	11.6406
4407	4407	-5.93121
4408	4408	41.68
4409	4409	-33.3344
4410	4410	-15.8598
4411	4411	-0.236957
4412	4412	8.06083
4413	4413	-41.1233
4414	4414	0.151103
4415	4415	0.807272
4416	4416	9.40598
4417	4417	4.73648
4418	4418	-18.4634
4419	4419	-19.1409
4420	4420	4.19549
4421	4421	-7.06386
4422	4422	-3.49974
4423	4423	-3.52604
4424	4424	12.9836
4425	4425	-17.8219
4426	4426	22.3272
4427	4427	13.1893
4428	4428	-22.1159
4429	4429	-18.5276
4430	4430	3.28044
4431	4431	-26.0119
4432	4432	4.24961
4433	4433	27.6511
4434	4434	1.89642
4435	4435	1.45243
4436	4436	-39.9037
4437	4437	10.754
4438	4438	-31.4445
4439	4439	4.47708
4440	4440	-15.6283
4441	4441	16.8994
4442	4442	-19.7295
4443	4443	0.932685
4444	4444	2.70356
4445	4445	6.65873
4446	4446	-9.68113
4447	4447	-8.52523
4448	4448	-33.9959
4449	4449	0.725709
4450	4450	8.75771
4451	4451	3.16104
4452	4452	-6.83536
4453	4453	-14.7125
4454	4454	-1.64055
4455	4455	12.8698
4456	4456	-16.476
4457	4457	13.3158
4458	4458	9.12904
4459	4459	-7.14951
4460	4460	-29.0505
4461	4461	-14.7779
4462	4462	21.6227
4463	4463	-17.0486
4464	4464	22.9614
4465	4465	2.77322
4466	4466	-35.676
4467	4467	-39.7476
4468	4468	-37.9852
4469	4469	-0.709957
4470	4470	-6.46233
4471	4471	25.5124
4472	4472	-9.48268
4473	4473	8.47017
4474	4474	27.5169
4475	4475	-24.8358
4476	4476	9.80586
4477	4477	9.03231
4478	4478	19.2217
4479	4479	-24.5259
4480	4480	15.2135
4481	4481	0.900103
4482	4482	9.08008
4483	4483	2.6519
4484	4484	5.11108
4485	4485	-34.3356
4486	4486	9.77135
4487	4487	-52.2707
4488	4488	5.99514
4489	4489	4.8862
4490	4490	5.90729
4491	4491	-13.6446
4492	4492	-10.9267
4493	4493	-2.55166
4494	4494	13.8361
4495	4495	-7.91611
4496	4496	-27.2682
4497	4497	-8.36771
4498	4498	-22.1338
4499	4499	-20.7085
4500	4500	25.7149
4501	4501	31.5923
4502	4502	28.983
4503	4503	12.2993
4504	4504	-1.03481
4505	4505	-32.4286
4506	4506	-9.00104
4507	4507	-1.84023
4508	4508	-14.0676
4509	4509	-12.7142
4510	4510	-37.1223
4511	4511	-10.7171
4512	4512	-4.32771
4513	4513	-1.12129
4514	4514	-29.1873
4515	4515	7.86727
4516	4516	-12.0483
4517	4517	22.8883
4518	4518	-21.4042
4519	4519	-33.3834
4520	4520	-22.2863
4521	4521	-3.81617
4522	4522	-3.87004
4523	4523	23.7585
4524	4524	24.6571
4525	4525	-21.9508
4526	4526	20.6541
4527	4527	16.9477
4528	4528	-18.831
4529	4529	33.1285
4530	4530	-3.51885
4531	4531	-28.684
4532	4532	-2.50959
4533	4533	23.0185
4534	4534	-1.01893
4535	4535	9.70227
4536	4536	-33.76
4537	4537	12.0122
4538	4538	12.9026
4539	4539	21.7359
4540	4540	-12.2975
4541	4541	0.531192
4542	4542	-2.71567
4543	4543	-2.98656
4544	4544	3.95363
4545	4545	-33.2902
4546	4546	-14.3912
4547	4547	-13.8673
4548	4548	-23.9283
4549	4549	-0.782419
4550	4550	-23.6651
4551	4551	-29.6852
4552	4552	-9.80744
4553	4553	-0.931725
4554	4554	22.7238
4555	4555	-12.301
4556	4556	16.8164
4557	4557	9.58654
4558	4558	-3.99389
4559	4559	-13.7412
4560	4560	34.1669
4561	4561	10.6119
4562	4562	-11.1587
4563	4563	-9.86826
4564	4564	-24.6457
4565	4565	5.21236
4566	4566	5.22039
4567	4567	-26.4696
4568	4568	-11.1066
4569	4569	-1.95061
4570	4570	14.6044
4571	4571	29.5903
4572	4572	-4.83696
4573	4573	-15.2377
4574	4574	29.6839
4575	4575	21.5212
4576	4576	26.2395
4577	4577	-32.3435
4578	4578	-4.12557
4579	4579	-6.34571
4580	4580	1.46817
4581	4581	7.68684
4582	4582	-20.93
4583	4583	-7.67713
4584	4584	10.3738
4585	4585	17.0935
4586	4586	-28.186
4587	4587	-6.35922
4588	4588	-6.26139
4589	4589	-20.3123
4590	4590	-55.5133
4591	4591	29.4604
4592	4592	-23.6383
4593	4593	-10.4572
4594	4594	42.6046
4595	4595	8.69692
4596	4596	-8.40593
4597	4597	-1.96119
4598	4598	5.20485
4599	4599	-21.827
4600	4600	-7.60269
4601	4601	25.9978
4602	4602	8.68695
4603	4603	14.7366
4604	4604	26.5683
4605	4605	-26.6752
4606	4606	34.4959
4607	4607	-15.3019
4608	4608	-0.0704468
4609	4609	-19.316
4610	4610	13.539
4611	4611	-15.9259
4612	4612	5.30537
4613	4613	3.33681
4614	4614	9.11682
4615	4615	-24.3115
4616	4616	16.1254
4617	4617	-3.65836
4618	4618	11.2159
4619	4619	-8.23449
4620	4620	-1.3627
4621	4621	-12.8363
4622	4622	24.4878
4623	4623	-24.0086
4624	4624	-7.2123
4625	4625	-8.24233
4626	4626	-7.93345
4627	4627	16.036
4628	4628	-10.9224
4629	4629	36.1078
4630	4630	-32.2407
4631	4631	8.95402
4632	4632	-8.6414
4633	4633	-8.8063
4634	4634	-9.87321
4635	4635	8.98686
4636	4636	-21.0029
4637	4637	4.00831
4638	4638	-0.518953
4639	4639	-3.95087
4640	4640	-23.0777
4641	4641	13.0396
4642	4642	-8.7801
4643	4643	13.1379
4644	4644	-14.8585
4645	4645	37.5415
4646	4646	4.73587
4647	4647	26.152
4648	4648	-33.4882
4649	4649	20.6865
4650	4650	26.5961
4651	4651	-5.37069
4652	4652	-4.69704
4653	4653	35.5559
4654	4654	4.72878
4655	4655	-1.97683
4656	4656	10.3215
4657	4657	-37.7801
4658	4658	-2.36951
4659	4659	-28.3016
4660	4660	-2.35247
4661	4661	1.34625
4662	4662	-7.90742
4663	4663	-2.04912
4664	4664	-39.8023
4665	4665	-41.176
4666	4666	1.78786
4667	4667	-5.2922
4668	4668	6.8204
4669	4669	28.4926
4670	4670	-8.39048
4671	4671	40.1739
4672	4672	36.7584
4673	4673	18.213
4674	4674	11.3866
4675	4675	0.402752
4676	4676	43.4199
4677	4677	1.94616
4678	4678	14.9632
4679	4679	3.24741
4680	4680	18.4884
4681	4681	-22.5041
4682	4682	-17.9308
4683	4683	8.76454
4684	4684	10.6042
4685	4685	13.6555
4686	4686	-31.2943
4687	4687	-20.0641
4688	4688	-16.9929
4689	4689	-3.17074
4690	4690	9.86727
4691	4691	23.9401
4692	4692	10.8116
4693	4693	-1.68306
4694	4694	-5.76643
4695	4695	-10.0276
4696	4696	8.33231
4697	4697	-11.1665
4698	4698	-6.13992
4699	4699	2.84934
4700	4700	-34.7349
4701	4701	-9.39553
4702	4702	13.7134
4703	4703	-23.328
4704	4704	-12.5222
4705	4705	28.867
4706	4706	20.5758
4707	4707	-1.90472
4708	4708	12.9207
4709	4709	-25.3492
4710	4710	-6.20597
4711	4711	-1.67433
4712	4712	1.81844
4713	4713	32.9336
4714	4714	12.7769
4715	4715	14.4796
4716	4716	26.1908
4717	4717	-9.06424
4718	4718	1.48051
4719	4719	-26.8706
4720	4720	-12.2179
4721	4721	-0.903731
4722	4722	13.7709
4723	4723	-29.2754
4724	4724	-5.12494
4725	4725	11.9855
4726	4726	-19.3797
4727	4727	7.9562
4728	4728	0.723144
4729	4729	-15.2019
4730	4730	-40.9773
4731	4731	15.9727
4732	4732	-17.6959
4733	4733	-18.6892
4734	4734	-18.7031
4735	4735	5.79163
4736	4736	4.21415
4737	4737	21.0168
4738	4738	24.3385
4739	4739	-1.22211
4740	4740	-36.4833
4741	4741	-9.24499
4742	4742	-20.8937
4743	4743	-2.29425
4744	4744	12.2261
4745	4745	-11.6276
4746	4746	-6.11995
4747	4747	-5.87761
4748	4748	-9.02455
4749	4749	-24.1512
4750	4750	18.3137
4751	4751	18.6902
4752	4752	-12.6352
4753	4753	9.93308
4754	4754	0.670869
4755	4755	-1.90265
4756	4756	2.70427
4757	4757	-28.0165
4758	4758	26.9561
4759	4759	8.48707
4760	4760	-5.25935
4761	4761	-11.9043
4762	4762	2.10785
4763	4763	8.16838
4764	4764	-3.75361
4765	4765	-16.3916
4766	4766	-9.69921
4767	4767	-7.67863
4768	4768	-25.9403
4769	4769	-24.9477
4770	4770	22.0769
4771	4771	19.4831
4772	4772	-12.4369
4773	4773	-3.95118
4774	4774	34.4487
4775	4775	12.8683
4776	4776	45.3766
4777	4777	-10.8314
4778	4778	5.76218
4779	4779	-7.5482
4780	4780	11.6234
4781	4781	-38.816
4782	4782	-29.6202
4783	4783	10.0804
4784	4784	10.3567
4785	4785	21.3458
4786	4786	4.27821
4787	4787	36.3753
4788	4788	-8.08
4789	4789	23.8686
4790	4790	32.1957
4791	4791	-9.84042
4792	4792	-14.7572
4793	4793	8.13758
4794	4794	-5.12073
4795	4795	11.4157
4796	4796	-20.9972
4797	4797	20.7369
4798	4798	-14.2423
4799	4799	-29.0455
