sample_id	sample_id2	phensim
zero	zero	-22.0885
1	1	29.9795
2	2	10.8942
3	3	23.44
4	4	31.7095
5	5	-6.11623
6	6	5.63087
7	7	11.4484
8	8	12.5614
9	9	46.3854
10	10	-1.53799
11	11	-1.24728
12	12	-6.46733
13	13	-12.6833
14	14	-4.16324
15	15	-9.23732
16	16	-3.25604
17	17	-13.4593
18	18	21.878
19	19	-15.8198
20	20	7.86281
21	21	-26.859
22	22	5.53474
23	23	-17.0829
24	24	11.1242
25	25	5.58327
26	26	-5.25981
27	27	38.4916
28	28	2.06779
29	29	-5.89348
30	30	-26.1866
31	31	-24.8148
32	32	29.3613
33	33	-26.9691
34	34	14.5313
35	35	-41.0828
36	36	-15.3864
37	37	-28.7545
38	38	-42.2734
39	39	-23.6433
40	40	36.6114
41	41	2.77041
42	42	13.699
43	43	17.3836
44	44	-16.1254
45	45	0.320716
46	46	17.9714
47	47	-13.2367
48	48	-7.46344
49	49	0.614746
50	50	24.4185
51	51	-1.97689
52	52	1.91028
53	53	31.4979
54	54	-7.86263
55	55	35.2395
56	56	24.9469
57	57	20.4864
58	58	-11.0933
59	59	26.9439
60	60	-6.95928
61	61	29.5027
62	62	10.4605
63	63	-10.3385
64	64	23.9178
65	65	46.0157
66	66	17.3393
67	67	3.65298
68	68	45.9525
69	69	13.6991
70	70	-6.46155
71	71	20.9025
72	72	11.8488
73	73	-3.66611
74	74	-1.83821
75	75	30.3087
76	76	-9.48594
77	77	-12.8865
78	78	63.4078
79	79	2.52661
80	80	-5.56722
81	81	-37.2361
82	82	-9.66646
83	83	-13.4418
84	84	-10.4854
85	85	23.5855
86	86	10.6529
87	87	10.2085
88	88	36.0956
89	89	5.3036
90	90	4.87872
91	91	23.6668
92	92	-7.04993
93	93	6.38936
94	94	14.705
95	95	-23.8433
96	96	28.6664
97	97	-9.76556
98	98	11.3315
99	99	-4.78909
100	100	-6.49529
101	101	-7.16239
102	102	-25.5285
103	103	6.53245
104	104	-21.8449
105	105	2.97649
106	106	64.5122
107	107	8.57632
108	108	-50.6374
109	109	33.3787
110	110	-0.216185
111	111	-17.8082
112	112	12.8986
113	113	-4.40689
114	114	-21.4128
115	115	-4.35456
116	116	-0.391699
117	117	3.00303
118	118	20.8178
119	119	-29.4676
120	120	17.7204
121	121	12.685
122	122	-25.0433
123	123	-0.904428
124	124	38.8303
125	125	1.34712
126	126	-13.2068
127	127	-0.97667
128	128	2.36719
129	129	-2.62288
130	130	23.2154
131	131	-10.0619
132	132	-2.50087
133	133	3.99137
134	134	-22.507
135	135	-19.7087
136	136	-15.7527
137	137	10.0972
138	138	-28.2537
139	139	8.56406
140	140	0.619741
141	141	24.5268
142	142	-22.1448
143	143	-6.46037
144	144	13.8523
145	145	-8.97741
146	146	4.99696
147	147	13.986
148	148	39.1803
149	149	-24.462
150	150	19.6782
151	151	18.8341
152	152	-25.905
153	153	-23.8989
154	154	-22.4865
155	155	-20.977
156	156	4.68973
157	157	-10.8553
158	158	6.41774
159	159	12.7934
160	160	-15.0896
161	161	14.8086
162	162	2.34956
163	163	20.6693
164	164	-17.2137
165	165	-3.87888
166	166	-3.42173
167	167	-6.81084
168	168	-7.11358
169	169	8.90892
170	170	-2.29147
171	171	2.57987
172	172	27.1333
173	173	43.3351
174	174	-12.8566
175	175	14.0214
176	176	-19.3436
177	177	-7.54606
178	178	-29.1791
179	179	-18.8163
180	180	-18.4838
181	181	-6.46955
182	182	-15.3542
183	183	8.2433
184	184	35.3276
185	185	-5.25
186	186	-13.6037
187	187	-2.54118
188	188	9.88855
189	189	-24.0947
190	190	-5.96166
191	191	6.53004
192	192	36.9331
193	193	3.22495
194	194	-4.45443
195	195	-7.83746
196	196	-10.5482
197	197	2.89556
198	198	10.847
199	199	-6.8315
200	200	40.7616
201	201	-20.5022
202	202	40.9192
203	203	-3.19352
204	204	43.3894
205	205	-32.132
206	206	7.05231
207	207	-16.9042
208	208	-4.08668
209	209	-14.7005
210	210	-2.27781
211	211	42.3135
212	212	15.506
213	213	-0.119737
214	214	-20.4019
215	215	-7.25359
216	216	7.40822
217	217	1.41707
218	218	34.8173
219	219	46.0644
220	220	-3.74099
221	221	11.8452
222	222	20.4879
223	223	2.8083
224	224	-10.4975
225	225	1.82637
226	226	29.5913
227	227	-18.3574
228	228	10.3827
229	229	3.95537
230	230	-24.951
231	231	-6.09159
232	232	30.6379
233	233	-3.31906
234	234	3.48643
235	235	1.86515
236	236	27.9982
237	237	32.1425
238	238	-19.394
239	239	-6.76383
240	240	7.69704
241	241	2.20067
242	242	30.9352
243	243	-47.3105
244	244	-2.84814
245	245	-5.08896
246	246	-13.5179
247	247	2.4491
248	248	46.7849
249	249	-0.443922
250	250	-34.1005
251	251	-1.63541
252	252	10.1217
253	253	9.19486
254	254	47.9775
255	255	-10.8074
256	256	-27.5667
257	257	-20.2385
258	258	7.62257
259	259	31.3159
260	260	-13.4457
261	261	-9.21889
262	262	25.9953
263	263	20.8552
264	264	-12.7489
265	265	29.7104
266	266	-4.15732
267	267	13.256
268	268	-16.7986
269	269	-31.3039
270	270	-36.2205
271	271	11.104
272	272	11.8802
273	273	-25.4095
274	274	17.8096
275	275	4.66033
276	276	-0.240048
277	277	3.5757
278	278	-7.87326
279	279	9.91803
280	280	23.4076
281	281	2.36364
282	282	-17.3024
283	283	-16.5626
284	284	16.1397
285	285	24.0903
286	286	11.6515
287	287	-14.8815
288	288	27.0813
289	289	-4.29762
290	290	8.84204
291	291	21.5108
292	292	13.5501
293	293	-26.1296
294	294	-14.4975
295	295	-17.7206
296	296	8.43666
297	297	-7.66759
298	298	3.46027
299	299	-31.9027
300	300	15.0994
301	301	1.63755
302	302	-20.5578
303	303	13.7707
304	304	21.0067
305	305	27.5901
306	306	18.8934
307	307	9.77982
308	308	-12.7926
309	309	-28.7313
310	310	23.4972
311	311	-1.27299
312	312	30.3189
313	313	16.4486
314	314	-4.11071
315	315	-14.0926
316	316	-16.8379
317	317	25.9005
318	318	-17.5289
319	319	-12.5652
320	320	29.7848
321	321	-20.2833
322	322	-33.711
323	323	-5.63024
324	324	12.0295
325	325	-5.75621
326	326	14.2595
327	327	-6.64875
328	328	-31.2365
329	329	-19.609
330	330	-2.18089
331	331	-18.0558
332	332	5.45999
333	333	-2.66809
334	334	-16.3412
335	335	-4.96486
336	336	0.871171
337	337	-11.1714
338	338	-6.83769
339	339	7.89956
340	340	-17.1301
341	341	-4.16594
342	342	-21.1356
343	343	19.1475
344	344	-11.0727
345	345	-32.0118
346	346	12.6734
347	347	-19.2787
348	348	45.4728
349	349	-31.4332
350	350	-16.8721
351	351	22.6934
352	352	-3.95804
353	353	-11.6285
354	354	-22.6473
355	355	-21.5258
356	356	1.73209
357	357	6.35971
358	358	-8.87733
359	359	-48.3998
360	360	-6.3995
361	361	-29.0225
362	362	20.2212
363	363	29.3616
364	364	-3.64532
365	365	-0.270207
366	366	46.8869
367	367	-24.2104
368	368	-7.37432
369	369	2.7951
370	370	11.4973
371	371	-7.81995
372	372	2.51386
373	373	5.72392
374	374	-1.50437
375	375	-20.3627
376	376	7.10925
377	377	46.3871
378	378	0.685086
379	379	5.44308
380	380	8.34991
381	381	24.0222
382	382	-2.55434
383	383	7.25467
384	384	5.16829
385	385	-14.4441
386	386	15.5737
387	387	7.04701
388	388	14.9765
389	389	33.638
390	390	33.6684
391	391	-14.618
392	392	-29.7323
393	393	-14.9664
394	394	-10.8923
395	395	-12.1623
396	396	9.22735
397	397	7.72444
398	398	18.4851
399	399	28.5447
400	400	13.6773
401	401	0.247184
402	402	-4.06151
403	403	-0.966288
404	404	-27.2539
405	405	5.60326
406	406	21.7742
407	407	-16.033
408	408	-3.42605
409	409	9.59119
410	410	20.168
411	411	-12.8111
412	412	-15.1074
413	413	-8.94269
414	414	-19.1691
415	415	11.9302
416	416	-40.8356
417	417	22.0578
418	418	16.0132
419	419	26.3563
420	420	-9.12012
421	421	-15.189
422	422	-7.87136
423	423	17.4934
424	424	1.79969
425	425	12.5078
426	426	8.58402
427	427	37.4605
428	428	26.6236
429	429	-23.632
430	430	22.0085
431	431	4.05294
432	432	22.506
433	433	34.7884
434	434	6.07414
435	435	-14.8981
436	436	-1.35025
437	437	52.9947
438	438	-2.80165
439	439	14.1302
440	440	22.2508
441	441	-29.6222
442	442	3.11331
443	443	-1.97729
444	444	-10.6186
445	445	-8.69449
446	446	12.791
447	447	25.6788
448	448	-8.53262
449	449	-30.3059
450	450	-11.282
451	451	-29.8081
452	452	13.7092
453	453	5.19803
454	454	9.27436
455	455	-34.5568
456	456	-15.5177
457	457	-12.9955
458	458	1.5432
459	459	8.04866
460	460	-17.8599
461	461	31.4493
462	462	-20.8603
463	463	14.8534
464	464	-1.78351
465	465	-22.871
466	466	28.5521
467	467	-21.0226
468	468	3.66108
469	469	-6.57575
470	470	-24.1776
471	471	-12.4064
472	472	-4.9366
473	473	23.2186
474	474	-4.55616
475	475	-21.3471
476	476	-10.8304
477	477	-23.76
478	478	-27.9811
479	479	23.7692
480	480	-27.7376
481	481	33.003
482	482	-4.29404
483	483	27.0522
484	484	5.67898
485	485	7.10165
486	486	-24.7855
487	487	-9.041
488	488	-21.2151
489	489	13.8957
490	490	2.91106
491	491	4.8549
492	492	-4.56427
493	493	13.8117
494	494	14.5362
495	495	12.1572
496	496	9.43521
497	497	-6.29673
498	498	-25.049
499	499	-22.9426
500	500	-13.3336
501	501	-1.95511
502	502	0.100662
503	503	11.1209
504	504	-16.4388
505	505	-26.9288
506	506	-4.88528
507	507	19.7349
508	508	-22.1414
509	509	-6.36043
510	510	3.31942
511	511	-0.978921
512	512	1.62954
513	513	21.8315
514	514	6.4663
515	515	7.74615
516	516	-18.8785
517	517	-7.53547
518	518	17.059
519	519	-27.7985
520	520	-21.2416
521	521	-9.99013
522	522	-5.13279
523	523	12.2311
524	524	-10.5412
525	525	8.53906
526	526	-14.6712
527	527	-14.4332
528	528	-5.61175
529	529	-5.99966
530	530	36.5148
531	531	-0.471131
532	532	-10.4801
533	533	-30.2196
534	534	7.62194
535	535	20.8793
536	536	19.1698
537	537	-11.2319
538	538	22.9775
539	539	13.1627
540	540	27.5825
541	541	18.706
542	542	8.72735
543	543	22.5106
544	544	6.6052
545	545	10.7067
546	546	-11.4558
547	547	49.6
548	548	11.8697
549	549	-13.7058
550	550	-14.6009
551	551	7.22932
552	552	-2.3624
553	553	-17.8271
554	554	1.48042
555	555	0.3899
556	556	1.61884
557	557	-12.409
558	558	-13.2115
559	559	-16.8835
560	560	-11.182
561	561	5.52873
562	562	-7.26255
563	563	-7.85299
564	564	-25.7528
565	565	1.54363
566	566	-18.7753
567	567	-4.05135
568	568	10.6016
569	569	-1.41319
570	570	-3.35323
571	571	9.75742
572	572	35.7418
573	573	-15.0375
574	574	-18.9467
575	575	-36.4949
576	576	0.587669
577	577	-7.40625
578	578	-3.28842
579	579	-8.12259
580	580	15.8024
581	581	18.3805
582	582	-17.7852
583	583	-21.2226
584	584	0.349872
585	585	-13.9899
586	586	-30.0817
587	587	-24.1669
588	588	-16.344
589	589	-1.38553
590	590	-11.0204
591	591	29.1099
592	592	-7.63961
593	593	-13.0762
594	594	-12.6912
595	595	-2.70548
596	596	7.06522
597	597	28.0462
598	598	19.8093
599	599	9.21468
600	600	-5.24476
601	601	10.0429
602	602	3.30986
603	603	-19.8265
604	604	33.1208
605	605	5.86043
606	606	-0.76079
607	607	-32.1604
608	608	23.8074
609	609	36.4003
610	610	-12.3588
611	611	0.529912
612	612	-8.09705
613	613	2.5631
614	614	-18.0349
615	615	-9.56583
616	616	-20.9155
617	617	-13.9707
618	618	-11.7375
619	619	13.6034
620	620	-15.0925
621	621	2.41098
622	622	37.1484
623	623	-17.319
624	624	27.3238
625	625	-34.1713
626	626	-2.42549
627	627	1.92584
628	628	-7.86827
629	629	-18.1974
630	630	-19.1679
631	631	10.0773
632	632	-38.6012
633	633	3.72534
634	634	-11.4753
635	635	5.17664
636	636	12.868
637	637	28.2635
638	638	-14.6976
639	639	18.3815
640	640	6.96286
641	641	8.68399
642	642	15.8949
643	643	-21.437
644	644	17.4259
645	645	8.82744
646	646	-14.6461
647	647	-6.64896
648	648	-13.8505
649	649	17.7093
650	650	20.7738
651	651	-38.5366
652	652	3.3099
653	653	13.7308
654	654	1.41363
655	655	35.2169
656	656	13.5604
657	657	38.1491
658	658	0.58208
659	659	-13.032
660	660	-24.3151
661	661	11.5785
662	662	24.9917
663	663	-10.912
664	664	-1.99253
665	665	-2.58493
666	666	32.0278
667	667	6.30676
668	668	-15.1761
669	669	5.59915
670	670	-2.77983
671	671	-37.805
672	672	23.8388
673	673	-16.8553
674	674	10.3254
675	675	23.7434
676	676	4.75978
677	677	-12.8214
678	678	30.6641
679	679	-6.68189
680	680	-3.13585
681	681	-7.15791
682	682	-29.2868
683	683	22.8659
684	684	8.91328
685	685	11.9829
686	686	-11.7692
687	687	40.4168
688	688	14.4498
689	689	-9.59342
690	690	2.55643
691	691	-5.05555
692	692	23.2778
693	693	-7.22421
694	694	-16.8915
695	695	7.07246
696	696	-24.312
697	697	-14.1826
698	698	10.1883
699	699	-13.023
700	700	15.3475
701	701	-1.07729
702	702	6.48099
703	703	5.86789
704	704	-39.5422
705	705	23.4452
706	706	-3.37724
707	707	-9.08561
708	708	6.11955
709	709	-5.08988
710	710	-21.301
711	711	5.68344
712	712	7.73774
713	713	-24.117
714	714	11.8963
715	715	-18.5339
716	716	26.4862
717	717	-4.28185
718	718	15.9663
719	719	-9.38323
720	720	-32.0283
721	721	12.1545
722	722	-13.7655
723	723	4.47577
724	724	1.56303
725	725	-0.0343667
726	726	16.4209
727	727	-13.8711
728	728	9.81362
729	729	-18.6654
730	730	33.1945
731	731	-9.20134
732	732	5.46596
733	733	-6.41779
734	734	14.0558
735	735	14.2207
736	736	7.05425
737	737	-33.0394
738	738	-23.1929
739	739	-7.26004
740	740	10.6791
741	741	20.9195
742	742	-14.6708
743	743	-9.35346
744	744	-14.4511
745	745	6.58242
746	746	9.57044
747	747	5.49664
748	748	26.6707
749	749	-12.0151
750	750	-8.02454
751	751	5.05652
752	752	-32.1986
753	753	3.76147
754	754	5.4974
755	755	-12.9628
756	756	6.65812
757	757	11.031
758	758	-12.8053
759	759	-8.39419
760	760	-14.763
761	761	-3.76978
762	762	7.69152
763	763	-8.92848
764	764	7.22041
765	765	-7.31727
766	766	-24.1285
767	767	18.846
768	768	-16.4057
769	769	28.0026
770	770	-24.4331
771	771	-41.4713
772	772	21.0981
773	773	-17.6758
774	774	-9.66484
775	775	-13.4823
776	776	4.73231
777	777	-11.4374
778	778	-1.193
779	779	4.24034
780	780	5.8511
781	781	0.330996
782	782	-13.5623
783	783	22.0044
784	784	-11.4144
785	785	20.0681
786	786	-16.3199
787	787	-4.35409
788	788	-16.1664
789	789	-24.7851
790	790	-19.7744
791	791	-1.07585
792	792	-29.5122
793	793	22.1958
794	794	-2.46934
795	795	17.6927
796	796	0.551414
797	797	0.349358
798	798	8.70719
799	799	-6.95473
800	800	-0.232142
801	801	-8.01706
802	802	-1.988
803	803	-37.0548
804	804	-8.09795
805	805	-13.2762
806	806	35.4379
807	807	-20.7471
808	808	-25.1353
809	809	3.25427
810	810	-0.598053
811	811	-4.86021
812	812	-0.663925
813	813	-6.48225
814	814	17.7796
815	815	-12.1407
816	816	2.50551
817	817	-21.5604
818	818	9.46857
819	819	-14.4777
820	820	13.1403
821	821	-22.1327
822	822	-20.5012
823	823	-10.0202
824	824	-12.5449
825	825	3.41915
826	826	-16.4322
827	827	-23.6491
828	828	13.0742
829	829	-11.6676
830	830	42.3121
831	831	-19.7372
832	832	31.4455
833	833	46.3272
834	834	-13.5047
835	835	3.65319
836	836	-9.90303
837	837	-3.51455
838	838	13.5382
839	839	12.766
840	840	-32.9486
841	841	8.36939
842	842	-12.3608
843	843	-8.00879
844	844	1.34485
845	845	0.557004
846	846	15.4311
847	847	-17.3723
848	848	-4.58807
849	849	-3.6738
850	850	-7.38438
851	851	-39.8497
852	852	12.1503
853	853	-14.8021
854	854	-6.01552
855	855	-5.84816
856	856	-14.6765
857	857	9.27994
858	858	-9.56541
859	859	0.724279
860	860	-25.5988
861	861	-25.8016
862	862	-22.5222
863	863	-12.7794
864	864	-10.8289
865	865	-8.22738
866	866	29.0146
867	867	41.8178
868	868	11.0541
869	869	-25.6106
870	870	19.7994
871	871	-27.0044
872	872	-20.0097
873	873	-8.99972
874	874	-5.61601
875	875	-11.7202
876	876	-4.84452
877	877	-12.02
878	878	13.1153
879	879	-7.19573
880	880	-12.8942
881	881	-11.7486
882	882	1.96951
883	883	19.7036
884	884	13.1643
885	885	-19.9378
886	886	5.82747
887	887	12.9225
888	888	-49.2298
889	889	70.8867
890	890	28.7347
891	891	-22.0977
892	892	33.9116
893	893	12.0042
894	894	7.96459
895	895	-18.016
896	896	-13.1882
897	897	-10.3164
898	898	21.9961
899	899	7.94684
900	900	-9.98758
901	901	4.70985
902	902	-1.67362
903	903	-10.5624
904	904	8.96282
905	905	-12.28
906	906	-10.6083
907	907	5.62217
908	908	-17.3696
909	909	8.51149
910	910	-5.99097
911	911	-11.8102
912	912	20.0471
913	913	0.0485577
914	914	-20.6066
915	915	24.0476
916	916	-20.3314
917	917	-18.0673
918	918	-28.0243
919	919	-20.8217
920	920	19.5921
921	921	-18.1357
922	922	-14.5888
923	923	-1.49401
924	924	27.1148
925	925	-32.0963
926	926	-9.04641
927	927	-2.74705
928	928	1.31592
929	929	20.3016
930	930	-19.451
931	931	18.0354
932	932	-4.40653
933	933	-6.46812
934	934	-19.6281
935	935	-25.4811
936	936	-2.77384
937	937	-26.5385
938	938	-28.133
939	939	7.84899
940	940	15.1956
941	941	-8.45741
942	942	4.50019
943	943	18.3965
944	944	14.6798
945	945	-7.34118
946	946	1.66478
947	947	8.67458
948	948	-12.0652
949	949	38.5797
950	950	-2.90796
951	951	-20.1002
952	952	2.95504
953	953	-16.0277
954	954	1.15047
955	955	46.046
956	956	10.3848
957	957	1.84027
958	958	-1.11322
959	959	-24.8251
960	960	45.592
961	961	7.42855
962	962	5.52344
963	963	-10.3838
964	964	12.6833
965	965	-11.2144
966	966	9.77374
967	967	-31.6021
968	968	-4.76934
969	969	-19.8264
970	970	-6.52993
971	971	-8.86776
972	972	12.3066
973	973	-29.7438
974	974	-21.8575
975	975	-11.8061
976	976	3.43634
977	977	16.2297
978	978	35.1844
979	979	-15.4654
980	980	-16.4693
981	981	-1.64598
982	982	18.2504
983	983	-28.358
984	984	-26.0616
985	985	-25.8489
986	986	5.06026
987	987	-23.7991
988	988	3.01133
989	989	-12.105
990	990	-4.19067
991	991	8.78256
992	992	-18.8369
993	993	-10.1125
994	994	-5.25109
995	995	6.82377
996	996	-4.33137
997	997	-43.2536
998	998	-0.381841
999	999	16.1
1000	1000	-38.0043
1001	1001	20.0177
1002	1002	-22.6474
1003	1003	-10.9614
1004	1004	-0.352612
1005	1005	35.4529
1006	1006	24.2645
1007	1007	-2.51135
1008	1008	24.0947
1009	1009	-17.2045
1010	1010	-46.0587
1011	1011	-8.01843
1012	1012	-17.6987
1013	1013	28.3704
1014	1014	-3.34386
1015	1015	-6.51113
1016	1016	5.33425
1017	1017	-5.68215
1018	1018	-27.5868
1019	1019	-20.5874
1020	1020	-1.88776
1021	1021	-34.8558
1022	1022	12.2918
1023	1023	-5.35647
1024	1024	-2.78079
1025	1025	-9.04501
1026	1026	-30.1442
1027	1027	-14.6834
1028	1028	-41.1151
1029	1029	-2.1457
1030	1030	-28.6656
1031	1031	34.1127
1032	1032	-9.07158
1033	1033	-3.8937
1034	1034	-13.3799
1035	1035	-4.48983
1036	1036	1.18154
1037	1037	-8.13435
1038	1038	-18.5411
1039	1039	36.7325
1040	1040	10.8697
1041	1041	-16.0123
1042	1042	0.455207
1043	1043	16.4809
1044	1044	21.0257
1045	1045	-12.7846
1046	1046	-1.13502
1047	1047	-17.5315
1048	1048	19.7384
1049	1049	-1.45587
1050	1050	8.05065
1051	1051	-1.05012
1052	1052	-12.6756
1053	1053	-13.1842
1054	1054	-7.88856
1055	1055	0.558866
1056	1056	6.17947
1057	1057	-10.8292
1058	1058	-9.83826
1059	1059	2.35997
1060	1060	-6.22041
1061	1061	5.02056
1062	1062	7.30989
1063	1063	-16.5464
1064	1064	3.56284
1065	1065	-6.96275
1066	1066	13.6565
1067	1067	-6.86154
1068	1068	8.62363
1069	1069	-20.0619
1070	1070	-7.93165
1071	1071	-2.90647
1072	1072	6.5071
1073	1073	12.3859
1074	1074	7.92653
1075	1075	-26.2176
1076	1076	-11.6729
1077	1077	48.8334
1078	1078	29.7503
1079	1079	12.1105
1080	1080	8.76162
1081	1081	-13.754
1082	1082	-2.3049
1083	1083	-13.8068
1084	1084	-22.79
1085	1085	-6.64034
1086	1086	-7.73273
1087	1087	-0.741814
1088	1088	19.7553
1089	1089	11.541
1090	1090	-0.220583
1091	1091	4.76448
1092	1092	33.6781
1093	1093	-0.43427
1094	1094	-34.9082
1095	1095	22.893
1096	1096	34.2963
1097	1097	-31.772
1098	1098	10.6543
1099	1099	7.22111
1100	1100	-10.3299
1101	1101	-2.2058
1102	1102	11.3855
1103	1103	4.97765
1104	1104	12.3864
1105	1105	27.3762
1106	1106	26.8397
1107	1107	27.4005
1108	1108	4.00897
1109	1109	-17.6179
1110	1110	6.24257
1111	1111	46.7204
1112	1112	-1.20176
1113	1113	0.556167
1114	1114	-36.8047
1115	1115	16.852
1116	1116	14.1271
1117	1117	8.29657
1118	1118	12.5312
1119	1119	-21.0245
1120	1120	1.85473
1121	1121	4.58782
1122	1122	-13.0093
1123	1123	-11.3399
1124	1124	44.7329
1125	1125	2.89543
1126	1126	4.9025
1127	1127	-33.4355
1128	1128	-2.17596
1129	1129	3.2081
1130	1130	-11.1668
1131	1131	5.78532
1132	1132	31.1044
1133	1133	-18.2708
1134	1134	-14.6604
1135	1135	34.8454
1136	1136	11.7242
1137	1137	41.5052
1138	1138	32.728
1139	1139	6.39692
1140	1140	54.3227
1141	1141	9.8002
1142	1142	-0.132662
1143	1143	23.0575
1144	1144	-10.5201
1145	1145	-11.7219
1146	1146	17.8503
1147	1147	11.1415
1148	1148	37.2269
1149	1149	-10.2738
1150	1150	-1.53642
1151	1151	-7.00678
1152	1152	-5.03586
1153	1153	-19.6768
1154	1154	-2.82739
1155	1155	-15.0562
1156	1156	-6.70928
1157	1157	29.6811
1158	1158	-7.52746
1159	1159	19.2665
1160	1160	-25.7928
1161	1161	-10.8298
1162	1162	4.03083
1163	1163	-18.1171
1164	1164	-15.2854
1165	1165	-35.2206
1166	1166	9.31955
1167	1167	3.17019
1168	1168	29.7821
1169	1169	-3.36518
1170	1170	-15.9229
1171	1171	-19.7529
1172	1172	35.6836
1173	1173	4.73592
1174	1174	16.6411
1175	1175	-18.0053
1176	1176	3.52081
1177	1177	4.93502
1178	1178	2.19202
1179	1179	-13.948
1180	1180	36.0781
1181	1181	-16.1184
1182	1182	9.20037
1183	1183	-25.392
1184	1184	3.72577
1185	1185	7.38461
1186	1186	37.1701
1187	1187	-11.6117
1188	1188	3.31441
1189	1189	11.1844
1190	1190	11.0982
1191	1191	1.95502
1192	1192	4.41422
1193	1193	57.2242
1194	1194	15.5102
1195	1195	-4.58841
1196	1196	-17.3948
1197	1197	-26.9727
1198	1198	-14.2517
1199	1199	-15.1358
