sample_id	sample_id2	phensim
zero	zero	-28.8939
1	1	-5.18741
2	2	43.606
3	3	-9.71657
4	4	-3.05003
5	5	12.3222
6	6	7.30935
7	7	-26.4005
8	8	0.0291773
9	9	-7.94669
10	10	2.68661
11	11	2.85033
12	12	-15.0524
13	13	-2.98256
14	14	-24.5119
15	15	22.1742
16	16	0.319384
17	17	-7.91761
18	18	17.8765
19	19	-33.2711
20	20	18.0401
21	21	12.7343
22	22	-15.7858
23	23	18.4427
24	24	10.7048
25	25	4.12188
26	26	21.5512
27	27	9.05736
28	28	-28.0997
29	29	-4.15538
30	30	-17.7862
31	31	9.4032
32	32	-17.4797
33	33	-10.7431
34	34	-10.7133
35	35	2.18483
36	36	-0.405059
37	37	23.1456
38	38	32.7835
39	39	-7.98297
40	40	-17.6294
41	41	-24.7088
42	42	-25.4465
43	43	-12.6256
44	44	9.43613
45	45	4.30869
46	46	1.2513
47	47	-7.80775
48	48	18.3745
49	49	-6.2893
50	50	-17.0812
51	51	-43.4665
52	52	-9.97073
53	53	31.1779
54	54	-21.5438
55	55	-14.4693
56	56	-11.7023
57	57	-4.80054
58	58	5.52412
59	59	15.0325
60	60	-8.94705
61	61	37.4321
62	62	6.28818
63	63	-7.18426
64	64	3.81264
65	65	-17.3253
66	66	4.63831
67	67	10.1463
68	68	-9.40216
69	69	7.58003
70	70	16.2849
71	71	2.94213
72	72	-1.84172
73	73	-14.8924
74	74	0.736793
75	75	17.0176
76	76	-11.1428
77	77	9.40114
78	78	-20.9757
79	79	-22.4605
80	80	16.1917
81	81	28.1646
82	82	26.3143
83	83	-5.48124
84	84	-1.91652
85	85	-1.7611
86	86	-5.63517
87	87	-9.90087
88	88	14.6673
89	89	20.9336
90	90	-3.26693
91	91	-23.9732
92	92	12.8183
93	93	-10.6373
94	94	-6.22571
95	95	30.9995
96	96	-15.0174
97	97	-32.012
98	98	-4.96102
99	99	30.711
100	100	-7.64743
101	101	-41.6402
102	102	-24.3326
103	103	-3.39027
104	104	0.249196
105	105	-3.12423
106	106	-33.547
107	107	5.94035
108	108	37.6897
109	109	-12.3665
110	110	-2.28181
111	111	-17.2013
112	112	4.95973
113	113	1.06858
114	114	-3.64419
115	115	25.9748
116	116	37.9068
117	117	7.77064
118	118	-4.65469
119	119	19.0538
120	120	-19.1446
121	121	-14.1096
122	122	4.72517
123	123	-14.224
124	124	-20.2787
125	125	5.43264
126	126	12.7462
127	127	-24.3107
128	128	-3.7194
129	129	-27.2963
130	130	7.68463
131	131	-0.562906
132	132	-5.69248
133	133	9.91867
134	134	-7.68358
135	135	-21.4588
136	136	1.86797
137	137	11.9728
138	138	19.6494
139	139	20.7431
140	140	-7.21802
141	141	17.2597
142	142	8.36387
143	143	4.80574
144	144	32.8671
145	145	20.2933
146	146	-8.94755
147	147	19.4575
148	148	14.5473
149	149	-15.2316
150	150	-7.41401
151	151	-13.9778
152	152	19.8037
153	153	-15.624
154	154	9.78581
155	155	-25.1355
156	156	-12.4759
157	157	17.0117
158	158	-29.5539
159	159	12.7305
160	160	-8.56998
161	161	27.7671
162	162	-5.66119
163	163	32.1733
164	164	-30.7433
165	165	39.6853
166	166	-7.86274
167	167	-13.5878
168	168	47.1878
169	169	18.2133
170	170	-16.7573
171	171	-12.5951
172	172	8.24886
173	173	2.43036
174	174	6.3072
175	175	-14.702
176	176	12.905
177	177	9.4081
178	178	14.5499
179	179	3.97713
180	180	34.1317
181	181	-12.9829
182	182	-17.2867
183	183	-0.0799954
184	184	7.3581
185	185	-6.65797
186	186	-9.8638
187	187	-10.4909
188	188	23.4576
189	189	-11.2225
190	190	10.7208
191	191	2.79379
192	192	-10.8058
193	193	9.76187
194	194	6.04053
195	195	7.4012
196	196	0.595721
197	197	-28.725
198	198	-36.7238
199	199	-25.1655
200	200	0.091363
201	201	0.09212
202	202	1.52547
203	203	-1.94365
204	204	13.0652
205	205	13.1646
206	206	4.97197
207	207	18.4384
208	208	-25.8082
209	209	18.5416
210	210	-0.108661
211	211	-1.78841
212	212	-31.2948
213	213	19.1096
214	214	43.1346
215	215	-11.3625
216	216	-21.1142
217	217	-5.05354
218	218	25.412
219	219	-3.23376
220	220	11.1183
221	221	-15.0964
222	222	4.52765
223	223	-15.7939
224	224	-22.513
225	225	-7.5878
226	226	-15.2992
227	227	-24.6433
228	228	2.6742
229	229	-12.8568
230	230	10.9423
231	231	19.1395
232	232	-6.18714
233	233	-11.784
234	234	-0.375717
235	235	-15.3346
236	236	3.2484
237	237	49.345
238	238	-6.09238
239	239	31.5665
240	240	5.36936
241	241	39.5639
242	242	-1.77893
243	243	49.3167
244	244	-8.3318
245	245	-16.393
246	246	2.20545
247	247	-38.093
248	248	20.5842
249	249	6.22811
250	250	-13.6204
251	251	-30.831
252	252	13.935
253	253	-10.7564
254	254	-6.99304
255	255	-22.2479
256	256	49.2666
257	257	-5.33191
258	258	-9.54816
259	259	10.5057
260	260	20.3231
261	261	-20.5633
262	262	-19.3396
263	263	-29.9672
264	264	-18.1505
265	265	-11.653
266	266	0.599633
267	267	9.71285
268	268	8.65779
269	269	3.97923
270	270	-23.8174
271	271	20.0935
272	272	2.31844
273	273	22.8812
274	274	-33.3995
275	275	-1.35624
276	276	4.07667
277	277	-10.1472
278	278	-25.2883
279	279	-13.1802
280	280	1.88545
281	281	31.0355
282	282	-13.6032
283	283	-22.7806
284	284	-0.500009
285	285	-19.0512
286	286	14.4763
287	287	-3.86481
288	288	-19.4836
289	289	26.3877
290	290	21.4
291	291	32.8387
292	292	-18.2126
293	293	-12.3569
294	294	-14.2241
295	295	-12.0931
296	296	-10.1344
297	297	5.08815
298	298	2.39175
299	299	-10.1489
300	300	17.4111
301	301	-18.1933
302	302	-18.2609
303	303	10.2328
304	304	-0.0998033
305	305	-10.6956
306	306	11.2291
307	307	-11.2736
308	308	42.4843
309	309	-5.02445
310	310	-6.78334
311	311	-7.15891
312	312	8.97067
313	313	11.8139
314	314	-21.8865
315	315	-2.16797
316	316	3.86123
317	317	-13.3952
318	318	3.39447
319	319	-3.00247
320	320	6.45957
321	321	-10.964
322	322	-12.2141
323	323	-25.0309
324	324	-7.40573
325	325	-11.6898
326	326	-24.4635
327	327	10.0877
328	328	-17.7459
329	329	0.15464
330	330	3.92977
331	331	-22.8301
332	332	-17.1644
333	333	23.335
334	334	-8.36989
335	335	6.76788
336	336	-3.66532
337	337	3.0822
338	338	17.2593
339	339	4.03515
340	340	16.7757
341	341	4.67559
342	342	-29.4087
343	343	-31.1468
344	344	-42.2113
345	345	-17.2978
346	346	-24.7834
347	347	12.4931
348	348	26.3771
349	349	10.0729
350	350	-5.1856
351	351	-2.36688
352	352	-9.11067
353	353	11.1353
354	354	1.32414
355	355	-26.6302
356	356	11.7512
357	357	-3.31006
358	358	21.465
359	359	16.3451
360	360	-5.386
361	361	-19.7737
362	362	-5.92769
363	363	-11.1586
364	364	12.6082
365	365	-4.33179
366	366	-1.06351
367	367	-5.15165
368	368	0.22831
369	369	24.2425
370	370	-16.2102
371	371	-6.57714
372	372	7.38062
373	373	5.84079
374	374	1.92957
375	375	14.1171
376	376	19.7809
377	377	-13.4237
378	378	10.5123
379	379	-19.3954
380	380	46.7411
381	381	-0.52917
382	382	-23.2516
383	383	-1.82609
384	384	-2.74882
385	385	-19.8538
386	386	7.0562
387	387	21.4806
388	388	0.123671
389	389	-5.87616
390	390	29.0231
391	391	-19.7889
392	392	-4.28138
393	393	-28.2168
394	394	2.85357
395	395	32.1218
396	396	-4.81436
397	397	-6.52849
398	398	7.81013
399	399	-18.5624
400	400	-34.6535
401	401	20.4807
402	402	12.6763
403	403	-7.45549
404	404	0.588971
405	405	-16.4013
406	406	-7.57988
407	407	-0.420501
408	408	-17.6018
409	409	7.76142
410	410	20.9328
411	411	-3.02548
412	412	16.539
413	413	-8.68946
414	414	-9.36908
415	415	-10.6618
416	416	12.7258
417	417	-6.32745
418	418	20.8143
419	419	12.5928
420	420	40.4852
421	421	-0.293278
422	422	-20.2147
423	423	8.55216
424	424	14.9144
425	425	-13.3986
426	426	27.4413
427	427	-5.0938
428	428	21.0314
429	429	44.2994
430	430	23.8185
431	431	-13.9364
432	432	-4.02451
433	433	5.29886
434	434	-0.617207
435	435	-5.42375
436	436	8.0244
437	437	-34.8761
438	438	7.29511
439	439	13.6202
440	440	18.741
441	441	14.5811
442	442	10.382
443	443	-2.31133
444	444	-6.47987
445	445	26.4365
446	446	-16.9742
447	447	-10.3483
448	448	2.45023
449	449	-7.76538
450	450	-7.85775
451	451	6.35359
452	452	7.24491
453	453	-3.31327
454	454	47.7045
455	455	-25.5092
456	456	-1.00675
457	457	7.53007
458	458	1.30052
459	459	0.528259
460	460	8.40298
461	461	43.8436
462	462	8.13886
463	463	-16.7393
464	464	-12.0977
465	465	-9.30984
466	466	22.0469
467	467	24.7829
468	468	-5.39957
469	469	-21.7685
470	470	12.3247
471	471	-0.687447
472	472	-28.6982
473	473	-24.6885
474	474	-35.1259
475	475	11.6942
476	476	-13.5843
477	477	-17.7371
478	478	-25.5409
479	479	22.7876
480	480	4.78271
481	481	3.37765
482	482	6.40269
483	483	27.6093
484	484	27.2174
485	485	-19.327
486	486	0.267311
487	487	15.947
488	488	15.1905
489	489	56.719
490	490	-6.39632
491	491	5.5792
492	492	-3.33827
493	493	5.42686
494	494	-3.67472
495	495	27.6509
496	496	-22.1475
497	497	25.8044
498	498	16.0229
499	499	-15.5739
500	500	4.39124
501	501	13.0603
502	502	-3.91538
503	503	4.0166
504	504	-6.77222
505	505	9.80486
506	506	-8.22444
507	507	14.2913
508	508	11.7768
509	509	-4.95227
510	510	-1.01074
511	511	-18.1738
512	512	1.61506
513	513	-34.2567
514	514	-19.3708
515	515	9.96582
516	516	7.36702
517	517	8.01383
518	518	-13.2981
519	519	22.197
520	520	9.44379
521	521	-10.028
522	522	17.6072
523	523	10.7142
524	524	-7.49854
525	525	30.745
526	526	-14.5385
527	527	13.0739
528	528	10.6106
529	529	0.645261
530	530	4.54109
531	531	-16.6093
532	532	-9.97037
533	533	37.5513
534	534	8.6268
535	535	42.0483
536	536	-25.1597
537	537	12.6787
538	538	-3.19351
539	539	-11.4377
540	540	12.2019
541	541	1.59352
542	542	19.473
543	543	20.3206
544	544	-5.51163
545	545	-6.4818
546	546	5.19544
547	547	-29.1517
548	548	-18.776
549	549	4.39104
550	550	8.11839
551	551	-28.5168
552	552	12.3026
553	553	16.2603
554	554	-3.6518
555	555	-7.27657
556	556	-6.42817
557	557	-11.0988
558	558	-13.8928
559	559	25.8301
560	560	0.522187
561	561	18.6897
562	562	-9.94656
563	563	-11.9929
564	564	17.7323
565	565	-1.48028
566	566	-3.84554
567	567	-14.5062
568	568	0.0448493
569	569	-5.07845
570	570	26.8766
571	571	-5.89074
572	572	13.5653
573	573	-27.058
574	574	18.6204
575	575	20.2432
576	576	9.22523
577	577	0.290242
578	578	5.76324
579	579	40.0278
580	580	21.5514
581	581	-38.7808
582	582	14.7073
583	583	8.43638
584	584	19.2338
585	585	-23.181
586	586	-17.991
587	587	12.3955
588	588	-19.6288
589	589	-33.7818
590	590	-9.28488
591	591	19.5806
592	592	-9.43914
593	593	19.5908
594	594	15.8737
595	595	31.4952
596	596	-3.87624
597	597	27.5534
598	598	35.6474
599	599	-7.99741
600	600	-1.53656
601	601	-22.1046
602	602	-18.8046
603	603	1.2874
604	604	-24.9685
605	605	-12.3989
606	606	-1.64178
607	607	18.6799
608	608	21.4972
609	609	14.8638
610	610	-28.2393
611	611	5.26668
612	612	-5.13417
613	613	-16.048
614	614	7.0377
615	615	-8.14465
616	616	1.74474
617	617	-8.38794
618	618	31.4328
619	619	-4.37417
620	620	-41.0514
621	621	-23.5083
622	622	31.9017
623	623	-28.9206
624	624	5.04791
625	625	-14.5303
626	626	-13.8395
627	627	-3.00471
628	628	-36.1942
629	629	1.53626
630	630	-17.6589
631	631	21.0627
632	632	4.26202
633	633	5.03414
634	634	-11.3335
635	635	49.2184
636	636	-18.1182
637	637	13.5098
638	638	23.8536
639	639	7.42856
640	640	-25.2479
641	641	-32.52
642	642	3.4282
643	643	8.79809
644	644	18.3495
645	645	-0.0117592
646	646	9.60443
647	647	-4.30577
648	648	29.3676
649	649	-11.6875
650	650	5.05207
651	651	0.0900319
652	652	36.6943
653	653	-13.7041
654	654	14.068
655	655	7.86527
656	656	-4.88718
657	657	-15.1184
658	658	7.0314
659	659	11.1602
660	660	8.1486
661	661	11.5587
662	662	-15.2503
663	663	5.57678
664	664	-25.0756
665	665	-8.23971
666	666	30.8991
667	667	-34.8921
668	668	-19.4444
669	669	-18.8888
670	670	-42.4777
671	671	11.5192
672	672	6.80377
673	673	-31.2901
674	674	12.8006
675	675	29.4145
676	676	-10.7665
677	677	5.71621
678	678	-2.17178
679	679	30.1892
680	680	12.4298
681	681	-18.3709
682	682	-13.5147
683	683	-15.8017
684	684	-13.7514
685	685	-14.1027
686	686	-1.52566
687	687	20.4775
688	688	-18.8206
689	689	9.28744
690	690	-11.0778
691	691	-14.3252
692	692	-19.2919
693	693	17.1157
694	694	0.981932
695	695	-8.68559
696	696	1.45192
697	697	11.1094
698	698	-20.802
699	699	8.57571
700	700	17.2093
701	701	47.5305
702	702	-2.07823
703	703	-44.7784
704	704	-3.48009
705	705	-11.7373
706	706	-6.58257
707	707	6.07616
708	708	-7.38258
709	709	-19.0896
710	710	-25.0588
711	711	-12.3803
712	712	32.6821
713	713	1.00515
714	714	9.20304
715	715	10.6159
716	716	7.87555
717	717	10.4466
718	718	3.29681
719	719	-10.284
720	720	12.4512
721	721	29.1673
722	722	-7.43347
723	723	1.8835
724	724	23.6274
725	725	8.32948
726	726	6.69566
727	727	27.8609
728	728	27.5109
729	729	10.3908
730	730	27.6057
731	731	1.72455
732	732	2.48328
733	733	-24.1126
734	734	-0.805195
735	735	-5.98859
736	736	-14.0628
737	737	66.733
738	738	16.9844
739	739	36.7519
740	740	22.5458
741	741	-7.3941
742	742	-1.96656
743	743	-9.11425
744	744	-20.3566
745	745	-8.67112
746	746	31.3555
747	747	1.41549
748	748	23.6193
749	749	10.9701
750	750	-0.942558
751	751	-10.3525
752	752	8.52328
753	753	15.4694
754	754	-7.65853
755	755	5.38028
756	756	-11.6808
757	757	16.907
758	758	3.17542
759	759	36.4876
760	760	24.3752
761	761	-27.7172
762	762	34.327
763	763	-18.8728
764	764	-22.934
765	765	-23.034
766	766	-8.70751
767	767	-19.8046
768	768	-34.0487
769	769	12.7501
770	770	-29.0278
771	771	-7.92696
772	772	8.46703
773	773	22.2115
774	774	-1.52842
775	775	-8.76281
776	776	-21.1968
777	777	7.29187
778	778	-14.2357
779	779	3.8772
780	780	-17.3702
781	781	-11.1212
782	782	25.4965
783	783	2.97859
784	784	9.06145
785	785	-22.879
786	786	16.523
787	787	2.60796
788	788	18.1433
789	789	21.238
790	790	-6.97375
791	791	-27.5558
792	792	25.5497
793	793	-36.023
794	794	4.30838
795	795	15.5134
796	796	19.0247
797	797	2.32635
798	798	-12.8167
799	799	30.8994
800	800	-2.48308
801	801	-13.4091
802	802	-2.99711
803	803	32.7423
804	804	-35.329
805	805	20.877
806	806	33.9546
807	807	-3.65978
808	808	-1.63941
809	809	-0.581289
810	810	-30.3395
811	811	-7.26734
812	812	5.69003
813	813	19.9273
814	814	-11.4367
815	815	5.97932
816	816	-35.1752
817	817	-31.4217
818	818	14.175
819	819	-19.0326
820	820	-2.40051
821	821	3.94298
822	822	-10.1522
823	823	18.2813
824	824	-0.969359
825	825	-8.07962
826	826	12.7696
827	827	-10.328
828	828	-0.192063
829	829	6.56316
830	830	16.1628
831	831	1.54748
832	832	-9.05521
833	833	-2.41008
834	834	5.46957
835	835	-16.3037
836	836	11.6653
837	837	-7.82949
838	838	16.2851
839	839	6.36979
840	840	8.93462
841	841	-6.25311
842	842	23.127
843	843	-15.9572
844	844	0.223944
845	845	15.2428
846	846	3.16143
847	847	-14.9545
848	848	-33.5529
849	849	-7.96496
850	850	8.73634
851	851	-5.65161
852	852	-24.2842
853	853	-0.943588
854	854	-38.9184
855	855	41.9064
856	856	9.82974
857	857	13.6757
858	858	-10.7549
859	859	8.41439
860	860	-0.542038
861	861	-5.08602
862	862	-1.30243
863	863	5.56613
864	864	11.1981
865	865	-1.84011
866	866	-0.242397
867	867	-28.7272
868	868	-4.58657
869	869	-22.8837
870	870	12.3895
871	871	8.30054
872	872	6.05107
873	873	-40.4748
874	874	-16.9915
875	875	-23.6167
876	876	2.88651
877	877	19.1782
878	878	37.1364
879	879	18.9732
880	880	35.0056
881	881	-19.1206
882	882	-12.2842
883	883	7.66595
884	884	5.31344
885	885	15.4461
886	886	-19.592
887	887	31.4493
888	888	-33.7051
889	889	-2.43421
890	890	-11.3975
891	891	-8.31073
892	892	-16.0576
893	893	-19.3713
894	894	20.0405
895	895	-25.278
896	896	-3.90812
897	897	5.78986
898	898	-4.93899
899	899	-7.85727
900	900	1.88704
901	901	-11.3038
902	902	25.7816
903	903	-7.5753
904	904	-12.6778
905	905	-14.7755
906	906	-2.80388
907	907	-0.9866
908	908	12.4518
909	909	-26.5978
910	910	17.5513
911	911	-7.47787
912	912	-33.4284
913	913	-5.92826
914	914	8.68702
915	915	23.898
916	916	-22.8227
917	917	-3.45904
918	918	17.9232
919	919	14.6416
920	920	2.72601
921	921	-18.0847
922	922	-17.1117
923	923	-17.0392
924	924	-1.85
925	925	-28.9744
926	926	-7.5261
927	927	15.9752
928	928	-31.4714
929	929	26.8289
930	930	-2.96339
931	931	-25.7438
932	932	5.97428
933	933	-9.12012
934	934	8.47715
935	935	-20.0737
936	936	11.9348
937	937	-5.82969
938	938	7.50702
939	939	8.21058
940	940	-8.46552
941	941	10.1712
942	942	15.796
943	943	-15.5306
944	944	-8.23545
945	945	-6.36479
946	946	11.9983
947	947	4.3256
948	948	-9.96657
949	949	-13.1641
950	950	18.3497
951	951	-9.33797
952	952	4.51194
953	953	-5.46488
954	954	-7.19546
955	955	7.00392
956	956	-18.1019
957	957	-22.9668
958	958	18.5405
959	959	1.38821
960	960	29.1357
961	961	4.73238
962	962	-1.43171
963	963	-6.82383
964	964	33.2077
965	965	-25.7429
966	966	-4.34463
967	967	-14.1875
968	968	-2.64583
969	969	4.14507
970	970	7.18177
971	971	6.98038
972	972	-36.7351
973	973	-6.59908
974	974	-17.7281
975	975	-38.7159
976	976	6.49199
977	977	3.6192
978	978	-8.87788
979	979	18.8858
980	980	-1.10479
981	981	-1.61738
982	982	30.9386
983	983	8.15787
984	984	31.1225
985	985	-4.19776
986	986	-3.35421
987	987	-7.76964
988	988	17.6423
989	989	22.8364
990	990	23.3339
991	991	-16.5948
992	992	-9.07274
993	993	-23.2928
994	994	14.3998
995	995	-3.96018
996	996	-11.7425
997	997	-62.4472
998	998	-11.2913
999	999	-21.7248
1000	1000	-7.62542
1001	1001	-14.0346
1002	1002	-16.826
1003	1003	25.1091
1004	1004	-27.4
1005	1005	22.498
1006	1006	-23.9398
1007	1007	15.041
1008	1008	20.6971
1009	1009	-23.6142
1010	1010	-9.44454
1011	1011	-2.11878
1012	1012	-35.1958
1013	1013	12.9788
1014	1014	2.16385
1015	1015	-6.15384
1016	1016	-5.30813
1017	1017	-16.4018
1018	1018	9.2535
1019	1019	-4.36429
1020	1020	20.0083
1021	1021	13.6385
1022	1022	-12.989
1023	1023	-6.40475
1024	1024	-0.565717
1025	1025	13.729
1026	1026	29.5595
1027	1027	-6.20121
1028	1028	9.34752
1029	1029	9.52881
1030	1030	4.41669
1031	1031	0.339204
1032	1032	6.05127
1033	1033	22.1807
1034	1034	-5.03817
1035	1035	26.5918
1036	1036	21.2717
1037	1037	1.09816
1038	1038	-18.5538
1039	1039	-7.0069
1040	1040	7.0361
1041	1041	-26.0328
1042	1042	-7.62779
1043	1043	-31.6249
1044	1044	-22.9308
1045	1045	-21.0179
1046	1046	-27.3558
1047	1047	14.8785
1048	1048	8.22682
1049	1049	5.18354
1050	1050	-0.923625
1051	1051	-4.50993
1052	1052	0.69625
1053	1053	16.526
1054	1054	6.6114
1055	1055	-27.4397
1056	1056	-17.4982
1057	1057	39.9528
1058	1058	2.50893
1059	1059	6.87059
1060	1060	4.80087
1061	1061	-2.45654
1062	1062	25.7883
1063	1063	0.9107
1064	1064	20.2669
1065	1065	6.73879
1066	1066	-15.3393
1067	1067	3.55912
1068	1068	11.1666
1069	1069	18.4738
1070	1070	20.5571
1071	1071	1.86295
1072	1072	-44.5713
1073	1073	-13.3365
1074	1074	-23.9871
1075	1075	12.4671
1076	1076	-3.94967
1077	1077	17.1918
1078	1078	6.72419
1079	1079	33.2345
1080	1080	10.0924
1081	1081	-1.36138
1082	1082	-9.09941
1083	1083	22.3769
1084	1084	-3.61484
1085	1085	-11.35
1086	1086	22.93
1087	1087	-11.4443
1088	1088	14.5843
1089	1089	11.629
1090	1090	-0.824104
1091	1091	-1.3253
1092	1092	19.924
1093	1093	-12.8727
1094	1094	22.9479
1095	1095	-5.18531
1096	1096	-24.6024
1097	1097	5.99943
1098	1098	-15.2348
1099	1099	-3.26924
1100	1100	35.8145
1101	1101	40.3584
1102	1102	-11.2857
1103	1103	-49.2806
1104	1104	-24.8962
1105	1105	14.8859
1106	1106	1.24897
1107	1107	3.39656
1108	1108	-14.833
1109	1109	-2.56909
1110	1110	-26.9763
1111	1111	-12.8112
1112	1112	18.5908
1113	1113	5.09075
1114	1114	16.0144
1115	1115	7.45669
1116	1116	-7.76906
1117	1117	1.08281
1118	1118	-16.5712
1119	1119	-2.23786
1120	1120	2.27833
1121	1121	-13.2553
1122	1122	7.76439
1123	1123	-0.392135
1124	1124	30.6818
1125	1125	17.7249
1126	1126	0.0530723
1127	1127	28.2117
1128	1128	5.07948
1129	1129	-4.19168
1130	1130	4.5277
1131	1131	-20.6254
1132	1132	21.6741
1133	1133	0.881479
1134	1134	30.804
1135	1135	-4.91694
1136	1136	-4.4805
1137	1137	-2.45092
1138	1138	1.35012
1139	1139	-8.44616
1140	1140	-1.08184
1141	1141	17.2662
1142	1142	-2.75292
1143	1143	25.4784
1144	1144	-3.03896
1145	1145	-8.94917
1146	1146	-20.4872
1147	1147	14.3071
1148	1148	-0.5971
1149	1149	-3.55115
1150	1150	9.96965
1151	1151	-2.55577
1152	1152	-8.4675
1153	1153	-6.83967
1154	1154	-1.48512
1155	1155	-23.1856
1156	1156	-13.8062
1157	1157	-30.1545
1158	1158	16.7379
1159	1159	-20.3158
1160	1160	-22.9386
1161	1161	-3.67595
1162	1162	0.450964
1163	1163	-40.6506
1164	1164	-14.4926
1165	1165	-7.77715
1166	1166	5.09394
1167	1167	-33.3077
1168	1168	-16.1368
1169	1169	0.547225
1170	1170	16.9611
1171	1171	1.29232
1172	1172	26.806
1173	1173	-25.3436
1174	1174	21.3614
1175	1175	2.8821
1176	1176	27.6674
1177	1177	31.4964
1178	1178	5.30194
1179	1179	-4.6539
1180	1180	32.9431
1181	1181	-3.34708
1182	1182	-6.72379
1183	1183	-8.4787
1184	1184	17.2676
1185	1185	-25.2627
1186	1186	-12.8118
1187	1187	-12.625
1188	1188	-31.256
1189	1189	-4.73024
1190	1190	-9.66875
1191	1191	-2.20574
1192	1192	-11.0364
1193	1193	-2.18876
1194	1194	-28.1599
1195	1195	-1.06134
1196	1196	-9.45109
1197	1197	-13.1131
1198	1198	-13.8927
1199	1199	3.46346
1200	1200	-40.2141
1201	1201	6.22441
1202	1202	-16.2972
1203	1203	3.72972
1204	1204	-46.3025
1205	1205	-1.08859
1206	1206	-6.33281
1207	1207	25.7938
1208	1208	-9.39919
1209	1209	2.02799
1210	1210	7.52804
1211	1211	17.482
1212	1212	-3.35938
1213	1213	-31.0767
1214	1214	-21.5259
1215	1215	-9.43614
1216	1216	-6.77997
1217	1217	-10.5724
1218	1218	-36.6884
1219	1219	-12.3268
1220	1220	30.6036
1221	1221	-13.0591
1222	1222	-18.246
1223	1223	-7.06153
1224	1224	12.3171
1225	1225	26.245
1226	1226	-8.31722
1227	1227	22.7165
1228	1228	-16.459
1229	1229	42.4124
1230	1230	17.9022
1231	1231	-0.62676
1232	1232	-62.3576
1233	1233	19.029
1234	1234	-32.2241
1235	1235	-24.1553
1236	1236	5.36153
1237	1237	-20.0476
1238	1238	1.08561
1239	1239	17.3836
1240	1240	-22.6194
1241	1241	-20.5799
1242	1242	-5.56411
1243	1243	-34.2142
1244	1244	-32.545
1245	1245	12.6473
1246	1246	-4.97535
1247	1247	8.80842
1248	1248	-20.84
1249	1249	-20.401
1250	1250	-19.9418
1251	1251	-17.5024
1252	1252	-33.9122
1253	1253	-6.4511
1254	1254	-5.50569
1255	1255	-14.719
1256	1256	4.86908
1257	1257	27.8523
1258	1258	25.8003
1259	1259	0.174458
1260	1260	15.2869
1261	1261	-36.5214
1262	1262	-6.42083
1263	1263	-18.6211
1264	1264	11.0846
1265	1265	-11.327
1266	1266	-15.743
1267	1267	-1.10972
1268	1268	-10.3669
1269	1269	39.7752
1270	1270	1.27679
1271	1271	-2.12275
1272	1272	11.7006
1273	1273	-15.7367
1274	1274	9.99836
1275	1275	6.66588
1276	1276	-13.4902
1277	1277	6.30263
1278	1278	8.85284
1279	1279	4.05314
1280	1280	19.3093
1281	1281	32.2735
1282	1282	-27.9373
1283	1283	-13.3641
1284	1284	-11.1942
1285	1285	2.89407
1286	1286	-25.0229
1287	1287	14.4897
1288	1288	29.6883
1289	1289	6.8987
1290	1290	10.0578
1291	1291	7.21206
1292	1292	-2.00642
1293	1293	9.97065
1294	1294	11.1898
1295	1295	-44.5949
1296	1296	5.98706
1297	1297	9.41167
1298	1298	-31.8111
1299	1299	-30.7629
1300	1300	-5.87948
1301	1301	-7.97786
1302	1302	8.67819
1303	1303	-48.688
1304	1304	20.023
1305	1305	0.206981
1306	1306	13.8614
1307	1307	22.2115
1308	1308	-17.4605
1309	1309	-6.39978
1310	1310	-14.7739
1311	1311	-14.8188
1312	1312	13.7049
1313	1313	15.2348
1314	1314	-24.7147
1315	1315	-15.8771
1316	1316	-16.7207
1317	1317	15.7692
1318	1318	-13.911
1319	1319	-33.5919
1320	1320	-20.7183
1321	1321	21.1587
1322	1322	10.7247
1323	1323	26.4632
1324	1324	18.062
1325	1325	33.3122
1326	1326	-18.876
1327	1327	-2.58403
1328	1328	-13.2434
1329	1329	21.8231
1330	1330	12.6838
1331	1331	4.80452
1332	1332	0.0486159
1333	1333	-4.13287
1334	1334	6.79021
1335	1335	-21.8943
1336	1336	11.9359
1337	1337	1.69022
1338	1338	-8.58509
1339	1339	1.23642
1340	1340	29.0799
1341	1341	6.7013
1342	1342	-9.06995
1343	1343	-17.5931
1344	1344	-9.21103
1345	1345	21.4576
1346	1346	8.08297
1347	1347	-21.1304
1348	1348	20.9825
1349	1349	0.797065
1350	1350	5.71454
1351	1351	-2.9994
1352	1352	-10.9398
1353	1353	32.4237
1354	1354	10.6204
1355	1355	-1.62856
1356	1356	38.3191
1357	1357	30.3049
1358	1358	-19.5912
1359	1359	-3.61545
1360	1360	-0.23655
1361	1361	15.1798
1362	1362	0.628598
1363	1363	-7.48373
1364	1364	-11.7902
1365	1365	0.0311076
1366	1366	6.74582
1367	1367	3.24145
1368	1368	-28.3345
1369	1369	-4.74823
1370	1370	-18.7114
1371	1371	27.3699
1372	1372	38.6992
1373	1373	6.39871
1374	1374	-9.3261
1375	1375	7.84581
1376	1376	18.0405
1377	1377	5.89677
1378	1378	14.1026
1379	1379	-15.8133
1380	1380	-1.97632
1381	1381	4.16022
1382	1382	-2.64537
1383	1383	55.338
1384	1384	13.8867
1385	1385	-33.6103
1386	1386	14.5603
1387	1387	19.2743
1388	1388	-23.5624
1389	1389	-1.8205
1390	1390	-6.43814
1391	1391	20.9669
1392	1392	4.04488
1393	1393	-19.5456
1394	1394	2.61278
1395	1395	-3.99054
1396	1396	-25.3542
1397	1397	40.3673
1398	1398	-19.4126
1399	1399	-16.0111
1400	1400	-23.4023
1401	1401	-29.9584
1402	1402	8.21417
1403	1403	-28.1604
1404	1404	11.5962
1405	1405	24.6375
1406	1406	-4.44852
1407	1407	-11.8893
1408	1408	-4.69199
1409	1409	-53.1366
1410	1410	-0.866466
1411	1411	3.46365
1412	1412	-1.35642
1413	1413	-15.8042
1414	1414	-11.732
1415	1415	6.12476
1416	1416	-7.70595
1417	1417	-11.8035
1418	1418	8.61225
1419	1419	4.51745
1420	1420	-4.25991
1421	1421	6.9387
1422	1422	5.38414
1423	1423	14.7868
1424	1424	9.04562
1425	1425	7.39848
1426	1426	-21.6075
1427	1427	11.1182
1428	1428	46.4292
1429	1429	-14.8904
1430	1430	-7.25956
1431	1431	-23.1894
1432	1432	-2.81855
1433	1433	-3.79617
1434	1434	-3.13405
1435	1435	-21.8819
1436	1436	-5.90122
1437	1437	-24.4922
1438	1438	32.2844
1439	1439	17.611
1440	1440	8.58978
1441	1441	10.754
1442	1442	7.21909
1443	1443	22.948
1444	1444	-14.5256
1445	1445	4.67764
1446	1446	19.8104
1447	1447	-10.1171
1448	1448	-3.09689
1449	1449	-20.7818
1450	1450	-2.73223
1451	1451	1.29308
1452	1452	-28.8147
1453	1453	17.0698
1454	1454	9.50218
1455	1455	-17.7382
1456	1456	14.6928
1457	1457	34.8108
1458	1458	-23.6033
1459	1459	-4.12656
1460	1460	-7.14073
1461	1461	6.14689
1462	1462	-29.5916
1463	1463	-20.3419
1464	1464	-5.23899
1465	1465	15.3101
1466	1466	-24.4391
1467	1467	-20.413
1468	1468	-0.563063
1469	1469	5.20586
1470	1470	-18.9913
1471	1471	3.7031
1472	1472	10.7086
1473	1473	9.77898
1474	1474	22.068
1475	1475	-15.8519
1476	1476	-29.7872
1477	1477	-5.49612
1478	1478	-0.0542836
1479	1479	-13.4557
1480	1480	-19.6161
1481	1481	-0.943914
1482	1482	-13.6627
1483	1483	0.755211
1484	1484	-4.11902
1485	1485	-1.89604
1486	1486	-30.6391
1487	1487	-5.98323
1488	1488	-6.99429
1489	1489	32.8889
1490	1490	21.9422
1491	1491	8.83565
1492	1492	-12.7553
1493	1493	0.776034
1494	1494	5.35287
1495	1495	-21.8535
1496	1496	3.15303
1497	1497	14.3554
1498	1498	-21.3945
1499	1499	24.921
1500	1500	9.09204
1501	1501	-33.6881
1502	1502	-13.1657
1503	1503	-24.9707
1504	1504	21.2068
1505	1505	9.35113
1506	1506	15.6704
1507	1507	11.4665
1508	1508	16.6414
1509	1509	6.10362
1510	1510	3.15574
1511	1511	-13.6644
1512	1512	1.92054
1513	1513	-6.22783
1514	1514	15.1492
1515	1515	-17.059
1516	1516	48.214
1517	1517	30.0396
1518	1518	1.5041
1519	1519	26.341
1520	1520	-17.7079
1521	1521	-23.9254
1522	1522	-10.0823
1523	1523	16.9423
1524	1524	-24.6471
1525	1525	6.67195
1526	1526	-19.6839
1527	1527	3.37751
1528	1528	7.87642
1529	1529	35.4507
1530	1530	7.69713
1531	1531	7.71033
1532	1532	15.6068
1533	1533	15.5372
1534	1534	30.5617
1535	1535	10.4686
1536	1536	-19.9803
1537	1537	7.43091
1538	1538	22.4657
1539	1539	14.6352
1540	1540	6.52718
1541	1541	13.9179
1542	1542	26.7082
1543	1543	-13.9222
1544	1544	18.6917
1545	1545	-19.4533
1546	1546	27.1628
1547	1547	-9.16602
1548	1548	30.1277
1549	1549	-33.2285
1550	1550	5.25076
1551	1551	-27.3797
1552	1552	-30.2248
1553	1553	-11.8036
1554	1554	3.72629
1555	1555	-13.4213
1556	1556	15.1138
1557	1557	-1.58911
1558	1558	4.22922
1559	1559	29.5775
1560	1560	-31.4287
1561	1561	-18.9009
1562	1562	11.1954
1563	1563	-5.95459
1564	1564	-4.80357
1565	1565	30.6434
1566	1566	9.28249
1567	1567	-11.8876
1568	1568	3.04552
1569	1569	16.3789
1570	1570	12.5576
1571	1571	-18.2262
1572	1572	5.09043
1573	1573	37.9
1574	1574	11.2656
1575	1575	-19.1058
1576	1576	-32.8359
1577	1577	-6.14587
1578	1578	-2.84484
1579	1579	-1.9244
1580	1580	-5.97375
1581	1581	15.4709
1582	1582	-30.6533
1583	1583	-9.1946
1584	1584	19.122
1585	1585	-2.15293
1586	1586	-21.1131
1587	1587	-0.930737
1588	1588	13.476
1589	1589	-22.3709
1590	1590	-31.9442
1591	1591	7.00146
1592	1592	7.54401
1593	1593	20.5396
1594	1594	14.5085
1595	1595	35.5379
1596	1596	-5.95501
1597	1597	10.4739
1598	1598	-11.3452
1599	1599	-25.9327
1600	1600	6.48205
1601	1601	23.8136
1602	1602	4.89381
1603	1603	-9.25786
1604	1604	11.9527
1605	1605	-13.5051
1606	1606	11.6259
1607	1607	-15.6662
1608	1608	-10.6328
1609	1609	8.09754
1610	1610	12.0939
1611	1611	-8.24977
1612	1612	-4.09312
1613	1613	-2.03126
1614	1614	-11.3437
1615	1615	-21.7764
1616	1616	-7.69456
1617	1617	5.68199
1618	1618	16.1574
1619	1619	13.0867
1620	1620	-13.7526
1621	1621	-14.6238
1622	1622	-4.97179
1623	1623	-5.92657
1624	1624	-7.71728
1625	1625	-6.52046
1626	1626	-11.912
1627	1627	-1.34787
1628	1628	2.34441
1629	1629	-17.2942
1630	1630	-6.97558
1631	1631	-11.3384
1632	1632	-15.751
1633	1633	-11.9263
1634	1634	-28.1058
1635	1635	13.6258
1636	1636	23.6312
1637	1637	2.31237
1638	1638	-0.94623
1639	1639	6.93639
1640	1640	36.7381
1641	1641	-14.7149
1642	1642	8.63642
1643	1643	13.9634
1644	1644	0.136282
1645	1645	-5.91453
1646	1646	-6.06775
1647	1647	9.48386
1648	1648	-9.03048
1649	1649	-22.1226
1650	1650	-13.3399
1651	1651	-6.20405
1652	1652	-22.2273
1653	1653	2.95476
1654	1654	-8.95911
1655	1655	-9.26854
1656	1656	-18.7539
1657	1657	2.53944
1658	1658	35.8079
1659	1659	2.89891
1660	1660	12.1949
1661	1661	-0.229554
1662	1662	-5.69342
1663	1663	13.0694
1664	1664	17.1562
1665	1665	-5.15892
1666	1666	-39.9281
1667	1667	48.8908
1668	1668	-0.500197
1669	1669	9.68616
1670	1670	5.74575
1671	1671	12.1186
1672	1672	-3.86439
1673	1673	13.7303
1674	1674	-7.03348
1675	1675	2.25787
1676	1676	3.18152
1677	1677	-27.2217
1678	1678	22.5778
1679	1679	-0.683512
1680	1680	3.14878
1681	1681	-16.0066
1682	1682	6.57495
1683	1683	-3.22311
1684	1684	8.57379
1685	1685	0.144675
1686	1686	26.368
1687	1687	-6.73964
1688	1688	-9.90078
1689	1689	14.7339
1690	1690	-38.0527
1691	1691	-8.49225
1692	1692	-34.6011
1693	1693	0.795301
1694	1694	-12.2314
1695	1695	20.6104
1696	1696	25.2205
1697	1697	-30.9388
1698	1698	-5.77514
1699	1699	-9.66358
1700	1700	10.0378
1701	1701	-7.77987
1702	1702	-23.5881
1703	1703	-14.1031
1704	1704	-0.969389
1705	1705	2.33116
1706	1706	17.9111
1707	1707	2.40272
1708	1708	-2.76506
1709	1709	18.7521
1710	1710	-9.38256
1711	1711	14.3441
1712	1712	-21.0134
1713	1713	0.111055
1714	1714	18.4607
1715	1715	-4.50565
1716	1716	2.96514
1717	1717	-2.56354
1718	1718	20.7173
1719	1719	16.1166
1720	1720	-26.2534
1721	1721	-17.3196
1722	1722	43.4253
1723	1723	-7.62965
1724	1724	-17.6783
1725	1725	-8.27637
1726	1726	10.7542
1727	1727	8.45441
1728	1728	4.65826
1729	1729	-1.71855
1730	1730	-12.6142
1731	1731	-21.855
1732	1732	19.5448
1733	1733	14.2014
1734	1734	1.88883
1735	1735	-14.6265
1736	1736	15.6681
1737	1737	11.169
1738	1738	-18.4116
1739	1739	36.8681
1740	1740	-8.84623
1741	1741	-21.4846
1742	1742	-10.5048
1743	1743	-5.17782
1744	1744	4.5338
1745	1745	31.9215
1746	1746	34.3058
1747	1747	-12.3061
1748	1748	33.7805
1749	1749	5.81555
1750	1750	8.95269
1751	1751	37.2237
1752	1752	-20.0642
1753	1753	-15.0961
1754	1754	-3.33687
1755	1755	-20.3464
1756	1756	1.04837
1757	1757	10.4086
1758	1758	-1.44541
1759	1759	13.2075
1760	1760	5.76725
1761	1761	-9.07244
1762	1762	-1.11782
1763	1763	-10.7211
1764	1764	-12.4542
1765	1765	-3.86852
1766	1766	-6.39696
1767	1767	12.6541
1768	1768	13.3518
1769	1769	-22.7313
1770	1770	-11.1163
1771	1771	-23.018
1772	1772	22.5192
1773	1773	-9.14516
1774	1774	-22.2709
1775	1775	27.3565
1776	1776	1.29659
1777	1777	13.051
1778	1778	-13.6722
1779	1779	-16.763
1780	1780	2.44689
1781	1781	-1.75346
1782	1782	-11.1872
1783	1783	-16.0515
1784	1784	7.95828
1785	1785	-17.6758
1786	1786	-9.07291
1787	1787	-2.17717
1788	1788	15.2932
1789	1789	-1.40537
1790	1790	2.56384
1791	1791	21.9717
1792	1792	-34.7837
1793	1793	-7.18792
1794	1794	-34.7112
1795	1795	31.4259
1796	1796	5.64009
1797	1797	19.9845
1798	1798	-13.4924
1799	1799	-10.992
1800	1800	-5.07739
1801	1801	-8.39024
1802	1802	13.1624
1803	1803	24.9571
1804	1804	5.29081
1805	1805	-21.0731
1806	1806	21.7791
1807	1807	3.06624
1808	1808	20.6024
1809	1809	-17.4798
1810	1810	19.4018
1811	1811	-20.1255
1812	1812	-2.50924
1813	1813	24.0653
1814	1814	11.7152
1815	1815	1.00297
1816	1816	11.159
1817	1817	39.3319
1818	1818	17.3563
1819	1819	-29.021
1820	1820	11.1622
1821	1821	8.69051
1822	1822	-5.01638
1823	1823	13.176
1824	1824	17.2326
1825	1825	-2.97908
1826	1826	-18.2941
1827	1827	21.0559
1828	1828	17.2394
1829	1829	-1.78601
1830	1830	-8.01534
1831	1831	25.8078
1832	1832	-20.9357
1833	1833	-30.2665
1834	1834	-11.5301
1835	1835	51.4994
1836	1836	-1.88869
1837	1837	6.51901
1838	1838	11.4723
1839	1839	-6.76219
1840	1840	37.6191
1841	1841	11.6273
1842	1842	-28.1225
1843	1843	-10.7994
1844	1844	-3.27816
1845	1845	12.4996
1846	1846	30.195
1847	1847	-25.7764
1848	1848	9.62156
1849	1849	-24.696
1850	1850	6.9358
1851	1851	-27.5387
1852	1852	-31.7992
1853	1853	-38.0349
1854	1854	-1.52242
1855	1855	-15.562
1856	1856	4.40367
1857	1857	-13.6713
1858	1858	-15.5219
1859	1859	18.5018
1860	1860	8.07998
1861	1861	-18.6826
1862	1862	-23.3449
1863	1863	4.30182
1864	1864	-16.4708
1865	1865	0.722805
1866	1866	-2.91279
1867	1867	6.83872
1868	1868	21.445
1869	1869	17.6091
1870	1870	-6.59469
1871	1871	20.1597
1872	1872	-0.520826
1873	1873	8.40526
1874	1874	-28.4177
1875	1875	25.4208
1876	1876	-24.5138
1877	1877	-14.5354
1878	1878	-29.0115
1879	1879	-25.3145
1880	1880	-7.10664
1881	1881	-13.8377
1882	1882	-13.4488
1883	1883	-6.19289
1884	1884	-37.5852
1885	1885	-7.81656
1886	1886	-24.7877
1887	1887	3.27448
1888	1888	10.8434
1889	1889	17.7158
1890	1890	35.0936
1891	1891	38.4306
1892	1892	-0.391716
1893	1893	-11.7627
1894	1894	3.06624
1895	1895	10.9885
1896	1896	25.9922
1897	1897	-3.26971
1898	1898	-8.58818
1899	1899	4.266
1900	1900	33.2466
1901	1901	-27.5241
1902	1902	13.1532
1903	1903	16.5444
1904	1904	2.31016
1905	1905	-9.17742
1906	1906	-13.7317
1907	1907	38.0034
1908	1908	18.3092
1909	1909	-16.4165
1910	1910	4.13824
1911	1911	13.1801
1912	1912	26.0593
1913	1913	-5.03567
1914	1914	-3.85008
1915	1915	-28.1656
1916	1916	-6.96934
1917	1917	-24.8284
1918	1918	-29.9273
1919	1919	15.8958
1920	1920	21.6889
1921	1921	16.9788
1922	1922	-42.7646
1923	1923	-4.98318
1924	1924	16.385
1925	1925	22.6531
1926	1926	-5.91254
1927	1927	-3.146
1928	1928	32.7606
1929	1929	24.0461
1930	1930	9.16184
1931	1931	-8.0732
1932	1932	-18.425
1933	1933	-18.7486
1934	1934	21.6181
1935	1935	-12.2073
1936	1936	12.6694
1937	1937	2.94769
1938	1938	-0.45868
1939	1939	4.06712
1940	1940	16.8215
1941	1941	0.757676
1942	1942	25.6932
1943	1943	-32.5537
1944	1944	-27.4235
1945	1945	-0.166397
1946	1946	7.86766
1947	1947	-3.78857
1948	1948	24.2755
1949	1949	50.2252
1950	1950	-15.6607
1951	1951	20.56
1952	1952	-11.4061
1953	1953	12.5848
1954	1954	1.06173
1955	1955	10.7886
1956	1956	13.7566
1957	1957	27.4594
1958	1958	1.9261
1959	1959	5.56876
1960	1960	4.16079
1961	1961	-14.4714
1962	1962	-17.5877
1963	1963	-17.4887
1964	1964	-18.5746
1965	1965	-35.3455
1966	1966	-21.9706
1967	1967	1.45773
1968	1968	-24.381
1969	1969	6.95664
1970	1970	13.3461
1971	1971	24.6009
1972	1972	-16.8242
1973	1973	-18.9372
1974	1974	23.0507
1975	1975	1.01279
1976	1976	3.03395
1977	1977	-17.2109
1978	1978	-26.7216
1979	1979	-35.3497
1980	1980	-39.2748
1981	1981	13.43
1982	1982	21.3559
1983	1983	-0.0682632
1984	1984	28.3131
1985	1985	-4.33407
1986	1986	-11.7564
1987	1987	-2.53024
1988	1988	-26.7881
1989	1989	20.1773
1990	1990	-14.168
1991	1991	-0.230208
1992	1992	27.1439
1993	1993	-11.3293
1994	1994	-4.65242
1995	1995	-9.69745
1996	1996	-29.0744
1997	1997	-24.9194
1998	1998	5.55144
1999	1999	3.43381
2000	2000	11.3714
2001	2001	9.42761
2002	2002	29.3933
2003	2003	0.282021
2004	2004	5.4857
2005	2005	-17.7638
2006	2006	15.2897
2007	2007	-3.32705
2008	2008	17.3109
2009	2009	40.1267
2010	2010	0.560635
2011	2011	11.4307
2012	2012	-25.7654
2013	2013	-27.9602
2014	2014	-5.71381
2015	2015	-1.11881
2016	2016	12.261
2017	2017	12.0337
2018	2018	-7.7643
2019	2019	5.92204
2020	2020	-9.87172
2021	2021	18.908
2022	2022	9.08753
2023	2023	38.517
2024	2024	10.6004
2025	2025	13.3941
2026	2026	-57.8753
2027	2027	34.5741
2028	2028	-24.8705
2029	2029	11.8156
2030	2030	-6.58382
2031	2031	11.2094
2032	2032	-19.5754
2033	2033	-18.4673
2034	2034	-11.815
2035	2035	-21.0921
2036	2036	13.8729
2037	2037	-16.6926
2038	2038	10.4124
2039	2039	2.79274
2040	2040	30.6824
2041	2041	50.56
2042	2042	30.5348
2043	2043	53.6422
2044	2044	-6.09613
2045	2045	-1.86817
2046	2046	12.0559
2047	2047	29.1857
2048	2048	-13.6433
2049	2049	11.9409
2050	2050	-6.33313
2051	2051	-7.47024
2052	2052	-2.03538
2053	2053	15.0423
2054	2054	8.97412
2055	2055	-2.85279
2056	2056	0.687687
2057	2057	-13.3766
2058	2058	3.79928
2059	2059	21.6567
2060	2060	-1.3618
2061	2061	-16.6642
2062	2062	-0.355958
2063	2063	-30.506
2064	2064	-13.7419
2065	2065	19.3859
2066	2066	-13.729
2067	2067	19.3695
2068	2068	3.04632
2069	2069	16.9027
2070	2070	4.69884
2071	2071	-6.96759
2072	2072	-20.8181
2073	2073	21.2625
2074	2074	-50.2626
2075	2075	-10.1187
2076	2076	17.7595
2077	2077	6.49084
2078	2078	16.4481
2079	2079	13.4722
2080	2080	-8.97976
2081	2081	45.5543
2082	2082	0.620809
2083	2083	-12.6297
2084	2084	22.6752
2085	2085	-26.1058
2086	2086	1.51921
2087	2087	-32.3497
2088	2088	-24.6191
2089	2089	-2.76478
2090	2090	-13.9754
2091	2091	20.9687
2092	2092	-2.85469
2093	2093	12.1104
2094	2094	16.8733
2095	2095	-5.75756
2096	2096	34.3398
2097	2097	4.47073
2098	2098	36.2086
2099	2099	-19.9451
2100	2100	-31.7411
2101	2101	21.9704
2102	2102	6.94318
2103	2103	-8.24585
2104	2104	-37.3253
2105	2105	6.29619
2106	2106	-7.80493
2107	2107	42.4861
2108	2108	38.0923
2109	2109	13.763
2110	2110	13.4002
2111	2111	-11.5276
2112	2112	-12.0419
2113	2113	16.1863
2114	2114	10.714
2115	2115	-14.2785
2116	2116	20.2568
2117	2117	-8.46245
2118	2118	-12.5376
2119	2119	2.19848
2120	2120	6.97423
2121	2121	10.0957
2122	2122	16.475
2123	2123	-0.202518
2124	2124	-4.04041
2125	2125	17.2884
2126	2126	-24.5523
2127	2127	-4.29806
2128	2128	-30.2156
2129	2129	0.275627
2130	2130	9.1473
2131	2131	19.3152
2132	2132	3.86694
2133	2133	2.8364
2134	2134	2.41206
2135	2135	8.12894
2136	2136	14.4805
2137	2137	-15.0615
2138	2138	15.9507
2139	2139	17.4263
2140	2140	2.37848
2141	2141	6.37716
2142	2142	-23.7391
2143	2143	-27.6888
2144	2144	11.3898
2145	2145	6.43045
2146	2146	-16.1806
2147	2147	1.71614
2148	2148	-24.1231
2149	2149	-0.451765
2150	2150	-19.7805
2151	2151	4.99962
2152	2152	-5.00203
2153	2153	-8.92689
2154	2154	8.39167
2155	2155	-6.00006
2156	2156	-13.8324
2157	2157	-3.06519
2158	2158	15.7565
2159	2159	-26.0359
2160	2160	8.72819
2161	2161	-16.3502
2162	2162	-1.1618
2163	2163	-17.2732
2164	2164	-1.00228
2165	2165	-6.59417
2166	2166	-11.83
2167	2167	-12.3805
2168	2168	-41.9415
2169	2169	-29.8174
2170	2170	1.51995
2171	2171	-16.8777
2172	2172	16.3228
2173	2173	19.9694
2174	2174	38.4927
2175	2175	-4.89753
2176	2176	-0.0617107
2177	2177	-11.7083
2178	2178	11.4082
2179	2179	12.1129
2180	2180	-26.7423
2181	2181	2.03131
2182	2182	-3.55328
2183	2183	-3.90954
2184	2184	4.17688
2185	2185	-15.6742
2186	2186	31.1351
2187	2187	15.5957
2188	2188	-6.20539
2189	2189	-3.48605
2190	2190	-8.54569
2191	2191	1.08237
2192	2192	-5.18038
2193	2193	-9.54562
2194	2194	-22.8911
2195	2195	13.308
2196	2196	19.2375
2197	2197	-3.60946
2198	2198	0.667193
2199	2199	-1.99687
2200	2200	-7.30573
2201	2201	9.21618
2202	2202	-5.00785
2203	2203	11.3764
2204	2204	8.33367
2205	2205	-5.00778
2206	2206	33.4066
2207	2207	-6.93295
2208	2208	-21.2087
2209	2209	11.8043
2210	2210	13.2797
2211	2211	-6.00455
2212	2212	9.1908
2213	2213	-10.3658
2214	2214	-4.22865
2215	2215	-10.2097
2216	2216	-5.13574
2217	2217	-25.9403
2218	2218	-5.36292
2219	2219	-27.9734
2220	2220	-9.46787
2221	2221	4.89077
2222	2222	9.77948
2223	2223	26.9326
2224	2224	9.47785
2225	2225	-1.98082
2226	2226	-12.1193
2227	2227	21.6879
2228	2228	37.7404
2229	2229	3.20846
2230	2230	8.11133
2231	2231	16.2753
2232	2232	-0.751201
2233	2233	15.0952
2234	2234	-3.48609
2235	2235	-18.8454
2236	2236	8.54861
2237	2237	-2.20124
2238	2238	11.3863
2239	2239	-7.12894
2240	2240	6.59294
2241	2241	-13.1689
2242	2242	0.0553459
2243	2243	-27.9462
2244	2244	48.8294
2245	2245	-8.2131
2246	2246	-6.64512
2247	2247	-0.843144
2248	2248	14.7061
2249	2249	14.554
2250	2250	34.7127
2251	2251	-8.39728
2252	2252	39.1496
2253	2253	-26.5007
2254	2254	10.6779
2255	2255	18.5889
2256	2256	4.216
2257	2257	0.0200053
2258	2258	-4.06461
2259	2259	4.6136
2260	2260	-23.4098
2261	2261	27.5266
2262	2262	36.6674
2263	2263	5.49911
2264	2264	-27.7057
2265	2265	-22.9368
2266	2266	-14.0901
2267	2267	27.835
2268	2268	9.11304
2269	2269	18.2312
2270	2270	29.0559
2271	2271	-43.5945
2272	2272	-15.2539
2273	2273	-18.3684
2274	2274	-18.2067
2275	2275	-4.55094
2276	2276	13.5945
2277	2277	-5.82624
2278	2278	-14.9341
2279	2279	-8.21497
2280	2280	2.06011
2281	2281	-9.20015
2282	2282	-7.43103
2283	2283	9.14931
2284	2284	-21.5194
2285	2285	20.2527
2286	2286	7.17247
2287	2287	-0.94959
2288	2288	8.61823
2289	2289	15.4723
2290	2290	-19.0398
2291	2291	2.42883
2292	2292	1.14406
2293	2293	12.1186
2294	2294	-6.04791
2295	2295	-8.02796
2296	2296	-3.73349
2297	2297	-18.5285
2298	2298	-3.3092
2299	2299	24.6036
2300	2300	-20.3142
2301	2301	-19.4074
2302	2302	44.9652
2303	2303	-42.7715
2304	2304	8.42651
2305	2305	4.54777
2306	2306	1.3304
2307	2307	-23.7533
2308	2308	16.9415
2309	2309	0.696697
2310	2310	-3.43699
2311	2311	-3.45556
2312	2312	-17.136
2313	2313	-19.3282
2314	2314	14.6443
2315	2315	12.2988
2316	2316	-2.74205
2317	2317	-1.23115
2318	2318	-12.9181
2319	2319	2.83843
2320	2320	15.4138
2321	2321	-36.5091
2322	2322	2.25618
2323	2323	-11.9142
2324	2324	-21.1705
2325	2325	1.71887
2326	2326	7.61832
2327	2327	-16.5808
2328	2328	13.1711
2329	2329	-14.9592
2330	2330	-1.30378
2331	2331	-6.20156
2332	2332	-13.4256
2333	2333	-35.3456
2334	2334	-20.4375
2335	2335	-6.92411
2336	2336	-5.97107
2337	2337	-16.3018
2338	2338	-14.1926
2339	2339	-20.6286
2340	2340	-1.84843
2341	2341	-16.4692
2342	2342	-29.6354
2343	2343	4.6431
2344	2344	-33.3463
2345	2345	15.3749
2346	2346	19.2882
2347	2347	19.035
2348	2348	-8.5844
2349	2349	-1.91928
2350	2350	-1.43159
2351	2351	12.4099
2352	2352	-12.3103
2353	2353	44.0918
2354	2354	2.66347
2355	2355	49.9286
2356	2356	-9.59444
2357	2357	-9.00867
2358	2358	10.815
2359	2359	-20.7726
2360	2360	-13.1827
2361	2361	15.3326
2362	2362	16.5125
2363	2363	7.54292
2364	2364	26.7399
2365	2365	-0.763375
2366	2366	7.63728
2367	2367	7.98915
2368	2368	-20.8249
2369	2369	31.1741
2370	2370	13.7354
2371	2371	-10.3163
2372	2372	14.1198
2373	2373	-10.9187
2374	2374	13.9367
2375	2375	3.48547
2376	2376	3.66926
2377	2377	14.0488
2378	2378	-13.0538
2379	2379	9.80446
2380	2380	0.146693
2381	2381	8.94078
2382	2382	-8.55261
2383	2383	-9.90554
2384	2384	12.2871
2385	2385	7.35364
2386	2386	-0.463541
2387	2387	3.23774
2388	2388	34.6057
2389	2389	-14.7723
2390	2390	1.96972
2391	2391	7.03879
2392	2392	-0.267948
2393	2393	-10.1355
2394	2394	-9.27541
2395	2395	0.305013
2396	2396	-4.74408
2397	2397	-14.562
2398	2398	1.45954
2399	2399	-16.6294
2400	2400	17.0927
2401	2401	8.56813
2402	2402	13.9703
2403	2403	-24.8342
2404	2404	-21.6805
2405	2405	-11.4887
2406	2406	0.427023
2407	2407	11.5222
2408	2408	-9.33484
2409	2409	-30.2819
2410	2410	28.358
2411	2411	-1.21985
2412	2412	-22.2891
2413	2413	-17.0242
2414	2414	-12.9372
2415	2415	32.3612
2416	2416	14.5807
2417	2417	-3.99022
2418	2418	-8.54534
2419	2419	-36.6744
2420	2420	13.1152
2421	2421	37.1015
2422	2422	15.7711
2423	2423	-40.112
2424	2424	-7.67195
2425	2425	10.4041
2426	2426	9.97634
2427	2427	-17.2741
2428	2428	-29.1094
2429	2429	27.528
2430	2430	-29.4672
2431	2431	-6.66184
2432	2432	10.1991
2433	2433	-12.9474
2434	2434	5.78106
2435	2435	5.2847
2436	2436	-4.79983
2437	2437	27.4408
2438	2438	5.96018
2439	2439	14.2003
2440	2440	4.28528
2441	2441	47.1437
2442	2442	4.01051
2443	2443	3.05899
2444	2444	32.8272
2445	2445	17.7409
2446	2446	19.0909
2447	2447	-10.7244
2448	2448	2.65136
2449	2449	-13.165
2450	2450	27.7405
2451	2451	-1.77426
2452	2452	-21.7636
2453	2453	-25.1994
2454	2454	26.4136
2455	2455	2.01662
2456	2456	-9.76324
2457	2457	-12.3172
2458	2458	-3.90473
2459	2459	-13.1176
2460	2460	6.36346
2461	2461	16.9037
2462	2462	-11.2898
2463	2463	12.8922
2464	2464	12.2157
2465	2465	45.1574
2466	2466	-13.6552
2467	2467	39.4156
2468	2468	14.4847
2469	2469	-16.997
2470	2470	1.89616
2471	2471	15.1058
2472	2472	12.5609
2473	2473	26.1782
2474	2474	-32.7273
2475	2475	25.3937
2476	2476	3.61704
2477	2477	11.8882
2478	2478	-11.75
2479	2479	-18.1196
2480	2480	35.3458
2481	2481	9.72415
2482	2482	-1.21198
2483	2483	-5.8916
2484	2484	-4.36088
2485	2485	33.659
2486	2486	-14.1579
2487	2487	-18.0278
2488	2488	-44.9952
2489	2489	20.5352
2490	2490	4.04005
2491	2491	-9.42167
2492	2492	17.2552
2493	2493	-2.6982
2494	2494	23.784
2495	2495	23.7129
2496	2496	-12.0559
2497	2497	13.0451
2498	2498	-16.3417
2499	2499	2.7493
2500	2500	0.500656
2501	2501	-6.55542
2502	2502	-13.213
2503	2503	-34.3645
2504	2504	33.2294
2505	2505	-0.788227
2506	2506	-14.1827
2507	2507	3.81141
2508	2508	3.91876
2509	2509	5.73473
2510	2510	-27.9758
2511	2511	-10.6066
2512	2512	0.193838
2513	2513	8.24008
2514	2514	19.8426
2515	2515	10.1175
2516	2516	12.2238
2517	2517	-0.723388
2518	2518	-14.0902
2519	2519	-13.0392
2520	2520	14.6655
2521	2521	18.3603
2522	2522	-13.3379
2523	2523	5.93272
2524	2524	8.89087
2525	2525	-17.6178
2526	2526	-0.0539947
2527	2527	12.9843
2528	2528	-7.43846
2529	2529	-6.49241
2530	2530	-14.8815
2531	2531	-7.89686
2532	2532	-22.8122
2533	2533	9.54273
2534	2534	-6.66489
2535	2535	-18.2299
2536	2536	-19.2457
2537	2537	0.778848
2538	2538	-30.5819
2539	2539	5.80865
2540	2540	30.6055
2541	2541	24.8155
2542	2542	-7.91093
2543	2543	3.29178
2544	2544	0.335043
2545	2545	-17.3403
2546	2546	-21.4869
2547	2547	29.7115
2548	2548	11.1771
2549	2549	9.63252
2550	2550	-7.01005
2551	2551	3.14088
2552	2552	-6.02435
2553	2553	4.76292
2554	2554	13.113
2555	2555	3.95332
2556	2556	-11.2559
2557	2557	-21.7309
2558	2558	-0.544777
2559	2559	34.2164
2560	2560	27.7107
2561	2561	-43.0404
2562	2562	-25.2512
2563	2563	-9.318
2564	2564	27.716
2565	2565	13.2907
2566	2566	-20.7279
2567	2567	-32.703
2568	2568	9.32501
2569	2569	14.4318
2570	2570	-6.92793
2571	2571	-3.68101
2572	2572	-29.5655
2573	2573	-9.20124
2574	2574	-9.27338
2575	2575	-3.26396
2576	2576	-14.3339
2577	2577	-4.42327
2578	2578	-12.0203
2579	2579	-8.38069
2580	2580	4.71219
2581	2581	-29.4759
2582	2582	30.8307
2583	2583	-17.9906
2584	2584	-18.0457
2585	2585	-12.5486
2586	2586	19.4319
2587	2587	6.77196
2588	2588	-13.6068
2589	2589	-6.08878
2590	2590	3.50092
2591	2591	1.36252
2592	2592	-39.1866
2593	2593	10.4657
2594	2594	-23.9777
2595	2595	-7.63044
2596	2596	12.8649
2597	2597	-13.4934
2598	2598	-9.35829
2599	2599	20.2443
2600	2600	6.66764
2601	2601	10.3882
2602	2602	-13.0977
2603	2603	-9.43938
2604	2604	-20.6196
2605	2605	-18.261
2606	2606	26.2029
2607	2607	-20.9402
2608	2608	-10.3498
2609	2609	17.277
2610	2610	-21.344
2611	2611	24.2024
2612	2612	13.2338
2613	2613	14.1491
2614	2614	-9.84564
2615	2615	4.46441
2616	2616	-3.22042
2617	2617	27.5319
2618	2618	-7.31839
2619	2619	11.4964
2620	2620	-8.12352
2621	2621	19.1797
2622	2622	-4.29073
2623	2623	-21.2175
2624	2624	-13.2825
2625	2625	-11.9833
2626	2626	27.0715
2627	2627	1.61128
2628	2628	24.1388
2629	2629	-14.8979
2630	2630	7.20139
2631	2631	-21.829
2632	2632	4.19594
2633	2633	3.60705
2634	2634	9.15214
2635	2635	-0.918161
2636	2636	2.19262
2637	2637	30.1392
2638	2638	26.5864
2639	2639	33.7427
2640	2640	2.34164
2641	2641	-0.424753
2642	2642	22.4536
2643	2643	-19.9563
2644	2644	-26.1127
2645	2645	-16.8852
2646	2646	0.456935
2647	2647	-2.97953
2648	2648	-4.6959
2649	2649	15.1992
2650	2650	46.6746
2651	2651	-5.87067
2652	2652	-4.28534
2653	2653	21.6239
2654	2654	6.77805
2655	2655	38.4262
2656	2656	-41.7879
2657	2657	15.6951
2658	2658	-30.2096
2659	2659	-32.737
2660	2660	31.9665
2661	2661	-26.979
2662	2662	-26.4875
2663	2663	49.0426
2664	2664	-25.4457
2665	2665	-13.9616
2666	2666	38.9497
2667	2667	-26.6103
2668	2668	25.7523
2669	2669	-13.3705
2670	2670	-13.4962
2671	2671	-2.0229
2672	2672	-4.66448
2673	2673	-31.1981
2674	2674	12.2858
2675	2675	-22.2248
2676	2676	-10.5219
2677	2677	8.63347
2678	2678	-9.54393
2679	2679	-7.33213
2680	2680	-31.8038
2681	2681	-9.81654
2682	2682	-27.1693
2683	2683	12.2774
2684	2684	-8.72687
2685	2685	7.10252
2686	2686	-13.3226
2687	2687	-4.28504
2688	2688	-26.3388
2689	2689	-26.8378
2690	2690	-18.9396
2691	2691	0.844395
2692	2692	-11.9018
2693	2693	2.0963
2694	2694	-21.334
2695	2695	-17.3894
2696	2696	21.0166
2697	2697	24.9127
2698	2698	10.6323
2699	2699	-28.1436
2700	2700	17.8615
2701	2701	-10.6994
2702	2702	21.4459
2703	2703	-7.56356
2704	2704	9.17833
2705	2705	-0.232239
2706	2706	-5.24355
2707	2707	27.1085
2708	2708	22.4947
2709	2709	-38.0876
2710	2710	-1.66284
2711	2711	-18.4334
2712	2712	-15.9091
2713	2713	21.933
2714	2714	-6.84754
2715	2715	1.98255
2716	2716	-16.9369
2717	2717	61.7083
2718	2718	3.68253
2719	2719	23.4523
2720	2720	34.9053
2721	2721	30.8939
2722	2722	35.1756
2723	2723	12.7645
2724	2724	-8.77843
2725	2725	10.8685
2726	2726	-2.29318
2727	2727	-1.3636
2728	2728	-12.732
2729	2729	8.47659
2730	2730	-22.8966
2731	2731	23.8768
2732	2732	1.61518
2733	2733	0.994821
2734	2734	-1.55739
2735	2735	-13.494
2736	2736	14.5169
2737	2737	-0.992516
2738	2738	14.3577
2739	2739	-7.40445
2740	2740	9.6862
2741	2741	-10.3021
2742	2742	3.15241
2743	2743	5.8911
2744	2744	-15.1614
2745	2745	3.07779
2746	2746	-29.5504
2747	2747	-22.0413
2748	2748	0.733075
2749	2749	-14.0493
2750	2750	6.1126
2751	2751	-13.4808
2752	2752	-4.40644
2753	2753	-24.1131
2754	2754	-19.3434
2755	2755	10.6817
2756	2756	-4.86326
2757	2757	-20.3115
2758	2758	8.72822
2759	2759	-1.70648
2760	2760	-0.529936
2761	2761	-5.61818
2762	2762	41.347
2763	2763	-13.6808
2764	2764	-1.01075
2765	2765	28.3191
2766	2766	31.6408
2767	2767	-24.9783
2768	2768	1.32834
2769	2769	-14.1391
2770	2770	-0.717663
2771	2771	13.4098
2772	2772	-6.81688
2773	2773	-6.42638
2774	2774	-10.988
2775	2775	-13.8082
2776	2776	-1.69254
2777	2777	-0.686779
2778	2778	1.87406
2779	2779	37.3234
2780	2780	-9.44576
2781	2781	17.8026
2782	2782	-28.094
2783	2783	12.3853
2784	2784	5.09526
2785	2785	20.7576
2786	2786	-6.05578
2787	2787	-3.95803
2788	2788	-3.29049
2789	2789	13.5699
2790	2790	17.4289
2791	2791	28.427
2792	2792	39.4601
2793	2793	1.17424
2794	2794	-4.55491
2795	2795	17.3932
2796	2796	3.44972
2797	2797	-19.5419
2798	2798	-9.93082
2799	2799	3.66973
2800	2800	24.7565
2801	2801	-12.9891
2802	2802	-18.008
2803	2803	0.175026
2804	2804	20.6591
2805	2805	8.86596
2806	2806	-11.0131
2807	2807	-10.6957
2808	2808	0.208231
2809	2809	-6.39448
2810	2810	10.2847
2811	2811	0.53541
2812	2812	-0.253006
2813	2813	12.8846
2814	2814	-40.2782
2815	2815	14.5528
2816	2816	5.95173
2817	2817	24.4453
2818	2818	-19.0121
2819	2819	-1.138
2820	2820	-15.895
2821	2821	36.361
2822	2822	-19.5557
2823	2823	-11.0501
2824	2824	1.49981
2825	2825	7.30425
2826	2826	-5.51774
2827	2827	-5.49147
2828	2828	-7.00128
2829	2829	-8.04481
2830	2830	8.92941
2831	2831	-0.642921
2832	2832	12.6907
2833	2833	14.7343
2834	2834	-8.0452
2835	2835	10.0787
2836	2836	1.12287
2837	2837	-8.95258
2838	2838	12.5074
2839	2839	4.41777
2840	2840	-14.9552
2841	2841	-3.98077
2842	2842	14.5112
2843	2843	-18.1974
2844	2844	-7.13243
2845	2845	16.1672
2846	2846	-26.8478
2847	2847	-22.9444
2848	2848	3.83675
2849	2849	5.3274
2850	2850	-46.3986
2851	2851	5.8108
2852	2852	-5.84375
2853	2853	14.2086
2854	2854	2.61782
2855	2855	19.8807
2856	2856	9.71034
2857	2857	10.5545
2858	2858	0.959161
2859	2859	38.7175
2860	2860	2.56557
2861	2861	19.883
2862	2862	7.89913
2863	2863	-28.3726
2864	2864	25.7267
2865	2865	21.9483
2866	2866	-26.4271
2867	2867	-8.80886
2868	2868	-14.2945
2869	2869	-28.8956
2870	2870	10.5923
2871	2871	16.1344
2872	2872	-3.49887
2873	2873	7.95187
2874	2874	-9.34009
2875	2875	39.2809
2876	2876	-3.59696
2877	2877	-50.9265
2878	2878	41.8937
2879	2879	29.1276
2880	2880	-19.1386
2881	2881	-13.5076
2882	2882	-42.2974
2883	2883	-3.33197
2884	2884	14.809
2885	2885	8.69412
2886	2886	-14.6758
2887	2887	-1.70019
2888	2888	9.42946
2889	2889	-4.36028
2890	2890	7.15899
2891	2891	7.69161
2892	2892	-2.07222
2893	2893	3.07768
2894	2894	-4.8268
2895	2895	-34.856
2896	2896	-31.8985
2897	2897	-20.4033
2898	2898	-7.49961
2899	2899	-14.8982
2900	2900	9.50679
2901	2901	5.1765
2902	2902	-4.71407
2903	2903	-13.1212
2904	2904	17.5373
2905	2905	-1.01349
2906	2906	51.385
2907	2907	20.3295
2908	2908	10.975
2909	2909	-7.08513
2910	2910	10.0991
2911	2911	20.9298
2912	2912	7.75947
2913	2913	2.71856
2914	2914	0.820716
2915	2915	6.05178
2916	2916	23.0644
2917	2917	0.27885
2918	2918	-1.80245
2919	2919	-14.3524
2920	2920	1.69176
2921	2921	19.2775
2922	2922	-10.4471
2923	2923	-3.91836
2924	2924	-13.5938
2925	2925	1.29982
2926	2926	2.87386
2927	2927	-46.9091
2928	2928	-7.85971
2929	2929	-16.7359
2930	2930	1.50645
2931	2931	0.989681
2932	2932	24.9108
2933	2933	-23.1628
2934	2934	2.39669
2935	2935	-1.81278
2936	2936	10.6715
2937	2937	-9.94829
2938	2938	-1.82615
2939	2939	-35.297
2940	2940	-10.7624
2941	2941	-6.12635
2942	2942	-7.39928
2943	2943	-2.78914
2944	2944	36.2008
2945	2945	-21.8415
2946	2946	-14.7155
2947	2947	-12.4582
2948	2948	-12.738
2949	2949	29.8868
2950	2950	-14.1389
2951	2951	36.9196
2952	2952	36.0172
2953	2953	-4.67305
2954	2954	-26.7102
2955	2955	-8.37602
2956	2956	16.2509
2957	2957	7.98198
2958	2958	5.24389
2959	2959	16.2129
2960	2960	15.8533
2961	2961	-0.476564
2962	2962	-11.5702
2963	2963	-5.51619
2964	2964	45.2857
2965	2965	-7.67064
2966	2966	4.35898
2967	2967	-36.4145
2968	2968	14.2955
2969	2969	-6.65575
2970	2970	-2.23225
2971	2971	12.9825
2972	2972	-6.39619
2973	2973	26.8491
2974	2974	9.40022
2975	2975	-1.46195
2976	2976	-21.0067
2977	2977	31.4739
2978	2978	18.9989
2979	2979	-28.7235
2980	2980	-6.95103
2981	2981	-23.011
2982	2982	-9.89536
2983	2983	9.44334
2984	2984	7.54155
2985	2985	-25.7153
2986	2986	29.0525
2987	2987	-19.1349
2988	2988	-29.0268
2989	2989	30.1104
2990	2990	14.052
2991	2991	26.8114
2992	2992	-11.2987
2993	2993	17.5572
2994	2994	0.958328
2995	2995	-25.8321
2996	2996	0.593583
2997	2997	0.993051
2998	2998	8.13
2999	2999	-17.7838
3000	3000	-19.6323
3001	3001	14.6945
3002	3002	16.5866
3003	3003	-1.30072
3004	3004	10.8025
3005	3005	3.24512
3006	3006	13.1849
3007	3007	-25.927
3008	3008	-12.8373
3009	3009	25.502
3010	3010	-33.802
3011	3011	-28.0644
3012	3012	-20.3504
3013	3013	0.89423
3014	3014	34.4907
3015	3015	21.0464
3016	3016	-7.54368
3017	3017	16.0518
3018	3018	25.586
3019	3019	-21.9061
3020	3020	2.53889
3021	3021	-17.3577
3022	3022	2.65296
3023	3023	2.76682
3024	3024	-16.8102
3025	3025	-17.3119
3026	3026	37.3165
3027	3027	3.71733
3028	3028	34.9579
3029	3029	-15.6034
3030	3030	-3.45898
3031	3031	-34.3831
3032	3032	58.796
3033	3033	6.86928
3034	3034	-5.72238
3035	3035	-25.6975
3036	3036	2.49754
3037	3037	5.6305
3038	3038	-18.6692
3039	3039	-11.1392
3040	3040	-0.205146
3041	3041	0.787914
3042	3042	-14.064
3043	3043	-41.6718
3044	3044	-7.10872
3045	3045	31.6353
3046	3046	5.57464
3047	3047	-22.5856
3048	3048	25.0723
3049	3049	-19.9748
3050	3050	1.30837
3051	3051	-4.83458
3052	3052	-19.6164
3053	3053	-1.63899
3054	3054	-15.58
3055	3055	17.794
3056	3056	20.3996
3057	3057	3.20032
3058	3058	-12.6119
3059	3059	-10.4834
3060	3060	29.7386
3061	3061	21.1771
3062	3062	-2.41975
3063	3063	-1.01072
3064	3064	-8.52771
3065	3065	16.5034
3066	3066	5.11605
3067	3067	-12.3167
3068	3068	-13.1413
3069	3069	-2.45098
3070	3070	-12.5688
3071	3071	-30.0801
3072	3072	16.6771
3073	3073	-33.7695
3074	3074	25.4826
3075	3075	4.99068
3076	3076	-2.2233
3077	3077	-3.7923
3078	3078	26.9812
3079	3079	-15.9483
3080	3080	30.8164
3081	3081	9.04447
3082	3082	-0.270426
3083	3083	-18.229
3084	3084	-34.1401
3085	3085	-17.7824
3086	3086	1.04067
3087	3087	11.87
3088	3088	7.70631
3089	3089	-9.51129
3090	3090	22.1392
3091	3091	15.1561
3092	3092	7.44008
3093	3093	-15.0328
3094	3094	-4.80548
3095	3095	-3.88824
3096	3096	9.57516
3097	3097	5.9385
3098	3098	15.3797
3099	3099	-5.60954
3100	3100	31.3109
3101	3101	32.1398
3102	3102	-17.9134
3103	3103	-39.5557
3104	3104	-25.2866
3105	3105	44.2108
3106	3106	3.96131
3107	3107	21.1561
3108	3108	4.21724
3109	3109	-7.7247
3110	3110	-5.00144
3111	3111	-1.39498
3112	3112	10.8743
3113	3113	12.1137
3114	3114	31.3668
3115	3115	5.28029
3116	3116	-7.5172
3117	3117	-10.1138
3118	3118	-14.5269
3119	3119	3.85698
3120	3120	-8.29045
3121	3121	-14.5821
3122	3122	-13.3482
3123	3123	6.26513
3124	3124	-18.3611
3125	3125	-5.41754
3126	3126	25.8539
3127	3127	-7.31939
3128	3128	16.9472
3129	3129	-13.3354
3130	3130	26.1718
3131	3131	18.5436
3132	3132	-19.5852
3133	3133	19.7357
3134	3134	0.692483
3135	3135	-13.0283
3136	3136	28.2779
3137	3137	-12.1587
3138	3138	-3.1409
3139	3139	2.99567
3140	3140	8.44914
3141	3141	-36.103
3142	3142	-7.10359
3143	3143	39.3228
3144	3144	15.1602
3145	3145	-5.7257
3146	3146	-2.97819
3147	3147	35.559
3148	3148	29.105
3149	3149	-19.268
3150	3150	-1.72254
3151	3151	-4.0666
3152	3152	19.4717
3153	3153	-21.1655
3154	3154	10.596
3155	3155	1.19242
3156	3156	3.95215
3157	3157	10.6902
3158	3158	-21.8644
3159	3159	-17.3191
3160	3160	24.4162
3161	3161	-14.068
3162	3162	-14.4276
3163	3163	2.72091
3164	3164	22.8906
3165	3165	-23.0452
3166	3166	-10.8769
3167	3167	12.9618
3168	3168	5.47916
3169	3169	5.6994
3170	3170	21.6062
3171	3171	25.57
3172	3172	17.7019
3173	3173	-52.8244
3174	3174	-1.11075
3175	3175	-6.22083
3176	3176	-1.45532
3177	3177	34.1897
3178	3178	-3.34884
3179	3179	15.9597
3180	3180	10.8357
3181	3181	-5.90359
3182	3182	-14.3483
3183	3183	-11.8492
3184	3184	-4.50718
3185	3185	15.9212
3186	3186	1.10169
3187	3187	-9.63291
3188	3188	-17.7711
3189	3189	39.3845
3190	3190	-12.354
3191	3191	5.73064
3192	3192	-33.4175
3193	3193	-35.9768
3194	3194	-3.20343
3195	3195	12.9867
3196	3196	-3.71056
3197	3197	18.5218
3198	3198	-13.9466
3199	3199	2.09749
3200	3200	-29.0222
3201	3201	-5.80394
3202	3202	-26.0004
3203	3203	-19.5613
3204	3204	-6.99015
3205	3205	3.24363
3206	3206	0.894152
3207	3207	5.34025
3208	3208	-11.9172
3209	3209	-10.0191
3210	3210	-24.0579
3211	3211	9.44026
3212	3212	5.24236
3213	3213	-22.2075
3214	3214	18.6889
3215	3215	3.99219
3216	3216	7.53686
3217	3217	-15.9632
3218	3218	-16.7044
3219	3219	-0.625714
3220	3220	-11.0404
3221	3221	-20.1321
3222	3222	2.0809
3223	3223	17.4829
3224	3224	-17.0262
3225	3225	18.0755
3226	3226	44.252
3227	3227	12.2028
3228	3228	-14.8274
3229	3229	-0.470478
3230	3230	-14.5616
3231	3231	10.592
3232	3232	-27.8795
3233	3233	-15.7992
3234	3234	33.3476
3235	3235	-4.14885
3236	3236	-7.28258
3237	3237	36.1259
3238	3238	-8.22575
3239	3239	-26.2464
3240	3240	-36.149
3241	3241	-0.996824
3242	3242	13.2344
3243	3243	9.61703
3244	3244	-5.99785
3245	3245	38.3963
3246	3246	15.8407
3247	3247	-13.7211
3248	3248	-31.9308
3249	3249	6.88701
3250	3250	24.5481
3251	3251	-13.5136
3252	3252	0.39739
3253	3253	-12.2409
3254	3254	9.42021
3255	3255	3.68735
3256	3256	-14.2046
3257	3257	7.56678
3258	3258	-19.7567
3259	3259	-24.1533
3260	3260	48.6969
3261	3261	28.6564
3262	3262	-13.6605
3263	3263	31.1295
3264	3264	-14.4896
3265	3265	-2.31699
3266	3266	-9.09969
3267	3267	4.92916
3268	3268	-21.4534
3269	3269	16.3011
3270	3270	0.858762
3271	3271	-16.8839
3272	3272	8.92415
3273	3273	-0.227954
3274	3274	-11.779
3275	3275	8.16509
3276	3276	-25.6209
3277	3277	-11.5842
3278	3278	-5.65773
3279	3279	-2.36699
3280	3280	28.9284
3281	3281	1.16179
3282	3282	-22.4541
3283	3283	31.5522
3284	3284	-21.6541
3285	3285	11.935
3286	3286	-34.8889
3287	3287	-31.6978
3288	3288	7.11021
3289	3289	-12.2813
3290	3290	-4.21179
3291	3291	-14.4698
3292	3292	-5.7457
3293	3293	14.7005
3294	3294	0.00487341
3295	3295	12.5627
3296	3296	-8.22051
3297	3297	-5.29226
3298	3298	-21.5544
3299	3299	10.0341
3300	3300	-5.15531
3301	3301	48.0845
3302	3302	3.22743
3303	3303	6.47235
3304	3304	-9.50914
3305	3305	12.6151
3306	3306	-29.6894
3307	3307	-11.4906
3308	3308	-2.69457
3309	3309	-17.8923
3310	3310	-29.8091
3311	3311	-8.30932
3312	3312	5.9324
3313	3313	11.7737
3314	3314	4.71943
3315	3315	-4.83042
3316	3316	3.88178
3317	3317	-22.4174
3318	3318	9.22027
3319	3319	13.0146
3320	3320	32.7248
3321	3321	-18.4108
3322	3322	14.5608
3323	3323	-15.8825
3324	3324	-10.3544
3325	3325	20.2392
3326	3326	-18.2712
3327	3327	0.655531
3328	3328	-13.7397
3329	3329	-16.4244
3330	3330	-20.2149
3331	3331	37.3153
3332	3332	-38.2903
3333	3333	26.7537
3334	3334	4.6327
3335	3335	14.0673
3336	3336	-2.76253
3337	3337	11.9577
3338	3338	6.28616
3339	3339	-39.6174
3340	3340	-19.9348
3341	3341	-32.219
3342	3342	4.45827
3343	3343	5.18552
3344	3344	14.7518
3345	3345	14.5501
3346	3346	-14.0474
3347	3347	-3.84403
3348	3348	-5.60639
3349	3349	31.5788
3350	3350	26.8978
3351	3351	3.38204
3352	3352	-24.5816
3353	3353	9.68589
3354	3354	10.1794
3355	3355	-23.8612
3356	3356	2.10595
3357	3357	12.2635
3358	3358	21.5812
3359	3359	12.6757
3360	3360	-11.3051
3361	3361	-10.3943
3362	3362	-9.47623
3363	3363	15.9796
3364	3364	2.64588
3365	3365	-0.112146
3366	3366	16.0834
3367	3367	-22.6816
3368	3368	-21.1819
3369	3369	2.34833
3370	3370	-11.5906
3371	3371	9.2618
3372	3372	29.5805
3373	3373	-15.0204
3374	3374	29.1758
3375	3375	12.5843
3376	3376	7.51247
3377	3377	26.681
3378	3378	-25.1314
3379	3379	14.7508
3380	3380	-5.48427
3381	3381	-4.92119
3382	3382	0.105971
3383	3383	16.0379
3384	3384	8.75507
3385	3385	-11.6909
3386	3386	-23.9617
3387	3387	-31.7635
3388	3388	-10.8369
3389	3389	-4.84803
3390	3390	10.5256
3391	3391	34.2298
3392	3392	33.2408
3393	3393	-28.069
3394	3394	-7.41946
3395	3395	-21.8206
3396	3396	-3.9582
3397	3397	-22.6096
3398	3398	-50.685
3399	3399	-4.33622
3400	3400	-15.235
3401	3401	-24.8316
3402	3402	4.39894
3403	3403	4.0778
3404	3404	24.8262
3405	3405	-27.5931
3406	3406	14.9931
3407	3407	-5.86398
3408	3408	-5.33225
3409	3409	19.0938
3410	3410	-9.79975
3411	3411	-34.8646
3412	3412	9.53928
3413	3413	57.0365
3414	3414	-5.97046
3415	3415	33.2757
3416	3416	-9.69355
3417	3417	4.30289
3418	3418	12.7384
3419	3419	36.4227
3420	3420	-24.7035
3421	3421	37.351
3422	3422	-15.6438
3423	3423	-7.89936
3424	3424	-2.64944
3425	3425	2.54192
3426	3426	28.9493
3427	3427	-3.10936
3428	3428	-20.8502
3429	3429	9.29295
3430	3430	-15.977
3431	3431	-28.3294
3432	3432	-8.98028
3433	3433	-2.13702
3434	3434	5.18235
3435	3435	9.19592
3436	3436	5.08435
3437	3437	-3.38827
3438	3438	40.3201
3439	3439	-7.52503
3440	3440	18.4761
3441	3441	12.3276
3442	3442	-19.1127
3443	3443	7.05352
3444	3444	-12.2969
3445	3445	-10.8223
3446	3446	6.0127
3447	3447	10.041
3448	3448	-16.9695
3449	3449	-15.9061
3450	3450	26.7106
3451	3451	-32.7738
3452	3452	-25.8915
3453	3453	10.6718
3454	3454	-2.92378
3455	3455	31.4129
3456	3456	-33.2274
3457	3457	3.49158
3458	3458	6.36255
3459	3459	12.5588
3460	3460	27.4127
3461	3461	-32.2606
3462	3462	-13.9154
3463	3463	4.88099
3464	3464	20.569
3465	3465	26.4414
3466	3466	34.2239
3467	3467	6.93555
3468	3468	-6.40967
3469	3469	-24.381
3470	3470	20.1382
3471	3471	22.5611
3472	3472	-2.98442
3473	3473	-9.9415
3474	3474	19.5322
3475	3475	-31.8206
3476	3476	-23.6769
3477	3477	17.2641
3478	3478	0.982083
3479	3479	-8.60481
3480	3480	-13.9553
3481	3481	-4.29421
3482	3482	-10.404
3483	3483	2.37889
3484	3484	30.7163
3485	3485	4.42627
3486	3486	-4.28683
3487	3487	16.6174
3488	3488	1.19025
3489	3489	2.38901
3490	3490	21.0744
3491	3491	-27.3007
3492	3492	26.9332
3493	3493	-8.51817
3494	3494	-6.61277
3495	3495	-14.5091
3496	3496	0.431484
3497	3497	11.5267
3498	3498	-5.93438
3499	3499	29.354
3500	3500	0.190099
3501	3501	-3.86102
3502	3502	-4.37228
3503	3503	16.5533
3504	3504	1.27272
3505	3505	-4.49039
3506	3506	-23.5444
3507	3507	-21.4493
3508	3508	27.0712
3509	3509	-11.3001
3510	3510	-33.4605
3511	3511	-5.07377
3512	3512	-3.62426
3513	3513	4.49955
3514	3514	-36.6009
3515	3515	37.1114
3516	3516	7.23746
3517	3517	-18.8079
3518	3518	1.26163
3519	3519	-5.6159
3520	3520	0.592464
3521	3521	-20.627
3522	3522	-2.9017
3523	3523	3.33806
3524	3524	30.6286
3525	3525	30.9325
3526	3526	-12.774
3527	3527	-18.0766
3528	3528	-2.46756
3529	3529	-35.7572
3530	3530	-6.13761
3531	3531	47.99
3532	3532	-0.601701
3533	3533	26.4425
3534	3534	25.7218
3535	3535	-0.302543
3536	3536	12.4536
3537	3537	-23.4983
3538	3538	13.6618
3539	3539	-12.0973
3540	3540	4.63371
3541	3541	1.01532
3542	3542	-15.7219
3543	3543	-21.7536
3544	3544	-5.82081
3545	3545	-33.2648
3546	3546	25.9645
3547	3547	4.89154
3548	3548	15.6335
3549	3549	-8.26536
3550	3550	3.50402
3551	3551	-8.71323
3552	3552	5.0573
3553	3553	-2.89494
3554	3554	-14.146
3555	3555	-2.3082
3556	3556	9.56094
3557	3557	-7.25751
3558	3558	21.8539
3559	3559	6.34367
3560	3560	-5.3897
3561	3561	-14.8588
3562	3562	-6.03521
3563	3563	-2.01554
3564	3564	-10.3704
3565	3565	-0.288808
3566	3566	-10.6559
3567	3567	38.7181
3568	3568	2.6075
3569	3569	-4.61931
3570	3570	20.1108
3571	3571	-16.3191
3572	3572	27.2853
3573	3573	-14.9211
3574	3574	8.01981
3575	3575	-30.2088
3576	3576	4.30074
3577	3577	20.0118
3578	3578	-8.05081
3579	3579	-35.6887
3580	3580	-24.4774
3581	3581	-2.98763
3582	3582	-33.3083
3583	3583	-21.6856
3584	3584	29.3956
3585	3585	50.058
3586	3586	-12.1436
3587	3587	-10.9679
3588	3588	10.9348
3589	3589	-12.7817
3590	3590	-14.0122
3591	3591	-2.55746
3592	3592	-13.8568
3593	3593	18.4467
3594	3594	-19.1031
3595	3595	-4.30595
3596	3596	14.2236
3597	3597	-18.3188
3598	3598	-2.35971
3599	3599	-31.889
3600	3600	-2.65436
3601	3601	28.8933
3602	3602	16.0648
3603	3603	17.5245
3604	3604	13.3529
3605	3605	21.3788
3606	3606	-8.53681
3607	3607	2.68987
3608	3608	8.18161
3609	3609	1.0036
3610	3610	34.7232
3611	3611	-19.8103
3612	3612	-3.64152
3613	3613	-2.99059
3614	3614	-12.2882
3615	3615	-7.88662
3616	3616	-8.42973
3617	3617	-8.25512
3618	3618	-8.31323
3619	3619	29.2913
3620	3620	7.46424
3621	3621	-3.754
3622	3622	-11.0526
3623	3623	-13.5639
3624	3624	12.1906
3625	3625	-0.907802
3626	3626	-6.1503
3627	3627	-10.6668
3628	3628	-1.99807
3629	3629	-1.66407
3630	3630	-0.949383
3631	3631	-12.4587
3632	3632	-21.3687
3633	3633	4.05414
3634	3634	-12.6176
3635	3635	-19.3
3636	3636	-3.25712
3637	3637	15.9903
3638	3638	16.3126
3639	3639	-22.5323
3640	3640	12.3111
3641	3641	-6.25482
3642	3642	-5.84432
3643	3643	1.44018
3644	3644	15.2054
3645	3645	24.0329
3646	3646	-0.143833
3647	3647	5.06712
3648	3648	16.1075
3649	3649	-19.6788
3650	3650	7.5872
3651	3651	5.21512
3652	3652	-23.0455
3653	3653	32.8885
3654	3654	6.57292
3655	3655	-16.8503
3656	3656	1.94673
3657	3657	5.72319
3658	3658	-1.59432
3659	3659	-9.85846
3660	3660	5.7412
3661	3661	14.5103
3662	3662	32.7018
3663	3663	-5.37523
3664	3664	4.12489
3665	3665	-1.7033
3666	3666	0.889837
3667	3667	-9.7116
3668	3668	26.8546
3669	3669	-2.92153
3670	3670	1.3281
3671	3671	-6.81233
3672	3672	5.63486
3673	3673	-5.18744
3674	3674	-10.2808
3675	3675	19.7801
3676	3676	-7.18054
3677	3677	-6.12504
3678	3678	2.202
3679	3679	-0.970016
3680	3680	2.33618
3681	3681	6.21621
3682	3682	5.73097
3683	3683	-32.0077
3684	3684	14.5409
3685	3685	8.37975
3686	3686	-7.98913
3687	3687	-24.5363
3688	3688	-11.5412
3689	3689	-9.11853
3690	3690	29.3662
3691	3691	-1.34436
3692	3692	-4.81326
3693	3693	-17.3209
3694	3694	-14.0452
3695	3695	-3.75602
3696	3696	3.98251
3697	3697	-1.04059
3698	3698	-22.5909
3699	3699	-2.48603
3700	3700	15.7938
3701	3701	-25.142
3702	3702	-24.8569
3703	3703	9.60342
3704	3704	32.2222
3705	3705	-8.49306
3706	3706	-16.8526
3707	3707	-13.5571
3708	3708	-10.5481
3709	3709	-12.1369
3710	3710	-7.14924
3711	3711	-9.55947
3712	3712	-15.8496
3713	3713	-11.6148
3714	3714	1.1507
3715	3715	0.810491
3716	3716	-9.6358
3717	3717	13.206
3718	3718	0.493487
3719	3719	15.5974
3720	3720	-5.22573
3721	3721	-20.9967
3722	3722	16.3232
3723	3723	-22.5044
3724	3724	-10.1573
3725	3725	31.4275
3726	3726	26.5047
3727	3727	-25.709
3728	3728	27.0414
3729	3729	18.8474
3730	3730	5.0801
3731	3731	22.0052
3732	3732	27.1498
3733	3733	-11.9508
3734	3734	-3.21894
3735	3735	2.49068
3736	3736	2.81324
3737	3737	-7.26608
3738	3738	-9.87558
3739	3739	-7.96525
3740	3740	10.7455
3741	3741	-34.1095
3742	3742	5.44774
3743	3743	-26.904
3744	3744	10.4472
3745	3745	31.0911
3746	3746	15.0381
3747	3747	0.711713
3748	3748	-21.5197
3749	3749	-11.0679
3750	3750	-27.306
3751	3751	20.3038
3752	3752	-4.93209
3753	3753	35.673
3754	3754	-46.5546
3755	3755	-11.6343
3756	3756	-1.04548
3757	3757	44.4483
3758	3758	-11.9363
3759	3759	-23.0966
3760	3760	44.3478
3761	3761	8.07404
3762	3762	33.0727
3763	3763	5.17793
3764	3764	15.0728
3765	3765	11.4444
3766	3766	26.4676
3767	3767	7.45563
3768	3768	-25.855
3769	3769	7.42526
3770	3770	6.3604
3771	3771	59.2083
3772	3772	29.7778
3773	3773	7.3246
3774	3774	7.59741
3775	3775	-6.75389
3776	3776	9.47849
3777	3777	-9.8934
3778	3778	10.7248
3779	3779	-20.4981
3780	3780	1.50004
3781	3781	-2.08225
3782	3782	-38.2621
3783	3783	4.33706
3784	3784	-12.6693
3785	3785	27.8253
3786	3786	25.7574
3787	3787	-16.3891
3788	3788	-26.2188
3789	3789	7.69585
3790	3790	25.8499
3791	3791	-10.7895
3792	3792	25.2826
3793	3793	12.5228
3794	3794	-14.0325
3795	3795	11.8185
3796	3796	-12.2025
3797	3797	-1.42301
3798	3798	-20.606
3799	3799	-4.87493
3800	3800	-9.2375
3801	3801	-21.6726
3802	3802	2.97609
3803	3803	29.3816
3804	3804	3.78474
3805	3805	-25.6096
3806	3806	25.7038
3807	3807	-1.16675
3808	3808	4.26337
3809	3809	-2.3995
3810	3810	-24.367
3811	3811	-10.4539
3812	3812	-13.135
3813	3813	11.6941
3814	3814	5.20848
3815	3815	41.0846
3816	3816	10.6355
3817	3817	1.28309
3818	3818	-38.0338
3819	3819	4.08768
3820	3820	-34.27
3821	3821	13.6716
3822	3822	37.589
3823	3823	-4.61264
3824	3824	-10.8886
3825	3825	-0.412904
3826	3826	3.23565
3827	3827	-1.99892
3828	3828	-2.6783
3829	3829	15.4203
3830	3830	-16.951
3831	3831	59.8197
3832	3832	31.6321
3833	3833	19.7578
3834	3834	-8.826
3835	3835	14.6275
3836	3836	25.349
3837	3837	11.9954
3838	3838	-32.2118
3839	3839	15.9249
3840	3840	-1.07677
3841	3841	-15.2752
3842	3842	-1.16181
3843	3843	16.789
3844	3844	-14.9688
3845	3845	-6.59624
3846	3846	-0.922407
3847	3847	-29.3358
3848	3848	-10.4884
3849	3849	-29.0268
3850	3850	-18.9378
3851	3851	-12.0194
3852	3852	1.89941
3853	3853	-6.84202
3854	3854	14.3767
3855	3855	-29.4927
3856	3856	9.25845
3857	3857	-10.1014
3858	3858	10.528
3859	3859	-4.92067
3860	3860	-15.3289
3861	3861	29.1356
3862	3862	3.72461
3863	3863	25.5815
3864	3864	-13.7122
3865	3865	-1.15568
3866	3866	1.49209
3867	3867	2.82005
3868	3868	18.605
3869	3869	-9.81919
3870	3870	-5.85397
3871	3871	-5.17258
3872	3872	-13.492
3873	3873	-24.4164
3874	3874	-14.035
3875	3875	-6.56968
3876	3876	-18.1426
3877	3877	-1.61043
3878	3878	-6.0512
3879	3879	41.4044
3880	3880	-11.0053
3881	3881	28.9382
3882	3882	-10.1123
3883	3883	-13.5227
3884	3884	-33.4879
3885	3885	4.91701
3886	3886	6.20974
3887	3887	16.34
3888	3888	1.2932
3889	3889	-1.6723
3890	3890	-6.16472
3891	3891	0.637059
3892	3892	-22.0992
3893	3893	14.5552
3894	3894	-11.0902
3895	3895	0.471511
3896	3896	-6.54068
3897	3897	17.8032
3898	3898	-2.58113
3899	3899	-19.5745
3900	3900	-3.65566
3901	3901	-23.9473
3902	3902	-13.2445
3903	3903	15.8349
3904	3904	-9.80276
3905	3905	5.57307
3906	3906	-1.2626
3907	3907	8.12979
3908	3908	1.21411
3909	3909	11.9094
3910	3910	28.1261
3911	3911	-11.6245
3912	3912	-12.7712
3913	3913	-5.08912
3914	3914	-0.869177
3915	3915	32.9718
3916	3916	-0.927708
3917	3917	-0.70537
3918	3918	-13.6153
3919	3919	-16.8777
3920	3920	2.13454
3921	3921	14.1898
3922	3922	-18.5457
3923	3923	15.3956
3924	3924	33.4961
3925	3925	4.11142
3926	3926	-9.07012
3927	3927	9.06604
3928	3928	4.75287
3929	3929	6.38715
3930	3930	10.4305
3931	3931	-20.0456
3932	3932	-9.61887
3933	3933	9.41493
3934	3934	35.2305
3935	3935	-35.9827
3936	3936	13.8825
3937	3937	-21.8634
3938	3938	-0.640324
3939	3939	-14.7571
3940	3940	2.93544
3941	3941	16.323
3942	3942	29.0116
3943	3943	0.0705511
3944	3944	-6.82031
3945	3945	-20.749
3946	3946	-55.3999
3947	3947	-21.6715
3948	3948	10.4723
3949	3949	52.9435
3950	3950	-1.97017
3951	3951	-19.5302
3952	3952	-23.4505
3953	3953	16.6306
3954	3954	-11.3637
3955	3955	-1.09819
3956	3956	-2.18471
3957	3957	5.51977
3958	3958	-32.2325
3959	3959	1.10785
3960	3960	11.2664
3961	3961	21.4307
3962	3962	40.7919
3963	3963	38.4321
3964	3964	-7.57086
3965	3965	5.45735
3966	3966	0.0542431
3967	3967	6.92165
3968	3968	-2.08133
3969	3969	11.936
3970	3970	-19.4369
3971	3971	-27.6618
3972	3972	-1.20508
3973	3973	11.3083
3974	3974	-35.9092
3975	3975	14.757
3976	3976	-7.93564
3977	3977	24.8736
3978	3978	-6.48898
3979	3979	-1.62174
3980	3980	-29.2855
3981	3981	35.7466
3982	3982	-12.9563
3983	3983	15.0245
3984	3984	-40.4112
3985	3985	-6.13506
3986	3986	15.8628
3987	3987	6.52087
3988	3988	20.0628
3989	3989	10.6275
3990	3990	3.12729
3991	3991	4.40229
3992	3992	30.2435
3993	3993	-5.00262
3994	3994	-7.12808
3995	3995	1.8343
3996	3996	0.120468
3997	3997	19.1163
3998	3998	-19.8734
3999	3999	19.342
4000	4000	-18.7721
4001	4001	0.823628
4002	4002	4.38701
4003	4003	-2.14089
4004	4004	-10.3807
4005	4005	12.9737
4006	4006	16.7246
4007	4007	13.1654
4008	4008	-15.7937
4009	4009	-3.77705
4010	4010	33.6023
4011	4011	28.3949
4012	4012	-11.9138
4013	4013	-17.8564
4014	4014	-19.5528
4015	4015	23.9291
4016	4016	10.0352
4017	4017	17.238
4018	4018	25.3561
4019	4019	-23.08
4020	4020	20.0507
4021	4021	4.97022
4022	4022	-12.4618
4023	4023	10.9842
4024	4024	-37.1816
4025	4025	26.1337
4026	4026	19.7447
4027	4027	26.6928
4028	4028	-8.19364
4029	4029	4.25826
4030	4030	-6.45134
4031	4031	10.44
4032	4032	19.6555
4033	4033	-25.1396
4034	4034	7.47033
4035	4035	-36.5209
4036	4036	11.4584
4037	4037	-1.41737
4038	4038	-11.6325
4039	4039	-8.36533
4040	4040	-36.9915
4041	4041	-12.3689
4042	4042	-2.08428
4043	4043	37.2282
4044	4044	20.9149
4045	4045	-11.231
4046	4046	-8.49076
4047	4047	35.5649
4048	4048	-4.5646
4049	4049	10.3565
4050	4050	-19.4583
4051	4051	-15.4243
4052	4052	-5.19976
4053	4053	10.529
4054	4054	5.88067
4055	4055	-1.18792
4056	4056	4.36713
4057	4057	-2.41051
4058	4058	21.1286
4059	4059	23.3312
4060	4060	-25.5326
4061	4061	5.62436
4062	4062	22.8132
4063	4063	-11.0147
4064	4064	21.2658
4065	4065	-8.74424
4066	4066	27.2845
4067	4067	4.15671
4068	4068	11.6832
4069	4069	-16.6461
4070	4070	-32.5379
4071	4071	18.0049
4072	4072	17.0428
4073	4073	16.2886
4074	4074	23.4167
4075	4075	7.10624
4076	4076	2.22757
4077	4077	-13.897
4078	4078	-6.8753
4079	4079	31.9382
4080	4080	-1.25023
4081	4081	4.56025
4082	4082	-13.7606
4083	4083	-10.9921
4084	4084	13.3761
4085	4085	-6.15858
4086	4086	21.7103
4087	4087	12.0918
4088	4088	22.1539
4089	4089	-7.17805
4090	4090	-22.2537
4091	4091	-9.82288
4092	4092	-1.16212
4093	4093	-37.2321
4094	4094	-0.248853
4095	4095	16.1742
4096	4096	-14.4696
4097	4097	-2.81468
4098	4098	9.94175
4099	4099	13.4922
4100	4100	-14.3758
4101	4101	-16.2157
4102	4102	-20.0509
4103	4103	33.297
4104	4104	5.42703
4105	4105	11.5486
4106	4106	-12.8687
4107	4107	-12.6011
4108	4108	-11.4982
4109	4109	-22.1284
4110	4110	-11.3281
4111	4111	7.36879
4112	4112	-6.05879
4113	4113	21.2756
4114	4114	-18.454
4115	4115	-15.392
4116	4116	-7.98753
4117	4117	27.573
4118	4118	-7.30732
4119	4119	2.31259
4120	4120	3.42272
4121	4121	0.136558
4122	4122	11.7731
4123	4123	12.2268
4124	4124	-23.0738
4125	4125	-11.1572
4126	4126	-10.762
4127	4127	11.5552
4128	4128	-6.82593
4129	4129	-26.5812
4130	4130	-8.84232
4131	4131	-6.0951
4132	4132	-10.6655
4133	4133	14.7563
4134	4134	-21.9673
4135	4135	-15.4753
4136	4136	21.5019
4137	4137	12.0287
4138	4138	38.7474
4139	4139	30.6032
4140	4140	2.48622
4141	4141	-14.2812
4142	4142	-9.87653
4143	4143	21.637
4144	4144	-31.9871
4145	4145	31.5645
4146	4146	-2.37585
4147	4147	-31.5732
4148	4148	-1.84304
4149	4149	2.01586
4150	4150	18.059
4151	4151	-8.46754
4152	4152	6.55686
4153	4153	-6.81971
4154	4154	-5.49514
4155	4155	11.6826
4156	4156	-1.88492
4157	4157	1.57263
4158	4158	-3.88357
4159	4159	34.7344
4160	4160	7.94002
4161	4161	21.415
4162	4162	3.33127
4163	4163	-21.0161
4164	4164	24.719
4165	4165	4.51497
4166	4166	-11.0345
4167	4167	-2.56389
4168	4168	27.9591
4169	4169	-1.23696
4170	4170	-19.1828
4171	4171	-3.52322
4172	4172	-8.21071
4173	4173	4.62117
4174	4174	-0.577111
4175	4175	-15.5914
4176	4176	-13.9329
4177	4177	-13.2399
4178	4178	9.88811
4179	4179	16.5224
4180	4180	-37.5953
4181	4181	14.8002
4182	4182	-24.963
4183	4183	-27.8785
4184	4184	-8.11057
4185	4185	9.15845
4186	4186	9.9509
4187	4187	1.05863
4188	4188	-10.8214
4189	4189	-2.54807
4190	4190	-15.8618
4191	4191	-8.59975
4192	4192	11.9989
4193	4193	-19.533
4194	4194	-23.9075
4195	4195	23.6712
4196	4196	-14.5661
4197	4197	-20.0729
4198	4198	5.48969
4199	4199	10.8162
4200	4200	16.188
4201	4201	10.5937
4202	4202	4.74893
4203	4203	-25.1521
4204	4204	24.7678
4205	4205	2.15471
4206	4206	-23.7145
4207	4207	-9.67593
4208	4208	17.4966
4209	4209	3.56576
4210	4210	16.6537
4211	4211	17.508
4212	4212	-13.8657
4213	4213	21.3745
4214	4214	16.1393
4215	4215	-21.9387
4216	4216	18.8355
4217	4217	-0.16084
4218	4218	21.5418
4219	4219	11.5147
4220	4220	-16.1635
4221	4221	-12.9398
4222	4222	-33.0049
4223	4223	1.38209
4224	4224	8.38053
4225	4225	35.242
4226	4226	-8.81456
4227	4227	-11.1352
4228	4228	11.4839
4229	4229	1.72762
4230	4230	-5.31201
4231	4231	-4.50927
4232	4232	-23.4397
4233	4233	-13.325
4234	4234	4.65511
4235	4235	8.72302
4236	4236	2.99741
4237	4237	-4.17823
4238	4238	1.00214
4239	4239	4.05729
4240	4240	-3.18883
4241	4241	-17.5981
4242	4242	-7.37751
4243	4243	8.33914
4244	4244	12.0503
4245	4245	1.95659
4246	4246	29.8714
4247	4247	-26.2655
4248	4248	0.306086
4249	4249	29.3879
4250	4250	-1.94239
4251	4251	9.97384
4252	4252	-2.50308
4253	4253	3.74344
4254	4254	-17.9964
4255	4255	4.01938
4256	4256	-1.89553
4257	4257	3.80602
4258	4258	19.9134
4259	4259	6.42446
4260	4260	-10.8547
4261	4261	-15.7518
4262	4262	13.4172
4263	4263	-9.98316
4264	4264	39.6415
4265	4265	8.56228
4266	4266	-24.0033
4267	4267	22.1747
4268	4268	-25.3422
4269	4269	-4.25204
4270	4270	7.99029
4271	4271	-1.4122
4272	4272	12.5664
4273	4273	19.8697
4274	4274	-4.03105
4275	4275	17.966
4276	4276	-6.41996
4277	4277	-1.9789
4278	4278	-19.0934
4279	4279	-1.06771
4280	4280	5.58299
4281	4281	-0.712251
4282	4282	34.4729
4283	4283	-21.8295
4284	4284	-27.5201
4285	4285	-2.49296
4286	4286	-20.1421
4287	4287	20.7617
4288	4288	0.404538
4289	4289	-1.46639
4290	4290	-5.74276
4291	4291	-14.9061
4292	4292	-6.81811
4293	4293	-18.4021
4294	4294	-18.0702
4295	4295	14.8589
4296	4296	-5.51131
4297	4297	-4.0475
4298	4298	21.0773
4299	4299	-14.1987
4300	4300	22.2333
4301	4301	-19.1501
4302	4302	19.7082
4303	4303	3.46863
4304	4304	8.6495
4305	4305	-21.5671
4306	4306	17.3819
4307	4307	-10.8622
4308	4308	6.56181
4309	4309	-10.0147
4310	4310	-0.557506
4311	4311	-4.17111
4312	4312	-18.8754
4313	4313	9.92515
4314	4314	-7.47742
4315	4315	22.0798
4316	4316	6.07497
4317	4317	-21.7771
4318	4318	2.12974
4319	4319	50.6441
4320	4320	19.6963
4321	4321	-16.9731
4322	4322	-13.0454
4323	4323	-15.0666
4324	4324	9.62938
4325	4325	-11.2429
4326	4326	15.1339
4327	4327	24.8026
4328	4328	29.0718
4329	4329	-5.15352
4330	4330	21.9521
4331	4331	6.80867
4332	4332	-4.48988
4333	4333	-14.8462
4334	4334	-18.5272
4335	4335	2.8581
4336	4336	26.5957
4337	4337	-17.7654
4338	4338	10.9319
4339	4339	-15.4389
4340	4340	3.97062
4341	4341	3.23079
4342	4342	1.4347
4343	4343	-6.54073
4344	4344	8.12967
4345	4345	-19.8429
4346	4346	8.78254
4347	4347	13.4774
4348	4348	-21.3978
4349	4349	10.7408
4350	4350	-20.8064
4351	4351	2.24065
4352	4352	19.2628
4353	4353	12.7687
4354	4354	-23.5527
4355	4355	-8.71558
4356	4356	1.49864
4357	4357	-7.17247
4358	4358	-22.7473
4359	4359	-15.5248
4360	4360	25.1395
4361	4361	8.45025
4362	4362	7.50028
4363	4363	2.59621
4364	4364	-7.79226
4365	4365	12.9736
4366	4366	-14.8427
4367	4367	13.4851
4368	4368	3.05416
4369	4369	43.0629
4370	4370	-10.9381
4371	4371	9.23901
4372	4372	1.37956
4373	4373	-40.2191
4374	4374	36.5006
4375	4375	-7.28545
4376	4376	16.8132
4377	4377	-14.3043
4378	4378	-22.5994
4379	4379	-5.71707
4380	4380	44.4493
4381	4381	15.7188
4382	4382	6.24397
4383	4383	-9.01456
4384	4384	-11.1152
4385	4385	-20.1354
4386	4386	-8.10795
4387	4387	-2.70225
4388	4388	-5.56476
4389	4389	1.60657
4390	4390	7.51531
4391	4391	17.6824
4392	4392	-0.0804695
4393	4393	14.4181
4394	4394	-17.6538
4395	4395	27.5658
4396	4396	0.572593
4397	4397	-25.0061
4398	4398	-17.3152
4399	4399	13.5809
4400	4400	11.3966
4401	4401	1.50507
4402	4402	-23.8664
4403	4403	5.41303
4404	4404	15.3184
4405	4405	23.7469
4406	4406	-5.47771
4407	4407	24.6632
4408	4408	-16.9135
4409	4409	14.6881
4410	4410	49.2319
4411	4411	-4.78698
4412	4412	-12.9022
4413	4413	-26.6482
4414	4414	-12.6561
4415	4415	21.0336
4416	4416	-7.73907
4417	4417	10.2513
4418	4418	-35.9814
4419	4419	-15.6748
4420	4420	-9.68205
4421	4421	10.287
4422	4422	-10.7198
4423	4423	2.0864
4424	4424	-0.0140816
4425	4425	1.13776
4426	4426	-5.90438
4427	4427	8.52168
4428	4428	-19.0619
4429	4429	-34.3197
4430	4430	1.61856
4431	4431	9.49305
4432	4432	10.5495
4433	4433	7.77034
4434	4434	9.95293
4435	4435	-17.1713
4436	4436	-9.77109
4437	4437	3.16842
4438	4438	-26.9511
4439	4439	-22.7232
4440	4440	-9.48549
4441	4441	36.9139
4442	4442	-14.054
4443	4443	-3.04014
4444	4444	-25.5523
4445	4445	-7.16789
4446	4446	1.07888
4447	4447	-24.4194
4448	4448	-18.9803
4449	4449	-15.6801
4450	4450	25.7864
4451	4451	31.4349
4452	4452	20.6087
4453	4453	4.75945
4454	4454	-16.3544
4455	4455	27.6415
4456	4456	21.4515
4457	4457	-0.979165
4458	4458	-2.429
4459	4459	-27.6919
4460	4460	-16.3498
4461	4461	-7.73571
4462	4462	-14.6001
4463	4463	-18.9125
4464	4464	3.3364
4465	4465	11.6328
4466	4466	-3.63672
4467	4467	-3.53565
4468	4468	-21.4488
4469	4469	9.36279
4470	4470	23.3371
4471	4471	25.7304
4472	4472	16.5795
4473	4473	19.7696
4474	4474	6.76344
4475	4475	2.8618
4476	4476	29.1418
4477	4477	3.40506
4478	4478	-1.24922
4479	4479	26.4744
4480	4480	-9.53112
4481	4481	-8.52787
4482	4482	-2.54333
4483	4483	12.2247
4484	4484	-15.0795
4485	4485	-20.118
4486	4486	-0.309616
4487	4487	-22.5673
4488	4488	10.282
4489	4489	28.8198
4490	4490	11.4999
4491	4491	-10.1825
4492	4492	36.5307
4493	4493	-13.0357
4494	4494	-3.6942
4495	4495	-29.5565
4496	4496	24.0047
4497	4497	23.0149
4498	4498	33.5013
4499	4499	14.7075
4500	4500	-41.6038
4501	4501	-6.10127
4502	4502	1.09392
4503	4503	8.90491
4504	4504	-2.52249
4505	4505	3.04268
4506	4506	6.92297
4507	4507	-9.04852
4508	4508	-4.58848
4509	4509	-17.0036
4510	4510	-2.16473
4511	4511	-18.3945
4512	4512	29.13
4513	4513	0.871468
4514	4514	-13.3615
4515	4515	-29.9422
4516	4516	16.4868
4517	4517	-12.1719
4518	4518	-7.91081
4519	4519	8.81062
4520	4520	-13.9906
4521	4521	-29.276
4522	4522	17.1346
4523	4523	-2.6168
4524	4524	33.4824
4525	4525	36.1891
4526	4526	7.39994
4527	4527	47.6151
4528	4528	-30.6526
4529	4529	-12.3585
4530	4530	7.79734
4531	4531	-21.2352
4532	4532	-5.36501
4533	4533	-8.64688
4534	4534	-3.46885
4535	4535	3.06687
4536	4536	-22.0302
4537	4537	-0.757639
4538	4538	-7.80678
4539	4539	-15.5165
4540	4540	0.537666
4541	4541	4.37272
4542	4542	2.99681
4543	4543	-16.9263
4544	4544	-13.1367
4545	4545	-44.639
4546	4546	-2.02842
4547	4547	18.4297
4548	4548	-6.48872
4549	4549	47.2406
4550	4550	-8.06632
4551	4551	15.5919
4552	4552	-19.9692
4553	4553	5.66958
4554	4554	-6.59987
4555	4555	-0.777129
4556	4556	1.45213
4557	4557	9.0173
4558	4558	-7.5426
4559	4559	-16.6086
4560	4560	17.6276
4561	4561	-31.473
4562	4562	18.0916
4563	4563	-2.55191
4564	4564	-26.0245
4565	4565	-6.69833
4566	4566	26.9245
4567	4567	46.7021
4568	4568	9.58038
4569	4569	7.20981
4570	4570	20.715
4571	4571	-9.0676
4572	4572	-11.5755
4573	4573	15.9331
4574	4574	5.96518
4575	4575	9.29282
4576	4576	5.2681
4577	4577	21.5778
4578	4578	19.8408
4579	4579	49.1372
4580	4580	-11.4308
4581	4581	7.85101
4582	4582	-5.43892
4583	4583	2.34584
4584	4584	11.301
4585	4585	-8.70082
4586	4586	10.7636
4587	4587	-6.81725
4588	4588	12.4021
4589	4589	23.4815
4590	4590	-0.75542
4591	4591	-20.6731
4592	4592	-5.21043
4593	4593	24.4121
4594	4594	-11.256
4595	4595	-6.70785
4596	4596	10.6181
4597	4597	-11.5547
4598	4598	24.8784
4599	4599	-26.7189
4600	4600	24.6332
4601	4601	37.1789
4602	4602	-9.54818
4603	4603	14.0667
4604	4604	4.89815
4605	4605	-4.17977
4606	4606	-17.6854
4607	4607	-11.5586
4608	4608	19.2563
4609	4609	4.79248
4610	4610	9.97524
4611	4611	-37.4671
4612	4612	6.8301
4613	4613	-22.2183
4614	4614	11.4811
4615	4615	10.949
4616	4616	3.19806
4617	4617	3.54292
4618	4618	-15.4729
4619	4619	-25.8697
4620	4620	-8.61493
4621	4621	-6.15889
4622	4622	27.4278
4623	4623	-15.3662
4624	4624	-11.5438
4625	4625	14.403
4626	4626	45.0669
4627	4627	13.0651
4628	4628	15.1078
4629	4629	4.72844
4630	4630	22.524
4631	4631	9.98166
4632	4632	-30.9184
4633	4633	8.37363
4634	4634	-15.0445
4635	4635	2.03331
4636	4636	-37.5899
4637	4637	8.99234
4638	4638	-1.80589
4639	4639	4.67601
4640	4640	-20.5621
4641	4641	18.3985
4642	4642	6.50415
4643	4643	-0.17755
4644	4644	0.460885
4645	4645	6.33674
4646	4646	8.60548
4647	4647	-33.3368
4648	4648	-22.2898
4649	4649	15.871
4650	4650	-28.5572
4651	4651	-35.0943
4652	4652	-11.9168
4653	4653	0.392422
4654	4654	-24.0551
4655	4655	-8.30444
4656	4656	8.27981
4657	4657	-10.9283
4658	4658	29.3057
4659	4659	-13.3197
4660	4660	-1.42373
4661	4661	24.136
4662	4662	20.3452
4663	4663	-15.407
4664	4664	-22.9397
4665	4665	-17.9711
4666	4666	5.62133
4667	4667	-25.0702
4668	4668	30.8853
4669	4669	11.3026
4670	4670	-20.347
4671	4671	3.27885
4672	4672	4.13587
4673	4673	-20.431
4674	4674	0.87598
4675	4675	5.60793
4676	4676	-15.1862
4677	4677	-16.6003
4678	4678	-5.16918
4679	4679	46.644
4680	4680	-29.748
4681	4681	7.80115
4682	4682	-3.67086
4683	4683	7.47361
4684	4684	21.9841
4685	4685	-8.55476
4686	4686	15.057
4687	4687	1.33466
4688	4688	-14.2123
4689	4689	-18.7162
4690	4690	60.3656
4691	4691	28.6753
4692	4692	-3.14639
4693	4693	-16.6703
4694	4694	-3.10845
4695	4695	-11.863
4696	4696	-8.93122
4697	4697	23.4822
4698	4698	4.76277
4699	4699	-15.2546
4700	4700	31.0463
4701	4701	45.0616
4702	4702	18.4392
4703	4703	-26.6801
4704	4704	-33.689
4705	4705	33.8838
4706	4706	-24.7183
4707	4707	10.6385
4708	4708	-8.20446
4709	4709	-2.6649
4710	4710	16.2136
4711	4711	3.81553
4712	4712	-28.7841
4713	4713	-12.3655
4714	4714	36.5794
4715	4715	-1.22592
4716	4716	5.387
4717	4717	-1.29644
4718	4718	12.7171
4719	4719	31.614
4720	4720	22.1967
4721	4721	16.8745
4722	4722	-0.118989
4723	4723	-38.6823
4724	4724	-11.1225
4725	4725	-1.586
4726	4726	-22.6063
4727	4727	33.2046
4728	4728	-0.656057
4729	4729	11.9545
4730	4730	1.79408
4731	4731	-6.17212
4732	4732	-30.719
4733	4733	-23.9089
4734	4734	7.15763
4735	4735	27.1083
4736	4736	28.1965
4737	4737	-7.57408
4738	4738	1.49614
4739	4739	14.1631
4740	4740	-9.54175
4741	4741	-7.73759
4742	4742	-36.6272
4743	4743	-13.5177
4744	4744	35.7824
4745	4745	-14.2277
4746	4746	19.4931
4747	4747	33.1973
4748	4748	-24.3753
4749	4749	9.19399
4750	4750	29.1975
4751	4751	-1.32763
4752	4752	4.10378
4753	4753	22.1718
4754	4754	-6.33488
4755	4755	28.8959
4756	4756	41.2426
4757	4757	-11.381
4758	4758	-6.08965
4759	4759	2.36967
4760	4760	-9.05728
4761	4761	12.9151
4762	4762	-47.2596
4763	4763	-4.01581
4764	4764	24.104
4765	4765	17.8358
4766	4766	-14.3226
4767	4767	12.2963
4768	4768	19.8778
4769	4769	-4.24968
4770	4770	-29.6939
4771	4771	17.8137
4772	4772	-14.3736
4773	4773	-4.09032
4774	4774	-20.0322
4775	4775	29.9526
4776	4776	-22.4285
4777	4777	-5.67845
4778	4778	-24.0548
4779	4779	26.0514
4780	4780	4.67506
4781	4781	-16.1509
4782	4782	1.04686
4783	4783	25.8115
4784	4784	23.8227
4785	4785	37.9387
4786	4786	-18.192
4787	4787	-12.7265
4788	4788	-27.502
4789	4789	8.76749
4790	4790	23.6832
4791	4791	-3.37981
4792	4792	43.3974
4793	4793	-4.56421
4794	4794	-15.5657
4795	4795	2.33865
4796	4796	-33.4371
4797	4797	-1.48259
4798	4798	29.0017
4799	4799	-37.3253
