sample_id	sample_id2	phensim
zero	zero	-13.4865
1	1	5.68459
2	2	14.8002
3	3	1.51465
4	4	18.6542
5	5	9.12332
6	6	-10.2937
7	7	-12.4622
8	8	-21.7758
9	9	8.13483
10	10	-27.4049
11	11	-28.526
12	12	3.7591
13	13	-2.43109
14	14	17.5081
15	15	-18.4765
16	16	4.22089
17	17	-0.871774
18	18	-19.5007
19	19	-1.25634
20	20	-7.24155
21	21	-30.861
22	22	-14.5757
23	23	16.7536
24	24	24.026
25	25	-1.30161
26	26	-24.8819
27	27	9.22786
28	28	8.93893
29	29	-1.7132
30	30	0.527462
31	31	-29.3292
32	32	-10.979
33	33	1.28069
34	34	23.7905
35	35	-16.5266
36	36	-11.0734
37	37	-21.9824
38	38	-3.57821
39	39	-20.7086
40	40	8.59275
41	41	-3.95718
42	42	-10.3925
43	43	-20.2959
44	44	20.893
45	45	17.5018
46	46	3.84703
47	47	-1.26578
48	48	-5.46957
49	49	0.393224
50	50	30.0384
51	51	-18.055
52	52	-0.991404
53	53	39.8674
54	54	2.55379
55	55	0.306671
56	56	7.9655
57	57	19.3442
58	58	-14.6534
59	59	-0.940671
60	60	2.36346
61	61	-1.83442
62	62	-26.8097
63	63	-0.929914
64	64	-5.77714
65	65	-1.04108
66	66	4.99443
67	67	6.89364
68	68	11.0395
69	69	-17.7173
70	70	-1.47687
71	71	-6.47633
72	72	26.8517
73	73	13.4814
74	74	-11.7524
75	75	14.1796
76	76	-29.0533
77	77	-1.25804
78	78	-0.789674
79	79	-0.339258
80	80	27.4049
81	81	-28.211
82	82	11.6311
83	83	22.098
84	84	-17.1477
85	85	-6.28096
86	86	-4.60843
87	87	-11.8855
88	88	-3.01933
89	89	-8.60626
90	90	10.3359
91	91	-16.9345
92	92	17.1603
93	93	0.402526
94	94	1.4851
95	95	2.45145
96	96	-0.874613
97	97	-13.8717
98	98	7.51894
99	99	15.0242
100	100	12.2971
101	101	-16.2659
102	102	6.3084
103	103	21.4724
104	104	-17.5093
105	105	-21.0392
106	106	38.3051
107	107	5.11296
108	108	-18.7231
109	109	25.6036
110	110	3.49721
111	111	-8.05574
112	112	-1.57927
113	113	8.32784
114	114	-10.4701
115	115	-2.88537
116	116	-1.74055
117	117	5.42975
118	118	-23.8315
119	119	-27.6659
120	120	10.292
121	121	19.7009
122	122	5.33761
123	123	15.6125
124	124	-1.44016
125	125	0.674976
126	126	-15.02
127	127	1.12602
128	128	35.9698
129	129	-1.58576
130	130	-5.91217
131	131	-13.8585
132	132	9.32063
133	133	-13.0418
134	134	21.1539
135	135	15.0746
136	136	2.72645
137	137	13.6873
138	138	6.47103
139	139	5.99102
140	140	25.3387
141	141	6.98728
142	142	16.8818
143	143	-32.7264
144	144	-0.156139
145	145	-17.6791
146	146	-4.98065
147	147	2.35249
148	148	13.9768
149	149	17.4204
150	150	-15.1846
151	151	13.4901
152	152	9.74964
153	153	-40.7581
154	154	28.4994
155	155	-29.9
156	156	14.0307
157	157	-9.14786
158	158	-12.6215
159	159	-16.6517
160	160	-2.05242
161	161	23.0056
162	162	-5.05535
163	163	3.87358
164	164	-7.84911
165	165	7.01079
166	166	-24.7562
167	167	-6.04283
168	168	-10.1134
169	169	5.774
170	170	-24.1093
171	171	26.3747
172	172	12.556
173	173	-12.8058
174	174	-12.3314
175	175	-14.1282
176	176	-31.4167
177	177	-5.47261
178	178	9.2966
179	179	-6.81895
180	180	6.04796
181	181	5.8754
182	182	-23.507
183	183	-7.39016
184	184	34.8306
185	185	14.2646
186	186	-7.9643
187	187	-15.7907
188	188	-6.48064
189	189	-39.6905
190	190	23.1197
191	191	-9.83126
192	192	30.0648
193	193	23.1831
194	194	-10.5864
195	195	-3.18385
196	196	20.7421
197	197	2.98482
198	198	-16.9111
199	199	-24.889
200	200	6.96561
201	201	4.47021
202	202	3.15253
203	203	2.02238
204	204	34.6766
205	205	23.114
206	206	4.9862
207	207	-33.6288
208	208	7.67964
209	209	4.91372
210	210	10.9228
211	211	5.63729
212	212	-26.3252
213	213	20.2402
214	214	-5.47661
215	215	-13.7227
216	216	-26.5415
217	217	22.6544
218	218	-6.97069
219	219	8.06949
220	220	27.9158
221	221	20.1042
222	222	13.0298
223	223	-12.4581
224	224	-2.43765
225	225	-4.65507
226	226	-1.42417
227	227	-0.574212
228	228	10.4973
229	229	9.22646
230	230	-2.41918
231	231	-18.7951
232	232	8.44746
233	233	-21.8094
234	234	17.1247
235	235	6.47848
236	236	21.0257
237	237	17.7783
238	238	-3.67184
239	239	39.3515
240	240	-11.9774
241	241	-12.8907
242	242	-6.85158
243	243	-31.6585
244	244	4.94406
245	245	17.2489
246	246	-0.0353103
247	247	4.49551
248	248	20.2727
249	249	-12.2205
250	250	23.911
251	251	41.7432
252	252	-47.0287
253	253	30.8908
254	254	28.4975
255	255	-24.3918
256	256	13.6037
257	257	12.2194
258	258	-22.7085
259	259	-0.417002
260	260	-34.8657
261	261	9.74743
262	262	13.3911
263	263	12.1967
264	264	-22.7166
265	265	-7.29674
266	266	-12.8169
267	267	27.0367
268	268	-9.85106
269	269	-0.143009
270	270	-31.9837
271	271	2.29041
272	272	-9.40333
273	273	7.00699
274	274	-13.7423
275	275	-5.27558
276	276	-3.14498
277	277	3.95106
278	278	33.0113
279	279	-9.23199
280	280	13.9517
281	281	-9.04828
282	282	-7.19261
283	283	-15.4766
284	284	-22.9976
285	285	-3.54484
286	286	21.235
287	287	28.836
288	288	15.3919
289	289	-17.5461
290	290	9.16006
291	291	8.32525
292	292	2.19379
293	293	9.08124
294	294	8.99542
295	295	-31.9342
296	296	29.4677
297	297	-2.32824
298	298	10.2032
299	299	-4.01614
300	300	11.8453
301	301	7.67602
302	302	-26.3534
303	303	9.5513
304	304	-10.1509
305	305	10.3007
306	306	1.05152
307	307	8.05759
308	308	21.53
309	309	-5.15729
310	310	-17.2647
311	311	10.5483
312	312	-2.3423
313	313	9.09156
314	314	46.4864
315	315	1.43713
316	316	18.2675
317	317	19.5756
318	318	-22.73
319	319	-16.7291
320	320	-0.565456
321	321	3.21263
322	322	-16.968
323	323	1.44789
324	324	9.84374
325	325	1.36967
326	326	19.9578
327	327	26.9268
328	328	-1.80179
329	329	-19.9308
330	330	34.1691
331	331	4.31643
332	332	-16.9619
333	333	3.12141
334	334	-3.39155
335	335	-11.6824
336	336	-14.3773
337	337	-3.20416
338	338	4.57298
339	339	27.5601
340	340	11.8712
341	341	-5.15895
342	342	-19.6794
343	343	-0.696783
344	344	11.7692
345	345	13.4551
346	346	6.82496
347	347	-23.6082
348	348	23.0624
349	349	-32.2178
350	350	-20.5566
351	351	39.8494
352	352	-8.78033
353	353	-12.0183
354	354	31.8504
355	355	-23.0751
356	356	47.564
357	357	4.421
358	358	-2.17849
359	359	-7.93686
360	360	-1.95836
361	361	-2.1197
362	362	14.4141
363	363	8.90373
364	364	7.14518
365	365	33.1387
366	366	3.85185
367	367	-38.9183
368	368	-13.9773
369	369	-2.36039
370	370	4.32834
371	371	-3.26514
372	372	18.7793
373	373	3.18606
374	374	6.8171
375	375	7.93739
376	376	-44.735
377	377	24.9935
378	378	14.7055
379	379	36.3032
380	380	-6.5312
381	381	7.00945
382	382	4.83799
383	383	20.8328
384	384	2.12689
385	385	-14.8477
386	386	23.0516
387	387	3.80586
388	388	-12.1183
389	389	0.0736675
390	390	4.84249
391	391	-4.12261
392	392	-13.5416
393	393	-8.6538
394	394	-31.466
395	395	-33.0316
396	396	2.78337
397	397	7.7095
398	398	-0.715242
399	399	0.5234
400	400	29.6832
401	401	-0.286198
402	402	-3.62102
403	403	9.20573
404	404	-15.726
405	405	8.0718
406	406	8.9281
407	407	-11.4181
408	408	-0.0230956
409	409	26.2219
410	410	-13.1692
411	411	-4.94262
412	412	-2.93504
413	413	-10.8722
414	414	-4.63491
415	415	25.9603
416	416	-2.38895
417	417	15.5523
418	418	0.500617
419	419	-9.56513
420	420	-3.92109
421	421	-15.592
422	422	0.211122
423	423	14.0166
424	424	-15.1284
425	425	14.8861
426	426	-18.0421
427	427	5.91932
428	428	4.15876
429	429	-4.38356
430	430	-8.60249
431	431	4.72917
432	432	22.1519
433	433	0.103947
434	434	5.291
435	435	-27.3449
436	436	-7.94401
437	437	5.24602
438	438	-6.89736
439	439	-25.0278
440	440	-1.80898
441	441	-20.5833
442	442	25.0427
443	443	13.5158
444	444	0.080798
445	445	11.4047
446	446	9.64554
447	447	8.17307
448	448	4.39558
449	449	-19.6704
450	450	-30.9189
451	451	-2.07237
452	452	26.5232
453	453	-2.05089
454	454	3.90389
455	455	5.82615
456	456	-16.3144
457	457	1.28125
458	458	-17.9654
459	459	-4.98505
460	460	-24.5849
461	461	-3.58477
462	462	-11.0941
463	463	9.32307
464	464	-25.6227
465	465	-0.895436
466	466	5.74952
467	467	-6.79841
468	468	-1.87318
469	469	6.4649
470	470	4.19921
471	471	1.52322
472	472	3.521
473	473	19.2548
474	474	18.3667
475	475	-25.422
476	476	16.7594
477	477	3.82965
478	478	-15.2243
479	479	13.054
480	480	-21.6341
481	481	8.26623
482	482	-13.8816
483	483	-0.0933157
484	484	-21.5496
485	485	13.2017
486	486	-9.91352
487	487	32.4391
488	488	-20.5153
489	489	22.5924
490	490	3.19583
491	491	-15.4204
492	492	26.6235
493	493	27.6931
494	494	-14.4794
495	495	-16.4488
496	496	25.1761
497	497	-10.2337
498	498	14.162
499	499	-14.0469
500	500	17.7813
501	501	-16.6429
502	502	3.47932
503	503	0.938645
504	504	12.9524
505	505	6.09906
506	506	-17.9182
507	507	4.57037
508	508	-16.9693
509	509	-1.14141
510	510	13.0642
511	511	-8.25157
512	512	-10.1001
513	513	2.13615
514	514	-5.67789
515	515	4.54077
516	516	-19.587
517	517	-17.031
518	518	-2.08831
519	519	39.3981
520	520	22.9402
521	521	4.60814
522	522	-23.1916
523	523	0.162725
524	524	-10.7304
525	525	-2.87936
526	526	5.40435
527	527	6.14696
528	528	-25.4661
529	529	-39.252
530	530	10.86
531	531	-6.74395
532	532	23.5621
533	533	-24.6964
534	534	-3.1149
535	535	-14.2178
536	536	11.0202
537	537	-9.61753
538	538	1.13085
539	539	-15.7848
540	540	-22.9172
541	541	5.64778
542	542	-3.57429
543	543	-2.69647
544	544	-4.58896
545	545	17.5166
546	546	-9.64433
547	547	13.8035
548	548	-13.2191
549	549	28.7437
550	550	21.5955
551	551	-25.2338
552	552	-29.5662
553	553	14.847
554	554	19.6
555	555	-35.6143
556	556	1.48984
557	557	-8.45731
558	558	-3.30613
559	559	3.74995
560	560	15.9204
561	561	-3.20681
562	562	-1.55241
563	563	0.849122
564	564	29.2255
565	565	27.5913
566	566	-13.4157
567	567	-25.0804
568	568	14.5063
569	569	-5.92372
570	570	-11.2935
571	571	-7.4534
572	572	41.4865
573	573	-12.894
574	574	-17.9333
575	575	-6.15827
576	576	16.2191
577	577	-1.15302
578	578	-10.601
579	579	1.28321
580	580	-13.9166
581	581	27.8178
582	582	18.9975
583	583	0.727592
584	584	13.9329
585	585	11.7613
586	586	8.74072
587	587	1.92543
588	588	7.76505
589	589	3.90283
590	590	18.7073
591	591	4.76333
592	592	19.5564
593	593	-7.16133
594	594	-13.8126
595	595	-23.4585
596	596	-2.11949
597	597	28.7437
598	598	-12.9254
599	599	-1.39401
600	600	20.7015
601	601	-20.6944
602	602	-2.03884
603	603	-5.10867
604	604	5.67475
605	605	22.2204
606	606	-0.899617
607	607	0.811696
608	608	-15.3694
609	609	21.7963
610	610	-25.1108
611	611	-6.84647
612	612	-33.8872
613	613	4.92562
614	614	5.82314
615	615	-3.37403
616	616	-27.0896
617	617	8.13746
618	618	9.45463
619	619	12.4031
620	620	-10.1223
621	621	2.31731
622	622	-4.89679
623	623	16.6497
624	624	6.67487
625	625	-33.9132
626	626	-13.1234
627	627	-15.5247
628	628	10.1705
629	629	-8.23849
630	630	-10.42
631	631	-5.13351
632	632	-59.141
633	633	6.78168
634	634	-5.62665
635	635	9.53338
636	636	-5.88029
637	637	5.4401
638	638	-15.6855
639	639	-3.91508
640	640	-3.55105
641	641	11.0042
642	642	-0.527552
643	643	18.3403
644	644	2.48261
645	645	-19.7559
646	646	3.68898
647	647	3.4819
648	648	-28.4236
649	649	11.9673
650	650	12.3231
651	651	-3.9467
652	652	1.22049
653	653	-32.4481
654	654	-32.9415
655	655	-13.888
656	656	22.1344
657	657	-25.8462
658	658	16.9439
659	659	-45.6407
660	660	-39.4319
661	661	1.01104
662	662	16.4329
663	663	-21.8735
664	664	-25.5196
665	665	-2.65469
666	666	13.441
667	667	21.9906
668	668	-25.2
669	669	-0.357832
670	670	9.68003
671	671	-3.68377
672	672	-5.72726
673	673	-20.3759
674	674	16.4002
675	675	12.4207
676	676	-20.0613
677	677	8.70047
678	678	14.7296
679	679	-4.4887
680	680	11.936
681	681	-10.4468
682	682	8.74042
683	683	-24.422
684	684	-4.98882
685	685	-4.27813
686	686	-4.29835
687	687	-6.18336
688	688	0.998407
689	689	2.68364
690	690	-20.1664
691	691	6.39344
692	692	22.1109
693	693	7.44397
694	694	-33.3313
695	695	-7.69967
696	696	-1.02501
697	697	4.53587
698	698	21.9522
699	699	-2.7935
700	700	37.1323
701	701	2.11836
702	702	19.7612
703	703	-10.082
704	704	-7.42734
705	705	-30.5308
706	706	-1.09585
707	707	-26.5178
708	708	11.17
709	709	-4.35024
710	710	4.80682
711	711	13.8129
712	712	2.03434
713	713	-22.1219
714	714	-2.77062
715	715	-23.0391
716	716	10.531
717	717	-23.1592
718	718	12.8356
719	719	-21.6207
720	720	-19.3227
721	721	-25.5354
722	722	-53.492
723	723	-3.82158
724	724	33.0872
725	725	-3.83998
726	726	15.685
727	727	-19.3657
728	728	6.23855
729	729	-7.7689
730	730	19.5356
731	731	13.3585
732	732	-8.49243
733	733	10.1518
734	734	1.2898
735	735	-2.64941
736	736	1.66121
737	737	-25.7649
738	738	-16.1953
739	739	-16.9725
740	740	26.3611
741	741	36.7833
742	742	-14.7526
743	743	0.312
744	744	-1.29159
745	745	16.2339
746	746	24.4958
747	747	4.4009
748	748	-3.47298
749	749	28.9904
750	750	-21.5695
751	751	49.7333
752	752	-1.73323
753	753	-11.8461
754	754	-23.895
755	755	-2.99814
756	756	19.6089
757	757	-2.55743
758	758	-25.1109
759	759	-10.0795
760	760	6.92491
761	761	9.13483
762	762	12.1969
763	763	-22.7994
764	764	0.449543
765	765	-2.02809
766	766	13.5356
767	767	13.1813
768	768	9.90704
769	769	-12.4493
770	770	6.44573
771	771	19.6366
772	772	-17.0676
773	773	-12.7686
774	774	-2.14368
775	775	-17.3256
776	776	-17.444
777	777	-5.52544
778	778	11.6439
779	779	14.8946
780	780	-28.6443
781	781	-17.9826
782	782	-20.5089
783	783	13.5388
784	784	19.0397
785	785	24.7438
786	786	-14.2704
787	787	-11.7241
788	788	-27.9115
789	789	-27.5024
790	790	0.801649
791	791	12.1944
792	792	9.62829
793	793	-8.71189
794	794	3.72188
795	795	5.95352
796	796	-19.4326
797	797	24.9251
798	798	-24.9905
799	799	-1.91381
800	800	13.6346
801	801	-39.1141
802	802	-4.86097
803	803	-22.8881
804	804	14.7656
805	805	13.254
806	806	7.48559
807	807	4.92203
808	808	0.237946
809	809	0.849741
810	810	-9.95736
811	811	-6.6493
812	812	-0.579784
813	813	11.1205
814	814	41.3502
815	815	1.20635
816	816	4.45365
817	817	-13.8171
818	818	-3.03445
819	819	-9.26161
820	820	-13.6324
821	821	-33.5515
822	822	-9.16115
823	823	6.585
824	824	-9.25704
825	825	-36.6987
826	826	-2.89131
827	827	-0.0694119
828	828	17.8035
829	829	18.6741
830	830	35.7245
831	831	-21.9818
832	832	7.15349
833	833	22.2572
834	834	-9.07628
835	835	-8.11837
836	836	-20.2327
837	837	-2.04822
838	838	-36.5322
839	839	10.7794
840	840	10.4652
841	841	-13.4976
842	842	15.0426
843	843	8.44262
844	844	-4.7976
845	845	15.3199
846	846	-31.483
847	847	-6.25807
848	848	-14.1143
849	849	-10.0757
850	850	4.59406
851	851	28.5732
852	852	15.2762
853	853	15.7807
854	854	-5.27717
855	855	-12.7827
856	856	-4.81895
857	857	-18.2892
858	858	-30.6077
859	859	7.84145
860	860	-20.0023
861	861	-2.63522
862	862	12.126
863	863	12.779
864	864	-0.253989
865	865	3.02749
866	866	38.3456
867	867	7.95413
868	868	-0.618545
869	869	-16.2099
870	870	33.709
871	871	-21.432
872	872	12.0092
873	873	-9.66521
874	874	-22.2322
875	875	-0.204693
876	876	6.57724
877	877	1.56103
878	878	-4.61431
879	879	-3.98471
880	880	-24.4326
881	881	10.2516
882	882	10.2367
883	883	19.8929
884	884	10.4251
885	885	-6.87971
886	886	27.3405
887	887	-8.39757
888	888	-21.2437
889	889	6.12042
890	890	-15.3546
891	891	-11.4193
892	892	5.29574
893	893	0.0586035
894	894	14.2318
895	895	-27.2659
896	896	-23.9203
897	897	17.4394
898	898	15.8162
899	899	5.47014
900	900	41.5926
901	901	20.5942
902	902	5.8375
903	903	-7.32093
904	904	38.6189
905	905	-18.9623
906	906	2.19998
907	907	8.30619
908	908	32.8792
909	909	10.0332
910	910	-27.2519
911	911	4.35527
912	912	-8.9177
913	913	-23.6156
914	914	-19.9795
915	915	11.2432
916	916	-32.3126
917	917	19.7709
918	918	-4.29803
919	919	-1.81701
920	920	-8.98328
921	921	-16.0859
922	922	-10.1509
923	923	34.3735
924	924	-1.19987
925	925	15.626
926	926	-11.7693
927	927	-7.00381
928	928	-1.03726
929	929	11.8586
930	930	14.346
931	931	19.6427
932	932	-6.85513
933	933	-22.2458
934	934	-19.5823
935	935	11.4573
936	936	-7.98941
937	937	-3.82583
938	938	-0.461845
939	939	-10.0918
940	940	1.41336
941	941	-5.8643
942	942	-14.244
943	943	18.0507
944	944	35.5587
945	945	-19.6042
946	946	-14.0066
947	947	10.842
948	948	-19.7437
949	949	72.1712
950	950	-16.3482
951	951	7.03789
952	952	-4.68763
953	953	20.1952
954	954	-15.5239
955	955	19.9301
956	956	3.93063
957	957	20.5994
958	958	-3.71502
959	959	-22.2552
960	960	4.65059
961	961	18.6065
962	962	2.04727
963	963	13.4957
964	964	17.2373
965	965	9.84708
966	966	4.75756
967	967	-10.3509
968	968	-20.9634
969	969	-18.5702
970	970	16.9036
971	971	4.0367
972	972	6.90006
973	973	-7.3861
974	974	9.38816
975	975	-4.23848
976	976	3.40313
977	977	-12.4874
978	978	16.5383
979	979	6.20119
980	980	7.06898
981	981	-8.08604
982	982	-5.1394
983	983	11.8331
984	984	7.05592
985	985	-28.5148
986	986	-14.3099
987	987	3.40947
988	988	-3.28538
989	989	-18.1221
990	990	-5.03422
991	991	34.5542
992	992	-4.68301
993	993	-21.2021
994	994	19.7052
995	995	9.53726
996	996	6.99331
997	997	-17.0694
998	998	13.8772
999	999	3.19228
1000	1000	-23.2197
1001	1001	-13.1885
1002	1002	-2.43993
1003	1003	6.97338
1004	1004	9.84168
1005	1005	18.519
1006	1006	20.8517
1007	1007	13.5836
1008	1008	-7.19963
1009	1009	-2.18133
1010	1010	-25.7078
1011	1011	-31.1976
1012	1012	20.754
1013	1013	7.03435
1014	1014	-13.1403
1015	1015	5.54363
1016	1016	2.96372
1017	1017	19.9948
1018	1018	7.70003
1019	1019	-22.6938
1020	1020	30.347
1021	1021	6.94562
1022	1022	-24.3666
1023	1023	-5.76906
1024	1024	21.6258
1025	1025	-1.49374
1026	1026	-31.7075
1027	1027	-10.1438
1028	1028	5.1028
1029	1029	-27.3408
1030	1030	-7.57251
1031	1031	22.7039
1032	1032	14.0948
1033	1033	-5.70223
1034	1034	-28.3733
1035	1035	-23.2775
1036	1036	-5.79686
1037	1037	6.96869
1038	1038	-30.4368
1039	1039	32.4489
1040	1040	0.0585628
1041	1041	4.22741
1042	1042	15.8231
1043	1043	21.4887
1044	1044	0.115731
1045	1045	-2.47883
1046	1046	-2.12038
1047	1047	9.79122
1048	1048	-0.58291
1049	1049	34.6903
1050	1050	-10.6761
1051	1051	25.7565
1052	1052	-10.3532
1053	1053	10.1041
1054	1054	-38.0526
1055	1055	-15.326
1056	1056	8.73627
1057	1057	-9.95435
1058	1058	-27.0899
1059	1059	15.3846
1060	1060	-10.4987
1061	1061	14.2106
1062	1062	-5.4126
1063	1063	53.7652
1064	1064	-1.23017
1065	1065	13.5342
1066	1066	-18.2144
1067	1067	-24.9494
1068	1068	3.14227
1069	1069	-4.96115
1070	1070	-3.54072
1071	1071	17.354
1072	1072	-16.4908
1073	1073	20.8564
1074	1074	-9.162
1075	1075	13.2767
1076	1076	-11.4516
1077	1077	-9.67213
1078	1078	6.41757
1079	1079	14.0786
1080	1080	-18.2867
1081	1081	14.1427
1082	1082	11.6073
1083	1083	-8.98716
1084	1084	20.8912
1085	1085	-24.5275
1086	1086	-10.7601
1087	1087	25.1379
1088	1088	8.0215
1089	1089	-17.284
1090	1090	1.25357
1091	1091	-0.0453545
1092	1092	3.43218
1093	1093	-14.7416
1094	1094	-20.7099
1095	1095	0.33488
1096	1096	13.6728
1097	1097	-7.29544
1098	1098	16.8169
1099	1099	11.3324
1100	1100	30.1936
1101	1101	45.2361
1102	1102	28.1831
1103	1103	16.6996
1104	1104	-5.37815
1105	1105	-12.776
1106	1106	26.9218
1107	1107	32.0419
1108	1108	7.70531
1109	1109	-3.60101
1110	1110	-19.199
1111	1111	29.8234
1112	1112	9.43281
1113	1113	-9.8626
1114	1114	-0.71409
1115	1115	16.8373
1116	1116	13.684
1117	1117	-6.17913
1118	1118	-0.0161234
1119	1119	-20.2469
1120	1120	-28.1812
1121	1121	15.4214
1122	1122	-20.8531
1123	1123	-14.7413
1124	1124	10.1174
1125	1125	3.93529
1126	1126	5.76179
1127	1127	-3.39341
1128	1128	29.8268
1129	1129	-31.8955
1130	1130	-8.64975
1131	1131	7.86593
1132	1132	19.7036
1133	1133	2.84273
1134	1134	13.4824
1135	1135	-9.24687
1136	1136	20.6097
1137	1137	6.63343
1138	1138	14.3122
1139	1139	-29.3524
1140	1140	15.1168
1141	1141	1.8751
1142	1142	-1.30775
1143	1143	24.9086
1144	1144	-24.2327
1145	1145	3.23676
1146	1146	-34.9979
1147	1147	11.4753
1148	1148	35.7379
1149	1149	-16.9441
1150	1150	-28.8967
1151	1151	-0.141574
1152	1152	-2.93418
1153	1153	-23.6469
1154	1154	-21.533
1155	1155	0.953741
1156	1156	9.57064
1157	1157	9.95901
1158	1158	13.2043
1159	1159	-23.7716
1160	1160	-12.262
1161	1161	30.9943
1162	1162	-3.40674
1163	1163	8.98607
1164	1164	14.5452
1165	1165	-24.5019
1166	1166	-23.0828
1167	1167	8.61607
1168	1168	-1.67666
1169	1169	11.3172
1170	1170	-10.4949
1171	1171	-15.9528
1172	1172	18.4286
1173	1173	9.83622
1174	1174	3.39603
1175	1175	15.5738
1176	1176	-2.49808
1177	1177	12.8585
1178	1178	-5.77197
1179	1179	4.73994
1180	1180	2.71779
1181	1181	-18.4752
1182	1182	5.28472
1183	1183	-1.15887
1184	1184	-2.65258
1185	1185	9.60026
1186	1186	26.0743
1187	1187	2.16057
1188	1188	6.21606
1189	1189	-34.2119
1190	1190	-0.740317
1191	1191	-21.6614
1192	1192	-20.1529
1193	1193	-17.9534
1194	1194	2.10923
1195	1195	15.506
1196	1196	-4.33964
1197	1197	-23.4491
1198	1198	18.7074
1199	1199	14.5945
