sample_id	sample_id2	phensim
zero	zero	-18.2825
1	1	-9.61444
2	2	-11.626
3	3	-16.5548
4	4	3.12852
5	5	6.13439
6	6	-19.6192
7	7	-22.4535
8	8	-3.89888
9	9	-7.56642
10	10	20.2162
11	11	-3.63086
12	12	-0.0385781
13	13	-16.8505
14	14	12.2214
15	15	-6.4005
16	16	-3.39934
17	17	14.6212
18	18	37.7008
19	19	25.1134
20	20	-4.06894
21	21	20.6264
22	22	17.8359
23	23	15.2904
24	24	37.6833
25	25	36.1892
26	26	-0.482976
27	27	40.6065
28	28	-19.9084
29	29	-55.3206
30	30	7.90204
31	31	-10.2493
32	32	19.4139
33	33	-8.95371
34	34	8.50646
35	35	-0.392042
36	36	-14.2069
37	37	-15.7829
38	38	-5.38571
39	39	-20.2854
40	40	-1.88625
41	41	3.33688
42	42	8.30878
43	43	-28.2067
44	44	-5.25075
45	45	-0.162984
46	46	8.95354
47	47	16.8608
48	48	-14.6725
49	49	-20.6923
50	50	38.1822
51	51	-3.12591
52	52	11.1823
53	53	-5.08861
54	54	17.5508
55	55	-4.63313
56	56	22.4272
57	57	31.3441
58	58	-0.946869
59	59	17.3683
60	60	-24.2782
61	61	-8.97446
62	62	-8.53106
63	63	1.38955
64	64	36.1856
65	65	14.6096
66	66	-0.335755
67	67	21.9355
68	68	-0.687433
69	69	-25.7156
70	70	-4.52238
71	71	-6.46688
72	72	19.0343
73	73	35.5284
74	74	-27.4112
75	75	17.3084
76	76	10.8257
77	77	7.20573
78	78	-4.14716
79	79	30.9703
80	80	13.4145
81	81	-25.2884
82	82	0.231489
83	83	21.428
84	84	-15.8092
85	85	4.75573
86	86	-10.614
87	87	7.93689
88	88	-0.037277
89	89	-22.6147
90	90	-8.98898
91	91	-2.37599
92	92	22.5386
93	93	-8.33991
94	94	25.3553
95	95	-9.73205
96	96	-2.7985
97	97	24.9437
98	98	0.0858397
99	99	25.504
100	100	-2.00129
101	101	-2.51251
102	102	-1.87369
103	103	11.038
104	104	9.42704
105	105	-0.753657
106	106	-10.3472
107	107	15.012
108	108	-29.0917
109	109	17.4249
110	110	5.17764
111	111	-4.58427
112	112	-3.04466
113	113	-14.587
114	114	0.572013
115	115	12.228
116	116	6.15191
117	117	24.0661
118	118	8.55562
119	119	-28.0788
120	120	-0.654023
121	121	7.09174
122	122	-18.4477
123	123	39.4921
124	124	13.0018
125	125	-10.5865
126	126	15.3183
127	127	-29.765
128	128	9.90989
129	129	-8.57692
130	130	-15.3644
131	131	-39.7048
132	132	13.8016
133	133	-12.3723
134	134	19.3335
135	135	-2.19398
136	136	24.9519
137	137	-16.8763
138	138	8.34732
139	139	2.21171
140	140	-10.4518
141	141	5.42859
142	142	25.8504
143	143	-54.4168
144	144	-8.24396
145	145	-3.51645
146	146	-21.7021
147	147	6.84929
148	148	18.337
149	149	23.2431
150	150	-4.62861
151	151	-21.08
152	152	-11.4927
153	153	-14.1903
154	154	22.3475
155	155	-34.5695
156	156	6.09173
157	157	8.72505
158	158	4.50694
159	159	-24.5476
160	160	3.54765
161	161	-13.8518
162	162	15.4528
163	163	-13.1368
164	164	5.41929
165	165	15.2185
166	166	-16.7788
167	167	10.7123
168	168	-11.7199
169	169	7.53494
170	170	-13.738
171	171	-14.4152
172	172	10.0859
173	173	-24.1618
174	174	18.706
175	175	-7.50388
176	176	-22.0189
177	177	10.6599
178	178	2.41765
179	179	5.98862
180	180	19.3001
181	181	2.61015
182	182	4.84561
183	183	-10.1092
184	184	3.70174
185	185	18.1068
186	186	-13.1284
187	187	-11.5525
188	188	12.6583
189	189	-19.3538
190	190	8.66176
191	191	23.3844
192	192	-16.6464
193	193	9.29543
194	194	5.57818
195	195	7.83202
196	196	13.5762
197	197	-1.69116
198	198	-1.63027
199	199	-8.49691
200	200	-8.23332
201	201	-1.22208
202	202	35.9209
203	203	5.61869
204	204	-15.8781
205	205	7.62036
206	206	14.5261
207	207	-37.4985
208	208	6.56047
209	209	6.49516
210	210	-8.67661
211	211	0.734288
212	212	5.50166
213	213	39.6255
214	214	-19.8901
215	215	-0.438979
216	216	33.3252
217	217	10.1689
218	218	-2.334
219	219	12.9041
220	220	13.8694
221	221	-6.31239
222	222	-13.0811
223	223	-26.3674
224	224	1.81417
225	225	-12.299
226	226	33.3045
227	227	-14.3347
228	228	-0.396919
229	229	9.54097
230	230	-10.2209
231	231	31.1679
232	232	38.437
233	233	-0.424919
234	234	16.2271
235	235	5.02465
236	236	24.7984
237	237	-2.6451
238	238	-19.6383
239	239	30.1418
240	240	3.51828
241	241	5.23293
242	242	-21.4026
243	243	-3.6162
244	244	16.9881
245	245	12.5883
246	246	-0.649816
247	247	1.87443
248	248	-9.02682
249	249	-15.8675
250	250	13.2625
251	251	11.7598
252	252	16.9307
253	253	25.4537
254	254	1.40468
255	255	-2.8615
256	256	-5.02581
257	257	13.7623
258	258	11.9408
259	259	-13.8453
260	260	3.36336
261	261	-10.9812
262	262	5.05859
263	263	-1.93953
264	264	-21.0908
265	265	25.0117
266	266	-11.9784
267	267	42.9935
268	268	-6.75212
269	269	11.9985
270	270	-26.4267
271	271	-18.5444
272	272	-29.3456
273	273	-29.2283
274	274	-10.5033
275	275	-4.01082
276	276	24.4476
277	277	17.3826
278	278	29.0887
279	279	-35.291
280	280	-4.76498
281	281	-12.4182
282	282	-11.9187
283	283	-26.957
284	284	31.6428
285	285	-14.422
286	286	26.0102
287	287	8.41041
288	288	-4.16878
289	289	-22.301
290	290	19.7983
291	291	8.02357
292	292	-17.6876
293	293	19.5841
294	294	32.5877
295	295	-2.31417
296	296	23.8474
297	297	-13.956
298	298	-18.7916
299	299	12.8059
300	300	8.0154
301	301	24.1524
302	302	-22.5755
303	303	-9.3903
304	304	23.5053
305	305	0.911785
306	306	18.343
307	307	-5.90171
308	308	-29.2727
309	309	-19.9294
310	310	-14.7257
311	311	15.6579
312	312	22.9068
313	313	-11.1579
314	314	16.2975
315	315	-7.07157
316	316	19.2962
317	317	2.20625
318	318	-18.6642
319	319	15.2386
320	320	4.91624
321	321	1.18777
322	322	-9.74197
323	323	-0.110231
324	324	11.508
325	325	33.2447
326	326	22.8512
327	327	3.92948
328	328	7.8166
329	329	-33.147
330	330	23.1769
331	331	19.9218
332	332	8.74693
333	333	-3.40244
334	334	0.655423
335	335	-7.42059
336	336	23.4794
337	337	18.4631
338	338	-12.2257
339	339	17.8091
340	340	33.4022
341	341	34.3962
342	342	-9.3864
343	343	10.8097
344	344	16.4799
345	345	-10.1472
346	346	-27.1122
347	347	-35.3718
348	348	-0.107746
349	349	-5.14085
350	350	-12.3271
351	351	25.5734
352	352	11.8907
353	353	-18.7959
354	354	11.1187
355	355	-22.2375
356	356	24.6249
357	357	-16.539
358	358	4.2518
359	359	11.9505
360	360	-9.20595
361	361	-6.53965
362	362	-2.34596
363	363	-5.96912
364	364	-12.2346
365	365	23.3091
366	366	-17.3324
367	367	-34.8588
368	368	-18.1468
369	369	-5.4538
370	370	-7.34716
371	371	-4.24989
372	372	-13.7342
373	373	7.15431
374	374	7.35603
375	375	-20.7252
376	376	25.2218
377	377	-13.9039
378	378	11.9651
379	379	-10.7864
380	380	1.2532
381	381	17.9094
382	382	32.2613
383	383	13.7885
384	384	6.72024
385	385	-29.3204
386	386	-8.4602
387	387	41.8053
388	388	-1.76276
389	389	2.24605
390	390	-14.5077
391	391	19.378
392	392	4.43051
393	393	-9.65688
394	394	-6.64264
395	395	-14.8837
396	396	-18.9042
397	397	15.3623
398	398	-8.60183
399	399	-2.66871
400	400	10.1859
401	401	3.03878
402	402	9.78594
403	403	30.745
404	404	21.7893
405	405	-18.4098
406	406	-17.728
407	407	1.71381
408	408	-3.53941
409	409	-1.884
410	410	1.33341
411	411	15.4519
412	412	7.37282
413	413	12.6789
414	414	-3.67182
415	415	6.27009
416	416	17.7182
417	417	13.5381
418	418	-30.3548
419	419	-12.9992
420	420	-31.9156
421	421	21.6727
422	422	-19.8502
423	423	2.13661
424	424	-6.75509
425	425	21.68
426	426	-9.39371
427	427	10.9935
428	428	7.63949
429	429	-9.41961
430	430	-8.6652
431	431	9.32032
432	432	1.26203
433	433	3.47055
434	434	-1.60915
435	435	-34.4782
436	436	-13.2445
437	437	1.51622
438	438	-21.0084
439	439	9.23019
440	440	8.4153
441	441	-11.995
442	442	13.2829
443	443	18.5883
444	444	18.0837
445	445	-28.3606
446	446	-0.179014
447	447	-2.72705
448	448	14.3273
449	449	-32.7512
450	450	-8.26379
451	451	-25.4776
452	452	4.05539
453	453	8.47286
454	454	7.11068
455	455	12.7156
456	456	-17.6342
457	457	11.3428
458	458	-16.9598
459	459	-10.8572
460	460	-51.2879
461	461	-22.3427
462	462	-9.38276
463	463	7.48548
464	464	8.1254
465	465	24.8612
466	466	10.9527
467	467	-15.3452
468	468	-7.02913
469	469	-1.33018
470	470	-33.911
471	471	-12.8214
472	472	-1.29648
473	473	8.13197
474	474	7.71479
475	475	-15.5266
476	476	25.4181
477	477	-30.6907
478	478	-27.4116
479	479	15.0194
480	480	-25.7603
481	481	-3.27416
482	482	15.1472
483	483	-28.2092
484	484	-14.7758
485	485	33.6859
486	486	-21.1
487	487	3.33027
488	488	2.16533
489	489	-2.94942
490	490	12.4036
491	491	-36.5531
492	492	4.59158
493	493	6.78417
494	494	7.5592
495	495	-1.94164
496	496	16.3809
497	497	12.582
498	498	36.3358
499	499	14.0454
500	500	13.5191
501	501	-20.4779
502	502	0.967441
503	503	8.0582
504	504	29.2312
505	505	26.8815
506	506	-3.37381
507	507	15.2584
508	508	20.3319
509	509	-4.3117
510	510	-7.38739
511	511	4.03252
512	512	-5.45498
513	513	9.32068
514	514	-12.3824
515	515	13.1257
516	516	19.8787
517	517	-25.2022
518	518	-0.110571
519	519	11.1311
520	520	28.4129
521	521	-5.20469
522	522	6.22481
523	523	31.0818
524	524	-12.8591
525	525	15.0619
526	526	12.7963
527	527	-23.0292
528	528	23.9004
529	529	-0.617564
530	530	7.36195
531	531	11.565
532	532	17.2063
533	533	-35.8331
534	534	14.479
535	535	-0.181804
536	536	8.54766
537	537	-24.7868
538	538	14.0102
539	539	1.55398
540	540	-0.409536
541	541	-13.2992
542	542	11.7351
543	543	-8.7442
544	544	-4.58075
545	545	10.5087
546	546	-12.2444
547	547	-13.988
548	548	2.64995
549	549	-2.48166
550	550	3.79498
551	551	33.6662
552	552	-23.2732
553	553	3.02263
554	554	-2.6972
555	555	-4.41016
556	556	4.89131
557	557	2.00391
558	558	1.30949
559	559	35.2608
560	560	12.7538
561	561	39.5137
562	562	0.04774
563	563	-32.9872
564	564	23.0783
565	565	5.58837
566	566	-2.43375
567	567	18.7194
568	568	21.7337
569	569	-12.2195
570	570	-23.5234
571	571	-4.28466
572	572	0.424184
573	573	-30.6124
574	574	-33.86
575	575	21.7441
576	576	-6.29314
577	577	5.98997
578	578	-1.45975
579	579	-9.38481
580	580	-34.9621
581	581	-12.177
582	582	17.852
583	583	-6.7212
584	584	32.9064
585	585	-14.6154
586	586	-14.2783
587	587	-12.7009
588	588	18.4588
589	589	2.61982
590	590	1.43873
591	591	-1.70494
592	592	8.99979
593	593	-13.5497
594	594	8.92852
595	595	3.9257
596	596	1.93519
597	597	1.36305
598	598	-30.5081
599	599	18.1356
600	600	-3.77104
601	601	7.27791
602	602	0.787301
603	603	-15.9413
604	604	18.9609
605	605	11.6404
606	606	8.76838
607	607	-26.8209
608	608	20.0877
609	609	23.5384
610	610	5.21795
611	611	8.04733
612	612	-20.4858
613	613	24.2244
614	614	12.4632
615	615	23.2783
616	616	-15.2653
617	617	-6.0627
618	618	-16.5188
619	619	19.8991
620	620	-5.67095
621	621	-2.28503
622	622	-25.9674
623	623	22.4929
624	624	-13.6607
625	625	-40.8483
626	626	17.7874
627	627	-16.6706
628	628	-0.57449
629	629	-1.10309
630	630	2.77664
631	631	22.3761
632	632	-41.9641
633	633	51.8564
634	634	11.6999
635	635	1.32598
636	636	-30.5956
637	637	-4.9295
638	638	3.82898
639	639	-1.47031
640	640	-10.1784
641	641	0.899474
642	642	1.51762
643	643	5.482
644	644	-1.75771
645	645	-9.57001
646	646	24.3284
647	647	0.166602
648	648	-33.9944
649	649	15.582
650	650	-9.36895
651	651	-11.8125
652	652	3.10342
653	653	12.2906
654	654	-24.7604
655	655	36.3823
656	656	6.47186
657	657	9.86924
658	658	17.1203
659	659	-24.4845
660	660	-31.4497
661	661	-0.273817
662	662	6.8038
663	663	-4.26481
664	664	-28.0808
665	665	22.1052
666	666	12.8384
667	667	-12.0763
668	668	-5.19453
669	669	-1.35078
670	670	-17.6136
671	671	-15.7738
672	672	15.132
673	673	11.7696
674	674	-26.8846
675	675	33.299
676	676	-25.6444
677	677	-3.59938
678	678	-3.56091
679	679	-6.45372
680	680	-11.0823
681	681	-9.57548
682	682	-24.0201
683	683	6.55723
684	684	25.0195
685	685	3.22659
686	686	31.1145
687	687	-17.5805
688	688	-11.2287
689	689	15.6931
690	690	-9.57631
691	691	-5.83689
692	692	26.4529
693	693	21.0102
694	694	-17.9095
695	695	9.07348
696	696	-11.3719
697	697	-15.8376
698	698	8.86022
699	699	-18.7397
700	700	11.6508
701	701	-18.1211
702	702	17.4514
703	703	-12.9075
704	704	-6.86906
705	705	-15.8995
706	706	10.2433
707	707	-12.4489
708	708	6.95654
709	709	16.9087
710	710	30.2813
711	711	-10.566
712	712	18.4386
713	713	-5.5709
714	714	10.16
715	715	-21.9395
716	716	20.669
717	717	-6.9818
718	718	5.60729
719	719	2.20645
720	720	-15.7069
721	721	3.09049
722	722	-12.6727
723	723	5.73613
724	724	23.9497
725	725	-15.4864
726	726	-0.154018
727	727	4.99871
728	728	-18.1842
729	729	-37.8657
730	730	15.2632
731	731	21.8825
732	732	-1.82702
733	733	-0.0289372
734	734	-5.2892
735	735	10.5524
736	736	-1.42523
737	737	-21.191
738	738	21.0074
739	739	5.49693
740	740	7.43287
741	741	0.438832
742	742	-7.49109
743	743	0.196345
744	744	-6.54251
745	745	48.3994
746	746	-2.35148
747	747	-2.67697
748	748	-0.326574
749	749	-2.20573
750	750	-8.30922
751	751	1.14176
752	752	18.9002
753	753	39.3596
754	754	-42.1984
755	755	16.4918
756	756	7.61138
757	757	-30.9729
758	758	7.66989
759	759	-13.9278
760	760	-9.98879
761	761	10.5838
762	762	-4.98541
763	763	-19.1932
764	764	20.1739
765	765	-1.23854
766	766	11.2449
767	767	-17.4529
768	768	2.16023
769	769	11.3568
770	770	-13.2511
771	771	-15.5032
772	772	22.4671
773	773	-19.9552
774	774	-11.6322
775	775	-6.26653
776	776	-38.0421
777	777	-1.16328
778	778	12.2081
779	779	16.5163
780	780	-8.45074
781	781	-0.853627
782	782	-23.9816
783	783	29.0046
784	784	-0.0129213
785	785	17.2912
786	786	-12.073
787	787	6.31537
788	788	-23.4963
789	789	-16.1029
790	790	17.9535
791	791	-7.49795
792	792	13.9188
793	793	17.0716
794	794	20.3714
795	795	2.47506
796	796	-12.2084
797	797	27.8054
798	798	0.162323
799	799	-2.10679
800	800	6.92957
801	801	-12.5872
802	802	-5.16717
803	803	-23.8929
804	804	-8.88404
805	805	-13.1593
806	806	28.641
807	807	-12.4567
808	808	7.72509
809	809	-9.30666
810	810	-12.4286
811	811	10.3083
812	812	23.6432
813	813	-7.84619
814	814	39.2223
815	815	-8.55187
816	816	7.16353
817	817	-26.4336
818	818	-23.8524
819	819	-20.3382
820	820	-10.0534
821	821	-17.3216
822	822	8.43446
823	823	5.66127
824	824	-21.799
825	825	-3.51112
826	826	5.65805
827	827	17.6277
828	828	9.17472
829	829	-21.863
830	830	-27.1185
831	831	4.66006
832	832	-9.3394
833	833	-5.51255
834	834	19.7082
835	835	-9.04263
836	836	-27.3752
837	837	-0.373535
838	838	-47.9396
839	839	12.584
840	840	4.41767
841	841	9.21805
842	842	11.6681
843	843	-15.7553
844	844	-13.1704
845	845	13.2617
846	846	3.9403
847	847	-4.29604
848	848	12.7181
849	849	-32.9642
850	850	11.8338
851	851	6.20481
852	852	-1.57834
853	853	-6.21961
854	854	4.40997
855	855	-1.34986
856	856	-23.9623
857	857	-9.68909
858	858	-0.825887
859	859	-5.46589
860	860	-1.24992
861	861	5.03639
862	862	7.87288
863	863	-17.5449
864	864	4.98054
865	865	5.74738
866	866	13.14
867	867	-1.14483
868	868	7.8193
869	869	-15.2854
870	870	10.6316
871	871	-16.1038
872	872	9.28253
873	873	-11.7435
874	874	-22.8741
875	875	8.80316
876	876	29.7321
877	877	-17.2731
878	878	-6.16419
879	879	5.89768
880	880	-25.8291
881	881	2.70996
882	882	-6.50142
883	883	1.56417
884	884	-16.846
885	885	-6.16057
886	886	-1.37859
887	887	6.94602
888	888	-20.5465
889	889	-10.6249
890	890	20.642
891	891	-4.49871
892	892	-12.076
893	893	-15.0828
894	894	2.64679
895	895	-5.04
896	896	12.705
897	897	11.9394
898	898	28.3493
899	899	1.5666
900	900	-14.9903
901	901	-11.1438
902	902	-8.96428
903	903	15.1507
904	904	6.34151
905	905	3.43309
906	906	19.8606
907	907	-12.512
908	908	32.4812
909	909	6.41436
910	910	1.57305
911	911	-8.17238
912	912	9.02102
913	913	-11.9508
914	914	-19.3424
915	915	-24.7726
916	916	-34.8447
917	917	5.82764
918	918	-11.7666
919	919	-14.9907
920	920	5.98011
921	921	-11.4942
922	922	25.8115
923	923	-9.13466
924	924	15.2693
925	925	20.2955
926	926	-0.874
927	927	-6.68933
928	928	21.2913
929	929	-10.3495
930	930	12.6417
931	931	-2.66245
932	932	31.83
933	933	-5.84327
934	934	3.00875
935	935	3.34338
936	936	29.2833
937	937	0.338647
938	938	-1.83208
939	939	1.83176
940	940	1.39091
941	941	-27.8692
942	942	-10.7233
943	943	11.4723
944	944	16.0673
945	945	-0.338832
946	946	8.06594
947	947	-8.28821
948	948	-19.2828
949	949	-18.4663
950	950	1.20337
951	951	-0.0756622
952	952	4.51139
953	953	-16.6913
954	954	-11.0796
955	955	-42.9384
956	956	19.3268
957	957	-5.59388
958	958	-10.9727
959	959	3.48446
960	960	28.0031
961	961	-10.0723
962	962	11.2794
963	963	5.11666
964	964	29.0892
965	965	0.214485
966	966	10.0718
967	967	-25.6664
968	968	-2.61925
969	969	6.5674
970	970	-22.8878
971	971	-9.85102
972	972	12.0142
973	973	-17.6965
974	974	25.0773
975	975	3.01131
976	976	-3.02183
977	977	-11.2472
978	978	-43.5358
979	979	28.5683
980	980	12.1191
981	981	-12.6978
982	982	0.16967
983	983	19.3183
984	984	-0.24361
985	985	-15.0813
986	986	-20.885
987	987	-35.525
988	988	-17.4354
989	989	-4.56803
990	990	16.4067
991	991	3.58211
992	992	-16.6303
993	993	6.18488
994	994	8.493
995	995	33.6121
996	996	8.58692
997	997	8.43019
998	998	-3.63897
999	999	5.35565
1000	1000	-19.1655
1001	1001	-1.63765
1002	1002	-23.6654
1003	1003	18.174
1004	1004	23.7924
1005	1005	-24.6746
1006	1006	-18.9427
1007	1007	14.2758
1008	1008	2.06413
1009	1009	10.0413
1010	1010	-28.5318
1011	1011	19.3327
1012	1012	18.7237
1013	1013	-13.244
1014	1014	27.3438
1015	1015	-7.02184
1016	1016	-0.09175
1017	1017	25.3868
1018	1018	-4.25156
1019	1019	0.516499
1020	1020	-17.3364
1021	1021	-7.94017
1022	1022	-1.24859
1023	1023	-1.90247
1024	1024	14.0083
1025	1025	-14.5184
1026	1026	-5.38283
1027	1027	-0.725981
1028	1028	-4.06852
1029	1029	-56.9722
1030	1030	11.0862
1031	1031	-0.272892
1032	1032	-19.6518
1033	1033	-25.9833
1034	1034	-10.9726
1035	1035	8.51539
1036	1036	32.5117
1037	1037	-17.3075
1038	1038	-11.4701
1039	1039	-7.53218
1040	1040	35.5451
1041	1041	34.8755
1042	1042	-6.32443
1043	1043	32.8013
1044	1044	-2.6756
1045	1045	-4.43364
1046	1046	9.7816
1047	1047	38.0246
1048	1048	-12.7957
1049	1049	8.73308
1050	1050	6.89278
1051	1051	19.9141
1052	1052	-11.074
1053	1053	29.7384
1054	1054	-14.6144
1055	1055	-19.4431
1056	1056	-4.32894
1057	1057	-21.1827
1058	1058	-6.71548
1059	1059	-3.60093
1060	1060	2.54367
1061	1061	-17.3303
1062	1062	22.1047
1063	1063	12.6045
1064	1064	0.326333
1065	1065	-0.301449
1066	1066	-0.132815
1067	1067	14.6517
1068	1068	19.0414
1069	1069	-0.58962
1070	1070	-20.4852
1071	1071	0.316626
1072	1072	-22.0117
1073	1073	-1.81204
1074	1074	39.4189
1075	1075	-8.65779
1076	1076	-19.3119
1077	1077	8.57078
1078	1078	6.34805
1079	1079	1.38516
1080	1080	-8.91329
1081	1081	26.5402
1082	1082	44.0002
1083	1083	-38.2118
1084	1084	14.5672
1085	1085	-32.9022
1086	1086	-19.4569
1087	1087	16.7408
1088	1088	24.2498
1089	1089	2.52538
1090	1090	27.6332
1091	1091	-1.05626
1092	1092	11.7516
1093	1093	-6.33444
1094	1094	1.02775
1095	1095	0.905126
1096	1096	7.82793
1097	1097	-18.7117
1098	1098	23.6431
1099	1099	-25.7066
1100	1100	31.484
1101	1101	18.8082
1102	1102	13.1835
1103	1103	-14.5419
1104	1104	30.385
1105	1105	-23.7326
1106	1106	-13.5534
1107	1107	4.41392
1108	1108	32.798
1109	1109	-2.24539
1110	1110	-14.9941
1111	1111	29.2638
1112	1112	-4.84273
1113	1113	-26.6787
1114	1114	-9.14794
1115	1115	6.41936
1116	1116	-5.30509
1117	1117	-36.8452
1118	1118	24.9332
1119	1119	18.3976
1120	1120	-18.5366
1121	1121	7.61999
1122	1122	12.3211
1123	1123	-15.8552
1124	1124	-8.6125
1125	1125	21.3591
1126	1126	11.6511
1127	1127	-23.5173
1128	1128	14.3349
1129	1129	-18.2618
1130	1130	-12.775
1131	1131	-2.62946
1132	1132	-17.1457
1133	1133	32.1301
1134	1134	-1.94568
1135	1135	33.8477
1136	1136	9.74499
1137	1137	27.1086
1138	1138	24.6174
1139	1139	-17.491
1140	1140	31.8749
1141	1141	-23.6212
1142	1142	22.5099
1143	1143	-1.72623
1144	1144	12.3904
1145	1145	-8.46592
1146	1146	-16.8978
1147	1147	24.4994
1148	1148	0.350022
1149	1149	8.15764
1150	1150	20.9886
1151	1151	-15.323
1152	1152	-6.32785
1153	1153	-6.65522
1154	1154	-18.4318
1155	1155	-0.990381
1156	1156	-8.05512
1157	1157	10.8219
1158	1158	-8.52576
1159	1159	7.56882
1160	1160	6.43814
1161	1161	13.8806
1162	1162	-26.7612
1163	1163	-14.7083
1164	1164	7.8342
1165	1165	-5.18684
1166	1166	4.10251
1167	1167	16.1675
1168	1168	10.8429
1169	1169	-7.30211
1170	1170	-12.4527
1171	1171	-4.53182
1172	1172	2.77156
1173	1173	13.9334
1174	1174	19.4216
1175	1175	11.5093
1176	1176	13.3424
1177	1177	11.6786
1178	1178	-8.11368
1179	1179	-32.6828
1180	1180	-2.67652
1181	1181	-2.97884
1182	1182	6.49279
1183	1183	-35.1423
1184	1184	17.5474
1185	1185	13.556
1186	1186	5.28848
1187	1187	7.71783
1188	1188	-14.042
1189	1189	-12.3797
1190	1190	17.6451
1191	1191	-24.3926
1192	1192	-15.5682
1193	1193	9.33064
1194	1194	-30.3172
1195	1195	16.8727
1196	1196	34.1386
1197	1197	-1.35327
1198	1198	1.75539
1199	1199	-9.71395
