sample_id	sample_id2	phensim
zero	zero	-5.50899
1	1	-0.633213
2	2	-14.31
3	3	3.7082
4	4	-8.81131
5	5	-0.310955
6	6	19.7028
7	7	-7.13729
8	8	-32.5914
9	9	-2.08212
10	10	-1.74194
11	11	-12.8233
12	12	8.4951
13	13	-30.3022
14	14	25.577
15	15	20.7953
16	16	-39.4237
17	17	-11.8855
18	18	24.4099
19	19	-4.40725
20	20	-8.92409
21	21	21.9054
22	22	17.9263
23	23	10.3402
24	24	26.171
25	25	-1.48169
26	26	27.5363
27	27	24.8372
28	28	24.4292
29	29	15.9188
30	30	22.6198
31	31	10.4494
32	32	15.2373
33	33	10.7225
34	34	12.3866
35	35	-24.7617
36	36	-6.03392
37	37	4.23852
38	38	18.0698
39	39	-15.789
40	40	4.56468
41	41	24.766
42	42	-22.8516
43	43	22.4597
44	44	-21.2452
45	45	-15.2482
46	46	13.2201
47	47	-1.54018
48	48	0.970386
49	49	23.6231
50	50	-10.7968
51	51	14.809
52	52	-25.8635
53	53	-36.9801
54	54	5.88962
55	55	24.6112
56	56	9.26924
57	57	-17.9102
58	58	-3.14579
59	59	-8.503
60	60	4.5495
61	61	27.658
62	62	9.73619
63	63	-3.06659
64	64	29.7496
65	65	49.8567
66	66	15.0698
67	67	8.20626
68	68	-29.1284
69	69	-1.69652
70	70	-53.7944
71	71	-18.6825
72	72	14.4094
73	73	7.02297
74	74	-16.562
75	75	0.315362
76	76	21.634
77	77	6.86109
78	78	-8.7669
79	79	-16.5625
80	80	20.3841
81	81	22.5192
82	82	5.91001
83	83	34.8736
84	84	4.95748
85	85	7.3856
86	86	26.4157
87	87	45.6572
88	88	-29.0934
89	89	-2.87532
90	90	-56.129
91	91	31.518
92	92	10.1929
93	93	-11.4846
94	94	-24.5544
95	95	20.2329
96	96	-10.443
97	97	-51.9002
98	98	7.09909
99	99	10.6256
100	100	-24.8889
101	101	-6.31681
102	102	22.3631
103	103	7.09811
104	104	0.755434
105	105	27.634
106	106	20.3395
107	107	4.47526
108	108	5.19147
109	109	-32.0116
110	110	20.995
111	111	29.4344
112	112	-12.9515
113	113	-18.917
114	114	-8.15712
115	115	-14.9448
116	116	-9.45332
117	117	17.9789
118	118	-34.574
119	119	5.39309
120	120	3.36142
121	121	23.5338
122	122	-25.9283
123	123	-1.95706
124	124	10.7818
125	125	11.9921
126	126	0.953161
127	127	-37.5469
128	128	-13.4223
129	129	-0.607813
130	130	-5.42732
131	131	18.7557
132	132	9.77567
133	133	0.248058
134	134	-12.8363
135	135	-2.40552
136	136	14.5625
137	137	0.796882
138	138	11.0151
139	139	16.6545
140	140	26.9462
141	141	14.448
142	142	-3.15669
143	143	-44.6417
144	144	-4.32636
145	145	-2.755
146	146	-34.8571
147	147	15.6594
148	148	-61.5967
149	149	-37.5159
150	150	-10.7468
151	151	-7.65359
152	152	-5.35054
153	153	19.4079
154	154	-24.7751
155	155	6.21968
156	156	8.2611
157	157	23.1458
158	158	13.1505
159	159	-29.3429
160	160	-17.2549
161	161	-0.966924
162	162	-14.3198
163	163	-15.974
164	164	20.3456
165	165	-52.3033
166	166	37.3526
167	167	-24.7194
168	168	-14.9096
169	169	0.259093
170	170	28.3084
171	171	-16.435
172	172	33.5944
173	173	3.95484
174	174	2.14675
175	175	28.856
176	176	-35.4403
177	177	0.231507
178	178	13.2948
179	179	4.48049
180	180	-25.0135
181	181	19.0527
182	182	-21.0633
183	183	8.4893
184	184	14.5125
185	185	2.74029
186	186	26.9067
187	187	7.03394
188	188	-12.5441
189	189	1.23191
190	190	-20.2091
191	191	-2.33827
192	192	5.96551
193	193	15.8256
194	194	-6.76176
195	195	-5.57357
196	196	17.5328
197	197	-15.7094
198	198	11.2323
199	199	-21.974
200	200	4.84125
201	201	-10.898
202	202	-16.8088
203	203	28.5644
204	204	0.738253
205	205	-3.63609
206	206	-10.9608
207	207	-27.26
208	208	5.05708
209	209	7.72246
210	210	-3.43575
211	211	43.2932
212	212	5.62994
213	213	12.6372
214	214	3.84026
215	215	-22.5581
216	216	-37.4782
217	217	-23.7114
218	218	-8.00102
219	219	5.44605
220	220	4.18284
221	221	-4.50284
222	222	-4.05816
223	223	-13.6754
224	224	-29.1909
225	225	-16.671
226	226	7.54895
227	227	-1.16715
228	228	-5.93535
229	229	2.59993
230	230	-35.3854
231	231	-4.39534
232	232	23.6028
233	233	-5.05741
234	234	22.0869
235	235	-1.84293
236	236	-9.30338
237	237	8.26265
238	238	8.49231
239	239	-10.9401
240	240	-28.0285
241	241	32.6299
242	242	-20.0197
243	243	-28.5263
244	244	0.110713
245	245	43.6007
246	246	-14.9159
247	247	-1.99767
248	248	-2.57041
249	249	1.04277
250	250	-13.4949
251	251	25.821
252	252	-8.8474
253	253	22.4748
254	254	4.79543
255	255	-9.47943
256	256	-20.7665
257	257	-8.19014
258	258	-42.1718
259	259	12.466
260	260	-15.9295
261	261	9.6393
262	262	-39.9533
263	263	6.09362
264	264	-4.0316
265	265	-10.4368
266	266	-36.0248
267	267	-28.3694
268	268	-3.85583
269	269	-16.1656
270	270	23.9415
271	271	-43.8227
272	272	-31.9687
273	273	7.88374
274	274	-6.36691
275	275	18.034
276	276	11.39
277	277	-20.9665
278	278	-2.49023
279	279	-12.0364
280	280	-26.2748
281	281	-49.1963
282	282	31.4043
283	283	14.9204
284	284	23.2668
285	285	35.103
286	286	-23.3653
287	287	8.23597
288	288	16.1423
289	289	46.7711
290	290	42.5232
291	291	-4.02321
292	292	-4.98827
293	293	-7.75321
294	294	6.51555
295	295	-22.7714
296	296	42.3854
297	297	-14.3021
298	298	6.78706
299	299	9.77895
300	300	3.84589
301	301	-5.91016
302	302	-39.7487
303	303	14.826
304	304	4.72818
305	305	25.3427
306	306	9.50312
307	307	20.4922
308	308	-40.5625
309	309	-9.79375
310	310	-9.71762
311	311	-14.6366
312	312	22.8782
313	313	-20.6822
314	314	3.45556
315	315	-9.87832
316	316	0.265062
317	317	-30.9834
318	318	-2.81688
319	319	-6.57523
320	320	22.5294
321	321	-13.2493
322	322	3.81153
323	323	2.95657
324	324	-21.0231
325	325	-14.1858
326	326	12.6913
327	327	-20.1601
328	328	-17.2905
329	329	9.76208
330	330	10.3763
331	331	4.86277
332	332	-2.0969
333	333	12.665
334	334	8.11522
335	335	19.2727
336	336	8.82326
337	337	-19.5815
338	338	0.205678
339	339	-9.73094
340	340	-3.03014
341	341	3.95679
342	342	-35.9246
343	343	-3.82254
344	344	14.7024
345	345	-10.5088
346	346	20.297
347	347	30.1367
348	348	29.321
349	349	29.4495
350	350	13.6557
351	351	-27.8847
352	352	-3.20777
353	353	7.65623
354	354	11.1858
355	355	1.19833
356	356	1.30341
357	357	-35.9469
358	358	26.2072
359	359	17.9018
360	360	-13.3939
361	361	1.77688
362	362	-7.32806
363	363	-7.64523
364	364	4.2128
365	365	-18.8879
366	366	-39.7601
367	367	-32.187
368	368	7.0145
369	369	-6.7533
370	370	3.99772
371	371	-32.5302
372	372	15.3231
373	373	-5.3143
374	374	9.29831
375	375	29.0995
376	376	-6.43158
377	377	-28.3473
378	378	-15.8168
379	379	-24.7765
380	380	-13.8244
381	381	4.82745
382	382	20.6074
383	383	-23.4176
384	384	-42.2636
385	385	3.4912
386	386	-11.2611
387	387	-8.69675
388	388	-20.7098
389	389	7.42387
390	390	-7.41845
391	391	6.75656
392	392	-0.414827
393	393	-6.11212
394	394	-24.1091
395	395	23.112
396	396	17.95
397	397	-7.32466
398	398	8.43419
399	399	-19.544
400	400	23.1052
401	401	-2.84887
402	402	22.5954
403	403	19.7127
404	404	-5.01905
405	405	4.40994
406	406	7.80754
407	407	22.3271
408	408	-15.078
409	409	8.19394
410	410	20.0441
411	411	-24.9574
412	412	-9.17465
413	413	13.1987
414	414	9.2599
415	415	-14.0342
416	416	4.96719
417	417	13.8964
418	418	-24.0407
419	419	-44.3391
420	420	17.9581
421	421	-13.4161
422	422	13.1572
423	423	28.3918
424	424	7.24888
425	425	11.1418
426	426	5.17717
427	427	-9.66548
428	428	-20.5316
429	429	-8.36612
430	430	-29.472
431	431	17.5055
432	432	19.8776
433	433	-19.3068
434	434	-7.72604
435	435	27.7506
436	436	12.3296
437	437	-12.755
438	438	15.2901
439	439	20.5755
440	440	16.3068
441	441	25.5239
442	442	17.7154
443	443	6.52691
444	444	-39.9261
445	445	4.99635
446	446	-1.46207
447	447	11.4167
448	448	20.9004
449	449	-30.9165
450	450	42.3559
451	451	-18.6596
452	452	3.94138
453	453	0.308706
454	454	12.8471
455	455	6.4019
456	456	-12.2792
457	457	15.8676
458	458	10.7605
459	459	1.42735
460	460	-12.6715
461	461	-3.5666
462	462	-23.5209
463	463	1.56674
464	464	1.15692
465	465	-29.1311
466	466	-12.5972
467	467	35.7615
468	468	18.7892
469	469	-43.8352
470	470	-15.6128
471	471	-5.05444
472	472	7.8663
473	473	23.1923
474	474	-2.20299
475	475	5.36169
476	476	7.35502
477	477	18.1513
478	478	-6.8504
479	479	4.82888
480	480	15.8927
481	481	22.4386
482	482	-8.08635
483	483	-29.9673
484	484	16.1121
485	485	11.5247
486	486	-14.6258
487	487	-1.76543
488	488	0.434175
489	489	12.078
490	490	-15.6852
491	491	-16.692
492	492	-4.92884
493	493	-5.76313
494	494	-14.7332
495	495	23.7135
496	496	-14.9537
497	497	14.6046
498	498	9.27878
499	499	-36.3062
500	500	3.17389
501	501	25.2466
502	502	-14.1485
503	503	-2.08304
504	504	6.75115
505	505	3.7676
506	506	28.4614
507	507	-15.8698
508	508	-7.70618
509	509	9.39455
510	510	2.87476
511	511	-38.8438
512	512	1.56074
513	513	16.7944
514	514	3.07206
515	515	-9.56322
516	516	3.71121
517	517	15.5431
518	518	46.4903
519	519	0.234817
520	520	-9.886
521	521	15.5515
522	522	-9.86759
523	523	-23.79
524	524	11.9008
525	525	18.1259
526	526	1.37335
527	527	-7.70158
528	528	-15.8092
529	529	-27.5552
530	530	-26.9917
531	531	6.70517
532	532	26.6711
533	533	13.8997
534	534	9.59276
535	535	6.2041
536	536	9.6053
537	537	3.63897
538	538	27.4328
539	539	29.5905
540	540	2.66399
541	541	8.64018
542	542	17.1315
543	543	20.6699
544	544	23.8176
545	545	15.2031
546	546	18.6726
547	547	-1.66129
548	548	-26.4317
549	549	-3.06617
550	550	-9.94065
551	551	-8.42856
552	552	9.4727
553	553	-9.29834
554	554	36.7122
555	555	-1.37556
556	556	17.2967
557	557	-11.6012
558	558	30.3261
559	559	12.7753
560	560	-6.27612
561	561	16.4557
562	562	1.50997
563	563	-1.20625
564	564	-0.344973
565	565	-22.324
566	566	-5.04944
567	567	-5.86048
568	568	37.1741
569	569	11.3033
570	570	-5.50794
571	571	18.0284
572	572	5.99531
573	573	-11.6992
574	574	1.1092
575	575	7.55656
576	576	23.6149
577	577	-12.2901
578	578	-4.01925
579	579	12.7217
580	580	-4.76568
581	581	-6.40306
582	582	42.4332
583	583	-16.9594
584	584	-17.0533
585	585	4.52771
586	586	34.8815
587	587	-24.6436
588	588	0.0251416
589	589	-12.1006
590	590	16.1863
591	591	13.7149
592	592	-1.21613
593	593	-22.6035
594	594	9.67367
595	595	9.95437
596	596	22.6682
597	597	-20.856
598	598	1.17841
599	599	19.8046
600	600	16.2004
601	601	14.8306
602	602	14.0749
603	603	12.3475
604	604	-5.95994
605	605	37.1644
606	606	-22.8478
607	607	34.588
608	608	25.9747
609	609	-10.2103
610	610	-8.53853
611	611	-11.5732
612	612	2.07874
613	613	-18.4985
614	614	-13.0467
615	615	-7.62102
616	616	-12.4057
617	617	-19.5612
618	618	21.2593
619	619	-16.3973
620	620	-9.49027
621	621	-16.7851
622	622	20.9486
623	623	-2.16371
624	624	-17.3375
625	625	22.4195
626	626	-17.0512
627	627	26.348
628	628	16.7303
629	629	8.59152
630	630	-35.6066
631	631	-37.1841
632	632	18.1396
633	633	-8.26174
634	634	-24.4899
635	635	29.1684
636	636	18.7175
637	637	17.0878
638	638	-0.558338
639	639	-13.9108
640	640	5.49745
641	641	-20.9085
642	642	10.179
643	643	20.4652
644	644	40.1271
645	645	38.8762
646	646	15.6923
647	647	9.2349
648	648	-25.7449
649	649	-13.8889
650	650	23.0916
651	651	17.5333
652	652	0.886821
653	653	15.4949
654	654	8.50637
655	655	4.12737
656	656	-31.2651
657	657	9.80483
658	658	9.99118
659	659	27.196
660	660	32.9235
661	661	-14.2129
662	662	-12.5547
663	663	-17.6397
664	664	5.11048
665	665	39.2547
666	666	-18.9914
667	667	-53.6134
668	668	9.35811
669	669	18.426
670	670	-31.0068
671	671	-2.63575
672	672	-20.5798
673	673	-10.2548
674	674	7.98226
675	675	7.81973
676	676	8.05251
677	677	10.6876
678	678	14.3465
679	679	3.80077
680	680	6.52676
681	681	17.4482
682	682	-19.9158
683	683	-29.0234
684	684	-2.85739
685	685	-0.534886
686	686	4.07888
687	687	21.1618
688	688	13.9413
689	689	-39.5638
690	690	-0.634618
691	691	11.0237
692	692	6.98601
693	693	-22.3435
694	694	2.50007
695	695	-30.2116
696	696	10.6912
697	697	-11.3148
698	698	-11.9047
699	699	17.7409
700	700	-2.35029
701	701	35.5785
702	702	-27.612
703	703	0.939851
704	704	-2.09251
705	705	2.03353
706	706	-14.1578
707	707	-53.639
708	708	30.12
709	709	-7.49752
710	710	-28.2852
711	711	4.32458
712	712	15.6442
713	713	21.3779
714	714	-3.60788
715	715	-20.5125
716	716	2.53663
717	717	-1.16364
718	718	-20.3603
719	719	-6.89486
720	720	-1.32016
721	721	23.9477
722	722	52.6833
723	723	9.95313
724	724	8.6658
725	725	-2.69084
726	726	18.2132
727	727	-3.75817
728	728	0.638369
729	729	-19.468
730	730	-0.19883
731	731	-4.37537
732	732	38.8126
733	733	-16.154
734	734	0.189076
735	735	-1.7002
736	736	2.85271
737	737	15.3137
738	738	-20.1969
739	739	26.5719
740	740	-30.0756
741	741	41.2188
742	742	19.8541
743	743	31.3424
744	744	-49.4123
745	745	3.14172
746	746	12.4467
747	747	16.4201
748	748	-18.1037
749	749	6.8029
750	750	18.0843
751	751	-35.5567
752	752	-5.70437
753	753	-1.07502
754	754	24.1999
755	755	32.4721
756	756	20.6884
757	757	-1.99628
758	758	27.3522
759	759	-43.8396
760	760	29.6222
761	761	-22.3108
762	762	10.6435
763	763	9.22775
764	764	21.0411
765	765	21.501
766	766	-5.0431
767	767	6.97364
768	768	11.122
769	769	20.7215
770	770	-8.74644
771	771	-1.39298
772	772	10.8969
773	773	-10.69
774	774	-19.8329
775	775	10.6126
776	776	22.7884
777	777	41.6087
778	778	8.25521
779	779	-14.8973
780	780	27.971
781	781	13.3117
782	782	31.2012
783	783	11.5407
784	784	0.469978
785	785	-47.6001
786	786	15.3491
787	787	-16.9752
788	788	0.0276655
789	789	29.3206
790	790	40.4076
791	791	1.11058
792	792	8.32828
793	793	-3.15599
794	794	47.4381
795	795	16.3712
796	796	-27.0773
797	797	-26.4738
798	798	-24.576
799	799	-13.7171
800	800	-10.9117
801	801	-20.1155
802	802	-11.6455
803	803	14.6944
804	804	-0.744812
805	805	8.36366
806	806	45.1375
807	807	-17.784
808	808	31.0509
809	809	-49.1901
810	810	-9.60897
811	811	-32.2922
812	812	-4.36358
813	813	-12.6278
814	814	-2.47824
815	815	41.1679
816	816	45.9438
817	817	-36.7986
818	818	38.8829
819	819	20.1222
820	820	-19.0142
821	821	-17.4517
822	822	11.567
823	823	-31.0858
824	824	-8.53053
825	825	-23.9122
826	826	0.202733
827	827	5.80735
828	828	-20.0065
829	829	13.0137
830	830	-10.2935
831	831	1.5101
832	832	12.5607
833	833	-13.5578
834	834	-7.00762
835	835	41.368
836	836	-4.07303
837	837	21.7764
838	838	14.4053
839	839	25.2834
840	840	-15.0988
841	841	5.17393
842	842	-1.98174
843	843	13.5617
844	844	16.6846
845	845	3.4979
846	846	-38.7631
847	847	0.456308
848	848	-0.890181
849	849	-18.7156
850	850	-16.0558
851	851	-3.89029
852	852	-9.52425
853	853	-32.2823
854	854	37.0817
855	855	9.87919
856	856	16.0237
857	857	6.11154
858	858	-2.22503
859	859	10.7795
860	860	5.85433
861	861	6.60395
862	862	6.35012
863	863	-15.886
864	864	38.2399
865	865	-19.5552
866	866	-25.9467
867	867	23.9077
868	868	-0.670357
869	869	-44.5026
870	870	-4.60001
871	871	-27.8492
872	872	13.8885
873	873	16.9721
874	874	10.4059
875	875	15.4144
876	876	11.0737
877	877	-21.9294
878	878	4.39212
879	879	-1.22784
880	880	15.0871
881	881	1.77147
882	882	6.31644
883	883	23.6618
884	884	5.08388
885	885	9.46243
886	886	14.8434
887	887	-16.3017
888	888	-0.117982
889	889	13.3658
890	890	8.68677
891	891	17.2017
892	892	11.2433
893	893	8.09753
894	894	-26.7308
895	895	37.6746
896	896	21.7927
897	897	-41.5479
898	898	20.0065
899	899	-0.234723
900	900	-22.87
901	901	23.6746
902	902	-28.1471
903	903	-2.80045
904	904	19.3807
905	905	25.1584
906	906	13.4864
907	907	16.5658
908	908	-9.36289
909	909	12.2901
910	910	37.0953
911	911	-13.211
912	912	16.4834
913	913	-4.35809
914	914	8.11682
915	915	-19.9799
916	916	-2.54549
917	917	-45.5509
918	918	0.000531303
919	919	-5.65136
920	920	-7.08051
921	921	-33.7692
922	922	-5.90436
923	923	34.901
924	924	-22.2719
925	925	-7.75417
926	926	-16.46
927	927	-18.1314
928	928	0.670926
929	929	-36.1977
930	930	-9.90982
931	931	-9.49992
932	932	-30.8205
933	933	17.9218
934	934	-2.34096
935	935	15.0642
936	936	-38.1814
937	937	34.33
938	938	19.0948
939	939	-12.7315
940	940	-45.1447
941	941	-13.9735
942	942	16.4318
943	943	12.6215
944	944	-32.0143
945	945	-6.53213
946	946	9.43006
947	947	6.05596
948	948	-2.97642
949	949	9.54709
950	950	7.16307
951	951	17.5242
952	952	30.2318
953	953	4.94371
954	954	23.3692
955	955	15.2103
956	956	-20.1865
957	957	27.1016
958	958	-44.2209
959	959	17.6565
960	960	1.36814
961	961	-20.423
962	962	-4.81632
963	963	9.31078
964	964	4.7101
965	965	12.272
966	966	42.5898
967	967	-10.8184
968	968	16.986
969	969	27.4629
970	970	29.2718
971	971	9.85787
972	972	-10.7336
973	973	6.02487
974	974	-40.1956
975	975	-5.73696
976	976	14.3823
977	977	3.30023
978	978	8.31192
979	979	-7.14954
980	980	1.68644
981	981	-27.8285
982	982	-8.19253
983	983	-6.74655
984	984	37.46
985	985	-11.5518
986	986	-30.5222
987	987	29.687
988	988	9.37535
989	989	-34.5286
990	990	35.517
991	991	37.2912
992	992	-41.0049
993	993	-14.3195
994	994	17.2292
995	995	-6.44922
996	996	-15.2611
997	997	-16.7119
998	998	4.35041
999	999	1.1501
1000	1000	7.63516
1001	1001	-10.2493
1002	1002	14.7649
1003	1003	30.7867
1004	1004	7.04843
1005	1005	-14.0072
1006	1006	42.6638
1007	1007	-3.39933
1008	1008	12.6734
1009	1009	-39.2301
1010	1010	-7.42674
1011	1011	6.14434
1012	1012	-18.0323
1013	1013	4.78369
1014	1014	4.58098
1015	1015	-1.40598
1016	1016	2.20339
1017	1017	-3.52196
1018	1018	4.79747
1019	1019	16.8648
1020	1020	9.73763
1021	1021	16.7126
1022	1022	6.71277
1023	1023	12.7449
1024	1024	-4.82602
1025	1025	11.5381
1026	1026	-14.5867
1027	1027	-6.56979
1028	1028	-1.73235
1029	1029	14.4759
1030	1030	-19.2895
1031	1031	-33.7155
1032	1032	24.8032
1033	1033	16.0913
1034	1034	-25.2783
1035	1035	3.30627
1036	1036	14.3024
1037	1037	12.1125
1038	1038	30.1348
1039	1039	14.5011
1040	1040	-15.1116
1041	1041	13.6263
1042	1042	-5.94927
1043	1043	15.7935
1044	1044	8.21297
1045	1045	-9.87529
1046	1046	16.0751
1047	1047	6.57637
1048	1048	-16.4153
1049	1049	8.44859
1050	1050	0.772046
1051	1051	-1.07287
1052	1052	-8.35829
1053	1053	-9.52468
1054	1054	27.448
1055	1055	-14.9816
1056	1056	1.57538
1057	1057	-41.6335
1058	1058	-10.9137
1059	1059	2.76065
1060	1060	13.1212
1061	1061	-15.2851
1062	1062	-5.20468
1063	1063	14.7774
1064	1064	-15.4798
1065	1065	27.9481
1066	1066	9.26016
1067	1067	-13.8107
1068	1068	-36.2764
1069	1069	2.32355
1070	1070	-27.8477
1071	1071	1.84887
1072	1072	-2.4843
1073	1073	17.8191
1074	1074	7.83114
1075	1075	25.4257
1076	1076	-10.7838
1077	1077	21.0044
1078	1078	42.7678
1079	1079	-32.5117
1080	1080	20.9082
1081	1081	1.46112
1082	1082	22.3226
1083	1083	-48.8176
1084	1084	-24.2351
1085	1085	0.692942
1086	1086	25.1777
1087	1087	-12.961
1088	1088	1.68403
1089	1089	10.1036
1090	1090	-16.452
1091	1091	25.8423
1092	1092	-12.0952
1093	1093	48.1744
1094	1094	-16.1742
1095	1095	-0.405533
1096	1096	10.3799
1097	1097	-37.0106
1098	1098	7.96913
1099	1099	-5.1057
1100	1100	-11.034
1101	1101	-3.4505
1102	1102	11.0835
1103	1103	3.47722
1104	1104	-24.3966
1105	1105	14.2766
1106	1106	5.5965
1107	1107	14.2413
1108	1108	9.97938
1109	1109	-6.12697
1110	1110	27.0192
1111	1111	25.2135
1112	1112	12.5078
1113	1113	17.4284
1114	1114	15.0601
1115	1115	12.8277
1116	1116	11.8531
1117	1117	16.4299
1118	1118	-1.07408
1119	1119	-7.38863
1120	1120	-34.1619
1121	1121	-36.9228
1122	1122	7.74611
1123	1123	-12.9986
1124	1124	-1.93799
1125	1125	-18.0012
1126	1126	14.1152
1127	1127	-6.64606
1128	1128	45.4217
1129	1129	10.8337
1130	1130	0.431966
1131	1131	-7.2699
1132	1132	7.21661
1133	1133	-21.2576
1134	1134	-54.1321
1135	1135	21.0103
1136	1136	-7.30272
1137	1137	0.432121
1138	1138	-27.8129
1139	1139	12.6303
1140	1140	12.4055
1141	1141	-45.4739
1142	1142	41.0248
1143	1143	17.1553
1144	1144	39.6828
1145	1145	2.79988
1146	1146	-3.53994
1147	1147	18.568
1148	1148	2.89307
1149	1149	-29.5696
1150	1150	-3.55452
1151	1151	19.1863
1152	1152	-17.2709
1153	1153	1.29935
1154	1154	25.499
1155	1155	-21.3886
1156	1156	5.39953
1157	1157	-11.8712
1158	1158	35.3898
1159	1159	4.09883
1160	1160	-19.6594
1161	1161	21.9669
1162	1162	-3.2327
1163	1163	-44.6852
1164	1164	-7.95544
1165	1165	-12.843
1166	1166	5.03298
1167	1167	3.13964
1168	1168	-32.6632
1169	1169	16.9272
1170	1170	-12.948
1171	1171	-15.8968
1172	1172	-7.64972
1173	1173	0.00635233
1174	1174	-38.2442
1175	1175	31.3699
1176	1176	9.69002
1177	1177	3.79884
1178	1178	-7.98853
1179	1179	11.0266
1180	1180	-7.05697
1181	1181	-10.7586
1182	1182	-29.1313
1183	1183	7.47372
1184	1184	-21.9468
1185	1185	-2.68613
1186	1186	53.4609
1187	1187	-31.1124
1188	1188	27.3393
1189	1189	18.9934
1190	1190	-15.9057
1191	1191	17.0417
1192	1192	27.5594
1193	1193	15.9185
1194	1194	-0.61689
1195	1195	-35.2918
1196	1196	9.49526
1197	1197	28.45
1198	1198	-18.8472
1199	1199	29.364
1200	1200	-16.6841
1201	1201	8.53214
1202	1202	17.7841
1203	1203	-19.6734
1204	1204	-3.5173
1205	1205	22.7042
1206	1206	5.96804
1207	1207	6.76796
1208	1208	25.6445
1209	1209	8.46612
1210	1210	6.8271
1211	1211	-20.7898
1212	1212	13.9721
1213	1213	3.24353
1214	1214	-2.22539
1215	1215	2.39005
1216	1216	-27.3161
1217	1217	-27.4849
1218	1218	16.7673
1219	1219	15.9669
1220	1220	-10.8321
1221	1221	25.8403
1222	1222	30.2221
1223	1223	-28.9648
1224	1224	-14.0984
1225	1225	-23.6555
1226	1226	2.93238
1227	1227	17.649
1228	1228	-39.2488
1229	1229	17.6492
1230	1230	1.2427
1231	1231	21.2937
1232	1232	-2.41056
1233	1233	-26.9784
1234	1234	22.0631
1235	1235	-44.9165
1236	1236	3.43272
1237	1237	-21.5571
1238	1238	44.4821
1239	1239	-2.66367
1240	1240	29.8095
1241	1241	-25.3308
1242	1242	17.8091
1243	1243	4.89431
1244	1244	-6.33376
1245	1245	-38.7576
1246	1246	-12.0648
1247	1247	-17.779
1248	1248	-1.18881
1249	1249	21.2652
1250	1250	8.67543
1251	1251	-28.6704
1252	1252	16.6627
1253	1253	17.0332
1254	1254	-2.26403
1255	1255	-14.741
1256	1256	-26.5102
1257	1257	-7.83139
1258	1258	6.29226
1259	1259	-1.07343
1260	1260	10.9287
1261	1261	1.17144
1262	1262	17.878
1263	1263	36.6169
1264	1264	20.4307
1265	1265	-19.7998
1266	1266	-14.0048
1267	1267	27.7763
1268	1268	25.1606
1269	1269	-54.3508
1270	1270	21.8763
1271	1271	28.0982
1272	1272	36.532
1273	1273	-32.3042
1274	1274	-0.00190567
1275	1275	28.6852
1276	1276	8.20878
1277	1277	-12.6067
1278	1278	3.47289
1279	1279	10.1699
1280	1280	4.92545
1281	1281	25.1582
1282	1282	3.33628
1283	1283	-13.483
1284	1284	-14.4324
1285	1285	-5.46684
1286	1286	11.9724
1287	1287	-9.34024
1288	1288	-22.9072
1289	1289	26.3546
1290	1290	20.8343
1291	1291	-33.0013
1292	1292	-9.81063
1293	1293	-9.45179
1294	1294	5.66305
1295	1295	-23.5544
1296	1296	16.8215
1297	1297	-15.3205
1298	1298	-26.5215
1299	1299	14.11
1300	1300	24.9725
1301	1301	23.139
1302	1302	4.03294
1303	1303	-11.1021
1304	1304	7.62132
1305	1305	-27.6673
1306	1306	3.43184
1307	1307	-1.51245
1308	1308	0.788378
1309	1309	-1.12185
1310	1310	-8.88221
1311	1311	16.9524
1312	1312	-23.1488
1313	1313	14.9094
1314	1314	4.51923
1315	1315	13.0378
1316	1316	12.3275
1317	1317	17.2066
1318	1318	-43.9752
1319	1319	11.2106
1320	1320	18.1675
1321	1321	4.08613
1322	1322	2.66505
1323	1323	13.9736
1324	1324	-6.02902
1325	1325	-10.2941
1326	1326	6.42217
1327	1327	1.10903
1328	1328	-18.2051
1329	1329	1.28373
1330	1330	0.792695
1331	1331	-18.2121
1332	1332	1.91072
1333	1333	0.865073
1334	1334	7.82247
1335	1335	-14.1605
1336	1336	4.40096
1337	1337	-38.4776
1338	1338	9.4769
1339	1339	-11.0515
1340	1340	-28.2899
1341	1341	26.7355
1342	1342	5.31696
1343	1343	-3.70302
1344	1344	9.06232
1345	1345	-13.7664
1346	1346	4.36713
1347	1347	10.4915
1348	1348	-17.0258
1349	1349	6.41667
1350	1350	-13.7691
1351	1351	-23.4212
1352	1352	-14.7612
1353	1353	-20.6513
1354	1354	18.7238
1355	1355	-11.9884
1356	1356	-24.4621
1357	1357	-6.20879
1358	1358	8.71495
1359	1359	-18.6631
1360	1360	39.5103
1361	1361	17.0295
1362	1362	13.6787
1363	1363	-3.35745
1364	1364	11.5303
1365	1365	-2.14165
1366	1366	6.46844
1367	1367	23.9976
1368	1368	5.57697
1369	1369	2.87201
1370	1370	30.9912
1371	1371	23.0831
1372	1372	-14.7027
1373	1373	-7.38913
1374	1374	-48.902
1375	1375	-20.878
1376	1376	2.61674
1377	1377	-19.6039
1378	1378	-8.2388
1379	1379	5.28408
1380	1380	-13.7136
1381	1381	40.5932
1382	1382	-6.92709
1383	1383	2.42594
1384	1384	22.7158
1385	1385	-16.087
1386	1386	-26.6235
1387	1387	23.1587
1388	1388	-6.52772
1389	1389	-38.4578
1390	1390	8.20126
1391	1391	5.68908
1392	1392	10.915
1393	1393	-28.9054
1394	1394	11.3671
1395	1395	5.50015
1396	1396	10.405
1397	1397	-20.5128
1398	1398	17.4504
1399	1399	-4.963
1400	1400	20.6253
1401	1401	-29.7842
1402	1402	10.6474
1403	1403	4.43435
1404	1404	-2.51196
1405	1405	-33.8534
1406	1406	-7.9922
1407	1407	12.7559
1408	1408	-46.9234
1409	1409	-14.0565
1410	1410	-6.19971
1411	1411	14.7701
1412	1412	-43.9989
1413	1413	-48.8288
1414	1414	1.22578
1415	1415	-31.5655
1416	1416	34.1612
1417	1417	0.604099
1418	1418	0.958561
1419	1419	-14.0671
1420	1420	17.4802
1421	1421	-27.7
1422	1422	29.2534
1423	1423	-9.30435
1424	1424	14.2579
1425	1425	-11.0418
1426	1426	34.0855
1427	1427	-21.7466
1428	1428	-12.263
1429	1429	-12.6019
1430	1430	-51.0046
1431	1431	9.34352
1432	1432	27.0478
1433	1433	-12.8281
1434	1434	-26.8867
1435	1435	18.8986
1436	1436	-8.67711
1437	1437	10.8891
1438	1438	-9.05294
1439	1439	-7.66252
1440	1440	23.2937
1441	1441	-4.59634
1442	1442	21.5161
1443	1443	-32.0887
1444	1444	3.58694
1445	1445	0.764189
1446	1446	22.1086
1447	1447	30.703
1448	1448	-1.69543
1449	1449	-30.6566
1450	1450	4.64054
1451	1451	11.5479
1452	1452	0.0751616
1453	1453	-8.19747
1454	1454	6.94319
1455	1455	-3.22148
1456	1456	2.80085
1457	1457	8.05337
1458	1458	-7.32693
1459	1459	15.7955
1460	1460	21.3551
1461	1461	23.8288
1462	1462	-11.1835
1463	1463	14.9966
1464	1464	28.085
1465	1465	-3.4722
1466	1466	-27.8602
1467	1467	-23.3165
1468	1468	-16.1637
1469	1469	10.3658
1470	1470	-17.812
1471	1471	16.5489
1472	1472	4.42289
1473	1473	31.1803
1474	1474	-13.1074
1475	1475	19.2361
1476	1476	6.90249
1477	1477	-19.9838
1478	1478	-2.89788
1479	1479	23.691
1480	1480	-5.10991
1481	1481	-35.7306
1482	1482	4.48952
1483	1483	-40.6861
1484	1484	-3.5471
1485	1485	5.61641
1486	1486	2.80866
1487	1487	22.8306
1488	1488	-2.21348
1489	1489	-16.7755
1490	1490	5.36731
1491	1491	-1.40574
1492	1492	39.955
1493	1493	-18.0182
1494	1494	30.1594
1495	1495	7.0982
1496	1496	-0.405058
1497	1497	23.1311
1498	1498	5.24275
1499	1499	17.3391
1500	1500	-6.4369
1501	1501	13.8073
1502	1502	39.3004
1503	1503	3.75703
1504	1504	-5.22871
1505	1505	-20.9931
1506	1506	1.33472
1507	1507	-8.71427
1508	1508	19.6425
1509	1509	-6.54004
1510	1510	4.04798
1511	1511	4.00994
1512	1512	2.38572
1513	1513	-42.8679
1514	1514	-5.09679
1515	1515	-2.99856
1516	1516	-26.4008
1517	1517	-19.9595
1518	1518	13.141
1519	1519	-40.9713
1520	1520	-28.1587
1521	1521	-6.39065
1522	1522	-53.8752
1523	1523	16.8879
1524	1524	6.50174
1525	1525	3.19139
1526	1526	-6.26703
1527	1527	-12.1555
1528	1528	4.63158
1529	1529	27.37
1530	1530	-5.12271
1531	1531	3.07525
1532	1532	-15.012
1533	1533	8.2583
1534	1534	-13.2443
1535	1535	-33.4143
1536	1536	-47.2926
1537	1537	-1.50348
1538	1538	7.89686
1539	1539	-20.6524
1540	1540	-7.04986
1541	1541	12.4822
1542	1542	6.66583
1543	1543	12.7204
1544	1544	11.2792
1545	1545	0.703956
1546	1546	7.39819
1547	1547	-8.73629
1548	1548	-5.10676
1549	1549	26.6216
1550	1550	15.1636
1551	1551	-9.51337
1552	1552	-0.873231
1553	1553	-9.56476
1554	1554	45.9702
1555	1555	11.065
1556	1556	29.5428
1557	1557	-33.9224
1558	1558	0.511906
1559	1559	23.6397
1560	1560	-17.9568
1561	1561	5.42032
1562	1562	-5.55266
1563	1563	-50.0863
1564	1564	-4.32849
1565	1565	8.34405
1566	1566	2.46399
1567	1567	-6.69276
1568	1568	18.4115
1569	1569	-10.4012
1570	1570	17.231
1571	1571	-9.99025
1572	1572	47.0957
1573	1573	-17.5997
1574	1574	6.58779
1575	1575	-19.8886
1576	1576	24.7719
1577	1577	-23.5828
1578	1578	21.4849
1579	1579	-17.1959
1580	1580	-25.9242
1581	1581	-0.586026
1582	1582	9.6405
1583	1583	21.3751
1584	1584	-4.96449
1585	1585	-5.30728
1586	1586	19.9969
1587	1587	-18.5581
1588	1588	23.4016
1589	1589	-19.6734
1590	1590	-19.4047
1591	1591	-27.857
1592	1592	-0.897967
1593	1593	-0.194793
1594	1594	4.16982
1595	1595	-10.8069
1596	1596	23.6132
1597	1597	-26.9802
1598	1598	43.3984
1599	1599	27.1999
1600	1600	-24.3318
1601	1601	32.8165
1602	1602	6.81488
1603	1603	-17.9717
1604	1604	10.1657
1605	1605	-10.2532
1606	1606	22.3978
1607	1607	45.3463
1608	1608	21.7731
1609	1609	9.53878
1610	1610	-12.7501
1611	1611	-18.1918
1612	1612	-22.3625
1613	1613	-37.7586
1614	1614	24.9596
1615	1615	-8.81311
1616	1616	23.217
1617	1617	-9.07423
1618	1618	24.7243
1619	1619	-19.2945
1620	1620	-13.6831
1621	1621	1.26129
1622	1622	-39.0571
1623	1623	1.40202
1624	1624	-15.467
1625	1625	-5.19533
1626	1626	-11.743
1627	1627	23.3888
1628	1628	-48.0473
1629	1629	-2.57941
1630	1630	-6.90652
1631	1631	-1.41416
1632	1632	-16.8133
1633	1633	-20.6987
1634	1634	28.3061
1635	1635	21.8767
1636	1636	7.33709
1637	1637	-49.2558
1638	1638	-16.9163
1639	1639	-4.21135
1640	1640	-16.5872
1641	1641	-10.2
1642	1642	41.9238
1643	1643	-22.8796
1644	1644	3.04363
1645	1645	-8.97332
1646	1646	-49.741
1647	1647	-3.99957
1648	1648	-35.7638
1649	1649	-4.4372
1650	1650	15.1058
1651	1651	-20.121
1652	1652	-22.2463
1653	1653	14.4604
1654	1654	5.24036
1655	1655	-1.56827
1656	1656	-21.9256
1657	1657	19.5823
1658	1658	-14.4402
1659	1659	16.1659
1660	1660	-13.4737
1661	1661	-17.2538
1662	1662	-25.173
1663	1663	10.6105
1664	1664	-21.5178
1665	1665	7.77989
1666	1666	17.5014
1667	1667	29.3864
1668	1668	-1.5258
1669	1669	31.6436
1670	1670	11.858
1671	1671	-4.62566
1672	1672	-2.10703
1673	1673	-6.77272
1674	1674	-12.6297
1675	1675	47.692
1676	1676	-17.2759
1677	1677	23.4775
1678	1678	2.49117
1679	1679	26.6336
1680	1680	12.2733
1681	1681	9.1218
1682	1682	-7.64376
1683	1683	31.9362
1684	1684	-18.4184
1685	1685	-29.8915
1686	1686	-17.0115
1687	1687	-26.9349
1688	1688	6.27306
1689	1689	-42.439
1690	1690	9.10363
1691	1691	-4.46402
1692	1692	-39.7039
1693	1693	-32.3286
1694	1694	49.8332
1695	1695	4.45597
1696	1696	-12.8328
1697	1697	15.9358
1698	1698	11.0392
1699	1699	17.1236
1700	1700	8.68554
1701	1701	19.4677
1702	1702	29.717
1703	1703	-23.0168
1704	1704	32.997
1705	1705	-24.2217
1706	1706	1.88041
1707	1707	14.7868
1708	1708	-3.83045
1709	1709	1.44995
1710	1710	-19.7388
1711	1711	39.2323
1712	1712	23.6576
1713	1713	-15.4896
1714	1714	5.383
1715	1715	-2.70643
1716	1716	-0.513876
1717	1717	7.90861
1718	1718	-7.76657
1719	1719	17.6105
1720	1720	2.30538
1721	1721	-19.3238
1722	1722	21.8407
1723	1723	2.49054
1724	1724	25.6318
1725	1725	-16.4087
1726	1726	-1.61231
1727	1727	0.405707
1728	1728	-23.2985
1729	1729	-11.5629
1730	1730	-5.83685
1731	1731	33.8614
1732	1732	18.7836
1733	1733	-23.7643
1734	1734	-1.61863
1735	1735	-2.0229
1736	1736	26.3625
1737	1737	21.3752
1738	1738	5.47683
1739	1739	-2.16968
1740	1740	9.8328
1741	1741	-27.0379
1742	1742	14.6165
1743	1743	-4.56681
1744	1744	3.09619
1745	1745	-35.9962
1746	1746	-7.0085
1747	1747	-8.50943
1748	1748	-22.6743
1749	1749	28.2153
1750	1750	-0.54659
1751	1751	-27.4334
1752	1752	21.1222
1753	1753	18.5479
1754	1754	-25.547
1755	1755	-23.7809
1756	1756	-34.8421
1757	1757	-14.7903
1758	1758	11.2673
1759	1759	3.89454
1760	1760	-8.22175
1761	1761	14.2712
1762	1762	-22.9901
1763	1763	-22.6755
1764	1764	38.2041
1765	1765	21.1453
1766	1766	1.9082
1767	1767	-30.8013
1768	1768	-12.5587
1769	1769	8.63383
1770	1770	-16.8867
1771	1771	11.0724
1772	1772	7.79646
1773	1773	-25.2386
1774	1774	-7.14896
1775	1775	-10.7436
1776	1776	16.5112
1777	1777	15.2345
1778	1778	36.5331
1779	1779	-23.5988
1780	1780	17.7074
1781	1781	-5.24858
1782	1782	-2.35945
1783	1783	-6.11353
1784	1784	-17.4524
1785	1785	-1.31825
1786	1786	-12.6001
1787	1787	4.64178
1788	1788	17.8943
1789	1789	6.11592
1790	1790	-48.8319
1791	1791	2.42756
1792	1792	-1.16884
1793	1793	-0.628208
1794	1794	8.25374
1795	1795	-8.89976
1796	1796	9.23595
1797	1797	-9.89555
1798	1798	-10.2946
1799	1799	34.7371
1800	1800	13.192
1801	1801	-4.73234
1802	1802	26.3728
1803	1803	4.32541
1804	1804	-10.8466
1805	1805	-1.47174
1806	1806	3.15673
1807	1807	11.4352
1808	1808	-29.7963
1809	1809	-13.9738
1810	1810	13.3999
1811	1811	0.566695
1812	1812	-6.70417
1813	1813	-0.146773
1814	1814	4.1665
1815	1815	-6.92618
1816	1816	4.78433
1817	1817	-10.1349
1818	1818	43.2016
1819	1819	2.49067
1820	1820	-19.3909
1821	1821	2.90484
1822	1822	-2.9805
1823	1823	-15.1711
1824	1824	8.81507
1825	1825	-14.2226
1826	1826	7.7308
1827	1827	3.24408
1828	1828	41.2313
1829	1829	10.4724
1830	1830	-4.81613
1831	1831	-24.1769
1832	1832	-37.9209
1833	1833	26.0531
1834	1834	-17.9537
1835	1835	1.18806
1836	1836	10.7194
1837	1837	29.3863
1838	1838	3.31414
1839	1839	-28.2664
1840	1840	4.00133
1841	1841	39.6956
1842	1842	24.6675
1843	1843	9.3134
1844	1844	14.7435
1845	1845	-3.62958
1846	1846	-22.0958
1847	1847	-3.10787
1848	1848	19.1997
1849	1849	-9.42602
1850	1850	-3.85688
1851	1851	25.9217
1852	1852	-11.1772
1853	1853	39.0161
1854	1854	2.47448
1855	1855	4.63359
1856	1856	-4.91555
1857	1857	2.37881
1858	1858	11.6943
1859	1859	-23.2085
1860	1860	-28.2295
1861	1861	33.0684
1862	1862	6.89697
1863	1863	-31.455
1864	1864	7.28565
1865	1865	4.22529
1866	1866	-16.907
1867	1867	-2.0568
1868	1868	27.3372
1869	1869	0.0459654
1870	1870	-13.7035
1871	1871	-28.7435
1872	1872	-28.2676
1873	1873	6.22193
1874	1874	24.2119
1875	1875	13.6422
1876	1876	-30.8826
1877	1877	0.382706
1878	1878	10.8623
1879	1879	-44.2881
1880	1880	8.53534
1881	1881	21.1701
1882	1882	4.21382
1883	1883	26.1525
1884	1884	-0.620947
1885	1885	1.42927
1886	1886	-37.333
1887	1887	17.4233
1888	1888	3.30268
1889	1889	-17.4734
1890	1890	-4.82814
1891	1891	-23.33
1892	1892	9.42018
1893	1893	41.7144
1894	1894	-13.5565
1895	1895	3.1084
1896	1896	11.2819
1897	1897	0.595684
1898	1898	-10.4006
1899	1899	28.3931
1900	1900	-19.0301
1901	1901	25.9267
1902	1902	13.5389
1903	1903	7.16775
1904	1904	-35.8252
1905	1905	8.83565
1906	1906	-30.4636
1907	1907	-3.13118
1908	1908	3.2065
1909	1909	-20.8897
1910	1910	1.69376
1911	1911	4.25996
1912	1912	35.4543
1913	1913	-0.527128
1914	1914	0.0602228
1915	1915	9.87219
1916	1916	-5.69366
1917	1917	34.3705
1918	1918	46.4049
1919	1919	24.8112
1920	1920	7.81923
1921	1921	43.9224
1922	1922	-4.16228
1923	1923	8.51422
1924	1924	11.8666
1925	1925	6.45693
1926	1926	7.80332
1927	1927	15.4464
1928	1928	-39.5962
1929	1929	2.96839
1930	1930	35.132
1931	1931	13.851
1932	1932	11.1435
1933	1933	5.52855
1934	1934	-3.59007
1935	1935	38.3451
1936	1936	-3.88109
1937	1937	-9.98709
1938	1938	-16.914
1939	1939	14.1176
1940	1940	34.3604
1941	1941	12.3436
1942	1942	12.8116
1943	1943	10.1219
1944	1944	7.46164
1945	1945	18.1963
1946	1946	12.1434
1947	1947	2.47681
1948	1948	-34.8491
1949	1949	5.93343
1950	1950	-0.389578
1951	1951	-6.64948
1952	1952	-5.63787
1953	1953	10.3941
1954	1954	-12.8703
1955	1955	-17.823
1956	1956	4.89793
1957	1957	29.9517
1958	1958	-12.1325
1959	1959	-59.6347
1960	1960	37.0179
1961	1961	-11.5471
1962	1962	27.6935
1963	1963	24.7198
1964	1964	8.6502
1965	1965	22.8495
1966	1966	15.0288
1967	1967	-22.5871
1968	1968	6.29668
1969	1969	19.009
1970	1970	8.39229
1971	1971	-26.4119
1972	1972	4.77591
1973	1973	37.9496
1974	1974	5.8114
1975	1975	-7.89968
1976	1976	-27.672
1977	1977	6.05959
1978	1978	14.1637
1979	1979	4.51448
1980	1980	-12.3839
1981	1981	17.821
1982	1982	25.6035
1983	1983	27.3949
1984	1984	5.65961
1985	1985	-43.4974
1986	1986	-29.1488
1987	1987	-24.1935
1988	1988	1.8973
1989	1989	-33.61
1990	1990	18.7609
1991	1991	-21.3217
1992	1992	-13.9305
1993	1993	10.7967
1994	1994	-3.72979
1995	1995	-12.8468
1996	1996	18.1699
1997	1997	-26.6518
1998	1998	2.69272
1999	1999	30.4027
2000	2000	1.16526
2001	2001	5.8918
2002	2002	12.6571
2003	2003	-5.12741
2004	2004	8.04915
2005	2005	13.2917
2006	2006	11.2646
2007	2007	9.1563
2008	2008	12.7259
2009	2009	20.8505
2010	2010	-34.7245
2011	2011	17.467
2012	2012	39.5036
2013	2013	-6.81191
2014	2014	-31.6524
2015	2015	-6.26027
2016	2016	-3.78145
2017	2017	-15.7486
2018	2018	5.64959
2019	2019	9.66287
2020	2020	-14.1768
2021	2021	-1.08949
2022	2022	-6.75605
2023	2023	-43.2149
2024	2024	-12.2078
2025	2025	-1.31466
2026	2026	-7.09631
2027	2027	-12.2689
2028	2028	6.79927
2029	2029	11.245
2030	2030	20.4095
2031	2031	-11.673
2032	2032	-9.94908
2033	2033	19.8342
2034	2034	-19.9165
2035	2035	0.697294
2036	2036	4.72586
2037	2037	9.434
2038	2038	-12.7527
2039	2039	-28.8201
2040	2040	-4.19529
2041	2041	32.858
2042	2042	-22.9027
2043	2043	26.1709
2044	2044	-15.5298
2045	2045	11.1353
2046	2046	-27.102
2047	2047	-4.72928
2048	2048	41.1267
2049	2049	-7.37044
2050	2050	-16.0637
2051	2051	31.4216
2052	2052	2.72762
2053	2053	-12.2473
2054	2054	20.8706
2055	2055	-19.7752
2056	2056	-20.2952
2057	2057	35.9685
2058	2058	4.14552
2059	2059	12.2787
2060	2060	15.4647
2061	2061	-3.06372
2062	2062	-15.0265
2063	2063	6.4786
2064	2064	16.0136
2065	2065	18.3762
2066	2066	17.5021
2067	2067	31.7143
2068	2068	25.4983
2069	2069	50.783
2070	2070	0.371688
2071	2071	1.2127
2072	2072	-6.0023
2073	2073	5.94539
2074	2074	17.9485
2075	2075	-24.9835
2076	2076	9.26886
2077	2077	-11.5412
2078	2078	2.70627
2079	2079	-0.148897
2080	2080	-47.634
2081	2081	-27.0966
2082	2082	-2.44664
2083	2083	-4.98254
2084	2084	-33.9084
2085	2085	21.1789
2086	2086	17.2885
2087	2087	13.6483
2088	2088	7.37237
2089	2089	2.41285
2090	2090	10.6948
2091	2091	-12.446
2092	2092	8.29454
2093	2093	16.9394
2094	2094	4.00607
2095	2095	-11.3784
2096	2096	-0.533354
2097	2097	-1.24274
2098	2098	18.3041
2099	2099	37.9781
2100	2100	-26.6321
2101	2101	-13.8644
2102	2102	34.0897
2103	2103	-16.172
2104	2104	-14.5668
2105	2105	0.462342
2106	2106	-4.90803
2107	2107	-37.9725
2108	2108	-9.33027
2109	2109	13.6733
2110	2110	-9.11585
2111	2111	-16.0102
2112	2112	-0.656211
2113	2113	17.611
2114	2114	-2.13353
2115	2115	7.99804
2116	2116	4.25442
2117	2117	-14.3121
2118	2118	1.8837
2119	2119	-35.0346
2120	2120	-27.007
2121	2121	-41.3023
2122	2122	5.30534
2123	2123	6.86946
2124	2124	-15.7694
2125	2125	-27.2807
2126	2126	16.8974
2127	2127	19.1616
2128	2128	-16.2708
2129	2129	-2.39394
2130	2130	-21.7725
2131	2131	8.01901
2132	2132	-5.81418
2133	2133	10.2409
2134	2134	33.9154
2135	2135	22.6933
2136	2136	28.4902
2137	2137	23.3532
2138	2138	-17.5299
2139	2139	12.2089
2140	2140	-3.35686
2141	2141	-25.099
2142	2142	-14.2812
2143	2143	-3.51285
2144	2144	43.1985
2145	2145	-3.10914
2146	2146	-24.5383
2147	2147	-21.6744
2148	2148	-16.1228
2149	2149	9.80401
2150	2150	-55.7746
2151	2151	4.79725
2152	2152	37.0689
2153	2153	5.48491
2154	2154	45.1737
2155	2155	-16.6539
2156	2156	20.1037
2157	2157	-9.0305
2158	2158	33.0107
2159	2159	3.93429
2160	2160	-45.1728
2161	2161	15.7419
2162	2162	-29.6413
2163	2163	30.8806
2164	2164	-12.1338
2165	2165	20.145
2166	2166	19.7399
2167	2167	8.44243
2168	2168	14.0177
2169	2169	2.70781
2170	2170	10.7556
2171	2171	-18.2334
2172	2172	-16.8446
2173	2173	-39.666
2174	2174	2.01011
2175	2175	-17.8764
2176	2176	-1.8279
2177	2177	4.05195
2178	2178	-37.9882
2179	2179	8.1842
2180	2180	-3.68465
2181	2181	-15.1691
2182	2182	-8.9934
2183	2183	-8.8805
2184	2184	20.6144
2185	2185	-52.6637
2186	2186	11.7802
2187	2187	0.636056
2188	2188	32.4513
2189	2189	-34.2353
2190	2190	-19.9359
2191	2191	-33.091
2192	2192	16.8054
2193	2193	1.14216
2194	2194	32.0489
2195	2195	-16.5553
2196	2196	-4.00127
2197	2197	-18.7055
2198	2198	10.252
2199	2199	-8.35839
2200	2200	1.888
2201	2201	0.505523
2202	2202	-4.40269
2203	2203	-2.62197
2204	2204	45.5915
2205	2205	-28.3804
2206	2206	30.5838
2207	2207	-1.71128
2208	2208	11.1831
2209	2209	45.442
2210	2210	15.4644
2211	2211	-50.2707
2212	2212	-16.309
2213	2213	-20.6698
2214	2214	14.6705
2215	2215	16.2693
2216	2216	23.9337
2217	2217	37.4733
2218	2218	-28.897
2219	2219	7.42393
2220	2220	4.90745
2221	2221	5.0371
2222	2222	-1.11064
2223	2223	6.30429
2224	2224	-62.0419
2225	2225	4.28348
2226	2226	-30.0122
2227	2227	-14.3732
2228	2228	-36.4609
2229	2229	-21.1121
2230	2230	-3.28654
2231	2231	18.8652
2232	2232	-0.714564
2233	2233	13.0472
2234	2234	8.7412
2235	2235	16.384
2236	2236	13.4742
2237	2237	22.9223
2238	2238	6.34164
2239	2239	-13.4216
2240	2240	-2.63229
2241	2241	15.3166
2242	2242	-28.0343
2243	2243	16.6167
2244	2244	-13.209
2245	2245	4.74723
2246	2246	10.7231
2247	2247	-4.73897
2248	2248	-9.14375
2249	2249	-43.4342
2250	2250	24.035
2251	2251	11.8155
2252	2252	5.00849
2253	2253	-6.77262
2254	2254	2.44494
2255	2255	4.22137
2256	2256	-22.0182
2257	2257	19.7042
2258	2258	-16.1511
2259	2259	-8.43144
2260	2260	15.9256
2261	2261	-32.1341
2262	2262	-58.7388
2263	2263	-11.0461
2264	2264	27.1768
2265	2265	11.4124
2266	2266	23.3042
2267	2267	8.8018
2268	2268	-2.62893
2269	2269	12.3488
2270	2270	4.13999
2271	2271	18.2285
2272	2272	5.69441
2273	2273	-45.9748
2274	2274	39.8191
2275	2275	27.8011
2276	2276	3.93488
2277	2277	-0.173389
2278	2278	-26.6102
2279	2279	16.0692
2280	2280	-17.2759
2281	2281	-24.1732
2282	2282	6.1264
2283	2283	-12.0141
2284	2284	-7.03643
2285	2285	-9.3147
2286	2286	-22.0602
2287	2287	7.2471
2288	2288	38.1724
2289	2289	16.9452
2290	2290	11.5681
2291	2291	10.7098
2292	2292	0.783996
2293	2293	0.343843
2294	2294	-14.2987
2295	2295	6.43245
2296	2296	2.29972
2297	2297	-28.4593
2298	2298	-0.323035
2299	2299	6.43626
2300	2300	-11.6029
2301	2301	6.08836
2302	2302	-4.4588
2303	2303	-34.2641
2304	2304	-17.8011
2305	2305	28.7039
2306	2306	-11.0092
2307	2307	-5.10764
2308	2308	-35.1617
2309	2309	-1.26258
2310	2310	-8.8868
2311	2311	-25.8714
2312	2312	-17.9775
2313	2313	-7.81368
2314	2314	22.7404
2315	2315	25.5514
2316	2316	5.98342
2317	2317	1.20198
2318	2318	-5.7515
2319	2319	-51.8771
2320	2320	-15.8798
2321	2321	-12.4332
2322	2322	18.4198
2323	2323	21.272
2324	2324	15.9816
2325	2325	-17.891
2326	2326	-22.6843
2327	2327	9.97615
2328	2328	-5.65716
2329	2329	-0.852484
2330	2330	0.0599702
2331	2331	-18.4214
2332	2332	6.10686
2333	2333	19.5129
2334	2334	-16.6944
2335	2335	5.93435
2336	2336	10.1387
2337	2337	13.4705
2338	2338	14.0728
2339	2339	10.4024
2340	2340	2.74086
2341	2341	-24.8461
2342	2342	3.93534
2343	2343	-21.5878
2344	2344	-2.63785
2345	2345	12.3716
2346	2346	-30.3305
2347	2347	26.4474
2348	2348	12.0541
2349	2349	19.6321
2350	2350	-23.6827
2351	2351	-7.78731
2352	2352	-14.1357
2353	2353	-9.92646
2354	2354	-33.4034
2355	2355	0.00019834
2356	2356	15.8052
2357	2357	5.47738
2358	2358	-2.63852
2359	2359	-9.42917
2360	2360	12.9651
2361	2361	-5.91044
2362	2362	15.1898
2363	2363	-5.95638
2364	2364	-10.2687
2365	2365	-4.98126
2366	2366	8.76884
2367	2367	12.219
2368	2368	-41.9078
2369	2369	-4.05411
2370	2370	-29.8633
2371	2371	-23.238
2372	2372	-19.7218
2373	2373	9.28744
2374	2374	-15.767
2375	2375	24.5828
2376	2376	3.09717
2377	2377	-5.4037
2378	2378	12.8655
2379	2379	-22.4408
2380	2380	5.45347
2381	2381	17.3242
2382	2382	1.62114
2383	2383	-9.51513
2384	2384	-10.5591
2385	2385	-18.7982
2386	2386	-2.61623
2387	2387	-7.71881
2388	2388	-2.91987
2389	2389	-15.3144
2390	2390	19.3142
2391	2391	23.4895
2392	2392	-51.7804
2393	2393	-1.37139
2394	2394	9.95665
2395	2395	-20.6964
2396	2396	-29.599
2397	2397	-23.8735
2398	2398	-3.9322
2399	2399	-13.9963
