sample_id	sample_id2	phensim
zero	zero	-50.5115
1	1	11.081
2	2	19.1843
3	3	-7.9852
4	4	2.90027
5	5	-13.1537
6	6	0.301863
7	7	-5.28484
8	8	-0.921155
9	9	-9.6694
10	10	-7.21972
11	11	32.2094
12	12	-0.930475
13	13	-2.69225
14	14	-10.6485
15	15	-5.22095
16	16	2.74899
17	17	16.255
18	18	3.3622
19	19	-2.98043
20	20	28.644
21	21	-0.473461
22	22	-0.204744
23	23	5.61451
24	24	-11.2148
25	25	-11.2149
26	26	-14.9499
27	27	7.41036
28	28	31.48
29	29	18.5434
30	30	-15.3357
31	31	10.4665
32	32	18.3562
33	33	4.05696
34	34	-12.5485
35	35	-6.20043
36	36	-14.4394
37	37	10.3823
38	38	42.3264
39	39	-35.9303
40	40	4.02385
41	41	-8.10792
42	42	34.0884
43	43	-15.6194
44	44	-3.61468
45	45	-21.3375
46	46	-2.27385
47	47	-18.9276
48	48	-7.97233
49	49	18.3183
50	50	-0.400831
51	51	13.599
52	52	-9.29139
53	53	-12.8175
54	54	0.311504
55	55	-5.65247
56	56	47.4648
57	57	31.9775
58	58	-18.3485
59	59	0.382364
60	60	-4.58771
61	61	-6.8878
62	62	13.586
63	63	-7.41128
64	64	-9.45687
65	65	-9.55267
66	66	33.5559
67	67	11.9225
68	68	-30.6773
69	69	-15.9547
70	70	-8.10011
71	71	-12.0475
72	72	20.972
73	73	-25.5593
74	74	-2.32875
75	75	-6.13045
76	76	8.29728
77	77	-22.5233
78	78	31.8544
79	79	12.5591
80	80	-4.67126
81	81	16.3081
82	82	3.57351
83	83	-1.37591
84	84	-35.8268
85	85	35.4351
86	86	6.93689
87	87	-35.3612
88	88	-9.81909
89	89	-11.0069
90	90	22.4893
91	91	21.0088
92	92	6.12609
93	93	-18.1477
94	94	-14.155
95	95	-18.6322
96	96	11.156
97	97	40.1057
98	98	-5.28291
99	99	-2.60644
100	100	15.0058
101	101	-2.08719
102	102	6.61116
103	103	-13.1013
104	104	-26.1968
105	105	-27.1692
106	106	9.90753
107	107	1.00254
108	108	-13.6707
109	109	5.95344
110	110	4.45902
111	111	14.1075
112	112	-22.6162
113	113	-6.94687
114	114	7.50189
115	115	3.43747
116	116	-10.1211
117	117	-4.87876
118	118	-18.0728
119	119	11.6219
120	120	9.76556
121	121	-0.945806
122	122	-17.9441
123	123	16.1111
124	124	0.973728
125	125	-6.71205
126	126	13.701
127	127	38.4817
128	128	-5.30266
129	129	6.75623
130	130	-11.3058
131	131	17.8678
132	132	-0.0625013
133	133	40.7101
134	134	-8.19537
135	135	-7.4168
136	136	13.6395
137	137	8.18338
138	138	-3.78223
139	139	21.643
140	140	28.6582
141	141	-6.18116
142	142	-28.1162
143	143	-20.667
144	144	-1.43925
145	145	23.9452
146	146	-21.3525
147	147	12.5195
148	148	10.485
149	149	-28.0106
150	150	9.32294
151	151	-16.7165
152	152	-17.1138
153	153	6.13705
154	154	-12.2463
155	155	10.65
156	156	-10.5696
157	157	-22.6682
158	158	-19.6433
159	159	-6.41509
160	160	-27.3167
161	161	32.3857
162	162	16.3179
163	163	9.17263
164	164	15.09
165	165	-9.00822
166	166	-5.09983
167	167	5.15379
168	168	-11.5389
169	169	-24.2568
170	170	28.0128
171	171	17.638
172	172	-36.4383
173	173	3.11571
174	174	0.00597613
175	175	-9.77956
176	176	-8.68312
177	177	8.90571
178	178	-2.57533
179	179	2.00999
180	180	-9.66582
181	181	-30.9427
182	182	-10.5368
183	183	12.4934
184	184	16.5838
185	185	-10.588
186	186	-8.65256
187	187	-16.4981
188	188	2.28638
189	189	4.70769
190	190	10.9795
191	191	2.6323
192	192	17.7741
193	193	8.00391
194	194	20.8726
195	195	4.19288
196	196	5.04576
197	197	2.25987
198	198	38.0102
199	199	-11.0247
200	200	-20.6403
201	201	29.6943
202	202	-2.23115
203	203	-23.8799
204	204	-12.3866
205	205	-9.92696
206	206	-9.28604
207	207	1.63575
208	208	-32.0489
209	209	17.9384
210	210	-1.78903
211	211	12.5733
212	212	2.61682
213	213	-32.2477
214	214	26.3016
215	215	5.80452
216	216	-2.54474
217	217	1.36226
218	218	-3.08461
219	219	14.7103
220	220	17.0091
221	221	-2.46548
222	222	-24.4576
223	223	-0.043635
224	224	-5.68975
225	225	-22.0864
226	226	22.8888
227	227	5.1815
228	228	2.38597
229	229	16.1315
230	230	-34.5491
231	231	-10.9834
232	232	8.22533
233	233	30.7725
234	234	-7.36075
235	235	17.8258
236	236	5.23846
237	237	-8.91929
238	238	16.5928
239	239	47.5418
240	240	-25.0948
241	241	-13.8131
242	242	-3.77611
243	243	-25.3502
244	244	-13.9493
245	245	-10.8877
246	246	9.62947
247	247	-3.45263
248	248	8.24388
249	249	-23.9646
250	250	3.24766
251	251	-5.78043
252	252	-19.8553
253	253	19.5205
254	254	-5.13422
255	255	13.5285
256	256	-2.00891
257	257	21.3057
258	258	12.3531
259	259	19.1998
260	260	-12.3697
261	261	-9.69768
262	262	3.62881
263	263	-47.5972
264	264	-6.77819
265	265	19.1376
266	266	-1.1188
267	267	-10.7181
268	268	8.78951
269	269	-8.96847
270	270	-4.26078
271	271	-15.039
272	272	10.2857
273	273	-7.92699
274	274	-6.68285
275	275	-45.0311
276	276	0.999655
277	277	13.5605
278	278	3.53548
279	279	12.1922
280	280	19.3626
281	281	0.916867
282	282	-28.2265
283	283	-6.43563
284	284	5.16231
285	285	6.70351
286	286	14.89
287	287	10.954
288	288	-5.32233
289	289	1.04677
290	290	30.9257
291	291	-3.57533
292	292	-35.8936
293	293	18
294	294	-12.1644
295	295	-16.7218
296	296	-5.71479
297	297	4.97622
298	298	-9.90956
299	299	31.7589
300	300	16.6842
301	301	25.7342
302	302	10.1498
303	303	-14.1472
304	304	27.3469
305	305	26.6375
306	306	5.92428
307	307	-10.8825
308	308	-19.3893
309	309	10.5877
310	310	-20.105
311	311	12.8011
312	312	15.6739
313	313	-12.0337
314	314	-1.24883
315	315	3.75797
316	316	-3.29446
317	317	5.33815
318	318	-5.91941
319	319	-6.60129
320	320	-13.9267
321	321	-3.33443
322	322	-13.0584
323	323	-30.3736
324	324	11.8463
325	325	-3.0348
326	326	-21.6651
327	327	-11.4465
328	328	50.0064
329	329	-8.95202
330	330	33.485
331	331	7.87554
332	332	15.655
333	333	-6.78523
334	334	-7.74183
335	335	-2.47872
336	336	21.7062
337	337	-29.3794
338	338	-19.5394
339	339	4.66938
340	340	-0.160066
341	341	-38.73
342	342	-18.0894
343	343	-17.3095
344	344	21.2447
345	345	25.9649
346	346	18.9897
347	347	-4.88517
348	348	-26.0485
349	349	56.822
350	350	10.3515
351	351	6.31982
352	352	-0.603617
353	353	-14.4352
354	354	-7.34853
355	355	-22.0381
356	356	30.0519
357	357	57.835
358	358	-0.687665
359	359	-15.5218
360	360	-1.60413
361	361	-13.1304
362	362	28.5946
363	363	-23.707
364	364	16.2025
365	365	-3.24559
366	366	-0.0383041
367	367	-8.13807
368	368	-1.82688
369	369	-4.26582
370	370	-26.3497
371	371	18.384
372	372	-8.06844
373	373	-0.200558
374	374	9.73627
375	375	-7.37901
376	376	-18.5677
377	377	-10.5191
378	378	25.2614
379	379	-18.7687
380	380	16.6017
381	381	-6.41382
382	382	12.2138
383	383	6.56847
384	384	-10.3342
385	385	27.4624
386	386	41.2635
387	387	0.166472
388	388	18.9513
389	389	-11.9403
390	390	25.4941
391	391	-5.96232
392	392	-20.2966
393	393	0.278158
394	394	2.69848
395	395	-17.4138
396	396	-10.5611
397	397	8.16823
398	398	24.2599
399	399	-14.2398
400	400	16.1026
401	401	-10.2353
402	402	-34.3581
403	403	8.12648
404	404	33.1732
405	405	-18.156
406	406	36.9998
407	407	19.2239
408	408	3.85189
409	409	12.6428
410	410	20.7098
411	411	-9.06439
412	412	-4.24526
413	413	-4.42452
414	414	22.9818
415	415	-15.3203
416	416	-4.15268
417	417	-14.97
418	418	-1.4338
419	419	6.77007
420	420	-13.7599
421	421	9.98264
422	422	-6.69309
423	423	-2.90839
424	424	-9.53031
425	425	-20.9393
426	426	4.61248
427	427	29.2545
428	428	-11.403
429	429	10.6903
430	430	-5.3704
431	431	-12.3235
432	432	-28.0075
433	433	-9.35964
434	434	22.7522
435	435	22.9266
436	436	-10.5862
437	437	19.7477
438	438	36.8248
439	439	3.18554
440	440	22.221
441	441	23.0746
442	442	11.2073
443	443	-0.67944
444	444	-7.10254
445	445	26.7399
446	446	-22.4575
447	447	26.2018
448	448	16.3949
449	449	24.4489
450	450	-13.539
451	451	6.86036
452	452	-1.75199
453	453	8.18303
454	454	20.6269
455	455	-27.4746
456	456	-17.1676
457	457	17.8436
458	458	-10.0314
459	459	12.3881
460	460	-13.6429
461	461	5.24029
462	462	2.71992
463	463	1.89937
464	464	17.415
465	465	-33.27
466	466	4.63466
467	467	10.7271
468	468	20.5264
469	469	26.9204
470	470	1.28932
471	471	6.66221
472	472	-18.7893
473	473	-5.91878
474	474	-2.3456
475	475	-12.1627
476	476	-12.9069
477	477	8.27176
478	478	-2.67222
479	479	14.7004
480	480	-29.3384
481	481	-15.8845
482	482	3.51528
483	483	30.459
484	484	-2.35636
485	485	-21.2871
486	486	-22.7624
487	487	-0.622587
488	488	-9.04941
489	489	-25.3432
490	490	-26.4252
491	491	-13.3091
492	492	-5.38294
493	493	13.4262
494	494	-8.5551
495	495	-33.2474
496	496	-3.4686
497	497	-13.6323
498	498	-6.88169
499	499	24.2851
500	500	17.0387
501	501	-16.0843
502	502	14.9549
503	503	23.8293
504	504	-3.41524
505	505	11.4405
506	506	-4.99782
507	507	23.0603
508	508	15.6603
509	509	26.0914
510	510	17.1643
511	511	24.6031
512	512	-16.1369
513	513	17.4443
514	514	-5.69362
515	515	-4.50257
516	516	-23.4005
517	517	-8.9621
518	518	-19.268
519	519	0.874959
520	520	-22.2557
521	521	-6.53002
522	522	4.58971
523	523	22.4338
524	524	-18.578
525	525	-21.2146
526	526	-6.46854
527	527	25.9366
528	528	-11.6042
529	529	22.9971
530	530	22.2833
531	531	-13.9093
532	532	-23.7603
533	533	-18.7651
534	534	-14.8106
535	535	7.23552
536	536	-11.1049
537	537	-14.9787
538	538	-11.3047
539	539	-5.48129
540	540	-4.00484
541	541	8.90647
542	542	-9.24272
543	543	0.762025
544	544	29.5184
545	545	36.8567
546	546	-6.747
547	547	-13.512
548	548	17.487
549	549	-6.60239
550	550	-40.1846
551	551	37.0933
552	552	16.9789
553	553	-33.1697
554	554	0.36998
555	555	4.69826
556	556	-1.01211
557	557	0.772451
558	558	22.4234
559	559	3.48298
560	560	-19.3752
561	561	-13.5104
562	562	-16.5762
563	563	16.7549
564	564	-14.6361
565	565	-17.8418
566	566	3.21883
567	567	-1.3243
568	568	-6.12203
569	569	7.95452
570	570	-20.4307
571	571	-32.8402
572	572	15.3958
573	573	7.51809
574	574	-7.04249
575	575	-3.2827
576	576	-25.8551
577	577	10.7835
578	578	-5.92493
579	579	-2.92024
580	580	-2.39866
581	581	-26.1946
582	582	19.4371
583	583	4.96934
584	584	19.9631
585	585	-4.15927
586	586	29.9278
587	587	17.3666
588	588	-3.11599
589	589	29.4097
590	590	3.16576
591	591	29.7461
592	592	-12.7936
593	593	9.16662
594	594	2.47188
595	595	-13.2775
596	596	-15.8656
597	597	25.3887
598	598	17.275
599	599	35.8747
