sample_id	sample_id2	phensim
zero	zero	-14.1942
1	1	8.91393
2	2	33.1002
3	3	-0.751988
4	4	-15.9535
5	5	1.94281
6	6	-6.03888
7	7	24.4277
8	8	-6.77414
9	9	-8.45521
10	10	12.9554
11	11	-15.9631
12	12	23.376
13	13	-28.9207
14	14	0.140579
15	15	-0.399705
16	16	11.9352
17	17	-29.4386
18	18	0.285942
19	19	-22.1804
20	20	5.88382
21	21	-23.7328
22	22	-12.0491
23	23	5.65544
24	24	3.57458
25	25	49.3034
26	26	5.38629
27	27	-4.61663
28	28	-37.1788
29	29	-14.4374
30	30	-11.3564
31	31	14.9582
32	32	25.4211
33	33	2.6787
34	34	7.71528
35	35	4.93606
36	36	25.6801
37	37	51.188
38	38	-18.1306
39	39	-13.7291
40	40	17.0439
41	41	-29.531
42	42	-30.4757
43	43	-20.7929
44	44	4.97302
45	45	18.5468
46	46	14.1414
47	47	20.0559
48	48	20.3646
49	49	28.421
50	50	-12.0678
51	51	-40.5015
52	52	-12.2527
53	53	9.52756
54	54	0.0135049
55	55	29.8918
56	56	-12.0124
57	57	0.189387
58	58	23.4442
59	59	27.4647
60	60	19.966
61	61	-1.61221
62	62	-4.91881
63	63	5.90814
64	64	-1.61519
65	65	-9.28557
66	66	-22.0794
67	67	-10.2815
68	68	28.6327
69	69	-1.8561
70	70	7.88241
71	71	-28.1981
72	72	-3.0323
73	73	27.7022
74	74	-10.1096
75	75	-7.28396
76	76	17.5456
77	77	16.7059
78	78	-11.8591
79	79	21.2841
80	80	-18.4217
81	81	16.4206
82	82	-37.537
83	83	-11.4292
84	84	-13.9453
85	85	14.1664
86	86	-15.839
87	87	-29.6095
88	88	-24.3016
89	89	-5.33255
90	90	-8.56088
91	91	8.76634
92	92	0.0171513
93	93	-34.9644
94	94	-16.0425
95	95	8.7051
96	96	53.8718
97	97	4.28945
98	98	-25.8498
99	99	8.03011
100	100	9.04164
101	101	-5.9678
102	102	44.7864
103	103	5.27564
104	104	-9.59687
105	105	-21.1313
106	106	30.0973
107	107	-19.3127
108	108	1.67065
109	109	-11.6274
110	110	7.21335
111	111	-4.30404
112	112	0.754146
113	113	9.64075
114	114	7.23497
115	115	4.81271
116	116	-16.1153
117	117	-16.5644
118	118	46.3738
119	119	-30.1601
120	120	13.4837
121	121	-35.1809
122	122	-6.52851
123	123	-16.6858
124	124	-14.3759
125	125	13.0401
126	126	-24.6203
127	127	6.69251
128	128	-11.3161
129	129	-31.4524
130	130	3.29134
131	131	23.3318
132	132	2.45314
133	133	-17.9187
134	134	-5.08232
135	135	-18.6527
136	136	-13.5867
137	137	-25.0797
138	138	-4.4797
139	139	-2.76223
140	140	33.5962
141	141	1.76261
142	142	29.0893
143	143	9.83141
144	144	53.0614
145	145	-13.523
146	146	21.5069
147	147	-14.0776
148	148	13.7713
149	149	13.3654
150	150	-20.8776
151	151	17.0213
152	152	20.8659
153	153	-14.4284
154	154	-1.87884
155	155	-22.0214
156	156	12.926
157	157	-1.61798
158	158	-9.20659
159	159	-6.80108
160	160	-27.9419
161	161	-2.25232
162	162	-44.1291
163	163	-5.2336
164	164	3.06841
165	165	19.9827
166	166	3.55116
167	167	-9.03949
168	168	17.2684
169	169	-17.702
170	170	23.2418
171	171	-3.07502
172	172	0.49367
173	173	-15.5281
174	174	9.50301
175	175	-19.9462
176	176	-13.6357
177	177	3.58221
178	178	16.8734
179	179	3.05331
180	180	20.3598
181	181	-17.508
182	182	24.9993
183	183	0.487224
184	184	-7.81525
185	185	-8.97178
186	186	18.0315
187	187	-5.03894
188	188	14.5446
189	189	10.4861
190	190	-37.0604
191	191	-7.21002
192	192	-1.19277
193	193	-13.4123
194	194	2.88553
195	195	11.1199
196	196	-6.22602
197	197	14.6721
198	198	17.6802
199	199	-22.0987
200	200	-8.90479
201	201	5.18557
202	202	-10.1772
203	203	5.17532
204	204	-8.36803
205	205	4.76073
206	206	-0.534635
207	207	14.4151
208	208	-10.2375
209	209	14.8075
210	210	4.93197
211	211	15.4822
212	212	21.7749
213	213	0.845797
214	214	2.88433
215	215	-4.39504
216	216	0.896475
217	217	8.71339
218	218	-8.6144
219	219	9.14103
220	220	24.3144
221	221	16.6754
222	222	17.0773
223	223	-17.6913
224	224	-16.1125
225	225	1.27354
226	226	10.2797
227	227	30.3185
228	228	1.38802
229	229	21.7075
230	230	-23.6126
231	231	9.7035
232	232	-5.10974
233	233	19.0275
234	234	2.10806
235	235	3.80652
236	236	7.96039
237	237	-21.3005
238	238	-6.67278
239	239	0.789158
240	240	-12.6006
241	241	33.5844
242	242	-20.0525
243	243	-3.36934
244	244	5.12148
245	245	-25.7886
246	246	-3.37123
247	247	-5.91245
248	248	0.754538
249	249	13.0127
250	250	-9.01963
251	251	-23.9405
252	252	-17.1596
253	253	-0.285917
254	254	-10.2324
255	255	8.26898
256	256	10.5249
257	257	-1.2001
258	258	-42.8193
259	259	16.3449
260	260	-18.1414
261	261	18.1913
262	262	-6.54063
263	263	1.06636
264	264	14.9397
265	265	6.71165
266	266	-0.297418
267	267	4.8883
268	268	-11.5524
269	269	1.89933
270	270	-28.2643
271	271	-14.8089
272	272	26.2167
273	273	10.1197
274	274	-38.9134
275	275	-13.0494
276	276	15.7248
277	277	-13.1581
278	278	-10.9795
279	279	-3.90284
280	280	-5.20441
281	281	5.28619
282	282	21.1663
283	283	-8.19087
284	284	29.3017
285	285	-8.39475
286	286	-13.5075
287	287	12.2563
288	288	-15.4624
289	289	7.33984
290	290	-5.4385
291	291	5.24168
292	292	-16.0379
293	293	-4.62197
294	294	-15.5509
295	295	9.93565
296	296	-12.1012
297	297	7.08841
298	298	19.4378
299	299	-33.5763
300	300	-11.4555
301	301	-20.3572
302	302	16.278
303	303	4.99987
304	304	-13.7707
305	305	-9.95384
306	306	-3.84531
307	307	37.2199
308	308	20.39
309	309	-8.62883
310	310	6.13367
311	311	-7.15447
312	312	-6.90421
313	313	28.0689
314	314	-28.9456
315	315	6.57591
316	316	6.87778
317	317	6.9636
318	318	6.94303
319	319	-23.0582
320	320	31.2152
321	321	6.12109
322	322	-10.9075
323	323	24.2915
324	324	-6.22004
325	325	-1.01309
326	326	12.7067
327	327	12.9283
328	328	-1.97917
329	329	13.7731
330	330	11.0324
331	331	-15.717
332	332	-14.5188
333	333	5.35819
334	334	-16.3658
335	335	2.84587
336	336	21.8614
337	337	1.0199
338	338	9.15273
339	339	-22.6205
340	340	11.022
341	341	-16.947
342	342	-12.1567
343	343	-43.8526
344	344	-2.60419
345	345	24.8684
346	346	12.8184
347	347	-33.7972
348	348	6.18518
349	349	-25.7995
350	350	-7.58977
351	351	-28.2686
352	352	-19.8809
353	353	13.9985
354	354	8.91
355	355	-30.0768
356	356	23.6689
357	357	-1.78306
358	358	-26.7802
359	359	-53.6085
360	360	15.3733
361	361	-35.8816
362	362	-21.3666
363	363	-11.0053
364	364	1.66382
365	365	-5.74206
366	366	23.0195
367	367	4.96105
368	368	-17.7559
369	369	11.1337
370	370	-13.7845
371	371	14.9541
372	372	2.01942
373	373	-40.3514
374	374	-20.1148
375	375	31.6863
376	376	-28.3059
377	377	27.1724
378	378	0.131808
379	379	-9.93288
380	380	-8.01296
381	381	-32.9846
382	382	25.737
383	383	-10.0961
384	384	9.43422
385	385	-26.1547
386	386	-4.85169
387	387	-2.55177
388	388	-8.02129
389	389	-14.5809
390	390	-4.98266
391	391	5.31153
392	392	-27.5822
393	393	-1.05538
394	394	-10.9571
395	395	-8.31048
396	396	-11.652
397	397	-30.0214
398	398	4.0137
399	399	15.1216
400	400	-25.06
401	401	6.29548
402	402	-21.34
403	403	22.0978
404	404	-18.5098
405	405	-13.581
406	406	-22.077
407	407	7.94518
408	408	1.0078
409	409	-13.6071
410	410	-5.98192
411	411	-15.7394
412	412	-13.5689
413	413	28.8245
414	414	-6.56503
415	415	14.6428
416	416	-15.7327
417	417	2.62128
418	418	10.4491
419	419	5.77776
420	420	2.97598
421	421	-14.9815
422	422	26.8842
423	423	1.65571
424	424	8.19949
425	425	-17.8531
426	426	23.6789
427	427	-12.636
428	428	8.7882
429	429	2.26064
430	430	3.54085
431	431	16.9201
432	432	-38.7219
433	433	22.3689
434	434	15.971
435	435	-6.13085
436	436	-15.7531
437	437	32.6789
438	438	-23.4706
439	439	12.2738
440	440	8.01873
441	441	34.5576
442	442	-16.0904
443	443	-4.45159
444	444	12.9649
445	445	-7.65772
446	446	-16.0818
447	447	12.8898
448	448	5.76138
449	449	4.18329
450	450	11.2184
451	451	9.39472
452	452	-11.1047
453	453	32.9259
454	454	-3.46936
455	455	-23.8217
456	456	12.1967
457	457	19.5293
458	458	-8.11965
459	459	-21.8704
460	460	-7.41832
461	461	5.96893
462	462	-17.4341
463	463	-39.7965
464	464	8.95398
465	465	2.21763
466	466	15.4182
467	467	7.57461
468	468	7.62077
469	469	16.7843
470	470	26.6322
471	471	11.8679
472	472	36.3365
473	473	6.88925
474	474	4.34021
475	475	-0.695023
476	476	3.5694
477	477	-16.5066
478	478	-40.7276
479	479	3.84463
480	480	0.240983
481	481	-12.8617
482	482	-37.1375
483	483	12.6306
484	484	13.1759
485	485	-11.7065
486	486	16.4661
487	487	-35.8328
488	488	13.0097
489	489	-5.93784
490	490	-8.86518
491	491	17.16
492	492	0.595717
493	493	16.2612
494	494	-11.5827
495	495	15.0308
496	496	-6.65282
497	497	28.2639
498	498	-23.7061
499	499	-9.81059
500	500	12.3624
501	501	6.85854
502	502	4.35531
503	503	16.3451
504	504	3.4857
505	505	17.0441
506	506	15.0232
507	507	26.3049
508	508	5.87651
509	509	19.9751
510	510	6.78241
511	511	18.8129
512	512	0.290225
513	513	-33.5558
514	514	-21.9789
515	515	-8.46049
516	516	-14.7997
517	517	24.9447
518	518	59.9304
519	519	-29.7046
520	520	4.86681
521	521	1.87782
522	522	8.13293
523	523	-4.816
524	524	-17.4011
525	525	28.2608
526	526	3.80379
527	527	8.14178
528	528	-26.3377
529	529	-5.54726
530	530	10.4959
531	531	-24.0599
532	532	-36.7537
533	533	-1.63321
534	534	-0.256818
535	535	-22.6861
536	536	43.1617
537	537	12.5038
538	538	-0.880314
539	539	-15.8412
540	540	-3.90743
541	541	30.1212
542	542	5.83063
543	543	-7.47021
544	544	-23.895
545	545	-10.2416
546	546	-6.86435
547	547	-0.516218
548	548	14.6677
549	549	2.03273
550	550	10.6296
551	551	-25.971
552	552	-17.2308
553	553	-25.1705
554	554	-14.989
555	555	21.5082
556	556	-32.296
557	557	-0.865586
558	558	29.8022
559	559	-1.37908
560	560	-12.6008
561	561	18.9323
562	562	1.38657
563	563	3.80104
564	564	12.4798
565	565	-2.975
566	566	2.9883
567	567	-44.4536
568	568	18.4578
569	569	-22.6687
570	570	14.6291
571	571	-0.969914
572	572	4.73582
573	573	-8.95085
574	574	21.9563
575	575	-8.29004
576	576	-6.11541
577	577	-13.1317
578	578	-14.2277
579	579	-0.158098
580	580	41.3524
581	581	-8.58182
582	582	-14.5091
583	583	-18.4845
584	584	2.51165
585	585	0.98928
586	586	24.795
587	587	-33.8866
588	588	-36.1671
589	589	-29.1026
590	590	47.6521
591	591	-14.1224
592	592	-6.89517
593	593	4.93852
594	594	0.205862
595	595	8.9152
596	596	-19.5506
597	597	-17.4619
598	598	13.6761
599	599	-17.8486
600	600	13.9514
601	601	34.1495
602	602	-28.1376
603	603	-8.19794
604	604	-23.2076
605	605	15.3319
606	606	10.0574
607	607	21.8975
608	608	-4.73551
609	609	-26.8925
610	610	-10.191
611	611	-23.1755
612	612	-19.548
613	613	5.32787
614	614	-3.08874
615	615	31.2512
616	616	-7.99488
617	617	-3.66349
618	618	-18.6643
619	619	-6.60911
620	620	21.7681
621	621	1.90222
622	622	11.1911
623	623	29.6635
624	624	-20.8125
625	625	-19.2236
626	626	-9.0518
627	627	35.073
628	628	1.01607
629	629	-17.826
630	630	28.5568
631	631	17.9677
632	632	32.0695
633	633	-2.1705
634	634	2.83526
635	635	42.7946
636	636	23.4069
637	637	6.34783
638	638	0.479639
639	639	-4.53041
640	640	7.8284
641	641	0.416063
642	642	0.656333
643	643	-9.25208
644	644	-1.5205
645	645	-40.8965
646	646	-17.4121
647	647	-14.9386
648	648	-16.033
649	649	11.7297
650	650	-34.2465
651	651	-17.5484
652	652	36.2454
653	653	-6.42971
654	654	3.07904
655	655	6.18637
656	656	-26.5283
657	657	-11.6191
658	658	15.4814
659	659	-3.51634
660	660	9.62148
661	661	5.92346
662	662	31.3009
663	663	-17.3382
664	664	0.542579
665	665	-29.7969
666	666	0.328806
667	667	-4.68799
668	668	-19.0573
669	669	-24.8458
670	670	-18.5602
671	671	-7.9442
672	672	38.7797
673	673	21.7135
674	674	14.1822
675	675	7.85334
676	676	-16.0006
677	677	-21.2027
678	678	-12.9367
679	679	6.98356
680	680	12.4732
681	681	-23.2269
682	682	12.9005
683	683	15.2104
684	684	-2.67527
685	685	8.79274
686	686	5.52221
687	687	15.2727
688	688	16.1468
689	689	19.7252
690	690	0.18759
691	691	25.2053
692	692	7.67045
693	693	-10.0299
694	694	37.6984
695	695	0.400762
696	696	6.01859
697	697	-19.7614
698	698	-5.39657
699	699	-12.9052
700	700	2.70466
701	701	8.06338
702	702	-22.4041
703	703	11.2076
704	704	-0.424198
705	705	-12.5047
706	706	22.5162
707	707	-22.0557
708	708	-4.07538
709	709	-8.07742
710	710	-15.0213
711	711	10.4385
712	712	-17.7411
713	713	44.8894
714	714	-21.5406
715	715	11.4276
716	716	20.4287
717	717	-30.8361
718	718	11.7721
719	719	-4.65194
720	720	20.1933
721	721	-10.4852
722	722	40.0361
723	723	-6.98582
724	724	-15.1491
725	725	-1.17106
726	726	-16.9637
727	727	-21.9361
728	728	-9.86077
729	729	-20.4194
730	730	2.62587
731	731	-2.30218
732	732	12.4117
733	733	0.142178
734	734	-11.5943
735	735	-9.44605
736	736	3.18026
737	737	0.0886846
738	738	12.8696
739	739	-15.9003
740	740	8.32337
741	741	19.2882
742	742	30.0375
743	743	10.7912
744	744	3.56011
745	745	-28.9844
746	746	-16.4227
747	747	7.23249
748	748	-2.33623
749	749	28.4598
750	750	-0.432992
751	751	-12.8299
752	752	-5.89077
753	753	24.1149
754	754	-2.51192
755	755	-1.91716
756	756	0.642335
757	757	-21.7106
758	758	9.02935
759	759	4.56154
760	760	12.1321
761	761	4.94248
762	762	-1.83695
763	763	-22.3795
764	764	-10.9034
765	765	3.02629
766	766	3.20955
767	767	0.564141
768	768	-23.2659
769	769	4.34057
770	770	11.5757
771	771	-9.53121
772	772	-16.1868
773	773	-12.9256
774	774	-27.1703
775	775	-20.9737
776	776	8.31525
777	777	16.2091
778	778	-20.7261
779	779	14.0994
780	780	-24.8274
781	781	-30.3466
782	782	-28.986
783	783	-19.1169
784	784	-11.9838
785	785	-19.3737
786	786	11.199
787	787	-28.6616
788	788	8.55129
789	789	19.4212
790	790	-18.1541
791	791	-1.37604
792	792	-22.6496
793	793	-18.372
794	794	16.9407
795	795	-19.9577
796	796	-17.3492
797	797	4.28476
798	798	30.1926
799	799	24.4331
800	800	-3.9677
801	801	-15.647
802	802	13.2291
803	803	-27.781
804	804	-8.6979
805	805	-21.4164
806	806	-6.36185
807	807	-1.68576
808	808	-9.0055
809	809	-6.26409
810	810	-32.5556
811	811	-8.54072
812	812	13.7356
813	813	1.19169
814	814	-5.0683
815	815	24.1701
816	816	-11.7603
817	817	-29.344
818	818	14.4767
819	819	1.73022
820	820	-4.15845
821	821	11.4369
822	822	-12.8195
823	823	20.4921
824	824	-24.7169
825	825	-17.4346
826	826	-33.4382
827	827	-11.1008
828	828	-30.0713
829	829	2.961
830	830	-14.5954
831	831	9.9833
832	832	17.6075
833	833	19.7095
834	834	15.9587
835	835	-10.8495
836	836	-11.7021
837	837	27.658
838	838	43.1288
839	839	-19.033
840	840	28.2064
841	841	5.5994
842	842	16.5599
843	843	-0.19837
844	844	-19.1694
845	845	4.98952
846	846	-1.59691
847	847	-13.4381
848	848	7.58262
849	849	-29.1984
850	850	17.3507
851	851	16.207
852	852	-10.1233
853	853	46.9621
854	854	-8.65129
855	855	-7.07863
856	856	-31.3784
857	857	21.5362
858	858	5.49367
859	859	-22.9146
860	860	-21.8399
861	861	14.2442
862	862	2.38231
863	863	-3.98924
864	864	8.56621
865	865	0.689141
866	866	27.0021
867	867	-23.0737
868	868	-11.9017
869	869	-7.02138
870	870	4.02127
871	871	-15.6536
872	872	-7.93257
873	873	-17.2487
874	874	-25.2116
875	875	12.0956
876	876	1.12688
877	877	-13.707
878	878	-6.88266
879	879	-30.9499
880	880	-3.21276
881	881	28.0988
882	882	-7.23754
883	883	-15.7225
884	884	5.92277
885	885	27.0624
886	886	4.98032
887	887	3.36773
888	888	9.2738
889	889	12.245
890	890	-24.1256
891	891	5.51846
892	892	-4.27056
893	893	20.467
894	894	22.8306
895	895	9.24248
896	896	29.7123
897	897	-9.48089
898	898	-0.36546
899	899	-11.9633
900	900	-37.7353
901	901	-20.6156
902	902	-1.42434
903	903	-4.40993
904	904	-15.7142
905	905	-32.1522
906	906	5.85174
907	907	-14.751
908	908	-0.72481
909	909	9.94287
910	910	11.6125
911	911	-8.89765
912	912	-4.52692
913	913	10.0645
914	914	-2.9777
915	915	-19.3544
916	916	-17.927
917	917	26.5941
918	918	-2.81888
919	919	9.66334
920	920	-4.06595
921	921	0.244541
922	922	-35.3359
923	923	-16.0704
924	924	12.3129
925	925	-21.9099
926	926	-3.89456
927	927	-30.5769
928	928	-31.0077
929	929	8.07864
930	930	14.9829
931	931	-3.20246
932	932	-12.277
933	933	-18.7153
934	934	-0.624807
935	935	17.4811
936	936	1.58215
937	937	-15.5832
938	938	-17.4502
939	939	16.2501
940	940	-8.4098
941	941	28.3775
942	942	-12.9675
943	943	9.76214
944	944	-17.8258
945	945	39.4482
946	946	8.19589
947	947	1.20102
948	948	-4.96631
949	949	0.576342
950	950	-15.1543
951	951	-6.98501
952	952	2.72148
953	953	-6.85738
954	954	2.81853
955	955	0.32858
956	956	-2.38359
957	957	-14.0558
958	958	20.3775
959	959	26.3295
960	960	-16.2141
961	961	18.7393
962	962	7.4873
963	963	-2.80213
964	964	11.7901
965	965	-25.0563
966	966	-8.01284
967	967	11.4237
968	968	7.17443
969	969	13.4924
970	970	-10.1611
971	971	-10.9901
972	972	-1.89381
973	973	20.9134
974	974	3.40739
975	975	10.333
976	976	-7.51714
977	977	-12.3852
978	978	23.6152
979	979	3.65252
980	980	18.8453
981	981	-0.341049
982	982	-18.3481
983	983	19.887
984	984	-7.95182
985	985	-10.8999
986	986	-12.6129
987	987	16.9809
988	988	-9.76049
989	989	0.64865
990	990	17.3822
991	991	-20.0952
992	992	-3.71724
993	993	-27.3983
994	994	-4.93885
995	995	32.3936
996	996	-13.2055
997	997	-25.5201
998	998	-0.208874
999	999	-19.2297
1000	1000	-8.10145
1001	1001	-11.971
1002	1002	-13.7373
1003	1003	23.0952
1004	1004	-3.73853
1005	1005	-6.6461
1006	1006	-0.180002
1007	1007	20.0453
1008	1008	-6.45776
1009	1009	-28.7103
1010	1010	-0.929034
1011	1011	34.0017
1012	1012	50.2385
1013	1013	36.5005
1014	1014	0.460449
1015	1015	-11.0316
1016	1016	-0.165366
1017	1017	28.1695
1018	1018	8.03207
1019	1019	4.94062
1020	1020	30.068
1021	1021	-9.33601
1022	1022	32.038
1023	1023	7.72322
1024	1024	-20.2758
1025	1025	-33.6876
1026	1026	23.8279
1027	1027	-16.4139
1028	1028	23.8978
1029	1029	10.5322
1030	1030	-19.6431
1031	1031	11.0874
1032	1032	-20.7753
1033	1033	-1.71927
1034	1034	-3.55231
1035	1035	27.2807
1036	1036	31.989
1037	1037	8.61953
1038	1038	16.3894
1039	1039	12.2259
1040	1040	-10.0258
1041	1041	24.483
1042	1042	-7.34679
1043	1043	-29.6501
1044	1044	16.38
1045	1045	5.07347
1046	1046	-35.394
1047	1047	-21.2659
1048	1048	33.5847
1049	1049	-34.4738
1050	1050	19.5467
1051	1051	36.6752
1052	1052	8.29487
1053	1053	-0.30557
1054	1054	-16.3241
1055	1055	12.0757
1056	1056	8.62101
1057	1057	-6.28519
1058	1058	-13.2721
1059	1059	23.1498
1060	1060	9.9396
1061	1061	-25.4683
1062	1062	20.033
1063	1063	-16.0955
1064	1064	-9.40804
1065	1065	-9.7809
1066	1066	6.89716
1067	1067	-4.73735
1068	1068	3.4106
1069	1069	9.58939
1070	1070	-6.55141
1071	1071	-8.19911
1072	1072	18.6605
1073	1073	-10.9858
1074	1074	19.0141
1075	1075	8.75292
1076	1076	1.92519
1077	1077	-2.71237
1078	1078	6.1537
1079	1079	16.7153
1080	1080	-32.777
1081	1081	-2.94153
1082	1082	-32.1152
1083	1083	2.43406
1084	1084	52.1286
1085	1085	-25.7998
1086	1086	-6.61367
1087	1087	8.75003
1088	1088	2.38695
1089	1089	8.71165
1090	1090	28.9475
1091	1091	-19.6047
1092	1092	27.1601
1093	1093	33.5601
1094	1094	6.01019
1095	1095	0.72697
1096	1096	53.5965
1097	1097	-12.0215
1098	1098	-19.8773
1099	1099	5.27194
1100	1100	20.5922
1101	1101	4.45041
1102	1102	-11.042
1103	1103	-11.1508
1104	1104	-2.38007
1105	1105	4.66514
1106	1106	1.74643
1107	1107	11.1584
1108	1108	11.0622
1109	1109	0.432699
1110	1110	-0.34557
1111	1111	-1.27892
1112	1112	-9.29219
1113	1113	-8.73275
1114	1114	38.5155
1115	1115	2.9741
1116	1116	-14.042
1117	1117	-12.7699
1118	1118	-5.10948
1119	1119	7.54943
1120	1120	6.41796
1121	1121	31.8815
1122	1122	10.5212
1123	1123	3.98344
1124	1124	2.06134
1125	1125	4.43611
1126	1126	11.8712
1127	1127	26.5407
1128	1128	-12.4506
1129	1129	11.2025
1130	1130	-14.3344
1131	1131	23.2203
1132	1132	5.5986
1133	1133	9.22211
1134	1134	0.612656
1135	1135	24.1644
1136	1136	32.1636
1137	1137	46.5768
1138	1138	-5.22077
1139	1139	-23.3574
1140	1140	-20.2891
1141	1141	-12.6953
1142	1142	2.44476
1143	1143	11.4495
1144	1144	17.1619
1145	1145	-4.0701
1146	1146	33.5306
1147	1147	-28.4672
1148	1148	-27.4569
1149	1149	-9.18733
1150	1150	22.8053
1151	1151	-11.7434
1152	1152	-7.0867
1153	1153	-24.4855
1154	1154	-44.2205
1155	1155	-5.48845
1156	1156	33.2577
1157	1157	-22.4319
1158	1158	-0.302924
1159	1159	-16.7937
1160	1160	7.43827
1161	1161	17.9104
1162	1162	-9.31121
1163	1163	-22.9489
1164	1164	21.1792
1165	1165	-25.6199
1166	1166	-12.8007
1167	1167	-15.3266
1168	1168	7.18392
1169	1169	18.5831
1170	1170	34.0595
1171	1171	-21.7938
1172	1172	-1.13634
1173	1173	-11.1915
1174	1174	18.3226
1175	1175	25.7362
1176	1176	16.6572
1177	1177	2.76075
1178	1178	36.7614
1179	1179	8.63518
1180	1180	8.95851
1181	1181	-11.9149
1182	1182	25.7302
1183	1183	11.0414
1184	1184	-11.9979
1185	1185	5.93384
1186	1186	12.6254
1187	1187	-1.61209
1188	1188	1.68035
1189	1189	-12.4786
1190	1190	-1.13412
1191	1191	-3.96307
1192	1192	-17.617
1193	1193	-12.2432
1194	1194	21.0512
1195	1195	5.47499
1196	1196	-9.67681
1197	1197	-2.07675
1198	1198	-34.2771
1199	1199	8.32425
1200	1200	18.5997
1201	1201	-15.4188
1202	1202	-24.5744
1203	1203	10.4561
1204	1204	-24.5837
1205	1205	-0.528605
1206	1206	-20.9981
1207	1207	15.1013
1208	1208	1.44032
1209	1209	-18.1982
1210	1210	19.5178
1211	1211	13.6847
1212	1212	5.91224
1213	1213	15.3918
1214	1214	-25.814
1215	1215	-13.5894
1216	1216	-24.655
1217	1217	-7.39588
1218	1218	-13.3539
1219	1219	28.0127
1220	1220	-16.724
1221	1221	11.2142
1222	1222	-29.0167
1223	1223	-0.826829
1224	1224	25.4893
1225	1225	-10.6075
1226	1226	13.4846
1227	1227	7.87975
1228	1228	-14.1094
1229	1229	1.83302
1230	1230	-29.2413
1231	1231	-19.4407
1232	1232	-25.9597
1233	1233	-10.8717
1234	1234	17.2087
1235	1235	-8.18872
1236	1236	-9.80405
1237	1237	9.4066
1238	1238	7.08948
1239	1239	9.12823
1240	1240	-21.9089
1241	1241	5.63575
1242	1242	-21.3074
1243	1243	8.48994
1244	1244	-25.3005
1245	1245	-19.0478
1246	1246	20.0214
1247	1247	-26.9698
1248	1248	16.8817
1249	1249	25.0779
1250	1250	28.2858
1251	1251	-23.2474
1252	1252	-0.301235
1253	1253	-29.0271
1254	1254	-19.8193
1255	1255	6.20246
1256	1256	5.26865
1257	1257	-18.3118
1258	1258	8.30407
1259	1259	-10.8651
1260	1260	-12.2524
1261	1261	-24.422
1262	1262	-29.7175
1263	1263	-32.1344
1264	1264	-11.7443
1265	1265	25.0815
1266	1266	-6.84117
1267	1267	12.0514
1268	1268	-21.671
1269	1269	3.77042
1270	1270	10.6247
1271	1271	-23.2945
1272	1272	-2.98666
1273	1273	26.1805
1274	1274	-19.3553
1275	1275	9.31219
1276	1276	3.80404
1277	1277	-5.72268
1278	1278	12.1503
1279	1279	-7.43183
1280	1280	3.16377
1281	1281	3.35227
1282	1282	24.5522
1283	1283	-26.3518
1284	1284	-31.5
1285	1285	2.26179
1286	1286	8.63709
1287	1287	-17.6402
1288	1288	0.232505
1289	1289	4.20811
1290	1290	-5.07191
1291	1291	-12.4265
1292	1292	1.85305
1293	1293	-18.313
1294	1294	-10.284
1295	1295	9.01391
1296	1296	18.918
1297	1297	-6.10776
1298	1298	-19.7019
1299	1299	-2.20073
1300	1300	-1.49453
1301	1301	7.16055
1302	1302	-2.31937
1303	1303	-23.5204
1304	1304	-15.0266
1305	1305	-13.4516
1306	1306	39.3214
1307	1307	35.3921
1308	1308	10.109
1309	1309	19.8053
1310	1310	-8.94165
1311	1311	8.24248
1312	1312	-5.79516
1313	1313	26.8844
1314	1314	-2.11088
1315	1315	-17.8626
1316	1316	29.851
1317	1317	20.696
1318	1318	-27.1948
1319	1319	18.1482
1320	1320	-8.12669
1321	1321	7.13524
1322	1322	13.0401
1323	1323	20.395
1324	1324	0.393111
1325	1325	4.8344
1326	1326	38.9529
1327	1327	-41.8727
1328	1328	-14.1913
1329	1329	3.99133
1330	1330	11.4967
1331	1331	-1.40795
1332	1332	12.244
1333	1333	22.3897
1334	1334	-11.2548
1335	1335	-8.29306
1336	1336	21.8346
1337	1337	10.0477
1338	1338	11.6153
1339	1339	-26.7908
1340	1340	8.19757
1341	1341	33.6079
1342	1342	-4.89151
1343	1343	-1.97071
1344	1344	13.4437
1345	1345	16.8818
1346	1346	-12.5703
1347	1347	3.02729
1348	1348	5.9877
1349	1349	8.36862
1350	1350	-19.9572
1351	1351	5.88493
1352	1352	18.9923
1353	1353	8.27419
1354	1354	-8.39571
1355	1355	-42.0435
1356	1356	12.774
1357	1357	28.233
1358	1358	-5.96655
1359	1359	-6.54515
1360	1360	14.6863
1361	1361	-33.3132
1362	1362	8.28575
1363	1363	-8.55363
1364	1364	-13.3839
1365	1365	-8.18107
1366	1366	-12.0142
1367	1367	1.25815
1368	1368	-20.034
1369	1369	-8.08684
1370	1370	-4.77659
1371	1371	8.47551
1372	1372	6.57471
1373	1373	9.27801
1374	1374	16.1263
1375	1375	-16.1003
1376	1376	-23.1004
1377	1377	-13.5741
1378	1378	-14.437
1379	1379	7.82742
1380	1380	54.407
1381	1381	22.2363
1382	1382	22.3206
1383	1383	-6.45482
1384	1384	22.4961
1385	1385	-26.9863
1386	1386	-9.30374
1387	1387	-39.4869
1388	1388	-13.4624
1389	1389	3.13182
1390	1390	-35.1382
1391	1391	-3.09167
1392	1392	5.5156
1393	1393	-15.9766
1394	1394	-5.2532
1395	1395	8.49282
1396	1396	-38.7869
1397	1397	18.1935
1398	1398	5.96247
1399	1399	-13.7588
1400	1400	10.8264
1401	1401	-18.721
1402	1402	18.066
1403	1403	15.9799
1404	1404	38.8214
1405	1405	-6.60434
1406	1406	17.988
1407	1407	18.1213
1408	1408	-0.645542
1409	1409	29.5679
1410	1410	14.7406
1411	1411	22.2052
1412	1412	-35.8856
1413	1413	-26.9913
1414	1414	-26.3148
1415	1415	15.4562
1416	1416	-31.2286
1417	1417	4.18924
1418	1418	-16.3322
1419	1419	35.542
1420	1420	-12.5119
1421	1421	5.60637
1422	1422	37.2465
1423	1423	31.7574
1424	1424	-15.1878
1425	1425	3.72932
1426	1426	-27.2397
1427	1427	-26.7697
1428	1428	4.75875
1429	1429	-4.19318
1430	1430	-2.16096
1431	1431	-9.06979
1432	1432	11.0926
1433	1433	-11.4723
1434	1434	1.06237
1435	1435	-15.9162
1436	1436	-21.0846
1437	1437	-7.11154
1438	1438	-5.41001
1439	1439	21.5593
1440	1440	-17.0614
1441	1441	19.0899
1442	1442	-33.2194
1443	1443	4.84831
1444	1444	7.70812
1445	1445	-5.08022
1446	1446	-4.80887
1447	1447	30.349
1448	1448	16.0525
1449	1449	12.5322
1450	1450	12.5383
1451	1451	28.7797
1452	1452	30.0845
1453	1453	9.03809
1454	1454	-0.566064
1455	1455	-5.50601
1456	1456	-32.3156
1457	1457	-11.8409
1458	1458	-30.6036
1459	1459	-17.9996
1460	1460	-3.1375
1461	1461	-11.9323
1462	1462	-14.426
1463	1463	-10.2689
1464	1464	-15.9509
1465	1465	8.29618
1466	1466	-7.78518
1467	1467	3.05418
1468	1468	-14.9616
1469	1469	-9.69023
1470	1470	32.9796
1471	1471	33.8505
1472	1472	-1.93164
1473	1473	-0.388812
1474	1474	-12.4153
1475	1475	13.899
1476	1476	-34.7959
1477	1477	19.4281
1478	1478	-10.4275
1479	1479	-19.5631
1480	1480	-6.39378
1481	1481	-0.288953
1482	1482	18.6438
1483	1483	2.1298
1484	1484	-16.5377
1485	1485	-6.28648
1486	1486	-26.4802
1487	1487	-3.75631
1488	1488	7.5038
1489	1489	25.4236
1490	1490	10.6218
1491	1491	-8.87113
1492	1492	-14.3365
1493	1493	-10.9643
1494	1494	6.13008
1495	1495	-12.1959
1496	1496	13.4187
1497	1497	12.4908
1498	1498	20.428
1499	1499	19.8257
1500	1500	-35.0072
1501	1501	-7.75219
1502	1502	-13.2096
1503	1503	25.2351
1504	1504	-6.49261
1505	1505	-6.1348
1506	1506	-31.8252
1507	1507	7.72498
1508	1508	7.89739
1509	1509	13.0479
1510	1510	9.96987
1511	1511	11.1708
1512	1512	10.9816
1513	1513	14.5922
1514	1514	18.5943
1515	1515	6.72323
1516	1516	2.70573
1517	1517	5.88853
1518	1518	11.6846
1519	1519	-32.142
1520	1520	-29.9954
1521	1521	27.8957
1522	1522	5.07287
1523	1523	-10.7028
1524	1524	-4.03956
1525	1525	11.6822
1526	1526	-24.5965
1527	1527	-7.1805
1528	1528	-5.50919
1529	1529	2.62314
1530	1530	-5.58508
1531	1531	9.95729
1532	1532	-9.2909
1533	1533	9.58766
1534	1534	9.63891
1535	1535	-15.3321
1536	1536	26.7043
1537	1537	1.23989
1538	1538	12.6533
1539	1539	2.63279
1540	1540	19.2701
1541	1541	-28.2937
1542	1542	2.35477
1543	1543	-12.3157
1544	1544	-2.43366
1545	1545	-44.7079
1546	1546	7.92311
1547	1547	-16.6949
1548	1548	17.4908
1549	1549	12.3088
1550	1550	-16.9181
1551	1551	3.03836
1552	1552	16.9049
1553	1553	33.1145
1554	1554	-28.1789
1555	1555	18.4086
1556	1556	21.7302
1557	1557	-5.75096
1558	1558	32.1039
1559	1559	18.5032
1560	1560	-15.252
1561	1561	12.1182
1562	1562	-28.5365
1563	1563	0.149379
1564	1564	11.5402
1565	1565	4.45455
1566	1566	0.785409
1567	1567	8.68838
1568	1568	-11.2477
1569	1569	0.788861
1570	1570	16.3967
1571	1571	-27.3482
1572	1572	2.52227
1573	1573	8.01181
1574	1574	9.15993
1575	1575	-41.1465
1576	1576	-15.7473
1577	1577	-23.9398
1578	1578	-3.15904
1579	1579	14.303
1580	1580	2.96989
1581	1581	5.21308
1582	1582	-8.82897
1583	1583	48.5371
1584	1584	3.59956
1585	1585	-32.3616
1586	1586	19.0347
1587	1587	-2.23699
1588	1588	-21.6496
1589	1589	29.3716
1590	1590	-46.4277
1591	1591	-27.2619
1592	1592	20.2461
1593	1593	5.62464
1594	1594	-0.650388
1595	1595	22.5616
1596	1596	-3.00208
1597	1597	-3.74941
1598	1598	-6.22239
1599	1599	4.12837
1600	1600	0.0933998
1601	1601	1.801
1602	1602	21.9714
1603	1603	-10.5839
1604	1604	4.03358
1605	1605	-39.2577
1606	1606	16.431
1607	1607	-10.2834
1608	1608	-11.1901
1609	1609	-4.82161
1610	1610	30.8346
1611	1611	-8.36505
1612	1612	-1.96031
1613	1613	-9.06857
1614	1614	-11.7456
1615	1615	-10.111
1616	1616	-16.6057
1617	1617	20.842
1618	1618	-12.3955
1619	1619	22.1132
1620	1620	-6.37878
1621	1621	24.6805
1622	1622	1.82629
1623	1623	-22.4602
1624	1624	-27.941
1625	1625	-26.9857
1626	1626	-6.61086
1627	1627	10.3325
1628	1628	8.4826
1629	1629	1.96398
1630	1630	-13.4682
1631	1631	18.1043
1632	1632	28.3293
1633	1633	-5.8303
1634	1634	-0.434503
1635	1635	0.186421
1636	1636	-7.8794
1637	1637	-5.66349
1638	1638	12.002
1639	1639	3.06444
1640	1640	8.34485
1641	1641	7.76941
1642	1642	45.4627
1643	1643	-3.73062
1644	1644	-27.0141
1645	1645	7.06452
1646	1646	33.1513
1647	1647	-22.6096
1648	1648	24.9443
1649	1649	-22.718
1650	1650	13.4528
1651	1651	19.405
1652	1652	-12.8925
1653	1653	-2.5005
1654	1654	-32.8501
1655	1655	-13.8172
1656	1656	16.0946
1657	1657	-12.637
1658	1658	-0.482321
1659	1659	12.9976
1660	1660	-19.3448
1661	1661	3.98472
1662	1662	0.312981
1663	1663	18.6232
1664	1664	-11.1745
1665	1665	35.5532
1666	1666	54.6391
1667	1667	1.03894
1668	1668	-22.9848
1669	1669	6.51502
1670	1670	7.7565
1671	1671	-27.3197
1672	1672	26.7002
1673	1673	5.72303
1674	1674	-17.5659
1675	1675	-10.7862
1676	1676	-5.42077
1677	1677	-17.2427
1678	1678	7.40816
1679	1679	10.7961
1680	1680	-14.6518
1681	1681	-37.5215
1682	1682	10.0795
1683	1683	-16.7986
1684	1684	30.8679
1685	1685	-19.5415
1686	1686	-2.80517
1687	1687	-11.9935
1688	1688	17.177
1689	1689	-0.511991
1690	1690	17.4704
1691	1691	-10.551
1692	1692	30.427
1693	1693	-12.0127
1694	1694	28.7563
1695	1695	-24.3046
1696	1696	-3.8633
1697	1697	2.18939
1698	1698	-9.73583
1699	1699	21.3886
1700	1700	-4.59052
1701	1701	25.4812
1702	1702	8.16784
1703	1703	-40.1469
1704	1704	19.7264
1705	1705	-9.39955
1706	1706	-21.5057
1707	1707	17.4608
1708	1708	21.6479
1709	1709	11.7541
1710	1710	14.6046
1711	1711	-10.6142
1712	1712	-15.097
1713	1713	-30.4036
1714	1714	-14.9776
1715	1715	-4.50578
1716	1716	-4.44367
1717	1717	48.3919
1718	1718	12.9091
1719	1719	14.5795
1720	1720	7.9602
1721	1721	16.7356
1722	1722	-18.3711
1723	1723	-4.36402
1724	1724	20.5167
1725	1725	-14.5131
1726	1726	25.4433
1727	1727	22.1843
1728	1728	22.2086
1729	1729	21.9116
1730	1730	-11.7443
1731	1731	-24.6054
1732	1732	1.55028
1733	1733	12.2555
1734	1734	30.0238
1735	1735	-22.9986
1736	1736	13.0621
1737	1737	-32.2391
1738	1738	-16.2885
1739	1739	-3.99712
1740	1740	13.082
1741	1741	-17.1013
1742	1742	6.50066
1743	1743	6.23893
1744	1744	-1.10449
1745	1745	8.52202
1746	1746	9.34144
1747	1747	-7.82065
1748	1748	46.5846
1749	1749	-9.04269
1750	1750	-1.99903
1751	1751	7.76896
1752	1752	-4.24014
1753	1753	23.435
1754	1754	1.13771
1755	1755	15.0884
1756	1756	11.5102
1757	1757	31.8956
1758	1758	-17.957
1759	1759	0.984892
1760	1760	-3.79028
1761	1761	14.2985
1762	1762	7.91423
1763	1763	-29.6173
1764	1764	-16.0857
1765	1765	-0.416403
1766	1766	-14.6056
1767	1767	43.2193
1768	1768	-8.26692
1769	1769	12.3816
1770	1770	-8.80676
1771	1771	30.8488
1772	1772	3.77397
1773	1773	2.36602
1774	1774	27.2154
1775	1775	0.42866
1776	1776	20.9852
1777	1777	5.30194
1778	1778	32.9425
1779	1779	15.9792
1780	1780	-21.4293
1781	1781	-0.707788
1782	1782	-15.0722
1783	1783	11.8673
1784	1784	20.5829
1785	1785	33.5236
1786	1786	-12.2209
1787	1787	-23.0302
1788	1788	16.6893
1789	1789	4.93225
1790	1790	21.153
1791	1791	11.7183
1792	1792	-27.7984
1793	1793	-12.3474
1794	1794	8.68235
1795	1795	3.2567
1796	1796	10.1827
1797	1797	6.34969
1798	1798	-7.57034
1799	1799	-8.24452
1800	1800	-31.7437
1801	1801	-7.49963
1802	1802	-27.3674
1803	1803	-2.03917
1804	1804	13.0592
1805	1805	-13.1241
1806	1806	13.684
1807	1807	-22.2668
1808	1808	8.28963
1809	1809	-17.8925
1810	1810	-17.4607
1811	1811	25.0286
1812	1812	24.7469
1813	1813	10.6775
1814	1814	26.1566
1815	1815	-5.20121
1816	1816	15.4415
1817	1817	23.3532
1818	1818	11.8659
1819	1819	-22.1351
1820	1820	28.616
1821	1821	-10.9984
1822	1822	-9.89532
1823	1823	-8.38801
1824	1824	32.6111
1825	1825	23.068
1826	1826	-30.3112
1827	1827	-12.6998
1828	1828	33.9866
1829	1829	-29.0159
1830	1830	-5.19709
1831	1831	26.4817
1832	1832	4.40783
1833	1833	-49.0835
1834	1834	-1.69365
1835	1835	4.751
1836	1836	11.4031
1837	1837	11.786
1838	1838	0.984652
1839	1839	21.31
1840	1840	14.3451
1841	1841	-0.956131
1842	1842	4.03576
1843	1843	-25.7519
1844	1844	-10.2933
1845	1845	-45.7341
1846	1846	4.35217
1847	1847	3.59476
1848	1848	-5.55676
1849	1849	-27.6082
1850	1850	9.52446
1851	1851	-8.48638
1852	1852	-2.10728
1853	1853	-18.165
1854	1854	-9.2855
1855	1855	6.40019
1856	1856	-9.21015
1857	1857	29.5298
1858	1858	18.9519
1859	1859	25.825
1860	1860	17.5467
1861	1861	-11.0919
1862	1862	-18.011
1863	1863	-6.30221
1864	1864	-14.786
1865	1865	-28.8575
1866	1866	-5.64231
1867	1867	-8.92728
1868	1868	4.95891
1869	1869	13.8745
1870	1870	-4.25415
1871	1871	-6.26425
1872	1872	13.8892
1873	1873	9.42372
1874	1874	-10.1475
1875	1875	-9.56271
1876	1876	29.9089
1877	1877	-29.142
1878	1878	-15.1174
1879	1879	-7.03195
1880	1880	10.7144
1881	1881	3.97001
1882	1882	6.05463
1883	1883	-6.51165
1884	1884	-41.7375
1885	1885	17.3637
1886	1886	-12.0295
1887	1887	-8.43455
1888	1888	-50.9185
1889	1889	20.312
1890	1890	-14.1383
1891	1891	3.39138
1892	1892	10.3678
1893	1893	5.75368
1894	1894	-30.3453
1895	1895	-37.3198
1896	1896	-1.48391
1897	1897	-12.1738
1898	1898	-1.9545
1899	1899	-2.20231
1900	1900	17.5872
1901	1901	-32.6958
1902	1902	-9.09806
1903	1903	25.4973
1904	1904	24.4419
1905	1905	-10.2298
1906	1906	-3.20118
1907	1907	0.741178
1908	1908	-10.2723
1909	1909	1.78257
1910	1910	9.3359
1911	1911	-17.3652
1912	1912	19.5077
1913	1913	-1.59129
1914	1914	-12.5496
1915	1915	-15.095
1916	1916	-32.4556
1917	1917	-39.3741
1918	1918	-3.79175
1919	1919	-24.9276
1920	1920	8.59471
1921	1921	3.98576
1922	1922	-24.1983
1923	1923	-10.3224
1924	1924	-1.97824
1925	1925	8.24181
1926	1926	-12.5856
1927	1927	-33.1821
1928	1928	7.10514
1929	1929	20.6732
1930	1930	0.946176
1931	1931	3.03151
1932	1932	19.0395
1933	1933	-22.5768
1934	1934	15.4167
1935	1935	-17.9062
1936	1936	-6.3657
1937	1937	8.81975
1938	1938	-11.5571
1939	1939	4.7862
1940	1940	-3.52024
1941	1941	-20.8407
1942	1942	24.5092
1943	1943	-7.30984
1944	1944	-15.3518
1945	1945	-2.87956
1946	1946	-15.4729
1947	1947	30.0591
1948	1948	42.9792
1949	1949	10.6528
1950	1950	30.1438
1951	1951	-9.81573
1952	1952	3.2531
1953	1953	18.6197
1954	1954	18.1097
1955	1955	-10.1268
1956	1956	-21.4861
1957	1957	-5.63692
1958	1958	-2.17579
1959	1959	6.98279
1960	1960	-26.1364
1961	1961	8.78325
1962	1962	9.14762
1963	1963	1.64099
1964	1964	-7.56212
1965	1965	35.0326
1966	1966	32.0944
1967	1967	-0.948988
1968	1968	-17.2235
1969	1969	14.5066
1970	1970	-5.98143
1971	1971	1.1705
1972	1972	1.97532
1973	1973	-4.99675
1974	1974	-9.94419
1975	1975	23.5218
1976	1976	-2.23173
1977	1977	-7.38572
1978	1978	39.5945
1979	1979	3.4337
1980	1980	15.6191
1981	1981	-5.98524
1982	1982	2.5965
1983	1983	16.3205
1984	1984	19.2762
1985	1985	21.4115
1986	1986	-12.5936
1987	1987	-6.52779
1988	1988	12.4737
1989	1989	14.2056
1990	1990	7.16271
1991	1991	-16.444
1992	1992	29.3667
1993	1993	-2.62923
1994	1994	7.31931
1995	1995	12.7007
1996	1996	15.5215
1997	1997	5.37773
1998	1998	65.8578
1999	1999	-1.41395
2000	2000	8.04685
2001	2001	23.3181
2002	2002	-0.299776
2003	2003	16.7307
2004	2004	25.9682
2005	2005	-8.44456
2006	2006	14.4327
2007	2007	-9.22064
2008	2008	14.282
2009	2009	16.4069
2010	2010	10.5558
2011	2011	-4.4329
2012	2012	19.4267
2013	2013	-10.7003
2014	2014	1.35222
2015	2015	1.32013
2016	2016	0.557067
2017	2017	-26.618
2018	2018	-2.63269
2019	2019	-14.4873
2020	2020	11.7441
2021	2021	8.49228
2022	2022	13.0793
2023	2023	14.8086
2024	2024	42.4905
2025	2025	19.1657
2026	2026	7.16785
2027	2027	-3.57439
2028	2028	5.07089
2029	2029	-1.316
2030	2030	19.8595
2031	2031	0.0304743
2032	2032	16.502
2033	2033	-2.40661
2034	2034	-12.5186
2035	2035	41.5332
2036	2036	10.2354
2037	2037	-0.560342
2038	2038	0.791086
2039	2039	-18.4889
2040	2040	12.4745
2041	2041	-11.3721
2042	2042	10.0125
2043	2043	6.16915
2044	2044	-3.02177
2045	2045	6.74475
2046	2046	-16.116
2047	2047	9.34409
2048	2048	6.51172
2049	2049	9.40982
2050	2050	18.7194
2051	2051	4.76572
2052	2052	-26.4899
2053	2053	-20.7134
2054	2054	5.52662
2055	2055	3.9484
2056	2056	-18.1039
2057	2057	17.7731
2058	2058	10.8954
2059	2059	-29.9856
2060	2060	-13.5986
2061	2061	-3.6953
2062	2062	-4.89798
2063	2063	-19.0891
2064	2064	26.2385
2065	2065	-1.43637
2066	2066	-16.3509
2067	2067	-2.12215
2068	2068	-7.88117
2069	2069	31.9346
2070	2070	28.9236
2071	2071	-17.7567
2072	2072	-12.775
2073	2073	-4.85367
2074	2074	-7.33024
2075	2075	-3.11184
2076	2076	17.3963
2077	2077	-12.6493
2078	2078	-22.9322
2079	2079	-4.45941
2080	2080	29.608
2081	2081	22.2012
2082	2082	60.6768
2083	2083	12.9422
2084	2084	21.0361
2085	2085	1.52049
2086	2086	-3.26423
2087	2087	-10.006
2088	2088	5.47497
2089	2089	-14.117
2090	2090	21.3862
2091	2091	34.1839
2092	2092	-12.6659
2093	2093	-1.19952
2094	2094	-13.5075
2095	2095	-4.22116
2096	2096	-10.8116
2097	2097	39.5032
2098	2098	8.88336
2099	2099	-11.4956
2100	2100	13.4666
2101	2101	-11.8502
2102	2102	-40.5658
2103	2103	-32.7353
2104	2104	1.0257
2105	2105	-18.8313
2106	2106	-10.3576
2107	2107	8.7337
2108	2108	1.41814
2109	2109	-2.68219
2110	2110	6.50931
2111	2111	9.72927
2112	2112	1.52531
2113	2113	16.0839
2114	2114	-15.0816
2115	2115	5.9861
2116	2116	18.9214
2117	2117	0.806319
2118	2118	2.56395
2119	2119	12.5773
2120	2120	-2.37292
2121	2121	26.1504
2122	2122	3.21353
2123	2123	1.08444
2124	2124	-14.7529
2125	2125	10.121
2126	2126	-12.9672
2127	2127	-9.59897
2128	2128	-34.839
2129	2129	9.45755
2130	2130	18.2587
2131	2131	14.6918
2132	2132	-42.6739
2133	2133	19.1093
2134	2134	-21.4471
2135	2135	-22.4625
2136	2136	5.72604
2137	2137	-9.71861
2138	2138	-9.88963
2139	2139	-26.625
2140	2140	41.4038
2141	2141	-0.251401
2142	2142	-12.6064
2143	2143	-3.98098
2144	2144	-3.60604
2145	2145	32.6356
2146	2146	-1.19604
2147	2147	16.5179
2148	2148	13.228
2149	2149	-42.6048
2150	2150	-21.2681
2151	2151	-11.4027
2152	2152	12.1249
2153	2153	-32.2448
2154	2154	45.9461
2155	2155	-10.4577
2156	2156	-51.654
2157	2157	2.50284
2158	2158	13.8348
2159	2159	-23.8545
2160	2160	1.53824
2161	2161	0.223773
2162	2162	-13.2501
2163	2163	0.0444913
2164	2164	4.07683
2165	2165	-12.9206
2166	2166	-10.5765
2167	2167	13.4406
2168	2168	-3.48539
2169	2169	-2.73593
2170	2170	-13.4847
2171	2171	-37.069
2172	2172	-21.1686
2173	2173	14.3354
2174	2174	2.84722
2175	2175	32.6571
2176	2176	-12.27
2177	2177	8.703
2178	2178	-9.54465
2179	2179	2.25997
2180	2180	-11.297
2181	2181	-0.954488
2182	2182	16.1662
2183	2183	-10.2866
2184	2184	-18.6912
2185	2185	27.543
2186	2186	8.90106
2187	2187	14.9655
2188	2188	23.3213
2189	2189	-16.1848
2190	2190	-12.3231
2191	2191	24.1842
2192	2192	-23.8051
2193	2193	-45.0638
2194	2194	6.51032
2195	2195	-7.17491
2196	2196	22.5505
2197	2197	-1.90024
2198	2198	-11.5607
2199	2199	7.74199
2200	2200	-14.1558
2201	2201	14.5155
2202	2202	7.75546
2203	2203	-16.8655
2204	2204	-3.7754
2205	2205	-27.931
2206	2206	-16.6548
2207	2207	8.32626
2208	2208	-15.3378
2209	2209	-24.0335
2210	2210	-27.8119
2211	2211	-17.1909
2212	2212	-6.44773
2213	2213	-17.7017
2214	2214	-14.3939
2215	2215	-11.9825
2216	2216	4.74759
2217	2217	-11.5704
2218	2218	31.0805
2219	2219	38.2324
2220	2220	-2.65891
2221	2221	-6.81635
2222	2222	28.3419
2223	2223	-0.0206784
2224	2224	2.43447
2225	2225	-8.04735
2226	2226	18.8101
2227	2227	9.64735
2228	2228	10.5676
2229	2229	10.2998
2230	2230	16.3756
2231	2231	14.3688
2232	2232	-21.7978
2233	2233	3.15134
2234	2234	-23.4535
2235	2235	3.81353
2236	2236	37.618
2237	2237	-14.718
2238	2238	-13.1474
2239	2239	0.335207
2240	2240	-10.1015
2241	2241	-28.6256
2242	2242	-12.8516
2243	2243	-2.21147
2244	2244	-6.0509
2245	2245	33.2818
2246	2246	-19.1161
2247	2247	-27.006
2248	2248	-14.0209
2249	2249	-14.0426
2250	2250	-3.98652
2251	2251	-9.64771
2252	2252	24.5768
2253	2253	-18.0982
2254	2254	6.48035
2255	2255	0.966303
2256	2256	4.28223
2257	2257	-20.1081
2258	2258	33.3642
2259	2259	23.27
2260	2260	-7.02281
2261	2261	-6.17672
2262	2262	-2.00593
2263	2263	4.91742
2264	2264	8.92402
2265	2265	-3.03574
2266	2266	1.64251
2267	2267	-20.9572
2268	2268	31.0784
2269	2269	1.54872
2270	2270	3.30393
2271	2271	-28.0257
2272	2272	-25.2847
2273	2273	1.09905
2274	2274	24.3861
2275	2275	9.92902
2276	2276	-6.69673
2277	2277	0.391101
2278	2278	-10.1104
2279	2279	-4.952
2280	2280	-20.8508
2281	2281	-9.80325
2282	2282	9.19293
2283	2283	2.13559
2284	2284	-1.56473
2285	2285	-2.11143
2286	2286	26.4463
2287	2287	-0.907981
2288	2288	-16.8454
2289	2289	49.7154
2290	2290	-11.3169
2291	2291	-19.2622
2292	2292	16.2734
2293	2293	15.2479
2294	2294	14.9012
2295	2295	-0.816702
2296	2296	-21.2396
2297	2297	0.891938
2298	2298	0.741376
2299	2299	0.596165
2300	2300	26.7659
2301	2301	15.1446
2302	2302	-4.54688
2303	2303	28.1671
2304	2304	4.34299
2305	2305	-5.12623
2306	2306	-21.3373
2307	2307	-41.2828
2308	2308	12.7502
2309	2309	24.3103
2310	2310	-17.5238
2311	2311	34.8719
2312	2312	-17.4221
2313	2313	-6.81271
2314	2314	0.647452
2315	2315	-5.50639
2316	2316	-4.9319
2317	2317	-8.40667
2318	2318	15.3371
2319	2319	-24.1125
2320	2320	-14.9728
2321	2321	14.0627
2322	2322	-16.1
2323	2323	-20.2433
2324	2324	1.91621
2325	2325	3.7495
2326	2326	21.4353
2327	2327	-27.7499
2328	2328	-3.33203
2329	2329	23.0214
2330	2330	0.427072
2331	2331	26.2861
2332	2332	-17.3583
2333	2333	23.5083
2334	2334	6.91488
2335	2335	28.211
2336	2336	-0.0348049
2337	2337	-13.5084
2338	2338	-34.8713
2339	2339	-12.0248
2340	2340	-28.2591
2341	2341	-34.9481
2342	2342	-28.8797
2343	2343	20.1272
2344	2344	-38.6943
2345	2345	-12.5487
2346	2346	14.5965
2347	2347	6.69871
2348	2348	-15.7468
2349	2349	-1.22497
2350	2350	-4.87631
2351	2351	-24.9017
2352	2352	-28.6555
2353	2353	-2.91749
2354	2354	4.55551
2355	2355	-1.07055
2356	2356	-8.23943
2357	2357	37.4209
2358	2358	-24.4233
2359	2359	-24.0484
2360	2360	16.0084
2361	2361	-1.43757
2362	2362	20.7133
2363	2363	6.85841
2364	2364	-1.03674
2365	2365	10.3517
2366	2366	6.73174
2367	2367	-31.454
2368	2368	-8.47781
2369	2369	9.45808
2370	2370	16.0966
2371	2371	6.50069
2372	2372	18.0719
2373	2373	-26.0804
2374	2374	-5.46101
2375	2375	-31.0908
2376	2376	13.9307
2377	2377	33.7581
2378	2378	-31.996
2379	2379	11.2646
2380	2380	-28.5194
2381	2381	-29.018
2382	2382	23.2973
2383	2383	-19.8275
2384	2384	-10.3655
2385	2385	-18.8144
2386	2386	22.2599
2387	2387	-20.16
2388	2388	28.3567
2389	2389	-30.42
2390	2390	11.1029
2391	2391	-0.0380463
2392	2392	7.15484
2393	2393	-6.0568
2394	2394	-7.25358
2395	2395	-30.6903
2396	2396	-16.8312
2397	2397	16.8537
2398	2398	-24.5584
2399	2399	3.47486
2400	2400	37.6948
2401	2401	-1.12539
2402	2402	-12.1299
2403	2403	-12.971
2404	2404	6.71416
2405	2405	-27.0879
2406	2406	-17.9635
2407	2407	20.08
2408	2408	6.1942
2409	2409	16.4941
2410	2410	4.10906
2411	2411	-15.227
2412	2412	16.3858
2413	2413	-42.6124
2414	2414	0.665554
2415	2415	17.6975
2416	2416	-18.4308
2417	2417	24.8415
2418	2418	-12.9524
2419	2419	-17.4248
2420	2420	32.922
2421	2421	-13.2724
2422	2422	-2.89771
2423	2423	20.35
2424	2424	-0.227991
2425	2425	8.51578
2426	2426	19.638
2427	2427	-12.1228
2428	2428	-12.0651
2429	2429	3.60906
2430	2430	-37.6747
2431	2431	-6.16657
2432	2432	6.38676
2433	2433	5.25552
2434	2434	20.4309
2435	2435	7.74097
2436	2436	-5.90404
2437	2437	-18.889
2438	2438	-4.34568
2439	2439	6.40083
2440	2440	-17.1163
2441	2441	-7.4312
2442	2442	0.123881
2443	2443	-0.850141
2444	2444	-7.66224
2445	2445	-16.0711
2446	2446	-10.6924
2447	2447	-15.0434
2448	2448	-9.75871
2449	2449	-19.8259
2450	2450	16.9639
2451	2451	7.64549
2452	2452	1.34786
2453	2453	-25.9549
2454	2454	-7.61938
2455	2455	-25.016
2456	2456	-35.1839
2457	2457	31.0341
2458	2458	-3.29334
2459	2459	-6.22157
2460	2460	-30.7304
2461	2461	-18.5664
2462	2462	6.09722
2463	2463	16.033
2464	2464	-0.297917
2465	2465	16.5509
2466	2466	-10.0176
2467	2467	-2.0146
2468	2468	-16.4538
2469	2469	-4.31671
2470	2470	2.19081
2471	2471	23.3854
2472	2472	-10.2365
2473	2473	14.3742
2474	2474	-1.56001
2475	2475	-23.1654
2476	2476	-8.09405
2477	2477	6.64395
2478	2478	-6.42197
2479	2479	-17.5175
2480	2480	2.66705
2481	2481	9.84734
2482	2482	15.8255
2483	2483	-20.4588
2484	2484	-8.92462
2485	2485	33.1531
2486	2486	-10.228
2487	2487	26.0237
2488	2488	33.3839
2489	2489	-3.6508
2490	2490	33.7197
2491	2491	-14.8557
2492	2492	3.52557
2493	2493	5.04144
2494	2494	-4.25506
2495	2495	-3.05727
2496	2496	-8.51032
2497	2497	-3.60516
2498	2498	-3.44622
2499	2499	-2.71709
2500	2500	29.5414
2501	2501	-38.1201
2502	2502	-19.768
2503	2503	-24.2294
2504	2504	2.8738
2505	2505	2.88137
2506	2506	-5.91425
2507	2507	-47.5975
2508	2508	-28.3404
2509	2509	13.3337
2510	2510	13.4921
2511	2511	3.01892
2512	2512	3.66987
2513	2513	-11.7332
2514	2514	-9.29688
2515	2515	4.98486
2516	2516	20.975
2517	2517	10.0858
2518	2518	-9.40268
2519	2519	6.77287
2520	2520	29.6342
2521	2521	3.48104
2522	2522	-14.5781
2523	2523	-24.7856
2524	2524	-0.132235
2525	2525	31.2124
2526	2526	0.664447
2527	2527	-1.1626
2528	2528	-3.09254
2529	2529	-28.1322
2530	2530	22.7729
2531	2531	-4.56124
2532	2532	-2.02224
2533	2533	-15.968
2534	2534	6.12634
2535	2535	-41.7399
2536	2536	2.82257
2537	2537	-4.8474
2538	2538	-1.62966
2539	2539	12.3969
2540	2540	14.1837
2541	2541	11.5856
2542	2542	-19.9137
2543	2543	-14.2558
2544	2544	8.51989
2545	2545	24.7837
2546	2546	1.10201
2547	2547	7.90766
2548	2548	28.9999
2549	2549	25.5793
2550	2550	-5.12531
2551	2551	10.9899
2552	2552	-5.20183
2553	2553	2.80916
2554	2554	-5.08456
2555	2555	18.0559
2556	2556	-8.05995
2557	2557	-27.5809
2558	2558	-1.97981
2559	2559	-11.1299
2560	2560	20.4587
2561	2561	3.68238
2562	2562	-17.4609
2563	2563	30.2772
2564	2564	-3.2086
2565	2565	-23.3914
2566	2566	29.3573
2567	2567	-33.0439
2568	2568	36.7032
2569	2569	-10.4736
2570	2570	-5.52058
2571	2571	-8.37531
2572	2572	-22.2045
2573	2573	3.236
2574	2574	14.9621
2575	2575	-27.1962
2576	2576	2.8282
2577	2577	7.29968
2578	2578	12.3487
2579	2579	-5.86481
2580	2580	17.33
2581	2581	-5.64291
2582	2582	-24.2703
2583	2583	-9.07353
2584	2584	-18.8369
2585	2585	-9.57489
2586	2586	7.08646
2587	2587	-6.63738
2588	2588	3.27345
2589	2589	-32.5564
2590	2590	13.0608
2591	2591	4.12082
2592	2592	-17.1105
2593	2593	-8.71217
2594	2594	30.8791
2595	2595	0.696154
2596	2596	14.1314
2597	2597	29.9755
2598	2598	12.8406
2599	2599	20.0474
2600	2600	-14.4195
2601	2601	29.2401
2602	2602	-9.68285
2603	2603	-17.9951
2604	2604	7.4321
2605	2605	-14.4666
2606	2606	26.9513
2607	2607	-14.7391
2608	2608	7.16136
2609	2609	14.552
2610	2610	-4.94673
2611	2611	43.4749
2612	2612	-4.03718
2613	2613	11.2767
2614	2614	21.7427
2615	2615	19.7667
2616	2616	-16.1819
2617	2617	-21.5602
2618	2618	-14.2857
2619	2619	-7.46036
2620	2620	-1.85197
2621	2621	1.79526
2622	2622	-11.1756
2623	2623	-14.6698
2624	2624	-29.4219
2625	2625	-22.8367
2626	2626	33.2307
2627	2627	17.2446
2628	2628	-9.2311
2629	2629	-6.87564
2630	2630	-11.9244
2631	2631	0.386482
2632	2632	-35.7562
2633	2633	7.19328
2634	2634	-26.2474
2635	2635	-28.5531
2636	2636	37.7954
2637	2637	-29.5143
2638	2638	3.70058
2639	2639	-27.926
2640	2640	-5.36907
2641	2641	-7.44976
2642	2642	-3.53989
2643	2643	-19.2113
2644	2644	-23.1129
2645	2645	0.51308
2646	2646	-16.8333
2647	2647	12.3761
2648	2648	15.0872
2649	2649	24.4569
2650	2650	1.13649
2651	2651	-1.41396
2652	2652	6.88244
2653	2653	1.57539
2654	2654	-4.47652
2655	2655	-3.52671
2656	2656	26.3556
2657	2657	6.74509
2658	2658	7.97623
2659	2659	-29.2302
2660	2660	9.91463
2661	2661	-6.92418
2662	2662	-21.714
2663	2663	-7.41228
2664	2664	-28.7546
2665	2665	1.46204
2666	2666	-3.78805
2667	2667	-31.0062
2668	2668	-2.66826
2669	2669	-23.3213
2670	2670	-8.83139
2671	2671	15.4012
2672	2672	-12.6579
2673	2673	31.7289
2674	2674	23.0045
2675	2675	13.3011
2676	2676	-3.76847
2677	2677	-6.01377
2678	2678	25.886
2679	2679	24.6184
2680	2680	10.345
2681	2681	-2.676
2682	2682	38.2685
2683	2683	-1.42531
2684	2684	-28.9189
2685	2685	20.7168
2686	2686	-17.8331
2687	2687	3.02773
2688	2688	-1.10847
2689	2689	-41.2547
2690	2690	5.67894
2691	2691	7.30394
2692	2692	-11.0167
2693	2693	46.8264
2694	2694	-19.2173
2695	2695	-17.1007
2696	2696	5.29168
2697	2697	37.796
2698	2698	-15.2792
2699	2699	-13.334
2700	2700	-9.30485
2701	2701	-12.3079
2702	2702	31.0268
2703	2703	2.16608
2704	2704	-3.93482
2705	2705	6.09234
2706	2706	20.4358
2707	2707	12.5334
2708	2708	-4.89272
2709	2709	0.0967049
2710	2710	-7.9854
2711	2711	14.8557
2712	2712	-22.6267
2713	2713	-22.3259
2714	2714	31.2256
2715	2715	12.9875
2716	2716	-7.89485
2717	2717	-4.4331
2718	2718	-6.01064
2719	2719	-15.7652
2720	2720	9.43487
2721	2721	20.0279
2722	2722	0.935803
2723	2723	25.2957
2724	2724	-5.89479
2725	2725	-11.5311
2726	2726	-7.05447
2727	2727	-0.329601
2728	2728	-9.82341
2729	2729	-15.3418
2730	2730	2.66858
2731	2731	-31.5845
2732	2732	-7.59304
2733	2733	-16.5104
2734	2734	-7.55057
2735	2735	-13.5779
2736	2736	9.70484
2737	2737	-1.02124
2738	2738	37.6184
2739	2739	-5.63686
2740	2740	-12.2012
2741	2741	6.39022
2742	2742	-8.06556
2743	2743	-14.5521
2744	2744	5.19488
2745	2745	1.264
2746	2746	-28.5286
2747	2747	-25.6369
2748	2748	21.2841
2749	2749	-1.93996
2750	2750	28.4705
2751	2751	-2.41604
2752	2752	21.6473
2753	2753	-14.822
2754	2754	-21.0033
2755	2755	5.33931
2756	2756	-15.3568
2757	2757	10.8197
2758	2758	-11.6391
2759	2759	-12.8378
2760	2760	20.5137
2761	2761	11.7849
2762	2762	-3.64522
2763	2763	-36.9891
2764	2764	35.6909
2765	2765	9.68517
2766	2766	-20.8675
2767	2767	-18.7538
2768	2768	51.3481
2769	2769	8.02133
2770	2770	17.2398
2771	2771	-33.6877
2772	2772	31.4796
2773	2773	-14.635
2774	2774	-7.83862
2775	2775	13.9587
2776	2776	-19.7255
2777	2777	22.5931
2778	2778	2.81135
2779	2779	-8.74112
2780	2780	8.67514
2781	2781	21.7045
2782	2782	6.99223
2783	2783	-39.8771
2784	2784	12.8644
2785	2785	3.86349
2786	2786	-29.2049
2787	2787	9.50422
2788	2788	25.0583
2789	2789	6.49814
2790	2790	12.8959
2791	2791	-2.26507
2792	2792	2.34517
2793	2793	-23.6955
2794	2794	-7.85955
2795	2795	-7.16258
2796	2796	39.6036
2797	2797	-4.62982
2798	2798	17.1775
2799	2799	-15.6849
2800	2800	17.8891
2801	2801	-9.02419
2802	2802	22.6675
2803	2803	4.96686
2804	2804	31.8444
2805	2805	12.3534
2806	2806	2.75862
2807	2807	1.15125
2808	2808	-11.1654
2809	2809	22.5809
2810	2810	-2.27161
2811	2811	-0.398274
2812	2812	5.35814
2813	2813	15.0109
2814	2814	-38.3137
2815	2815	-25.8466
2816	2816	13.9373
2817	2817	-2.20744
2818	2818	-4.22056
2819	2819	-15.6446
2820	2820	40.7284
2821	2821	17.835
2822	2822	37.8661
2823	2823	-7.64146
2824	2824	-9.93043
2825	2825	-17.0554
2826	2826	-30.748
2827	2827	-11.7431
2828	2828	-12.3216
2829	2829	18.9738
2830	2830	-7.00198
2831	2831	-25.2513
2832	2832	23.6831
2833	2833	-3.02117
2834	2834	12.7989
2835	2835	26.864
2836	2836	-19.3104
2837	2837	-7.87636
2838	2838	-3.36061
2839	2839	-7.6222
2840	2840	-3.82326
2841	2841	15.2336
2842	2842	10.5616
2843	2843	23.9988
2844	2844	13.6589
2845	2845	-14.3958
2846	2846	14.2046
2847	2847	-17.3104
2848	2848	-34.0995
2849	2849	1.25698
2850	2850	-8.01205
2851	2851	-12.8135
2852	2852	-10.6685
2853	2853	7.38432
2854	2854	-4.3931
2855	2855	5.05003
2856	2856	-22.0839
2857	2857	1.09328
2858	2858	34.9947
2859	2859	16.2322
2860	2860	-35.4261
2861	2861	46.7664
2862	2862	-20.0646
2863	2863	-27.7409
2864	2864	21.5794
2865	2865	25.7084
2866	2866	-11.4507
2867	2867	-21.4564
2868	2868	-11.2191
2869	2869	-6.67873
2870	2870	-24.3931
2871	2871	-3.32601
2872	2872	4.88377
2873	2873	13.3351
2874	2874	-32.1397
2875	2875	-2.93045
2876	2876	16.7219
2877	2877	2.66067
2878	2878	-19.5556
2879	2879	16.6602
2880	2880	29.8356
2881	2881	6.75671
2882	2882	-32.9824
2883	2883	-12.3881
2884	2884	17.7254
2885	2885	-32.5208
2886	2886	20.7514
2887	2887	-6.07643
2888	2888	8.12668
2889	2889	-5.72611
2890	2890	-15.2052
2891	2891	-17.5286
2892	2892	-10.5267
2893	2893	-8.75606
2894	2894	31.2797
2895	2895	3.75084
2896	2896	-20.8309
2897	2897	23.0726
2898	2898	-2.42027
2899	2899	7.04205
2900	2900	1.2423
2901	2901	36.4983
2902	2902	7.06855
2903	2903	-29.546
2904	2904	-21.2471
2905	2905	-13.5958
2906	2906	-8.27868
2907	2907	15.5633
2908	2908	-8.96261
2909	2909	9.98303
2910	2910	-20.7183
2911	2911	9.35119
2912	2912	-15.9857
2913	2913	-16.092
2914	2914	-42.2646
2915	2915	-24.2139
2916	2916	-13.9479
2917	2917	2.58625
2918	2918	-1.20006
2919	2919	-9.80912
2920	2920	-1.72955
2921	2921	3.36766
2922	2922	4.40973
2923	2923	-21.6481
2924	2924	-28.3533
2925	2925	-6.62692
2926	2926	-6.93444
2927	2927	-21.351
2928	2928	-25.7467
2929	2929	10.4586
2930	2930	2.37775
2931	2931	-19.306
2932	2932	-7.46523
2933	2933	-30.8983
2934	2934	-35.9828
2935	2935	12.8746
2936	2936	0.112079
2937	2937	-0.241935
2938	2938	-17.9932
2939	2939	-10.1387
2940	2940	-19.211
2941	2941	21.6047
2942	2942	3.25181
2943	2943	-33.1268
2944	2944	6.1032
2945	2945	-1.94659
2946	2946	-18.7391
2947	2947	-0.339177
2948	2948	41.1305
2949	2949	14.6979
2950	2950	-26.8751
2951	2951	-24.2795
2952	2952	2.07575
2953	2953	-32.4578
2954	2954	10.9267
2955	2955	-41.9107
2956	2956	0.191266
2957	2957	-2.48842
2958	2958	1.28052
2959	2959	-1.21316
2960	2960	-21.0913
2961	2961	-6.65604
2962	2962	-12.0694
2963	2963	-16.4071
2964	2964	-21.6298
2965	2965	2.95312
2966	2966	6.1311
2967	2967	-27.8548
2968	2968	22.7647
2969	2969	9.46047
2970	2970	5.59485
2971	2971	12.8809
2972	2972	-0.969287
2973	2973	35.1949
2974	2974	-7.68299
2975	2975	-2.69684
2976	2976	-31.1311
2977	2977	14.4797
2978	2978	8.79985
2979	2979	-7.3407
2980	2980	-24.1003
2981	2981	36.6211
2982	2982	-5.613
2983	2983	-11.3304
2984	2984	-5.09268
2985	2985	-17.2644
2986	2986	19.2295
2987	2987	-15.9127
2988	2988	16.3946
2989	2989	-0.861654
2990	2990	-9.81394
2991	2991	17.0643
2992	2992	-9.85364
2993	2993	12.9982
2994	2994	14.7631
2995	2995	-1.80597
2996	2996	-43.0647
2997	2997	39.7912
2998	2998	12.1044
2999	2999	-5.90051
3000	3000	12.9262
3001	3001	4.31212
3002	3002	14.4287
3003	3003	1.65319
3004	3004	-0.76717
3005	3005	13.9763
3006	3006	-7.79439
3007	3007	19.2241
3008	3008	-39.7035
3009	3009	-11.336
3010	3010	-7.83204
3011	3011	-5.38343
3012	3012	-8.42318
3013	3013	14.4618
3014	3014	27.0688
3015	3015	3.9078
3016	3016	-8.83238
3017	3017	-5.76437
3018	3018	1.99125
3019	3019	-11.8335
3020	3020	-29.8223
3021	3021	4.1521
3022	3022	-33.9318
3023	3023	-6.85543
3024	3024	-6.84184
3025	3025	-8.65725
3026	3026	-26.8754
3027	3027	-31.2595
3028	3028	6.47399
3029	3029	-12.3576
3030	3030	1.69699
3031	3031	-14.6273
3032	3032	-6.77336
3033	3033	-15.918
3034	3034	7.24998
3035	3035	19.61
3036	3036	24.0453
3037	3037	34.3664
3038	3038	1.97966
3039	3039	20.3311
3040	3040	-13.7172
3041	3041	-19.5661
3042	3042	-22.5162
3043	3043	8.90203
3044	3044	28.0323
3045	3045	20.3138
3046	3046	10.2735
3047	3047	-20.1122
3048	3048	-6.6047
3049	3049	25.1951
3050	3050	-28.7901
3051	3051	-1.60167
3052	3052	2.70404
3053	3053	-12.7699
3054	3054	21.4552
3055	3055	-30.3207
3056	3056	19.5144
3057	3057	-24.8488
3058	3058	-17.1019
3059	3059	2.77488
3060	3060	16.816
3061	3061	-26.6964
3062	3062	-6.87933
3063	3063	2.12453
3064	3064	3.34948
3065	3065	-25.3736
3066	3066	8.93375
3067	3067	-8.35225
3068	3068	11.3349
3069	3069	-14.672
3070	3070	-18.354
3071	3071	28.5768
3072	3072	20.5452
3073	3073	-2.71836
3074	3074	18.8775
3075	3075	13.1954
3076	3076	28.5011
3077	3077	0.65277
3078	3078	-27.1006
3079	3079	8.30475
3080	3080	4.14384
3081	3081	-5.56609
3082	3082	-6.94011
3083	3083	19.1616
3084	3084	2.77927
3085	3085	-9.79771
3086	3086	11.3911
3087	3087	14.4939
3088	3088	6.31968
3089	3089	-23.9967
3090	3090	11.6005
3091	3091	24.314
3092	3092	7.01647
3093	3093	25.54
3094	3094	-28.4582
3095	3095	-7.70776
3096	3096	7.98347
3097	3097	4.84058
3098	3098	-3.55333
3099	3099	6.46796
3100	3100	-6.09375
3101	3101	20.2355
3102	3102	-7.31608
3103	3103	23.4937
3104	3104	-30.4972
3105	3105	3.22833
3106	3106	14.2219
3107	3107	-7.26174
3108	3108	-34.7949
3109	3109	-5.9062
3110	3110	-22.1947
3111	3111	-10.7201
3112	3112	-6.77448
3113	3113	-3.46937
3114	3114	-7.46766
3115	3115	-6.54234
3116	3116	9.6818
3117	3117	-23.9761
3118	3118	-13.9047
3119	3119	-5.72574
3120	3120	-7.12535
3121	3121	-16.03
3122	3122	-8.16831
3123	3123	-11.642
3124	3124	6.00902
3125	3125	36.4243
3126	3126	-5.6837
3127	3127	-10.6343
3128	3128	-14.6811
3129	3129	-19.231
3130	3130	1.75365
3131	3131	-5.18132
3132	3132	-0.683017
3133	3133	-13.4001
3134	3134	-4.20821
3135	3135	-9.41707
3136	3136	36.9621
3137	3137	15.7188
3138	3138	-40.6577
3139	3139	-10.3715
3140	3140	13.8466
3141	3141	-10.2386
3142	3142	0.916244
3143	3143	-20.2901
3144	3144	1.49707
3145	3145	31.3582
3146	3146	-11.4336
3147	3147	-5.76161
3148	3148	-14.8475
3149	3149	9.40101
3150	3150	-12.3971
3151	3151	26.9997
3152	3152	-11.019
3153	3153	-17.2594
3154	3154	-12.796
3155	3155	-2.19927
3156	3156	-3.39547
3157	3157	14.0644
3158	3158	-10.972
3159	3159	25.2487
3160	3160	15.2698
3161	3161	34.6592
3162	3162	1.93371
3163	3163	-10.127
3164	3164	34.2196
3165	3165	-41.4188
3166	3166	-9.37073
3167	3167	28.5067
3168	3168	-10.5449
3169	3169	24.2652
3170	3170	-19.6115
3171	3171	0.978177
3172	3172	10.1343
3173	3173	-2.10473
3174	3174	7.39407
3175	3175	1.31075
3176	3176	-32.4958
3177	3177	5.37218
3178	3178	-3.52049
3179	3179	11.4204
3180	3180	-1.98907
3181	3181	-14.3415
3182	3182	-22.21
3183	3183	1.84742
3184	3184	-5.26141
3185	3185	21.14
3186	3186	-31.3919
3187	3187	0.573414
3188	3188	-42.5603
3189	3189	8.11572
3190	3190	24.73
3191	3191	-15.0506
3192	3192	-36.4387
3193	3193	-17.6694
3194	3194	0.66241
3195	3195	21.0858
3196	3196	34.1158
3197	3197	3.56043
3198	3198	-15.3873
3199	3199	-14.202
3200	3200	-3.12786
3201	3201	7.10174
3202	3202	-5.21023
3203	3203	-31.0604
3204	3204	12.6637
3205	3205	-8.05934
3206	3206	27.2115
3207	3207	-2.07069
3208	3208	-23.6584
3209	3209	-20.8236
3210	3210	-40.8366
3211	3211	-10.0333
3212	3212	10.9575
3213	3213	-6.07422
3214	3214	-8.3039
3215	3215	4.33686
3216	3216	1.96727
3217	3217	-9.11132
3218	3218	-31.7786
3219	3219	-23.5774
3220	3220	-19.6905
3221	3221	-11.4263
3222	3222	3.7515
3223	3223	-2.74853
3224	3224	-10.7721
3225	3225	45.0731
3226	3226	48.7621
3227	3227	-1.05018
3228	3228	8.12901
3229	3229	-6.82605
3230	3230	-5.37587
3231	3231	5.5051
3232	3232	42.2386
3233	3233	17.561
3234	3234	-13.0568
3235	3235	16.6373
3236	3236	0.350601
3237	3237	9.67201
3238	3238	-5.91026
3239	3239	-16.4969
3240	3240	23.1726
3241	3241	9.88645
3242	3242	-31.8622
3243	3243	-14.141
3244	3244	-5.8591
3245	3245	11.7921
3246	3246	0.0259554
3247	3247	-8.6966
3248	3248	-8.37886
3249	3249	24.1666
3250	3250	17.0929
3251	3251	25.8495
3252	3252	-54.2618
3253	3253	39.9004
3254	3254	-27.3132
3255	3255	-21.0026
3256	3256	11.0726
3257	3257	14.5621
3258	3258	5.28187
3259	3259	30.8851
3260	3260	-5.50963
3261	3261	4.21892
3262	3262	-12.6541
3263	3263	10.9577
3264	3264	-6.55067
3265	3265	13.167
3266	3266	16.6313
3267	3267	-8.13233
3268	3268	8.48033
3269	3269	21.3457
3270	3270	15.818
3271	3271	-9.05082
3272	3272	-4.52229
3273	3273	-6.80922
3274	3274	4.55155
3275	3275	-0.159097
3276	3276	6.76828
3277	3277	-16.2665
3278	3278	0.443587
3279	3279	9.30058
3280	3280	-11.1586
3281	3281	-7.87869
3282	3282	16.704
3283	3283	-7.00787
3284	3284	-17.764
3285	3285	2.95231
3286	3286	-1.2171
3287	3287	-25.6633
3288	3288	-11.3029
3289	3289	-7.45993
3290	3290	-28.8085
3291	3291	-2.68954
3292	3292	-20.3359
3293	3293	15.8282
3294	3294	15.0058
3295	3295	11.3332
3296	3296	3.79377
3297	3297	-11.286
3298	3298	-27.1884
3299	3299	-27.9866
3300	3300	-33.3554
3301	3301	-13.8497
3302	3302	-7.34346
3303	3303	18.685
3304	3304	19.1044
3305	3305	-7.66843
3306	3306	-2.35134
3307	3307	-0.138049
3308	3308	-25.7631
3309	3309	25.6704
3310	3310	37.0621
3311	3311	6.29457
3312	3312	25.604
3313	3313	-6.3718
3314	3314	-4.21925
3315	3315	22.4353
3316	3316	-21.0569
3317	3317	-24.7588
3318	3318	26.5514
3319	3319	41.5039
3320	3320	-6.44568
3321	3321	45.4015
3322	3322	-3.87322
3323	3323	-18.9357
3324	3324	-2.08695
3325	3325	5.63827
3326	3326	-14.726
3327	3327	11.2722
3328	3328	30.0794
3329	3329	-29.1061
3330	3330	18.4042
3331	3331	17.6404
3332	3332	33.3317
3333	3333	-5.55608
3334	3334	5.01573
3335	3335	8.8464
3336	3336	18.0412
3337	3337	-5.95497
3338	3338	-16.8349
3339	3339	-16.6132
3340	3340	-10.1141
3341	3341	-14.8495
3342	3342	15.2271
3343	3343	6.05894
3344	3344	16.7647
3345	3345	-9.35687
3346	3346	-17.4529
3347	3347	-16.0228
3348	3348	4.18917
3349	3349	8.8289
3350	3350	-11.9399
3351	3351	-21.0578
3352	3352	-32.8427
3353	3353	3.4029
3354	3354	4.01486
3355	3355	-33.2131
3356	3356	-6.30922
3357	3357	5.10461
3358	3358	19.4579
3359	3359	16.1623
3360	3360	-33.2594
3361	3361	-5.11126
3362	3362	0.410206
3363	3363	2.34127
3364	3364	-16.4186
3365	3365	-14.7856
3366	3366	10.0212
3367	3367	32.0844
3368	3368	22.4608
3369	3369	-12.7814
3370	3370	22.6515
3371	3371	-3.7677
3372	3372	16.6467
3373	3373	-9.26739
3374	3374	-5.40928
3375	3375	16.0672
3376	3376	23.0031
3377	3377	11.0342
3378	3378	8.73804
3379	3379	12.5689
3380	3380	-3.81626
3381	3381	-7.12311
3382	3382	4.53625
3383	3383	27.6987
3384	3384	17.1181
3385	3385	-20.8224
3386	3386	-4.73451
3387	3387	-9.185
3388	3388	-10.9774
3389	3389	-17.0699
3390	3390	3.69982
3391	3391	-27.0523
3392	3392	1.68026
3393	3393	-8.43623
3394	3394	-14.9427
3395	3395	-4.78616
3396	3396	-11.417
3397	3397	-31.5093
3398	3398	-6.51138
3399	3399	-0.900171
3400	3400	4.37896
3401	3401	29.1843
3402	3402	0.0313502
3403	3403	19.5767
3404	3404	-35.739
3405	3405	-35.8146
3406	3406	26.7524
3407	3407	31.6921
3408	3408	-17.7134
3409	3409	-11.8198
3410	3410	34.7636
3411	3411	-16.8252
3412	3412	-24.3124
3413	3413	29.9035
3414	3414	-37.8276
3415	3415	-17.0595
3416	3416	-34.9509
3417	3417	18.2594
3418	3418	19.913
3419	3419	-18.0964
3420	3420	-26.5878
3421	3421	-7.32511
3422	3422	-10.078
3423	3423	-9.20783
3424	3424	-4.32421
3425	3425	-22.3904
3426	3426	12.8055
3427	3427	-18.2657
3428	3428	29.6562
3429	3429	8.45284
3430	3430	-7.45296
3431	3431	4.68961
3432	3432	-20.8343
3433	3433	-21.4414
3434	3434	19.1452
3435	3435	-6.31246
3436	3436	2.24095
3437	3437	-37.8078
3438	3438	1.54385
3439	3439	33.712
3440	3440	-13.8424
3441	3441	-2.0378
3442	3442	-28.1123
3443	3443	-2.20803
3444	3444	-3.94871
3445	3445	9.27459
3446	3446	-8.44346
3447	3447	1.23449
3448	3448	16.751
3449	3449	4.2243
3450	3450	-19.0519
3451	3451	-13.9625
3452	3452	-26.7567
3453	3453	-32.0262
3454	3454	10.1468
3455	3455	-1.50327
3456	3456	-3.01846
3457	3457	-20.3225
3458	3458	-23.7365
3459	3459	-6.8604
3460	3460	6.84352
3461	3461	14.8462
3462	3462	8.31483
3463	3463	-18.4592
3464	3464	6.21878
3465	3465	-20.4177
3466	3466	0.216561
3467	3467	5.23045
3468	3468	-16.725
3469	3469	-15.0206
3470	3470	17.3889
3471	3471	-8.17949
3472	3472	11.4133
3473	3473	-8.30298
3474	3474	-20.1191
3475	3475	-35.3626
3476	3476	-1.20861
3477	3477	-10.0854
3478	3478	17.5939
3479	3479	-16.3193
3480	3480	-8.82353
3481	3481	1.43398
3482	3482	-8.93995
3483	3483	25.9128
3484	3484	-1.03104
3485	3485	1.13509
3486	3486	-7.68039
3487	3487	6.01575
3488	3488	-6.37519
3489	3489	3.24978
3490	3490	14.6446
3491	3491	-16.3283
3492	3492	15.4524
3493	3493	17.5644
3494	3494	29.4988
3495	3495	-8.71677
3496	3496	-29.8481
3497	3497	9.59643
3498	3498	-14.2581
3499	3499	18.9669
3500	3500	-19.0391
3501	3501	6.29404
3502	3502	-26.4907
3503	3503	-5.28279
3504	3504	-15.5016
3505	3505	-1.07326
3506	3506	41.3061
3507	3507	-10.3383
3508	3508	11.0627
3509	3509	-7.89154
3510	3510	40.824
3511	3511	-1.632
3512	3512	-16.9556
3513	3513	-19.0439
3514	3514	17.692
3515	3515	21.1748
3516	3516	-3.47636
3517	3517	-25.2345
3518	3518	-10.234
3519	3519	-14.7712
3520	3520	-9.59432
3521	3521	-22.0042
3522	3522	18.0083
3523	3523	5.10628
3524	3524	16.4057
3525	3525	4.89361
3526	3526	3.9065
3527	3527	-27.7089
3528	3528	24.0334
3529	3529	31.9466
3530	3530	-9.61558
3531	3531	-26.9556
3532	3532	-2.14322
3533	3533	3.99665
3534	3534	-3.85679
3535	3535	-14.6597
3536	3536	19.7589
3537	3537	17.4539
3538	3538	10.7982
3539	3539	-35.9961
3540	3540	-1.97763
3541	3541	24.5793
3542	3542	7.88487
3543	3543	12.3619
3544	3544	-20.5127
3545	3545	-0.27178
3546	3546	-2.07857
3547	3547	7.03625
3548	3548	-23.407
3549	3549	-15.9292
3550	3550	-5.54284
3551	3551	-16.1312
3552	3552	-7.88139
3553	3553	2.58228
3554	3554	-53.2949
3555	3555	-3.06743
3556	3556	-19.6883
3557	3557	-6.30651
3558	3558	5.47261
3559	3559	11.295
3560	3560	34.8402
3561	3561	13.4828
3562	3562	-18.8049
3563	3563	14.146
3564	3564	12.5804
3565	3565	-26.7909
3566	3566	-3.70652
3567	3567	12.5538
3568	3568	11.4463
3569	3569	-17.4734
3570	3570	-3.60872
3571	3571	-8.89624
3572	3572	9.80185
3573	3573	18.431
3574	3574	-3.29638
3575	3575	-45.3843
3576	3576	32.2354
3577	3577	21.4184
3578	3578	-13.6517
3579	3579	-0.300458
3580	3580	8.29976
3581	3581	21.3409
3582	3582	5.6058
3583	3583	5.73834
3584	3584	-18.5144
3585	3585	17.5865
3586	3586	17.5547
3587	3587	-17.1444
3588	3588	-16.2648
3589	3589	-20.7913
3590	3590	21.1347
3591	3591	-10.8828
3592	3592	-31.7355
3593	3593	11.9888
3594	3594	-36.0317
3595	3595	5.86521
3596	3596	7.78446
3597	3597	-5.96412
3598	3598	-5.28632
3599	3599	7.52629
3600	3600	-1.38153
3601	3601	31.0613
3602	3602	2.95859
3603	3603	-5.27232
3604	3604	39.8971
3605	3605	-3.18723
3606	3606	1.53559
3607	3607	8.52597
3608	3608	-7.87631
3609	3609	43.8562
3610	3610	-3.20274
3611	3611	-5.138
3612	3612	-11.9125
3613	3613	-5.97943
3614	3614	-13.9509
3615	3615	-3.09564
3616	3616	-16.8123
3617	3617	23.203
3618	3618	12.5572
3619	3619	-20.2172
3620	3620	-13.2445
3621	3621	-7.93842
3622	3622	5.66291
3623	3623	34.5027
3624	3624	7.24747
3625	3625	23.9065
3626	3626	6.59571
3627	3627	-18.5882
3628	3628	-4.79418
3629	3629	6.87695
3630	3630	1.01273
3631	3631	15.5267
3632	3632	-13.9959
3633	3633	16.9933
3634	3634	60.1359
3635	3635	-2.82274
3636	3636	-12.0319
3637	3637	3.6429
3638	3638	12.5891
3639	3639	5.92432
3640	3640	-20.835
3641	3641	2.61942
3642	3642	13.5942
3643	3643	-15.0206
3644	3644	-1.34905
3645	3645	-3.33608
3646	3646	10.7872
3647	3647	-10.2062
3648	3648	-9.78271
3649	3649	24.9436
3650	3650	2.76889
3651	3651	25.2604
3652	3652	4.5305
3653	3653	35.866
3654	3654	0.494259
3655	3655	7.27235
3656	3656	-17.1756
3657	3657	-27.7876
3658	3658	-15.1518
3659	3659	10.4008
3660	3660	9.78321
3661	3661	10.5906
3662	3662	14.3279
3663	3663	13.5183
3664	3664	15.6892
3665	3665	-22.0148
3666	3666	-15.6485
3667	3667	-29.7
3668	3668	18.8406
3669	3669	-3.27257
3670	3670	-1.52126
3671	3671	14.7159
3672	3672	15.9161
3673	3673	-9.5776
3674	3674	23.0574
3675	3675	8.57528
3676	3676	-21.9825
3677	3677	-17.384
3678	3678	9.62257
3679	3679	-23.315
3680	3680	29.5924
3681	3681	-32.9575
3682	3682	13.5194
3683	3683	-13.4144
3684	3684	9.31899
3685	3685	20.2201
3686	3686	12.4284
3687	3687	4.44326
3688	3688	-18.0003
3689	3689	0.118206
3690	3690	-8.18612
3691	3691	14.0982
3692	3692	-5.44242
3693	3693	16.0676
3694	3694	2.04
3695	3695	8.50675
3696	3696	-9.30286
3697	3697	28.3431
3698	3698	-35.2353
3699	3699	7.9109
3700	3700	16.3238
3701	3701	-21.8568
3702	3702	32.5391
3703	3703	19.2209
3704	3704	-5.56925
3705	3705	28.6901
3706	3706	-21.4235
3707	3707	-1.66878
3708	3708	-9.56
3709	3709	-25.5954
3710	3710	-0.290545
3711	3711	7.63042
3712	3712	-6.01838
3713	3713	33.2332
3714	3714	-40.5628
3715	3715	-14.4846
3716	3716	35.3511
3717	3717	-27.6773
3718	3718	11.6643
3719	3719	5.80595
3720	3720	-6.38329
3721	3721	-33.7273
3722	3722	-33.0398
3723	3723	-0.347962
3724	3724	26.0549
3725	3725	2.91212
3726	3726	-16.5191
3727	3727	-10.008
3728	3728	12.8107
3729	3729	-2.44137
3730	3730	40.1947
3731	3731	-15.0379
3732	3732	-31.6369
3733	3733	31.4578
3734	3734	-12.6947
3735	3735	13.8017
3736	3736	-12.6177
3737	3737	-5.90015
3738	3738	0.645209
3739	3739	4.55811
3740	3740	10.1524
3741	3741	15.4211
3742	3742	-20.1617
3743	3743	-4.93335
3744	3744	30.1737
3745	3745	-2.30585
3746	3746	-9.91696
3747	3747	28.7218
3748	3748	-2.0593
3749	3749	7.72851
3750	3750	-43.382
3751	3751	5.83713
3752	3752	-14.4719
3753	3753	6.42512
3754	3754	-15.9788
3755	3755	3.29762
3756	3756	34.7679
3757	3757	-5.6594
3758	3758	-8.94706
3759	3759	-16.4301
3760	3760	9.22891
3761	3761	10.1013
3762	3762	22.7444
3763	3763	-20.6244
3764	3764	-14.3053
3765	3765	14.2514
3766	3766	3.37692
3767	3767	14.2719
3768	3768	30.1245
3769	3769	35.4337
3770	3770	22.0381
3771	3771	7.73398
3772	3772	-21.1627
3773	3773	-4.69442
3774	3774	11.7236
3775	3775	22.1249
3776	3776	-3.78422
3777	3777	14.0084
3778	3778	21.6983
3779	3779	-11.5309
3780	3780	-23.7166
3781	3781	-12.1083
3782	3782	-27.8266
3783	3783	-5.9806
3784	3784	19.2883
3785	3785	12.1677
3786	3786	11.3151
3787	3787	5.39446
3788	3788	18.4479
3789	3789	-14.2348
3790	3790	15.72
3791	3791	15.9338
3792	3792	-17.6106
3793	3793	-4.54267
3794	3794	7.45275
3795	3795	30.9664
3796	3796	32.741
3797	3797	-28.877
3798	3798	11.4663
3799	3799	-0.434114
3800	3800	-18.3282
3801	3801	-7.61144
3802	3802	-1.52323
3803	3803	-15.2457
3804	3804	29.4901
3805	3805	-1.22858
3806	3806	2.69136
3807	3807	7.60233
3808	3808	-12.1515
3809	3809	-5.42394
3810	3810	-4.0913
3811	3811	3.64717
3812	3812	-10.2767
3813	3813	8.94891
3814	3814	6.64957
3815	3815	3.64953
3816	3816	3.23859
3817	3817	-18.8072
3818	3818	-39.3308
3819	3819	-13.8972
3820	3820	0.4097
3821	3821	-15.2578
3822	3822	-6.03674
3823	3823	-16.7184
3824	3824	32.7704
3825	3825	-1.45675
3826	3826	-39.4046
3827	3827	40.4178
3828	3828	-4.32224
3829	3829	0.419052
3830	3830	-40.6008
3831	3831	13.9605
3832	3832	15.8126
3833	3833	27.0287
3834	3834	-15.2525
3835	3835	21.5912
3836	3836	-10.4823
3837	3837	-27.3843
3838	3838	5.84543
3839	3839	4.62761
3840	3840	-29.4421
3841	3841	-12.5137
3842	3842	10.5272
3843	3843	16.2175
3844	3844	34.9018
3845	3845	21.7907
3846	3846	-22.9207
3847	3847	-4.74032
3848	3848	-5.03237
3849	3849	-29.0203
3850	3850	-7.98296
3851	3851	-8.02318
3852	3852	11.1362
3853	3853	-5.44133
3854	3854	21.6568
3855	3855	28.0753
3856	3856	2.85249
3857	3857	20.5911
3858	3858	4.01288
3859	3859	14.6399
3860	3860	-4.51048
3861	3861	20.6294
3862	3862	4.56368
3863	3863	17.8067
3864	3864	3.77163
3865	3865	6.45221
3866	3866	-22.3338
3867	3867	-23.9135
3868	3868	-21.3998
3869	3869	-16.5096
3870	3870	22.9723
3871	3871	-1.53826
3872	3872	-15.4973
3873	3873	6.47076
3874	3874	23.1285
3875	3875	-0.141643
3876	3876	16.9368
3877	3877	-3.99106
3878	3878	-20.0762
3879	3879	23.1056
3880	3880	-1.09284
3881	3881	1.49313
3882	3882	-2.84887
3883	3883	25.7294
3884	3884	8.81493
3885	3885	-5.58432
3886	3886	-12.9712
3887	3887	-27.8303
3888	3888	-0.95219
3889	3889	-9.04162
3890	3890	12.1851
3891	3891	-13.7544
3892	3892	-19.1092
3893	3893	-13.1602
3894	3894	13.3873
3895	3895	-1.55191
3896	3896	-19.5681
3897	3897	-7.68694
3898	3898	-3.24096
3899	3899	3.18444
3900	3900	27.8043
3901	3901	-24.0414
3902	3902	-6.85507
3903	3903	17.0366
3904	3904	18.7194
3905	3905	-7.93426
3906	3906	-17.1942
3907	3907	-25.6289
3908	3908	17.2831
3909	3909	17.1453
3910	3910	4.42911
3911	3911	-0.51706
3912	3912	20.5522
3913	3913	-18.6036
3914	3914	17.9721
3915	3915	10.3044
3916	3916	28.4826
3917	3917	-18.4583
3918	3918	18.7849
3919	3919	-10.7554
3920	3920	-0.459804
3921	3921	12.4069
3922	3922	11.721
3923	3923	6.23178
3924	3924	18.2542
3925	3925	3.27236
3926	3926	35.3829
3927	3927	32.5359
3928	3928	-9.09633
3929	3929	-6.08442
3930	3930	-10.3667
3931	3931	-19.3292
3932	3932	23.1583
3933	3933	8.41194
3934	3934	-3.8263
3935	3935	-4.2986
3936	3936	-7.66395
3937	3937	-17.0731
3938	3938	5.16717
3939	3939	-30.5121
3940	3940	18.7573
3941	3941	-5.2583
3942	3942	3.236
3943	3943	-16.3471
3944	3944	-1.56507
3945	3945	21.5725
3946	3946	-16.3737
3947	3947	5.47733
3948	3948	11.9259
3949	3949	24.6949
3950	3950	-24.9568
3951	3951	37.9972
3952	3952	20.077
3953	3953	-2.63518
3954	3954	-28.4976
3955	3955	21.5321
3956	3956	-11.2292
3957	3957	-6.26581
3958	3958	-31.115
3959	3959	-0.448889
3960	3960	-9.79507
3961	3961	-11.9088
3962	3962	-20.4983
3963	3963	-16.9661
3964	3964	-18.3404
3965	3965	26.2589
3966	3966	-21.8259
3967	3967	-3.25016
3968	3968	3.49722
3969	3969	-29.5323
3970	3970	-27.127
3971	3971	-9.64933
3972	3972	-5.63594
3973	3973	-14.0792
3974	3974	-20.8715
3975	3975	-21.1356
3976	3976	-1.84342
3977	3977	-0.892736
3978	3978	-34.5442
3979	3979	-36.7137
3980	3980	-17.4486
3981	3981	9.89277
3982	3982	11.5991
3983	3983	9.47375
3984	3984	-15.266
3985	3985	1.27646
3986	3986	9.4305
3987	3987	-27.0325
3988	3988	1.41244
3989	3989	31.3141
3990	3990	22.1575
3991	3991	6.88701
3992	3992	39.2037
3993	3993	-20.3738
3994	3994	22.8481
3995	3995	-21.505
3996	3996	-24.0289
3997	3997	-5.7658
3998	3998	18.4222
3999	3999	31.838
4000	4000	6.91977
4001	4001	-4.17802
4002	4002	25.2398
4003	4003	-8.90995
4004	4004	36.3083
4005	4005	-2.56234
4006	4006	12.1709
4007	4007	-1.01908
4008	4008	-11.9185
4009	4009	-8.47622
4010	4010	20.4688
4011	4011	-7.54044
4012	4012	17.3487
4013	4013	-23.4089
4014	4014	-16.9345
4015	4015	-13.8898
4016	4016	-8.06913
4017	4017	4.48392
4018	4018	-1.52012
4019	4019	27.7385
4020	4020	-15.5174
4021	4021	5.80233
4022	4022	-22.5819
4023	4023	-12.5872
4024	4024	-20.6755
4025	4025	-8.42906
4026	4026	2.57819
4027	4027	-9.16584
4028	4028	-33.4949
4029	4029	20.6923
4030	4030	-11.6339
4031	4031	0.821689
4032	4032	-23.8307
4033	4033	-33.1547
4034	4034	-28.139
4035	4035	-1.58897
4036	4036	13.7012
4037	4037	1.57819
4038	4038	-7.06765
4039	4039	-7.08968
4040	4040	-33.9142
4041	4041	2.71321
4042	4042	-1.63352
4043	4043	10.2309
4044	4044	0.959166
4045	4045	15.9067
4046	4046	-8.4828
4047	4047	-0.777756
4048	4048	-3.4455
4049	4049	2.73121
4050	4050	-0.293861
4051	4051	29.8092
4052	4052	-12.1624
4053	4053	-1.86682
4054	4054	47.6304
4055	4055	14.2459
4056	4056	-3.26071
4057	4057	-20.4286
4058	4058	-1.84465
4059	4059	-9.39501
4060	4060	13.9368
4061	4061	-2.75582
4062	4062	-3.23841
4063	4063	-25.9313
4064	4064	18.7698
4065	4065	16.26
4066	4066	17.6089
4067	4067	10.9589
4068	4068	30.6574
4069	4069	-12.5513
4070	4070	12.069
4071	4071	-25.1397
4072	4072	23.5803
4073	4073	-14.6559
4074	4074	-9.35587
4075	4075	-16.5723
4076	4076	-13.4696
4077	4077	11.2191
4078	4078	44.2272
4079	4079	-19.3233
4080	4080	1.10182
4081	4081	15.6135
4082	4082	28.8359
4083	4083	-6.64213
4084	4084	-11.6658
4085	4085	-0.46318
4086	4086	8.89136
4087	4087	8.57323
4088	4088	8.99615
4089	4089	22.2015
4090	4090	9.29162
4091	4091	-0.821408
4092	4092	-12.4135
4093	4093	-8.74906
4094	4094	29.6942
4095	4095	-12.7927
4096	4096	10.9338
4097	4097	40.2772
4098	4098	3.14
4099	4099	7.05781
4100	4100	-19.3444
4101	4101	20.8623
4102	4102	-17.6061
4103	4103	-29.2866
4104	4104	2.10739
4105	4105	-30.5246
4106	4106	-5.21157
4107	4107	-15.2567
4108	4108	23.9082
4109	4109	-23.6392
4110	4110	-20.6212
4111	4111	11.3892
4112	4112	-17.8497
4113	4113	16.3951
4114	4114	-28.735
4115	4115	-2.68721
4116	4116	-11.7985
4117	4117	11.918
4118	4118	-2.1745
4119	4119	4.06844
4120	4120	4.78471
4121	4121	30.839
4122	4122	-15.0168
4123	4123	43.1561
4124	4124	-24.109
4125	4125	-3.44477
4126	4126	-10.3257
4127	4127	-15.0056
4128	4128	-8.04632
4129	4129	19.6626
4130	4130	8.80978
4131	4131	17.2804
4132	4132	17.5282
4133	4133	5.15902
4134	4134	-12.2964
4135	4135	30.124
4136	4136	12.7007
4137	4137	-22.6132
4138	4138	3.67028
4139	4139	11.4388
4140	4140	-7.70786
4141	4141	0.459777
4142	4142	18.9592
4143	4143	16.5148
4144	4144	13.2507
4145	4145	18.0712
4146	4146	-1.04771
4147	4147	19.3918
4148	4148	4.55197
4149	4149	-28.8275
4150	4150	25.7993
4151	4151	3.10861
4152	4152	29.5056
4153	4153	-2.08562
4154	4154	8.70112
4155	4155	41.2191
4156	4156	-1.0806
4157	4157	-29.6541
4158	4158	25.7564
4159	4159	-5.7327
4160	4160	-52.292
4161	4161	1.21884
4162	4162	-29.032
4163	4163	-22.1098
4164	4164	-1.39544
4165	4165	-21.6521
4166	4166	10.5334
4167	4167	20.8745
4168	4168	13.2957
4169	4169	14.0026
4170	4170	-2.87018
4171	4171	-5.8441
4172	4172	-14.0212
4173	4173	-16.9899
4174	4174	17.0487
4175	4175	-19.9324
4176	4176	21.1221
4177	4177	26.3172
4178	4178	-8.4821
4179	4179	-22.086
4180	4180	-17.459
4181	4181	10.4256
4182	4182	-3.90071
4183	4183	36.9433
4184	4184	5.15478
4185	4185	16.4583
4186	4186	4.47218
4187	4187	-17.5471
4188	4188	13.8288
4189	4189	-29.1643
4190	4190	-17.583
4191	4191	4.81829
4192	4192	-9.70221
4193	4193	-34.3987
4194	4194	-30.0599
4195	4195	-9.94831
4196	4196	-15.4502
4197	4197	34.4932
4198	4198	-18.4546
4199	4199	-10.5078
4200	4200	-0.162654
4201	4201	-9.82018
4202	4202	7.08442
4203	4203	-23.5505
4204	4204	-18.8553
4205	4205	22.8199
4206	4206	6.54008
4207	4207	-12.9371
4208	4208	15.8163
4209	4209	4.2225
4210	4210	20.9634
4211	4211	8.14093
4212	4212	-27.4013
4213	4213	8.44249
4214	4214	-14.4389
4215	4215	-12.8708
4216	4216	-4.17384
4217	4217	23.2542
4218	4218	5.86951
4219	4219	-7.64281
4220	4220	-4.71414
4221	4221	47.4712
4222	4222	-22.8191
4223	4223	-1.55737
4224	4224	19.4805
4225	4225	-20.1771
4226	4226	-15.7494
4227	4227	-3.92046
4228	4228	2.70618
4229	4229	-0.50025
4230	4230	-1.75858
4231	4231	-3.87869
4232	4232	12.0441
4233	4233	-5.05601
4234	4234	39.8113
4235	4235	-1.65907
4236	4236	24.0015
4237	4237	-11.3702
4238	4238	1.57522
4239	4239	-21.9452
4240	4240	38.4161
4241	4241	-33.5693
4242	4242	2.65892
4243	4243	-11.2367
4244	4244	4.36449
4245	4245	-0.838014
4246	4246	-9.1743
4247	4247	-10.2286
4248	4248	-5.36224
4249	4249	4.46391
4250	4250	-18.4694
4251	4251	0.981055
4252	4252	-29.7327
4253	4253	-23.9515
4254	4254	22.9605
4255	4255	23.0367
4256	4256	-33.2611
4257	4257	-1.96447
4258	4258	20.0333
4259	4259	1.0541
4260	4260	6.45353
4261	4261	9.0357
4262	4262	-10.3832
4263	4263	5.95469
4264	4264	-15.0321
4265	4265	-35.1769
4266	4266	-37.9244
4267	4267	-3.58777
4268	4268	1.81066
4269	4269	10.322
4270	4270	-5.97904
4271	4271	-1.14716
4272	4272	-29.6835
4273	4273	3.46643
4274	4274	12.103
4275	4275	17.6927
4276	4276	-5.52506
4277	4277	2.40232
4278	4278	8.38759
4279	4279	17.6552
4280	4280	-7.63817
4281	4281	-17.1567
4282	4282	-4.68804
4283	4283	-20.1104
4284	4284	-12.9875
4285	4285	5.6451
4286	4286	-30.9741
4287	4287	28.2261
4288	4288	-6.71957
4289	4289	-30.4827
4290	4290	-14.0593
4291	4291	15.9345
4292	4292	11.0407
4293	4293	0.261925
4294	4294	1.56812
4295	4295	-13.9886
4296	4296	25.3705
4297	4297	27.6271
4298	4298	5.55154
4299	4299	-6.00948
4300	4300	-5.21258
4301	4301	-19.453
4302	4302	25.6263
4303	4303	-0.76846
4304	4304	-3.26621
4305	4305	-28.2478
4306	4306	-6.50904
4307	4307	21.2357
4308	4308	-44.1511
4309	4309	-29.5003
4310	4310	-5.67423
4311	4311	-9.92688
4312	4312	-2.89636
4313	4313	27.2979
4314	4314	28.4637
4315	4315	17.5157
4316	4316	11.9968
4317	4317	-4.0544
4318	4318	-4.04086
4319	4319	35.6585
4320	4320	15.9019
4321	4321	-23.4589
4322	4322	25.9519
4323	4323	23.2471
4324	4324	-21.343
4325	4325	-5.96637
4326	4326	-2.15454
4327	4327	23.3694
4328	4328	10.7674
4329	4329	28.6811
4330	4330	-0.0552892
4331	4331	-20.8806
4332	4332	-23.0631
4333	4333	-30.5935
4334	4334	-1.85732
4335	4335	-7.03914
4336	4336	28.0829
4337	4337	-13.8568
4338	4338	-8.41257
4339	4339	-36.0895
4340	4340	49.3071
4341	4341	0.196444
4342	4342	2.51201
4343	4343	2.08073
4344	4344	-14.8951
4345	4345	7.57154
4346	4346	9.7162
4347	4347	16.7518
4348	4348	-36.3755
4349	4349	-8.82516
4350	4350	-4.66624
4351	4351	11.955
4352	4352	-12.7477
4353	4353	21.1069
4354	4354	0.755683
4355	4355	3.37357
4356	4356	-15.8831
4357	4357	-5.98077
4358	4358	-14.112
4359	4359	9.25638
4360	4360	-27.9555
4361	4361	17.5872
4362	4362	-9.6377
4363	4363	6.89525
4364	4364	-35.1956
4365	4365	-10.8218
4366	4366	-24.3264
4367	4367	1.07404
4368	4368	-16.4543
4369	4369	5.31359
4370	4370	-8.8168
4371	4371	-9.92232
4372	4372	1.20888
4373	4373	17.6051
4374	4374	-12.6919
4375	4375	-4.68483
4376	4376	-14.5952
4377	4377	-1.10744
4378	4378	-6.5333
4379	4379	-2.63969
4380	4380	11.6927
4381	4381	28.5363
4382	4382	30.1723
4383	4383	-16.6945
4384	4384	-5.66837
4385	4385	-10.2196
4386	4386	9.84339
4387	4387	-12.6625
4388	4388	-9.00736
4389	4389	9.33522
4390	4390	20.8645
4391	4391	10.0692
4392	4392	28.1939
4393	4393	-23.6342
4394	4394	13.689
4395	4395	-21.7054
4396	4396	-15.3165
4397	4397	14.4047
4398	4398	-0.968469
4399	4399	-7.00542
4400	4400	-27.752
4401	4401	6.21691
4402	4402	7.52163
4403	4403	-1.7731
4404	4404	11.4349
4405	4405	13.775
4406	4406	-7.68942
4407	4407	25.1908
4408	4408	11.3983
4409	4409	20.9795
4410	4410	17.8625
4411	4411	2.82237
4412	4412	-27.7206
4413	4413	-21.2126
4414	4414	-6.88302
4415	4415	12.7641
4416	4416	-17.1457
4417	4417	-6.47173
4418	4418	-14.888
4419	4419	5.36839
4420	4420	-4.70206
4421	4421	24.0383
4422	4422	-12.8109
4423	4423	-8.5726
4424	4424	-12.0695
4425	4425	6.13414
4426	4426	-12.5634
4427	4427	2.63241
4428	4428	-31.62
4429	4429	-2.47293
4430	4430	25.8389
4431	4431	13.0844
4432	4432	-0.172512
4433	4433	-2.36268
4434	4434	-11.2804
4435	4435	-13.993
4436	4436	-30.6723
4437	4437	-10.9302
4438	4438	-4.21074
4439	4439	23.8655
4440	4440	-17.9802
4441	4441	13.5881
4442	4442	-14.9988
4443	4443	-3.48954
4444	4444	-5.90399
4445	4445	-28.4936
4446	4446	27.7755
4447	4447	16.0329
4448	4448	-20.6445
4449	4449	24.1594
4450	4450	21.4472
4451	4451	13.3556
4452	4452	-18.1187
4453	4453	14.9561
4454	4454	10.0973
4455	4455	-28.3778
4456	4456	18.7341
4457	4457	-15.1749
4458	4458	-5.42495
4459	4459	4.63643
4460	4460	-30.8347
4461	4461	-19.6567
4462	4462	-6.16446
4463	4463	-9.48077
4464	4464	10.8557
4465	4465	28.1469
4466	4466	7.68704
4467	4467	-2.31821
4468	4468	-20.9719
4469	4469	-15.4649
4470	4470	13.0273
4471	4471	-12.8669
4472	4472	-17.8182
4473	4473	-37.0788
4474	4474	16.082
4475	4475	-11.2572
4476	4476	-2.73754
4477	4477	13.1106
4478	4478	32.8056
4479	4479	-19.0374
4480	4480	-8.51667
4481	4481	-16.9108
4482	4482	36.0501
4483	4483	16.1753
4484	4484	-11.6598
4485	4485	-28.0167
4486	4486	-22.6339
4487	4487	25.592
4488	4488	-2.7693
4489	4489	0.922617
4490	4490	15.9599
4491	4491	7.72312
4492	4492	-16.8235
4493	4493	0.839232
4494	4494	16.1476
4495	4495	16.7373
4496	4496	-18.8825
4497	4497	-1.0653
4498	4498	12.7503
4499	4499	13.084
4500	4500	-2.50426
4501	4501	-7.63078
4502	4502	-24.9458
4503	4503	2.4199
4504	4504	-18.4473
4505	4505	-18.2983
4506	4506	11.7055
4507	4507	21.4056
4508	4508	33.8916
4509	4509	7.32628
4510	4510	35.2897
4511	4511	20.844
4512	4512	11.2605
4513	4513	-7.48118
4514	4514	-7.00795
4515	4515	31.822
4516	4516	-30.5022
4517	4517	3.88945
4518	4518	16.801
4519	4519	-15.2891
4520	4520	22.5348
4521	4521	-19.0861
4522	4522	19.4821
4523	4523	-9.40908
4524	4524	4.12392
4525	4525	35.1397
4526	4526	3.35352
4527	4527	33.817
4528	4528	25.1152
4529	4529	-5.59047
4530	4530	11.009
4531	4531	-25.2386
4532	4532	-5.00367
4533	4533	-13.7859
4534	4534	-14.6096
4535	4535	14.4494
4536	4536	-11.2123
4537	4537	-13.1489
4538	4538	8.25999
4539	4539	-13.9334
4540	4540	19.3434
4541	4541	35.1136
4542	4542	-8.14984
4543	4543	-0.192087
4544	4544	24.4526
4545	4545	35.9495
4546	4546	-26.5258
4547	4547	-10.5113
4548	4548	4.85545
4549	4549	8.19035
4550	4550	-2.53049
4551	4551	14.3962
4552	4552	19.0157
4553	4553	-15.4185
4554	4554	-7.94555
4555	4555	9.73
4556	4556	-13.704
4557	4557	13.2644
4558	4558	-6.88805
4559	4559	-0.863883
4560	4560	-16.9637
4561	4561	-26.5373
4562	4562	18.4136
4563	4563	5.28295
4564	4564	-14.0992
4565	4565	-25.5682
4566	4566	12.1375
4567	4567	11.3375
4568	4568	-19.8292
4569	4569	2.70648
4570	4570	-5.91006
4571	4571	35.4861
4572	4572	1.58236
4573	4573	6.90786
4574	4574	11.7837
4575	4575	0.639306
4576	4576	13.9745
4577	4577	30.7357
4578	4578	16.9374
4579	4579	-11.7843
4580	4580	13.3678
4581	4581	2.66151
4582	4582	17.2012
4583	4583	16.8314
4584	4584	2.99165
4585	4585	6.91943
4586	4586	-11.931
4587	4587	-11.3379
4588	4588	-23.48
4589	4589	1.88876
4590	4590	3.89261
4591	4591	7.52187
4592	4592	35.2956
4593	4593	-4.74629
4594	4594	9.69551
4595	4595	-10.276
4596	4596	-8.68053
4597	4597	-4.52847
4598	4598	6.17341
4599	4599	-17.3624
4600	4600	18.7727
4601	4601	15.7048
4602	4602	-1.26289
4603	4603	22.812
4604	4604	31.5107
4605	4605	-3.65953
4606	4606	3.97511
4607	4607	29.1159
4608	4608	36.8615
4609	4609	-7.42108
4610	4610	-3.92667
4611	4611	22.7577
4612	4612	7.33678
4613	4613	-16.6339
4614	4614	-18.4932
4615	4615	-8.40456
4616	4616	3.92592
4617	4617	22.196
4618	4618	-6.74049
4619	4619	8.57916
4620	4620	-12.6645
4621	4621	10.415
4622	4622	0.828907
4623	4623	-7.54214
4624	4624	30.446
4625	4625	0.573549
4626	4626	-16.3108
4627	4627	-10.1041
4628	4628	-20.2544
4629	4629	-13.159
4630	4630	-12.306
4631	4631	27.7984
4632	4632	8.77131
4633	4633	-29.9115
4634	4634	53.6411
4635	4635	4.89777
4636	4636	0.799372
4637	4637	-21.6052
4638	4638	-1.23939
4639	4639	1.60001
4640	4640	-37.4429
4641	4641	12.1479
4642	4642	12.4689
4643	4643	-8.76816
4644	4644	-0.277431
4645	4645	-2.01836
4646	4646	31.5178
4647	4647	-10.924
4648	4648	-15.8832
4649	4649	-3.71999
4650	4650	0.828202
4651	4651	-12.0286
4652	4652	-6.59119
4653	4653	-21.814
4654	4654	-5.12795
4655	4655	7.73614
4656	4656	-8.22491
4657	4657	-16.4227
4658	4658	7.26282
4659	4659	-20.5335
4660	4660	8.63399
4661	4661	-5.64162
4662	4662	-17.0822
4663	4663	15.7121
4664	4664	19.5884
4665	4665	21.1888
4666	4666	-14.8451
4667	4667	-11.7021
4668	4668	25.8169
4669	4669	14.5896
4670	4670	14.3796
4671	4671	7.80537
4672	4672	-2.1331
4673	4673	-12.0184
4674	4674	-10.0444
4675	4675	-17.6307
4676	4676	-9.6241
4677	4677	6.98815
4678	4678	29.6844
4679	4679	-18.2813
4680	4680	-3.28829
4681	4681	11.3804
4682	4682	-13.2516
4683	4683	10.0596
4684	4684	21.718
4685	4685	18.7185
4686	4686	18.613
4687	4687	-4.13886
4688	4688	17.1312
4689	4689	21.0572
4690	4690	21.3939
4691	4691	-1.26777
4692	4692	-18.3509
4693	4693	13.1391
4694	4694	19.6682
4695	4695	-5.19627
4696	4696	19.9584
4697	4697	11.0782
4698	4698	-11.3298
4699	4699	20.533
4700	4700	24.2612
4701	4701	-11.4154
4702	4702	-3.4392
4703	4703	-1.24083
4704	4704	1.19182
4705	4705	-0.590941
4706	4706	20.293
4707	4707	33.8428
4708	4708	10.3589
4709	4709	-13.0831
4710	4710	22.8188
4711	4711	-2.53174
4712	4712	43.665
4713	4713	-0.190777
4714	4714	-7.66996
4715	4715	-8.42738
4716	4716	-34.0968
4717	4717	23.3844
4718	4718	29.261
4719	4719	0.883198
4720	4720	-2.29948
4721	4721	-7.06946
4722	4722	43.206
4723	4723	-29.7576
4724	4724	1.29246
4725	4725	7.40083
4726	4726	-13.7562
4727	4727	-17.9521
4728	4728	-6.39391
4729	4729	-25.7314
4730	4730	-27.6645
4731	4731	-2.96775
4732	4732	41.6715
4733	4733	-15.0371
4734	4734	27.0611
4735	4735	5.88626
4736	4736	-7.27352
4737	4737	-19.1751
4738	4738	-26.5298
4739	4739	-4.09379
4740	4740	-8.90769
4741	4741	-9.57652
4742	4742	-16.6258
4743	4743	-19.5585
4744	4744	4.14839
4745	4745	54.7156
4746	4746	8.3903
4747	4747	3.44686
4748	4748	23.3411
4749	4749	4.4107
4750	4750	27.3211
4751	4751	5.99358
4752	4752	-11.6036
4753	4753	2.39818
4754	4754	18.9927
4755	4755	15.3553
4756	4756	-4.6035
4757	4757	18.4462
4758	4758	-21.7842
4759	4759	5.71077
4760	4760	-19.1771
4761	4761	-21.0461
4762	4762	-7.03092
4763	4763	-20.7386
4764	4764	-14.5543
4765	4765	-13.147
4766	4766	-16.5403
4767	4767	-9.91121
4768	4768	36.3493
4769	4769	-18.7973
4770	4770	17.4809
4771	4771	-4.16382
4772	4772	-7.41582
4773	4773	25.0429
4774	4774	-9.01145
4775	4775	12.255
4776	4776	-28.9143
4777	4777	28.4561
4778	4778	-6.37045
4779	4779	15.4921
4780	4780	-30.5329
4781	4781	3.28637
4782	4782	23.3796
4783	4783	-34.5335
4784	4784	7.15201
4785	4785	7.75486
4786	4786	-2.8176
4787	4787	18.7437
4788	4788	-13.3255
4789	4789	12.4205
4790	4790	8.22542
4791	4791	12.0131
4792	4792	-16.4459
4793	4793	-4.5342
4794	4794	29.086
4795	4795	9.01095
4796	4796	-26.03
4797	4797	18.4616
4798	4798	-12.4356
4799	4799	-15.1565
