sample_id	sample_id2	phensim
zero	zero	0.724372
1	1	5.20867
2	2	-2.58862
3	3	-11.8096
4	4	30.4091
5	5	41.3501
6	6	27.5701
7	7	15.5958
8	8	1.71026
9	9	64.058
10	10	31.4035
11	11	-12.5328
12	12	54.5075
13	13	11.2357
14	14	-14.6118
15	15	55.3693
16	16	51.3297
17	17	45.5722
18	18	5.6422
19	19	10.5587
20	20	1.42454
21	21	-15.9706
22	22	-8.93559
23	23	-35.6676
24	24	6.29255
25	25	29.3055
26	26	-38.1912
27	27	19.4431
28	28	6.8906
29	29	21.1428
30	30	-31.0847
31	31	-25.3207
32	32	-4.18744
33	33	21.1838
34	34	-50.8109
35	35	-7.93524
36	36	-62.6773
37	37	30.1062
38	38	-3.53747
39	39	-18.7257
40	40	47.0785
41	41	20.4917
42	42	3.30993
43	43	30.6747
44	44	-23.0098
45	45	1.57505
46	46	-12.5232
47	47	44.602
48	48	-27.0328
49	49	-22.4232
50	50	5.07513
51	51	-21.434
52	52	-11.8612
53	53	12.2768
54	54	45.3209
55	55	6.53251
56	56	3.06599
57	57	17.9939
58	58	-6.57968
59	59	0.181604
60	60	-39.1336
61	61	-2.72654
62	62	-10.4746
63	63	-4.7154
64	64	-35.9166
65	65	-19.0479
66	66	-25.8748
67	67	10.9445
68	68	23.1721
69	69	39.4044
70	70	10.3676
71	71	-38.7679
72	72	-25.4737
73	73	-9.0562
74	74	-37.0843
75	75	-23.6298
76	76	-33.3009
77	77	-36.9999
78	78	19.9982
79	79	-5.54038
80	80	29.4451
81	81	-8.09168
82	82	22.9895
83	83	-9.71147
84	84	-3.74642
85	85	-36.7299
86	86	26.8339
87	87	-1.13352
88	88	-14.4652
89	89	-4.91729
90	90	39.2547
91	91	18.0812
92	92	45.1979
93	93	0.426112
94	94	18.9348
95	95	37.2129
96	96	46.8261
97	97	-8.97707
98	98	24.3657
99	99	-58.4164
100	100	-10.9177
101	101	-12.4691
102	102	23.1767
103	103	3.25394
104	104	-7.16565
105	105	26.8366
106	106	45.7644
107	107	-43.993
108	108	7.13207
109	109	1.52707
110	110	8.51076
111	111	38.9142
112	112	-36.313
113	113	28.5506
114	114	29.0981
115	115	-18.5985
116	116	38.684
117	117	-10.9836
118	118	-17.9968
119	119	42.7828
120	120	-50.302
121	121	10.7023
122	122	-43.7325
123	123	2.52385
124	124	-32.244
125	125	-4.81058
126	126	10.4638
127	127	-13.548
128	128	14.0433
129	129	46.9169
130	130	-8.59112
131	131	-6.00307
132	132	-8.01947
133	133	-20.3662
134	134	2.74828
135	135	-12.85
136	136	-27.008
137	137	14.0282
138	138	33.8065
139	139	-19.9379
140	140	16.1051
141	141	-5.1231
142	142	-36.2862
143	143	9.22052
144	144	-11.7882
145	145	40.3873
146	146	-20.2672
147	147	2.20855
148	148	-8.11137
149	149	-37.2819
150	150	-14.3652
151	151	11.4437
152	152	45.0933
153	153	4.36936
154	154	25.9252
155	155	-15.8674
156	156	31.4602
157	157	59.5095
158	158	8.46752
159	159	15.7932
160	160	16.8527
161	161	-24.8092
162	162	-7.17985
163	163	0.39658
164	164	-9.8094
165	165	-36.1191
166	166	-40.3769
167	167	15.5415
168	168	-14.954
169	169	-9.97562
170	170	-30.0342
171	171	-38.4167
172	172	27.9796
173	173	-20.5812
174	174	44.8413
175	175	-36.8413
176	176	32.2485
177	177	-7.0371
178	178	26.13
179	179	34.1654
180	180	-39.9415
181	181	47.4808
182	182	-19.2471
183	183	35.4779
184	184	-5.81393
185	185	36.1752
186	186	-19.3536
187	187	20.4338
188	188	-22.3196
189	189	-2.86362
190	190	23.5805
191	191	-11.6368
192	192	-30.6396
193	193	22.4577
194	194	68.9148
195	195	21.6795
196	196	-38.3154
197	197	-13.4013
198	198	-31.3299
199	199	32.3811
200	200	-54.9221
201	201	-0.907199
202	202	18.2016
203	203	35.2175
204	204	35.6325
205	205	34.3941
206	206	-1.70102
207	207	-18.19
208	208	-28.0007
209	209	0.375511
210	210	25.6455
211	211	-44.7415
212	212	31.0427
213	213	-33.2964
214	214	11.0829
215	215	-45.5869
216	216	-32.8378
217	217	-71.7775
218	218	-29.0643
219	219	-12.0081
220	220	12.1175
221	221	30.884
222	222	27.7479
223	223	-26.1455
224	224	-0.896176
225	225	-10.4277
226	226	-12.9984
227	227	54.0303
228	228	-1.85293
229	229	-14.0102
230	230	-6.32504
231	231	6.67515
232	232	-6.26337
233	233	-4.57411
234	234	21.7909
235	235	-11.4871
236	236	37.7617
237	237	23.8338
238	238	8.37373
239	239	12.2264
240	240	27.891
241	241	41.5574
242	242	14.6588
243	243	5.49922
244	244	4.32253
245	245	13.8497
246	246	48.2018
247	247	7.35232
248	248	44.5587
249	249	-32.8085
250	250	-13.6787
251	251	28.0131
252	252	24.8756
253	253	39.6448
254	254	-1.73132
255	255	12.9089
256	256	1.08368
257	257	25.8549
258	258	34.178
259	259	-18.4971
260	260	32.4153
261	261	8.81827
262	262	13.9204
263	263	57.4109
264	264	-33.9768
265	265	20.498
266	266	20.2166
267	267	-15.7123
268	268	-45.619
269	269	-12.9374
270	270	-6.20264
271	271	41.1649
272	272	-15.4965
273	273	15.5478
274	274	-26.2882
275	275	-9.94992
276	276	-5.64429
277	277	28.8037
278	278	10.8124
279	279	24.3911
280	280	28.7753
281	281	-21.2256
282	282	-19.8648
283	283	2.99069
284	284	2.54054
285	285	-37.3919
286	286	-3.68207
287	287	-18.7138
288	288	-44.1258
289	289	-26.0856
290	290	-3.52797
291	291	-46.014
292	292	-33.3232
293	293	-24.4724
294	294	5.32122
295	295	33.6472
296	296	26.9367
297	297	-40.0449
298	298	25.8508
299	299	28.0603
