sample_id	sample_id2	phensim
zero	zero	-8.51597
1	1	0.107409
2	2	-12.7411
3	3	16.3638
4	4	16.9504
5	5	-13.5432
6	6	-22.5429
7	7	-40.7792
8	8	-21.9691
9	9	-9.32034
10	10	-12.026
11	11	-22.1026
12	12	-22.9434
13	13	-41.5463
14	14	-22.6945
15	15	19.6285
16	16	-2.61383
17	17	-13.3359
18	18	13.1447
19	19	33.4571
20	20	-7.93606
21	21	-29.6676
22	22	-22.9182
23	23	-30.6674
24	24	-8.02183
25	25	-1.88892
26	26	11.4539
27	27	3.21868
28	28	-1.0352
29	29	23.6258
30	30	20.8392
31	31	0.267703
32	32	5.00729
33	33	-8.29672
34	34	-31.1624
35	35	-19.9394
36	36	-3.08721
37	37	-0.175326
38	38	15.3141
39	39	-8.8763
40	40	-25.4613
41	41	10.5685
42	42	-4.97762
43	43	32.887
44	44	-6.90142
45	45	-39.706
46	46	0.843899
47	47	0.847714
48	48	-8.7547
49	49	6.28377
50	50	-10.9429
51	51	-16.7273
52	52	-8.27964
53	53	-12.23
54	54	12.4411
55	55	42.5843
56	56	10.1975
57	57	-22.0007
58	58	27.0737
59	59	27.3607
60	60	-3.32003
61	61	22.2771
62	62	5.10248
63	63	24.0262
64	64	-4.56135
65	65	12.7168
66	66	0.284285
67	67	-20.9452
68	68	4.96031
69	69	10.6543
70	70	19.8028
71	71	25.6894
72	72	9.5345
73	73	3.39338
74	74	15.7215
75	75	-38.7474
76	76	-9.89715
77	77	-5.00153
78	78	3.53782
79	79	-3.97446
80	80	-19.263
81	81	-9.80835
82	82	-13.708
83	83	34.2886
84	84	-18.613
85	85	-9.08496
86	86	-1.51475
87	87	8.57903
88	88	-3.77866
89	89	2.02902
90	90	5.69838
91	91	14.8691
92	92	11.8945
93	93	-8.92616
94	94	-30.7621
95	95	7.70895
96	96	-6.95585
97	97	-17.2785
98	98	-2.25977
99	99	25.4038
100	100	-20.7319
101	101	-2.14778
102	102	20.5626
103	103	13.3353
104	104	27.0238
105	105	17.4469
106	106	26.5119
107	107	16.0856
108	108	19.8685
109	109	-10.8044
110	110	19.5917
111	111	12.5733
112	112	-9.3224
113	113	-31.6083
114	114	28.219
115	115	-3.43335
116	116	-4.04462
117	117	-6.29412
118	118	-6.39089
119	119	-25.2221
120	120	1.9782
121	121	11.518
122	122	-14.1669
123	123	-3.27356
124	124	-20.1614
125	125	-8.47715
126	126	29.1068
127	127	-0.453311
128	128	-1.23708
129	129	-2.86825
130	130	7.1043
131	131	15.2446
132	132	4.53774
133	133	-17.3594
134	134	-17.0365
135	135	-26.5216
136	136	5.31854
137	137	0.0740563
138	138	55.3206
139	139	-21.1034
140	140	14.4314
141	141	-1.6908
142	142	2.41874
143	143	-29.6632
144	144	-10.2893
145	145	12.0454
146	146	-11.4035
147	147	-18.1359
148	148	-20.5854
149	149	7.26626
150	150	-7.98253
151	151	29.9712
152	152	23.9654
153	153	20.2109
154	154	-19.3096
155	155	-8.40527
156	156	-0.863726
157	157	22.6042
158	158	5.3216
159	159	-4.33116
160	160	7.23994
161	161	6.43285
162	162	-16.7909
163	163	16.9465
164	164	-9.50531
165	165	9.0402
166	166	-14.9572
167	167	-33.5133
168	168	-14.3332
169	169	12.7976
170	170	13.1241
171	171	20.6838
172	172	21.0986
173	173	20.8869
174	174	-18.2558
175	175	-2.69563
176	176	-19.6756
177	177	-18.5763
178	178	-8.13716
179	179	-4.94578
180	180	-1.34097
181	181	-22.2995
182	182	-2.95593
183	183	15.0646
184	184	-8.2175
185	185	1.73518
186	186	22.4138
187	187	-10.4668
188	188	-29.1442
189	189	2.47693
190	190	12.061
191	191	-14.9698
192	192	15.7527
193	193	-6.29178
194	194	-28.8723
195	195	-4.57975
196	196	-3.65081
197	197	-28.4311
198	198	13.3595
199	199	-14.7931
200	200	32.4937
201	201	23.2572
202	202	-7.37214
203	203	54.6985
204	204	-4.66428
205	205	26.1429
206	206	-1.1941
207	207	-5.46306
208	208	29.586
209	209	-31.2409
210	210	-32.4069
211	211	-6.58483
212	212	-22.3472
213	213	24.0842
214	214	-21.3205
215	215	22.7872
216	216	-23.7878
217	217	3.07528
218	218	0.0109705
219	219	-10.0569
220	220	34.0201
221	221	-26.8231
222	222	7.93128
223	223	-5.58132
224	224	-2.68359
225	225	26.0168
226	226	-20.9515
227	227	-30.2073
228	228	-11.8273
229	229	-4.95233
230	230	-18.9269
231	231	12
232	232	24.0687
233	233	2.23866
234	234	-10.216
235	235	2.23592
236	236	11.5756
237	237	13.0472
238	238	-19.8591
239	239	-8.39793
240	240	-2.01058
241	241	14.914
242	242	1.87666
243	243	-3.67352
244	244	0.337859
245	245	-20.2608
246	246	-5.16417
247	247	-9.80744
248	248	-1.2285
249	249	-4.22755
250	250	-3.07331
251	251	24.0396
252	252	14.031
253	253	5.1665
254	254	14.2783
255	255	-9.21915
256	256	-10.7607
257	257	-5.29702
258	258	13.1965
259	259	23.2452
260	260	-29.6353
261	261	27.363
262	262	-1.68828
263	263	-9.21578
264	264	-21.4396
265	265	-1.38955
266	266	-22.7842
267	267	-2.83143
268	268	4.15298
269	269	-35.9293
270	270	-1.70016
271	271	-19.4419
272	272	-3.69474
273	273	-7.66815
274	274	-16.1827
275	275	8.00309
276	276	8.81769
277	277	-7.18271
278	278	-18.9133
279	279	8.82939
280	280	-12.3149
281	281	2.11833
282	282	-14.2016
283	283	20.3109
284	284	1.65124
285	285	-4.53006
286	286	-20.6955
287	287	-5.3151
288	288	18.0741
289	289	6.86802
290	290	-1.15855
291	291	-2.77776
292	292	10.1408
293	293	27.2651
294	294	23.0384
295	295	-7.43781
296	296	13.8484
297	297	-9.97595
298	298	27.399
299	299	39.7995
300	300	-25.194
301	301	10.4709
302	302	8.63499
303	303	-2.22927
304	304	-36.9406
305	305	-12.988
306	306	10.6322
307	307	-18.7931
308	308	-15.5355
309	309	-15.5169
310	310	-15.3459
311	311	-7.21456
312	312	12.1932
313	313	-35.251
314	314	59.9461
315	315	-28.4674
316	316	5.97056
317	317	-28.9263
318	318	-3.42564
319	319	3.614
320	320	30.628
321	321	-8.11012
322	322	13.172
323	323	42.3092
324	324	5.45342
325	325	11.874
326	326	10.6356
327	327	15.0962
328	328	-2.22055
329	329	39.1393
330	330	39.0668
331	331	17.7929
332	332	11.8751
333	333	10.2871
334	334	-13.1299
335	335	-3.59253
336	336	-4.01027
337	337	-10.9913
338	338	-6.91441
339	339	7.3842
340	340	0.213328
341	341	22.47
342	342	23.0276
343	343	-0.752506
344	344	10.2793
345	345	-15.768
346	346	11.1562
347	347	-0.0229858
348	348	-3.48391
349	349	21.1714
350	350	-5.53158
351	351	-13.1898
352	352	12.5195
353	353	6.95888
354	354	9.63696
355	355	16.3951
356	356	-9.28217
357	357	-4.46554
358	358	-5.04799
359	359	32.7973
360	360	-12.3522
361	361	3.34137
362	362	11.175
363	363	-9.86836
364	364	-32.3657
365	365	-19.5597
366	366	7.82666
367	367	-20.1544
368	368	-11.7381
369	369	-7.70935
370	370	5.82465
371	371	-3.92706
372	372	17.1049
373	373	-15.5117
374	374	-5.81988
375	375	17.547
376	376	-4.6526
377	377	-3.81866
378	378	-22.8979
379	379	15.6005
380	380	-31.391
381	381	26.9487
382	382	3.25274
383	383	-7.56475
384	384	-40.7696
385	385	-0.212048
386	386	28.2102
387	387	45.4957
388	388	-22.0155
389	389	15.7314
390	390	-29.0015
391	391	-11.4539
392	392	-2.40491
393	393	-20.5785
394	394	19.003
395	395	9.14131
396	396	-4.3683
397	397	-35.9609
398	398	-23.5813
399	399	8.51836
400	400	3.02958
401	401	24.2289
402	402	16.3822
403	403	-5.07
404	404	16.6889
405	405	-19.0626
406	406	9.33128
407	407	14.7691
408	408	-12.9547
409	409	2.96352
410	410	-15.2294
411	411	-24.0619
412	412	1.47869
413	413	-10.2172
414	414	-16.8766
415	415	-16.9442
416	416	-19.4275
417	417	-33.5063
418	418	-17.7383
419	419	-35.8855
420	420	-19.0658
421	421	-20.3584
422	422	-32.6731
423	423	25.3253
424	424	22.8062
425	425	37.5422
426	426	-12.153
427	427	4.7015
428	428	3.41194
429	429	-8.2761
430	430	13.994
431	431	8.91184
432	432	-19.882
433	433	-11.892
434	434	3.34981
435	435	-5.50379
436	436	3.5413
437	437	-27.9448
438	438	-2.91234
439	439	6.32297
440	440	11.2842
441	441	-8.13807
442	442	10.7232
443	443	-22.6255
444	444	32.3603
445	445	14.7956
446	446	-15.6653
447	447	22.52
448	448	0.680715
449	449	-22.4274
450	450	-2.88001
451	451	33.3048
452	452	5.48076
453	453	-5.44598
454	454	22.4231
455	455	39.7126
456	456	-33.2254
457	457	28.6278
458	458	4.17838
459	459	-12.5751
460	460	-15.0453
461	461	-5.52451
462	462	-0.48871
463	463	6.53612
464	464	-21.2253
465	465	-17.1287
466	466	-17.1842
467	467	-18.6937
468	468	-39.6364
469	469	-7.17951
470	470	-8.63676
471	471	4.75289
472	472	-29.9045
473	473	-2.28018
474	474	-6.36871
475	475	5.18159
476	476	29.8187
477	477	-7.09585
478	478	-17.1506
479	479	-24.1936
480	480	4.55102
481	481	-19.0703
482	482	-0.645618
483	483	21.5331
484	484	-6.87717
485	485	-17.9486
486	486	-5.68339
487	487	4.99177
488	488	5.03506
489	489	-16.0022
490	490	-10.6089
491	491	-15.3982
492	492	-7.3386
493	493	-26.5046
494	494	12.4989
495	495	39.2811
496	496	18.6973
497	497	-11.3927
498	498	15.718
499	499	-32.6513
500	500	23.6613
501	501	6.99306
502	502	-15.7513
503	503	3.29522
504	504	12.87
505	505	4.92079
506	506	-27.0966
507	507	40.5087
508	508	5.53066
509	509	-23.9693
510	510	-31.2543
511	511	-7.93211
512	512	14.1675
513	513	6.30117
514	514	-11.4756
515	515	25.912
516	516	16.5161
517	517	0.853457
518	518	29.0799
519	519	-7.3522
520	520	1.4749
521	521	5.04297
522	522	0.294689
523	523	-22.652
524	524	3.2917
525	525	28.4608
526	526	-9.64946
527	527	-15.2057
528	528	17.0018
529	529	-18.9014
530	530	6.56726
531	531	11.5019
532	532	45.9766
533	533	-10.5804
534	534	15.1605
535	535	-24.8117
536	536	-14.2276
537	537	-21.7809
538	538	13.9464
539	539	-18.5959
540	540	-27.1495
541	541	18.322
542	542	4.83516
543	543	0.550416
544	544	17.4382
545	545	22.1382
546	546	13.5562
547	547	-29.8654
548	548	-1.20706
549	549	3.45859
550	550	9.1111
551	551	7.88674
552	552	1.70828
553	553	20.8639
554	554	-18.6891
555	555	-27.3655
556	556	-14.205
557	557	-28.0647
558	558	5.38871
559	559	5.1489
560	560	-15.8418
561	561	5.08045
562	562	-22.6494
563	563	-7.65464
564	564	-14.647
565	565	-11.5061
566	566	17.5435
567	567	47.0352
568	568	29.9493
569	569	-15.2236
570	570	-24.457
571	571	-16.0894
572	572	-4.31455
573	573	7.42846
574	574	-13.4405
575	575	22.6905
576	576	-20.9441
577	577	20.1593
578	578	13.1759
579	579	30.9728
580	580	10.88
581	581	-21.3326
582	582	-1.59008
583	583	33.2749
584	584	-32.8149
585	585	-26.0303
586	586	-7.2651
587	587	-18.0055
588	588	14.1434
589	589	8.72819
590	590	-15.3133
591	591	5.22894
592	592	-17.4908
593	593	38.2062
594	594	13.6284
595	595	-8.40064
596	596	-3.45016
597	597	-11.7444
598	598	13.4649
599	599	0.903025
600	600	2.43527
601	601	-14.3944
602	602	6.34388
603	603	-26.7814
604	604	-1.9754
605	605	8.99167
606	606	34.6145
607	607	3.52659
608	608	12.2454
609	609	-34.18
610	610	-45.6169
611	611	-40.412
612	612	-14.65
613	613	-12.7186
614	614	-14.2549
615	615	12.9751
616	616	-36.8205
617	617	-15.3865
618	618	40.8884
619	619	-8.85281
620	620	16.3922
621	621	-18.3758
622	622	-22.4357
623	623	-0.444834
624	624	-7.43098
625	625	8.33376
626	626	-4.12022
627	627	6.7566
628	628	32.5132
629	629	24.259
630	630	-18.423
631	631	3.90257
632	632	-18.1915
633	633	-7.98993
634	634	7.56197
635	635	28.5429
636	636	5.4845
637	637	-32.7985
638	638	14.9782
639	639	2.46208
640	640	12.7429
641	641	-18.7302
642	642	16.1552
643	643	11.0873
644	644	-26.229
645	645	37.0593
646	646	-21.2935
647	647	-14.2693
648	648	-26.5576
649	649	-4.67702
650	650	1.41935
651	651	-13.666
652	652	12.0554
653	653	-24.1833
654	654	7.80105
655	655	1.93961
656	656	-5.51454
657	657	-3.30074
658	658	-8.37091
659	659	-13.1018
660	660	7.29514
661	661	-14.1737
662	662	7.78948
663	663	7.58366
664	664	28.1538
665	665	24.3434
666	666	4.58313
667	667	-1.64424
668	668	8.91139
669	669	12.9706
670	670	9.76609
671	671	8.71767
672	672	-5.50581
673	673	8.01674
674	674	-7.96905
675	675	23.3114
676	676	-0.400609
677	677	20.9807
678	678	7.299
679	679	41.3757
680	680	-25.5557
681	681	16.3865
682	682	13.934
683	683	15.7489
684	684	-19.7276
685	685	8.49286
686	686	-13.64
687	687	23.4741
688	688	6.27792
689	689	-42.024
690	690	-10.4199
691	691	30.1777
692	692	-12.0655
693	693	7.26288
694	694	-1.03916
695	695	-4.38137
696	696	12.6428
697	697	-3.67817
698	698	-20.134
699	699	6.21174
700	700	-26.9705
701	701	1.4484
702	702	43.9821
703	703	18.4693
704	704	-20.9447
705	705	-29.626
706	706	-27.44
707	707	-21.9306
708	708	57.0135
709	709	-30.4052
710	710	-48.5917
711	711	30.6153
712	712	-9.83715
713	713	24.3549
714	714	-3.91211
715	715	14.9136
716	716	-14.2037
717	717	-7.92204
718	718	-20.9879
719	719	-0.415342
720	720	43.4765
721	721	4.70518
722	722	26.0985
723	723	-21.6545
724	724	-27.7417
725	725	-8.59593
726	726	-20.981
727	727	-11.7736
728	728	-12.9121
729	729	-14.008
730	730	7.85173
731	731	13.2912
732	732	0.230751
733	733	-10.4568
734	734	-10.8247
735	735	-3.42602
736	736	-34.5779
737	737	26.3792
738	738	-1.61889
739	739	-28.4945
740	740	-18.7982
741	741	-5.76744
742	742	-18.2111
743	743	12.46
744	744	-25.7918
745	745	-27.9929
746	746	-25.3052
747	747	-13.7037
748	748	-7.47134
749	749	-7.1358
750	750	18.6451
751	751	-13.0249
752	752	3.11192
753	753	23.9326
754	754	32.943
755	755	-7.37848
756	756	-1.64771
757	757	19.3537
758	758	27.9515
759	759	-0.108913
760	760	14.1271
761	761	7.73597
762	762	9.52796
763	763	-6.76026
764	764	-0.774822
765	765	-1.15985
766	766	5.57789
767	767	-23.4863
768	768	44.9916
769	769	27.6816
770	770	-21.7293
771	771	5.55264
772	772	36.5959
773	773	0.955084
774	774	-5.76435
775	775	1.81355
776	776	11.1592
777	777	-30.7399
778	778	10.4887
779	779	-3.28045
780	780	19.1884
781	781	-0.9548
782	782	3.20924
783	783	37.9356
784	784	-17.2955
785	785	-28.7003
786	786	6.5211
787	787	-25.9889
788	788	-11.9332
789	789	1.1597
790	790	18.0985
791	791	-1.00147
792	792	-5.70653
793	793	10.1396
794	794	-5.50628
795	795	17.8635
796	796	-7.73336
797	797	17.3084
798	798	-16.953
799	799	-15.0079
800	800	5.65336
801	801	-23.6277
802	802	-21.2536
803	803	-25.9595
804	804	3.20585
805	805	1.47026
806	806	-14.0419
807	807	9.68209
808	808	11.9222
809	809	-15.6936
810	810	-17.7702
811	811	10.6698
812	812	25.8784
813	813	-2.68384
814	814	-22.0528
815	815	28.0491
816	816	-5.55363
817	817	-29.4828
818	818	29.5192
819	819	-11.2148
820	820	20.5557
821	821	-10.9249
822	822	4.29188
823	823	-22.3134
824	824	6.45663
825	825	-2.61045
826	826	-23.6405
827	827	23.1045
828	828	-28.8119
829	829	0.632822
830	830	7.51845
831	831	-18.9842
832	832	-20.8172
833	833	6.01406
834	834	-6.12702
835	835	-29.8147
836	836	19.8307
837	837	16.9712
838	838	8.79901
839	839	15.9165
840	840	-35.6104
841	841	1.79529
842	842	6.32131
843	843	29.8083
844	844	-9.23801
845	845	12.8203
846	846	-29.5032
847	847	-16.8883
848	848	-0.977035
849	849	-6.07855
850	850	8.20391
851	851	19.7781
852	852	40.1632
853	853	-6.48868
854	854	27.4762
855	855	-18.6217
856	856	-15.3454
857	857	11.888
858	858	-18.3574
859	859	15.1682
860	860	3.63795
861	861	23.4323
862	862	-11.5058
863	863	8.81485
864	864	21.0489
865	865	-4.43284
866	866	-13.8107
867	867	-8.66404
868	868	-26.0198
869	869	4.50328
870	870	21.7523
871	871	-12.4636
872	872	20.3354
873	873	18.9269
874	874	13.9751
875	875	-1.61448
876	876	30.9553
877	877	-8.03512
878	878	13.2253
879	879	41.6342
880	880	-18.8392
881	881	-31.2891
882	882	-2.72652
883	883	-24.3242
884	884	14.5483
885	885	4.093
886	886	-3.01696
887	887	-4.28424
888	888	25.3122
889	889	-2.19173
890	890	1.90181
891	891	2.37924
892	892	23.3994
893	893	19.4196
894	894	-21.6128
895	895	25.9278
896	896	9.48844
897	897	-28.4528
898	898	10.3033
899	899	3.78097
900	900	5.00719
901	901	10.5864
902	902	2.80508
903	903	-17.185
904	904	1.29942
905	905	13.8876
906	906	21.7919
907	907	2.89846
908	908	-16.7673
909	909	15.6494
910	910	-0.537502
911	911	-10.3243
912	912	13.369
913	913	-46.0724
914	914	4.31726
915	915	-8.39184
916	916	-5.55652
917	917	-21.0236
918	918	-3.71467
919	919	2.08868
920	920	-34.9477
921	921	-20.9254
922	922	-24.3411
923	923	-20.3765
924	924	11.9588
925	925	-22.9215
926	926	2.98953
927	927	5.16158
928	928	14.4818
929	929	-9.84673
930	930	5.86972
931	931	2.68972
932	932	-15.7228
933	933	-5.94573
934	934	-16.7946
935	935	3.81373
936	936	-37.3561
937	937	9.10822
938	938	1.49679
939	939	-5.40864
940	940	-25.3604
941	941	-2.57358
942	942	29.7803
943	943	17.3496
944	944	-16.8635
945	945	-5.3782
946	946	20.8326
947	947	-4.6023
948	948	15.9306
949	949	2.11133
950	950	-20.6375
951	951	-21.6547
952	952	12.6179
953	953	11.3403
954	954	23.5746
955	955	1.3196
956	956	28.0383
957	957	-16.246
958	958	-32.1528
959	959	16.1546
960	960	-3.93243
961	961	-18.8023
962	962	-1.16411
963	963	11.2607
964	964	-6.98988
965	965	-4.80477
966	966	45.977
967	967	-1.22908
968	968	-5.28692
969	969	-3.48036
970	970	4.54286
971	971	13.2175
972	972	-40.8976
973	973	22.3939
974	974	19.9317
975	975	14.4043
976	976	-2.39656
977	977	-4.28058
978	978	-20.0798
979	979	-5.79567
980	980	6.76735
981	981	-18.5593
982	982	-36.9533
983	983	-20.5459
984	984	12.7614
985	985	-10.2571
986	986	-25.2806
987	987	-11.7321
988	988	4.02633
989	989	-17.1373
990	990	-0.981126
991	991	25.8769
992	992	-26.4897
993	993	3.39012
994	994	5.48744
995	995	-22.9518
996	996	-1.81704
997	997	21.9194
998	998	3.40703
999	999	-9.99329
1000	1000	10.3611
1001	1001	17.2604
1002	1002	37.5113
1003	1003	38.7125
1004	1004	-20.2956
1005	1005	5.7665
1006	1006	-4.57246
1007	1007	-7.15335
1008	1008	-9.20075
1009	1009	-21.7914
1010	1010	6.36008
1011	1011	17.2912
1012	1012	-39.1979
1013	1013	-5.3776
1014	1014	31.3356
1015	1015	-12.7262
1016	1016	-15.4047
1017	1017	19.7242
1018	1018	-1.73216
1019	1019	-5.97486
1020	1020	-26.0738
1021	1021	-1.68742
1022	1022	16.192
1023	1023	8.48109
1024	1024	-7.91333
1025	1025	42.9178
1026	1026	-14.1674
1027	1027	3.09259
1028	1028	-14.3685
1029	1029	7.83098
1030	1030	16.4248
1031	1031	4.30632
1032	1032	22.6575
1033	1033	8.34388
1034	1034	-6.18103
1035	1035	13.781
1036	1036	13.9371
1037	1037	-33.931
1038	1038	7.19541
1039	1039	-4.89292
1040	1040	-24.6782
1041	1041	-15.5177
1042	1042	-15.0596
1043	1043	6.7839
1044	1044	-17.6306
1045	1045	21.5226
1046	1046	-8.44571
1047	1047	0.778386
1048	1048	-1.26421
1049	1049	25.8716
1050	1050	17.2573
1051	1051	15.2254
1052	1052	-37.3544
1053	1053	8.32579
1054	1054	6.42342
1055	1055	11.4429
1056	1056	21.4262
1057	1057	-10.6807
1058	1058	22.9104
1059	1059	-1.55065
1060	1060	-19.4792
1061	1061	-17.0046
1062	1062	-2.54179
1063	1063	-5.56934
1064	1064	-3.5971
1065	1065	-27.5211
1066	1066	-3.46344
1067	1067	-4.00767
1068	1068	5.35943
1069	1069	-0.85654
1070	1070	-9.52546
1071	1071	12.3134
1072	1072	0.647205
1073	1073	8.94757
1074	1074	6.69258
1075	1075	16.3809
1076	1076	-20.3149
1077	1077	-29.7649
1078	1078	4.11855
1079	1079	-5.40777
1080	1080	12.8075
1081	1081	-15.7243
1082	1082	0.201514
1083	1083	-19.915
1084	1084	-2.88024
1085	1085	-4.21565
1086	1086	30.3959
1087	1087	-3.76778
1088	1088	-17.525
1089	1089	-22.7017
1090	1090	-15.9542
1091	1091	-33.4077
1092	1092	1.97024
1093	1093	0.543073
1094	1094	-26.0813
1095	1095	11.3868
1096	1096	-7.98818
1097	1097	16.091
1098	1098	33.2528
1099	1099	10.8753
1100	1100	-10.3183
1101	1101	2.76897
1102	1102	-7.57513
1103	1103	-35.0219
1104	1104	30.3567
1105	1105	-18.5248
1106	1106	-21.4973
1107	1107	12.0489
1108	1108	0.409906
1109	1109	5.93613
1110	1110	-11.2718
1111	1111	-17.0412
1112	1112	12.792
1113	1113	15.6251
1114	1114	10.2217
1115	1115	20.6948
1116	1116	-5.84609
1117	1117	-7.01585
1118	1118	-12.6877
1119	1119	-26.5784
1120	1120	-34.6486
1121	1121	-1.42614
1122	1122	7.58619
1123	1123	-8.82383
1124	1124	-17.8978
1125	1125	24.4008
1126	1126	-7.38669
1127	1127	-17.8679
1128	1128	-1.16622
1129	1129	4.38971
1130	1130	-10.3887
1131	1131	10.7232
1132	1132	2.7534
1133	1133	5.06633
1134	1134	-37.5139
1135	1135	9.4525
1136	1136	16.1141
1137	1137	30.7814
1138	1138	3.37198
1139	1139	-17.3761
1140	1140	3.95187
1141	1141	-25.9086
1142	1142	4.01499
1143	1143	0.258927
1144	1144	31.915
1145	1145	13.6801
1146	1146	38.5263
1147	1147	0.502191
1148	1148	-11.0281
1149	1149	-20.7666
1150	1150	-11.9264
1151	1151	17.3981
1152	1152	-8.59765
1153	1153	5.66357
1154	1154	-35.9617
1155	1155	-17.2344
1156	1156	-25.4642
1157	1157	-22.721
1158	1158	-12.0468
1159	1159	-3.09396
1160	1160	15.8794
1161	1161	19.4757
1162	1162	-20.9021
1163	1163	-7.08434
1164	1164	-2.0737
1165	1165	6.69768
1166	1166	-4.60508
1167	1167	18.275
1168	1168	-0.0106187
1169	1169	28.135
1170	1170	-16.8817
1171	1171	26.4192
1172	1172	46.8632
1173	1173	8.1742
1174	1174	-5.4752
1175	1175	6.41612
1176	1176	10.9744
1177	1177	14.9715
1178	1178	14.3798
1179	1179	-10.3652
1180	1180	-11.2141
1181	1181	9.52915
1182	1182	19.1549
1183	1183	-7.74652
1184	1184	0.741947
1185	1185	26.3525
1186	1186	-10.5877
1187	1187	0.118987
1188	1188	29.7733
1189	1189	6.34016
1190	1190	-11.7563
1191	1191	-0.640438
1192	1192	13.1123
1193	1193	-22.9127
1194	1194	-15.6557
1195	1195	-7.75274
1196	1196	-10.8493
1197	1197	-2.90281
1198	1198	-10.5311
1199	1199	-2.44698
1200	1200	-17.0021
1201	1201	-0.260408
1202	1202	22.2424
1203	1203	-39.2245
1204	1204	-18.7301
1205	1205	-15.2625
1206	1206	-14.8994
1207	1207	1.75715
1208	1208	17.9627
1209	1209	-7.53077
1210	1210	6.07517
1211	1211	23.9985
1212	1212	21.6256
1213	1213	13.7386
1214	1214	0.790129
1215	1215	5.50541
1216	1216	-5.30449
1217	1217	-22.8647
1218	1218	-12.5102
1219	1219	7.81425
1220	1220	-12.3241
1221	1221	22.0442
1222	1222	3.22196
1223	1223	-4.71085
1224	1224	9.64721
1225	1225	-6.34622
1226	1226	-1.43952
1227	1227	28.352
1228	1228	-33.7095
1229	1229	-5.52055
1230	1230	36.6738
1231	1231	-6.03331
1232	1232	15.3162
1233	1233	-12.2133
1234	1234	-9.90265
1235	1235	-9.51402
1236	1236	-14.616
1237	1237	-2.32788
1238	1238	5.71492
1239	1239	-4.63905
1240	1240	11.5125
1241	1241	-32.2849
1242	1242	12.5091
1243	1243	-7.49033
1244	1244	-0.578242
1245	1245	5.77477
1246	1246	-27.5934
1247	1247	-29.1363
1248	1248	21.7831
1249	1249	30.2586
1250	1250	-25.2591
1251	1251	-3.56055
1252	1252	-0.977627
1253	1253	29.9816
1254	1254	-20.1201
1255	1255	-46.4515
1256	1256	15.7915
1257	1257	40.1611
1258	1258	-16.9769
1259	1259	-4.06747
1260	1260	-7.19266
1261	1261	-0.9746
1262	1262	67.2076
1263	1263	-25.3002
1264	1264	15.1616
1265	1265	-18.4313
1266	1266	-11.8896
1267	1267	18.0711
1268	1268	-2.60731
1269	1269	10.976
1270	1270	-27.0081
1271	1271	14.9468
1272	1272	0.504441
1273	1273	-8.61175
1274	1274	32.3958
1275	1275	4.72318
1276	1276	27.6612
1277	1277	3.4158
1278	1278	0.320943
1279	1279	-21.9572
1280	1280	7.28339
1281	1281	-13.0474
1282	1282	-25.3474
1283	1283	-7.36974
1284	1284	-10.3485
1285	1285	9.18358
1286	1286	51.7242
1287	1287	-5.15024
1288	1288	2.71352
1289	1289	23.7524
1290	1290	-1.06501
1291	1291	-21.1039
1292	1292	-17.7881
1293	1293	-24.3981
1294	1294	4.10329
1295	1295	8.41287
1296	1296	-17.1788
1297	1297	4.58915
1298	1298	12.5201
1299	1299	19.6978
1300	1300	16.6268
1301	1301	-3.22314
1302	1302	5.73075
1303	1303	14.735
1304	1304	-12.0859
1305	1305	-7.48589
1306	1306	-0.573726
1307	1307	26.5373
1308	1308	10.0736
1309	1309	-19.6121
1310	1310	-11.1733
1311	1311	8.77797
1312	1312	15.7485
1313	1313	-9.45279
1314	1314	-0.662955
1315	1315	48.9797
1316	1316	-6.49551
1317	1317	-5.81087
1318	1318	-11.5537
1319	1319	-10.4811
1320	1320	44.0662
1321	1321	-10.4917
1322	1322	-25.914
1323	1323	-6.91141
1324	1324	4.79774
1325	1325	45.9063
1326	1326	-9.85498
1327	1327	-7.40535
1328	1328	-7.92689
1329	1329	-2.89568
1330	1330	30.9503
1331	1331	-32.2958
1332	1332	15.02
1333	1333	12.7764
1334	1334	18.8406
1335	1335	-14.1183
1336	1336	25.5291
1337	1337	-20.1102
1338	1338	6.0567
1339	1339	-30.5781
1340	1340	1.11106
1341	1341	-18.3694
1342	1342	36.8407
1343	1343	-36.5088
1344	1344	-20.9766
1345	1345	-18.0319
1346	1346	1.65117
1347	1347	-10.0265
1348	1348	0.658067
1349	1349	17.3977
1350	1350	-21.7181
1351	1351	-22.5727
1352	1352	-5.90737
1353	1353	-17.7336
1354	1354	18.1575
1355	1355	-29.0264
1356	1356	-24.4381
1357	1357	-9.55707
1358	1358	3.58682
1359	1359	11.2512
1360	1360	9.90571
1361	1361	-12.9469
1362	1362	-17.4045
1363	1363	-18.7921
1364	1364	-4.5373
1365	1365	-11.2237
1366	1366	-33.5543
1367	1367	4.4958
1368	1368	-13.0423
1369	1369	7.5059
1370	1370	-12.139
1371	1371	-21.8925
1372	1372	-8.11338
1373	1373	-5.61221
1374	1374	-18.0079
1375	1375	-8.29671
1376	1376	26.5272
1377	1377	14.7553
1378	1378	-11.2512
1379	1379	-22.649
1380	1380	-31.4771
1381	1381	24.15
1382	1382	25.3168
1383	1383	2.20792
1384	1384	1.78154
1385	1385	-6.65586
1386	1386	-23.0767
1387	1387	33.0442
1388	1388	-29.0457
1389	1389	-4.69919
1390	1390	-9.96064
1391	1391	-22.3302
1392	1392	19.9721
1393	1393	-28.2224
1394	1394	0.573503
1395	1395	40.8019
1396	1396	14.4818
1397	1397	-31.3614
1398	1398	38.6388
1399	1399	15.9493
1400	1400	29.7593
1401	1401	-15.6963
1402	1402	15.2994
1403	1403	-10.9054
1404	1404	46.935
1405	1405	-5.66187
1406	1406	-16.1812
1407	1407	38.9169
1408	1408	-15.042
1409	1409	-7.21491
1410	1410	17.0708
1411	1411	-5.53745
1412	1412	-8.47548
1413	1413	-34.203
1414	1414	20.189
1415	1415	-13.9803
1416	1416	-3.17744
1417	1417	-13.0608
1418	1418	20.4181
1419	1419	-15.8057
1420	1420	40.1055
1421	1421	-0.483393
1422	1422	23.3773
1423	1423	13.4796
1424	1424	-16.8321
1425	1425	-26.9895
1426	1426	28.799
1427	1427	3.93343
1428	1428	24.4781
1429	1429	-0.347081
1430	1430	-10.5507
1431	1431	6.10421
1432	1432	28.4234
1433	1433	-7.04558
1434	1434	-21.7447
1435	1435	-8.14801
1436	1436	-24.6792
1437	1437	-8.41124
1438	1438	-16.92
1439	1439	-26.2164
1440	1440	17.8862
1441	1441	-23.1241
1442	1442	-20.1149
1443	1443	5.26187
1444	1444	27.685
1445	1445	13.8097
1446	1446	32.8782
1447	1447	14.378
1448	1448	-5.08752
1449	1449	-41.024
1450	1450	1.35342
1451	1451	1.09608
1452	1452	3.5136
1453	1453	5.8276
1454	1454	-4.46034
1455	1455	-14.3142
1456	1456	-1.91498
1457	1457	-6.90821
1458	1458	4.14645
1459	1459	1.49472
1460	1460	0.744965
1461	1461	16.5699
1462	1462	-18.0036
1463	1463	-7.61198
1464	1464	-5.55333
1465	1465	0.0541599
1466	1466	-4.13246
1467	1467	-11.3533
1468	1468	-6.94874
1469	1469	11.7347
1470	1470	-16.8765
1471	1471	6.34584
1472	1472	-17.6244
1473	1473	29.7517
1474	1474	9.37318
1475	1475	6.55636
1476	1476	11.4719
1477	1477	-11.3678
1478	1478	-15.5103
1479	1479	23.4501
1480	1480	-12.8374
1481	1481	18.0204
1482	1482	10.9371
1483	1483	11.5661
1484	1484	16.3582
1485	1485	-42.2731
1486	1486	4.71428
1487	1487	14.294
1488	1488	-1.15763
1489	1489	14.565
1490	1490	-5.2998
1491	1491	-12.9277
1492	1492	-6.10647
1493	1493	-16.1727
1494	1494	-22.2951
1495	1495	15.1257
1496	1496	23.2976
1497	1497	19.0685
1498	1498	-20.4779
1499	1499	-31.0586
1500	1500	-11.8008
1501	1501	22.0477
1502	1502	0.442786
1503	1503	9.88146
1504	1504	6.08005
1505	1505	-4.03377
1506	1506	-3.32809
1507	1507	9.0185
1508	1508	-9.17848
1509	1509	34.1046
1510	1510	-30.0631
1511	1511	3.13336
1512	1512	-17.6976
1513	1513	-23.8102
1514	1514	7.69537
1515	1515	10.6672
1516	1516	-21.3395
1517	1517	-16.7484
1518	1518	11.145
1519	1519	5.6983
1520	1520	-21.6352
1521	1521	-2.17129
1522	1522	8.94289
1523	1523	46.3819
1524	1524	9.03524
1525	1525	-2.17155
1526	1526	13.8223
1527	1527	-3.726
1528	1528	32.3248
1529	1529	34.4095
1530	1530	-12.1651
1531	1531	19.1689
1532	1532	14.3855
1533	1533	-15.2896
1534	1534	-12.6197
1535	1535	-4.52399
1536	1536	-9.90645
1537	1537	-35.095
1538	1538	13.6611
1539	1539	2.61799
1540	1540	29.372
1541	1541	-16.2563
1542	1542	-3.42178
1543	1543	-25.214
1544	1544	28.0714
1545	1545	-14.7974
1546	1546	-37.1755
1547	1547	10.5897
1548	1548	-12.2355
1549	1549	-17.2248
1550	1550	30.7945
1551	1551	40.6284
1552	1552	-7.30616
1553	1553	-20.7729
1554	1554	-10.0843
1555	1555	21.7444
1556	1556	5.35888
1557	1557	0.0804404
1558	1558	13.8883
1559	1559	6.72812
1560	1560	-23.4264
1561	1561	-13.9098
1562	1562	-19.9686
1563	1563	-0.632521
1564	1564	-2.05588
1565	1565	21.5228
1566	1566	1.02397
1567	1567	-10.2366
1568	1568	15.0299
1569	1569	-32.5165
1570	1570	1.6362
1571	1571	2.54156
1572	1572	-15.1219
1573	1573	-28.1481
1574	1574	35.8929
1575	1575	-26.3501
1576	1576	-7.96045
1577	1577	-6.25555
1578	1578	10.2709
1579	1579	-8.78058
1580	1580	-20.4069
1581	1581	-5.85714
1582	1582	-6.87488
1583	1583	8.06846
1584	1584	6.3404
1585	1585	-24.3139
1586	1586	-25.7135
1587	1587	-24.2891
1588	1588	-7.97166
1589	1589	1.87741
1590	1590	21.2738
1591	1591	4.76527
1592	1592	-1.19333
1593	1593	-4.22389
1594	1594	14.7899
1595	1595	-31.874
1596	1596	10.3257
1597	1597	3.03713
1598	1598	12.3721
1599	1599	-15.2031
1600	1600	-24.0757
1601	1601	11.1527
1602	1602	22.2394
1603	1603	-26.0714
1604	1604	16.7423
1605	1605	-20.9397
1606	1606	15.9211
1607	1607	16.6488
1608	1608	-7.01044
1609	1609	-15.0817
1610	1610	-0.812873
1611	1611	8.0505
1612	1612	-30.4525
1613	1613	-45.9817
1614	1614	7.92455
1615	1615	6.01487
1616	1616	-20.7958
1617	1617	3.27967
1618	1618	-20.0551
1619	1619	-5.63619
1620	1620	17.6919
1621	1621	7.23933
1622	1622	-7.15385
1623	1623	-8.63703
1624	1624	-13.8695
1625	1625	-16.657
1626	1626	1.26652
1627	1627	-16.075
1628	1628	-8.03026
1629	1629	18.1138
1630	1630	-5.36328
1631	1631	27.6096
1632	1632	21.3834
1633	1633	-0.479875
1634	1634	25.0359
1635	1635	18.3965
1636	1636	0.753664
1637	1637	-42.6739
1638	1638	10.7843
1639	1639	1.16766
1640	1640	-20.1447
1641	1641	10.3503
1642	1642	-8.20837
1643	1643	-30.2613
1644	1644	1.62507
1645	1645	1.25637
1646	1646	-16.313
1647	1647	-16.3656
1648	1648	-46.8794
1649	1649	10.0932
1650	1650	10.9306
1651	1651	-8.50751
1652	1652	-4.67648
1653	1653	-6.20671
1654	1654	37.278
1655	1655	21.2634
1656	1656	12.0619
1657	1657	18.5874
1658	1658	-11.9738
1659	1659	25.286
1660	1660	1.84552
1661	1661	-27.056
1662	1662	16.6523
1663	1663	4.71259
1664	1664	0.660675
1665	1665	15.3369
1666	1666	-24.5756
1667	1667	17.9439
1668	1668	7.82356
1669	1669	9.27922
1670	1670	6.82602
1671	1671	16.7281
1672	1672	19.1154
1673	1673	-11.5149
1674	1674	4.90125
1675	1675	12.2975
1676	1676	-30.8826
1677	1677	11.0929
1678	1678	-8.87556
1679	1679	-26.7023
1680	1680	18.4923
1681	1681	2.37197
1682	1682	10.0379
1683	1683	24.9282
1684	1684	-13.3629
1685	1685	11.7501
1686	1686	23.7511
1687	1687	-5.85579
1688	1688	34.5112
1689	1689	-12.412
1690	1690	-6.85615
1691	1691	34.2674
1692	1692	-34.0581
1693	1693	-21.2229
1694	1694	18.6727
1695	1695	-4.43938
1696	1696	-16.6455
1697	1697	-18.8502
1698	1698	38.5559
1699	1699	13.7547
1700	1700	-20.2728
1701	1701	19.3034
1702	1702	2.42232
1703	1703	1.93851
1704	1704	24.3121
1705	1705	-3.92524
1706	1706	19.8199
1707	1707	-16.9829
1708	1708	13.1379
1709	1709	7.2343
1710	1710	-33.3662
1711	1711	2.26084
1712	1712	5.29869
1713	1713	17.4582
1714	1714	30.2924
1715	1715	15.6975
1716	1716	-3.03327
1717	1717	-13.4883
1718	1718	-8.55721
1719	1719	-29.5598
1720	1720	35.9165
1721	1721	31.1859
1722	1722	-12.6051
1723	1723	2.05851
1724	1724	13.7412
1725	1725	-11.7792
1726	1726	-32.4113
1727	1727	1.69797
1728	1728	-8.88513
1729	1729	22.4439
1730	1730	0.95988
1731	1731	31.0827
1732	1732	-14.6019
1733	1733	-33.9099
1734	1734	-9.65771
1735	1735	-11.5088
1736	1736	51.3128
1737	1737	1.88955
1738	1738	1.51924
1739	1739	-9.38051
1740	1740	-24.1529
1741	1741	9.06952
1742	1742	-13.3544
1743	1743	32.0304
1744	1744	13.3587
1745	1745	-13.5417
1746	1746	-26.6627
1747	1747	-19.417
1748	1748	-42.2149
1749	1749	-2.97205
1750	1750	-23.4841
1751	1751	1.60277
1752	1752	-9.14266
1753	1753	14.7854
1754	1754	-24.581
1755	1755	-19.3117
1756	1756	10.4059
1757	1757	10.223
1758	1758	-9.79573
1759	1759	5.66881
1760	1760	20.6212
1761	1761	8.2223
1762	1762	-25.4296
1763	1763	-16.8754
1764	1764	39.9706
1765	1765	-6.21575
1766	1766	-5.93732
1767	1767	-36.2171
1768	1768	-16.2825
1769	1769	-8.21721
1770	1770	-7.71767
1771	1771	26.2257
1772	1772	-16.3684
1773	1773	0.982743
1774	1774	0.0232752
1775	1775	6.98388
1776	1776	7.6273
1777	1777	29.145
1778	1778	-7.41809
1779	1779	-37.9185
1780	1780	-13.1424
1781	1781	16.0645
1782	1782	30.4135
1783	1783	-22.9679
1784	1784	-33.9017
1785	1785	3.11522
1786	1786	-2.59909
1787	1787	-15.7355
1788	1788	12.0211
1789	1789	17.4673
1790	1790	-11.4645
1791	1791	17.998
1792	1792	26.5609
1793	1793	-2.09109
1794	1794	11.1695
1795	1795	2.00273
1796	1796	-1.12516
1797	1797	-11.4623
1798	1798	11.5377
1799	1799	29.0417
1800	1800	-4.90682
1801	1801	11.5297
1802	1802	18.2943
1803	1803	-27.5624
1804	1804	-5.07948
1805	1805	-1.44668
1806	1806	41.8046
1807	1807	-14.0416
1808	1808	-7.48988
1809	1809	17.0789
1810	1810	-21.0615
1811	1811	-10.4102
1812	1812	0.74269
1813	1813	10.1256
1814	1814	-16.3583
1815	1815	22.3509
1816	1816	15.3518
1817	1817	7.37666
1818	1818	31.5634
1819	1819	63.8775
1820	1820	5.89275
1821	1821	23.5128
1822	1822	-3.01051
1823	1823	-36.9864
1824	1824	0.477969
1825	1825	7.85439
1826	1826	-12.3682
1827	1827	26.7428
1828	1828	15.6333
1829	1829	17.5532
1830	1830	-20.3612
1831	1831	2.35666
1832	1832	5.56965
1833	1833	-8.67071
1834	1834	-2.70906
1835	1835	-9.31718
1836	1836	-21.4482
1837	1837	4.44417
1838	1838	13.7965
1839	1839	-12.1474
1840	1840	-26.2547
1841	1841	5.37659
1842	1842	26.8814
1843	1843	-5.41034
1844	1844	23.2833
1845	1845	26.7722
1846	1846	-27.6793
1847	1847	-9.58658
1848	1848	-22.7622
1849	1849	-39.1856
1850	1850	-12.0563
1851	1851	11.6304
1852	1852	7.66577
1853	1853	18.7022
1854	1854	-12.7412
1855	1855	12.6234
1856	1856	-23.7892
1857	1857	1.19655
1858	1858	10.2468
1859	1859	-21.6901
1860	1860	-19.1282
1861	1861	36.988
1862	1862	16.2651
1863	1863	-19.2856
1864	1864	-2.73452
1865	1865	-13.64
1866	1866	-2.07524
1867	1867	19.764
1868	1868	-6.91076
1869	1869	-25.1939
1870	1870	-7.99464
1871	1871	-6.94285
1872	1872	-20.7073
1873	1873	12.1658
1874	1874	6.67391
1875	1875	6.175
1876	1876	5.85455
1877	1877	-2.16543
1878	1878	-12.5591
1879	1879	-37.1326
1880	1880	-14.1997
1881	1881	5.39197
1882	1882	5.54736
1883	1883	-25.8478
1884	1884	-11.1789
1885	1885	-5.57545
1886	1886	-17.9892
1887	1887	-5.25664
1888	1888	-15.3761
1889	1889	-7.0469
1890	1890	14.8674
1891	1891	-18.5827
1892	1892	8.86167
1893	1893	-12.5519
1894	1894	10.2617
1895	1895	-29.5035
1896	1896	-0.893275
1897	1897	-16.9559
1898	1898	-12.6682
1899	1899	-3.96191
1900	1900	-28.086
1901	1901	-27.5983
1902	1902	34.9686
1903	1903	-28.2094
1904	1904	-28.085
1905	1905	10.7733
1906	1906	-10.4286
1907	1907	1.35024
1908	1908	-1.83011
1909	1909	3.73813
1910	1910	11.5178
1911	1911	6.29023
1912	1912	-7.57828
1913	1913	-2.80308
1914	1914	-12.0698
1915	1915	5.11772
1916	1916	-9.81285
1917	1917	-9.06635
1918	1918	6.93379
1919	1919	-27.6387
1920	1920	12.5871
1921	1921	30.0078
1922	1922	27.636
1923	1923	-4.99085
1924	1924	-25.2976
1925	1925	8.77659
1926	1926	-6.43741
1927	1927	-3.12628
1928	1928	-28.1337
1929	1929	-3.7419
1930	1930	20.6297
1931	1931	-15.3161
1932	1932	16.9412
1933	1933	7.97248
1934	1934	19.136
1935	1935	8.15976
1936	1936	7.08011
1937	1937	14.21
1938	1938	-12.1637
1939	1939	-32.0729
1940	1940	19.7537
1941	1941	13.3035
1942	1942	27.5309
1943	1943	29.8548
1944	1944	13.184
1945	1945	-6.71639
1946	1946	1.06522
1947	1947	-19.1886
1948	1948	-5.56107
1949	1949	-9.94224
1950	1950	20.3221
1951	1951	-2.39007
1952	1952	4.1313
1953	1953	-13.3792
1954	1954	-8.35306
1955	1955	1.26611
1956	1956	-41.3564
1957	1957	18.4269
1958	1958	-2.17225
1959	1959	-0.195707
1960	1960	-33.0733
1961	1961	28.1454
1962	1962	37.5802
1963	1963	-30.4442
1964	1964	2.53613
1965	1965	29.1173
1966	1966	6.0468
1967	1967	19.0295
1968	1968	5.50829
1969	1969	5.52644
1970	1970	0.731148
1971	1971	-6.5342
1972	1972	18.0602
1973	1973	35.3655
1974	1974	24.2879
1975	1975	-25.3531
1976	1976	-31.3013
1977	1977	26.2511
1978	1978	-19.8818
1979	1979	29.1859
1980	1980	32.16
1981	1981	16.4709
1982	1982	4.5886
1983	1983	1.72334
1984	1984	23.6816
1985	1985	-7.52228
1986	1986	-10.0785
1987	1987	9.19472
1988	1988	-4.65868
1989	1989	-0.239722
1990	1990	33.4503
1991	1991	-1.02912
1992	1992	-24.3123
1993	1993	-24.5374
1994	1994	3.16208
1995	1995	6.9291
1996	1996	-4.27839
1997	1997	-0.369349
1998	1998	-35.3351
1999	1999	15.3174
2000	2000	25.8023
2001	2001	14.5492
2002	2002	-20.0795
2003	2003	-11.8182
2004	2004	2.55757
2005	2005	-26.1453
2006	2006	2.37005
2007	2007	34.9876
2008	2008	8.34142
2009	2009	4.82318
2010	2010	-3.2034
2011	2011	64.7282
2012	2012	12.8255
2013	2013	31.8442
2014	2014	-8.09002
2015	2015	-19.1441
2016	2016	4.89736
2017	2017	15.6042
2018	2018	-21.9847
2019	2019	13.9603
2020	2020	9.40768
2021	2021	-22.5996
2022	2022	-1.35467
2023	2023	0.0124339
2024	2024	13.0539
2025	2025	-1.07246
2026	2026	10.4453
2027	2027	7.94274
2028	2028	20.9903
2029	2029	15.2646
2030	2030	-8.3766
2031	2031	-12.187
2032	2032	-4.21267
2033	2033	9.57437
2034	2034	-8.01888
2035	2035	-10.2413
2036	2036	-1.9689
2037	2037	10.765
2038	2038	-5.26837
2039	2039	-18.3576
2040	2040	4.94966
2041	2041	7.19581
2042	2042	-17.541
2043	2043	15.1402
2044	2044	1.57429
2045	2045	0.0890982
2046	2046	-16.0007
2047	2047	-10.5388
2048	2048	-21.3944
2049	2049	-31.0766
2050	2050	-27.6469
2051	2051	31.9896
2052	2052	-32.5985
2053	2053	-2.9545
2054	2054	-2.00331
2055	2055	-19.3934
2056	2056	-10.3572
2057	2057	-13.9603
2058	2058	13.1315
2059	2059	-0.799963
2060	2060	42.3439
2061	2061	3.44177
2062	2062	-15.8625
2063	2063	-3.71701
2064	2064	15.9563
2065	2065	56.024
2066	2066	-2.44245
2067	2067	-28.0654
2068	2068	8.37249
2069	2069	-10.1111
2070	2070	-10.1569
2071	2071	15.9912
2072	2072	27.5412
2073	2073	18.1129
2074	2074	-7.11152
2075	2075	-9.92271
2076	2076	6.23471
2077	2077	16.386
2078	2078	19.2963
2079	2079	-12.1339
2080	2080	3.18852
2081	2081	-11.9981
2082	2082	-17.8703
2083	2083	2.85235
2084	2084	5.56253
2085	2085	15.1907
2086	2086	18.9003
2087	2087	12.4219
2088	2088	29.4686
2089	2089	-0.537628
2090	2090	-26.2874
2091	2091	-20.8971
2092	2092	36.529
2093	2093	12.2897
2094	2094	11.2862
2095	2095	-6.25751
2096	2096	1.97554
2097	2097	13.9389
2098	2098	-4.10768
2099	2099	9.86629
2100	2100	-12.1397
2101	2101	18.5237
2102	2102	35.9782
2103	2103	35.6863
2104	2104	-19.833
2105	2105	10.4215
2106	2106	18.3202
2107	2107	-17.8558
2108	2108	27.1483
2109	2109	18.926
2110	2110	-10.4846
2111	2111	-22.8703
2112	2112	29.9853
2113	2113	-1.20539
2114	2114	1.73877
2115	2115	39.9323
2116	2116	33.3298
2117	2117	24.9203
2118	2118	-34.2372
2119	2119	-20.7734
2120	2120	-14.881
2121	2121	-17.5282
2122	2122	38.5865
2123	2123	5.99397
2124	2124	-10.5916
2125	2125	13.8284
2126	2126	71.2927
2127	2127	-9.92
2128	2128	-7.36798
2129	2129	23.5672
2130	2130	3.45855
2131	2131	10.3676
2132	2132	-0.750577
2133	2133	-1.12307
2134	2134	22.6988
2135	2135	9.14835
2136	2136	-23.3384
2137	2137	-14.6292
2138	2138	-27.4065
2139	2139	18.8926
2140	2140	-7.57018
2141	2141	-6.41379
2142	2142	-13.138
2143	2143	5.05866
2144	2144	-13.5816
2145	2145	4.85245
2146	2146	-51.3653
2147	2147	-16.1946
2148	2148	9.23243
2149	2149	11.3899
2150	2150	-8.5683
2151	2151	7.92973
2152	2152	17.5163
2153	2153	54.7794
2154	2154	-5.52832
2155	2155	-47.9252
2156	2156	12.9636
2157	2157	-3.4423
2158	2158	3.48525
2159	2159	-0.445098
2160	2160	-9.0777
2161	2161	20.1423
2162	2162	-20.2304
2163	2163	20.9868
2164	2164	-17.5615
2165	2165	18.3284
2166	2166	8.0487
2167	2167	12.0114
2168	2168	-22.7296
2169	2169	12.7505
2170	2170	23.2899
2171	2171	2.32718
2172	2172	-14.5694
2173	2173	-8.605
2174	2174	7.67847
2175	2175	-8.15488
2176	2176	-0.59769
2177	2177	-9.93478
2178	2178	7.66529
2179	2179	-19.9735
2180	2180	-10.8946
2181	2181	-3.55713
2182	2182	-8.03761
2183	2183	17.4977
2184	2184	47.4325
2185	2185	-5.90185
2186	2186	40.1178
2187	2187	8.34711
2188	2188	-25.4478
2189	2189	-11.0549
2190	2190	8.73242
2191	2191	-33.3577
2192	2192	7.99447
2193	2193	7.03449
2194	2194	-26.439
2195	2195	1.4593
2196	2196	5.09661
2197	2197	-10.8594
2198	2198	6.58945
2199	2199	24.4653
2200	2200	14.4022
2201	2201	-3.68815
2202	2202	-3.87717
2203	2203	-1.51996
2204	2204	-11.2763
2205	2205	8.72377
2206	2206	-11.7956
2207	2207	-13.274
2208	2208	-0.143247
2209	2209	-2.23874
2210	2210	-17.2973
2211	2211	-29.9462
2212	2212	-22.9667
2213	2213	-1.19585
2214	2214	6.75595
2215	2215	48.9651
2216	2216	31.3224
2217	2217	20.844
2218	2218	-13.1566
2219	2219	20.9201
2220	2220	-1.39194
2221	2221	35.7145
2222	2222	24.6559
2223	2223	29.2445
2224	2224	-22.4144
2225	2225	1.35481
2226	2226	-14.8218
2227	2227	-3.47913
2228	2228	-16.0325
2229	2229	-3.60589
2230	2230	-8.67371
2231	2231	-19.6669
2232	2232	-1.79866
2233	2233	22.0685
2234	2234	15.3861
2235	2235	-11.3782
2236	2236	-2.70049
2237	2237	18.4417
2238	2238	16.6331
2239	2239	-23.1029
2240	2240	-13.1052
2241	2241	50.9083
2242	2242	-31.6548
2243	2243	32.2058
2244	2244	-9.31458
2245	2245	-3.08842
2246	2246	-20.3424
2247	2247	4.8346
2248	2248	-36.6199
2249	2249	-26.985
2250	2250	27.3329
2251	2251	-14.0374
2252	2252	-24.6665
2253	2253	6.56981
2254	2254	53.0813
2255	2255	-1.60973
2256	2256	-59.8462
2257	2257	-19.3852
2258	2258	-22.0556
2259	2259	-0.108171
2260	2260	2.29761
2261	2261	21.1312
2262	2262	-7.64316
2263	2263	-19.2638
2264	2264	31.0563
2265	2265	16.4839
2266	2266	24.2901
2267	2267	21.8814
2268	2268	26.9155
2269	2269	14.1205
2270	2270	30.1538
2271	2271	-1.5284
2272	2272	-28.3087
2273	2273	-18.2562
2274	2274	-15.5172
2275	2275	1.88303
2276	2276	-4.56667
2277	2277	-24.247
2278	2278	-3.15251
2279	2279	2.42405
2280	2280	-14.0123
2281	2281	-6.47157
2282	2282	-8.3726
2283	2283	-11.4616
2284	2284	26.3837
2285	2285	-23.1711
2286	2286	-29.1031
2287	2287	-1.91603
2288	2288	22.7091
2289	2289	16.5344
2290	2290	1.0746
2291	2291	4.89953
2292	2292	4.62273
2293	2293	7.81074
2294	2294	-31.2336
2295	2295	31.7449
2296	2296	-11.7807
2297	2297	10.5852
2298	2298	-24.83
2299	2299	22.0953
2300	2300	-3.18218
2301	2301	-18.3299
2302	2302	13.5325
2303	2303	0.61796
2304	2304	-2.8995
2305	2305	12.084
2306	2306	-27.4654
2307	2307	-19.4721
2308	2308	10.8358
2309	2309	-11.4862
2310	2310	12.438
2311	2311	-0.249709
2312	2312	-0.40729
2313	2313	-8.72923
2314	2314	-9.25599
2315	2315	14.5541
2316	2316	-10.6577
2317	2317	0.519807
2318	2318	-6.78379
2319	2319	7.49811
2320	2320	1.2711
2321	2321	1.11216
2322	2322	-9.56176
2323	2323	-17.389
2324	2324	-11.6569
2325	2325	-10.8012
2326	2326	-29.5448
2327	2327	-2.73206
2328	2328	-50.5411
2329	2329	20.7023
2330	2330	26.3725
2331	2331	11.8233
2332	2332	18.8044
2333	2333	3.56738
2334	2334	-20.0655
2335	2335	-25.8644
2336	2336	-18.1354
2337	2337	-3.06847
2338	2338	27.1681
2339	2339	44.1538
2340	2340	-30.2297
2341	2341	-36.4502
2342	2342	-16.2292
2343	2343	-0.46148
2344	2344	18.0218
2345	2345	5.00902
2346	2346	-16.7677
2347	2347	37.7017
2348	2348	5.2957
2349	2349	8.56104
2350	2350	-24.1104
2351	2351	-13.5643
2352	2352	6.62288
2353	2353	-34.5139
2354	2354	-17.046
2355	2355	14.3064
2356	2356	-19.9779
2357	2357	7.55617
2358	2358	14.3856
2359	2359	-5.5117
2360	2360	10.9143
2361	2361	-17.9185
2362	2362	7.02637
2363	2363	22.1553
2364	2364	9.54785
2365	2365	-31.7895
2366	2366	28.2156
2367	2367	0.525195
2368	2368	-21.0795
2369	2369	3.71039
2370	2370	-18.9972
2371	2371	-18.4458
2372	2372	-5.22865
2373	2373	-10.8979
2374	2374	-12.2835
2375	2375	-3.35284
2376	2376	5.58862
2377	2377	5.69007
2378	2378	7.19873
2379	2379	-2.97822
2380	2380	-15.3086
2381	2381	38.9435
2382	2382	1.40421
2383	2383	10.3656
2384	2384	-9.51308
2385	2385	-27.1645
2386	2386	34.0289
2387	2387	-15.4026
2388	2388	17.9876
2389	2389	10.5617
2390	2390	1.09929
2391	2391	-10.9303
2392	2392	-43.5598
2393	2393	-2.54662
2394	2394	-12.5159
2395	2395	-21.708
2396	2396	-9.18447
2397	2397	-15.1574
2398	2398	4.85041
2399	2399	-12.8991
